1000
25567
6000
55;83
60;4
12;14
73;82
40;79
27;29
11;25
80;95
96;11
92;71
87;76
62;81
91;60
70;31
27;3
78;28
35;100
65;51
60;60
62;59
60;61
81;54
25;1
15;49
17;32
49;55
63;55
99;66
57;91
93;83
69;62
90;84
71;61
31;9
9;75
20;53
22;10
85;95
12;100
98;89
53;29
25;64
34;24
28;66
55;96
60;46
71;81
87;50
88;28
51;86
62;16
68;64
5;67
80;20
62;45
23;48
59;79
18;6
59;81
68;90
88;70
68;58
5;1
38;67
60;13
85;70
5;77
82;77
37;55
2;13
97;76
19;77
91;41
21;73
36;32
49;77
45;37
100;8
23;100
61;65
25;26
4;45
12;16
86;19
75;11
74;74
22;85
67;85
50;81
57;1
39;23
58;55
84;43
13;49
48;12
73;59
62;17
88;7
4;52
64;95
78;31
64;43
45;17
69;35
31;88
95;74
9;65
35;65
11;98
50;59
13;4
75;74
80;86
50;96
53;65
81;96
82;90
9;87
10;90
18;72
82;81
34;24
13;22
67;18
50;7
56;95
70;60
9;85
81;83
54;48
70;92
11;94
19;66
9;20
28;50
51;74
15;94
60;46
41;99
84;79
27;65
38;1
67;97
12;37
36;94
55;50
97;43
7;70
38;64
87;68
16;80
10;52
7;12
37;2
79;26
9;75
12;49
37;20
28;89
53;37
78;59
2;72
88;84
50;99
66;59
60;32
14;40
41;27
25;74
58;78
68;53
62;54
84;67
60;38
52;70
34;69
100;8
38;96
36;29
82;42
67;73
43;9
30;82
42;53
85;29
78;51
92;95
7;33
32;82
4;98
24;66
1;30
43;6
28;23
48;4
61;50
62;78
49;69
11;78
3;58
36;25
66;98
98;24
56;35
26;99
1;3
88;71
69;79
14;60
91;37
98;72
5;3
70;96
81;25
91;65
46;89
16;86
86;45
4;20
85;61
68;18
42;99
76;100
77;37
10;8
88;78
44;74
75;26
23;49
68;61
52;33
57;74
51;11
45;1
20;75
30;34
62;62
95;52
67;62
7;75
26;15
30;42
79;32
4;82
9;34
33;76
27;56
63;38
13;40
23;10
23;46
3;82
74;72
89;36
38;7
37;9
98;25
38;81
23;23
55;56
21;22
77;60
63;21
7;44
80;79
21;68
48;55
100;26
6;12
28;21
93;5
77;80
98;93
31;19
15;72
79;95
50;50
19;76
30;48
27;17
2;18
27;30
21;12
21;45
93;53
43;80
48;54
42;47
58;92
94;40
1;86
6;51
32;85
72;19
74;21
6;56
55;5
68;2
56;12
74;96
100;20
71;49
79;92
4;71
47;45
2;79
3;85
22;45
24;73
24;47
24;1
88;89
29;82
33;26
66;11
51;58
5;9
11;40
33;58
82;87
32;81
4;38
2;77
49;53
100;64
78;74
60;30
41;1
82;15
57;28
59;85
92;92
6;59
56;57
7;24
6;52
74;64
60;43
94;7
46;73
35;70
38;41
9;62
4;7
85;72
45;66
15;3
10;20
66;27
73;43
73;87
31;52
83;90
21;52
50;61
57;83
22;9
81;5
20;48
79;51
78;27
60;66
1;47
51;5
50;33
39;100
47;49
49;90
89;26
15;35
79;57
13;19
59;67
67;36
5;56
33;2
30;54
91;34
58;91
32;80
33;16
25;46
32;44
92;7
28;61
59;45
17;17
40;24
69;4
51;7
64;6
82;28
52;53
81;83
78;18
9;51
7;77
96;63
54;22
48;50
50;78
21;94
20;91
97;42
20;89
81;73
81;75
26;99
4;82
55;57
45;12
7;58
64;72
55;49
47;49
25;92
85;6
96;98
52;18
12;86
48;2
46;8
95;33
69;98
66;87
37;56
94;81
40;16
9;32
11;45
4;16
99;51
76;9
93;17
60;67
93;75
10;31
6;71
4;86
15;82
67;20
74;7
51;46
62;61
77;90
68;8
36;92
74;2
35;62
87;82
54;32
4;65
13;95
20;26
78;53
64;69
94;50
6;48
10;73
23;18
56;53
5;28
57;59
62;90
59;3
27;79
64;59
45;1
53;51
13;52
13;54
48;79
31;37
34;50
80;24
25;86
74;7
34;38
65;83
7;90
3;13
56;79
66;66
8;47
91;75
44;7
3;29
75;66
95;77
38;48
28;81
98;86
96;69
40;89
41;18
69;67
43;51
95;57
22;55
85;45
38;70
6;25
86;22
1;57
97;49
89;20
100;10
40;73
73;82
87;15
20;90
80;27
32;91
35;7
38;1
56;14
66;81
78;7
72;85
75;45
61;30
23;64
10;47
53;31
18;64
22;35
20;18
81;77
76;61
41;27
55;5
29;15
56;51
57;81
34;11
83;36
87;28
41;89
31;46
43;61
61;24
50;77
15;66
50;23
90;71
72;22
89;9
96;46
34;89
47;15
39;31
98;38
16;54
87;91
95;92
100;54
52;5
90;96
58;91
60;21
3;3
49;8
52;78
5;78
70;55
71;65
98;29
20;6
63;85
36;31
1;98
58;26
42;37
58;61
77;51
63;19
32;90
100;85
39;5
100;4
64;80
5;91
78;45
54;8
80;20
77;30
78;11
28;58
92;9
36;89
68;20
16;66
38;99
60;89
39;1
65;79
26;14
74;85
16;79
94;53
96;52
5;51
3;26
1;22
76;72
13;94
74;29
85;86
73;71
73;72
52;2
49;36
70;54
6;79
84;31
45;60
41;9
85;85
69;50
55;61
16;88
20;85
93;78
44;33
3;37
72;90
94;80
82;78
31;3
24;8
45;58
52;69
46;39
96;84
83;12
49;83
52;62
22;82
43;7
27;77
14;67
5;10
97;79
29;1
6;71
40;66
77;43
53;73
56;81
3;3
40;85
71;36
34;93
66;33
88;28
99;86
5;35
83;74
52;12
47;50
10;35
71;51
62;46
6;51
9;79
41;44
71;50
61;85
32;86
86;38
30;2
93;15
12;61
79;32
4;65
46;48
11;46
21;16
81;87
33;80
44;71
75;41
49;29
99;62
37;33
54;73
67;47
67;88
52;31
4;30
29;88
87;56
45;13
85;1
45;62
36;27
29;71
1;100
94;100
80;82
78;25
7;45
48;33
27;22
72;35
19;26
11;28
31;61
76;68
64;67
88;83
81;85
48;44
38;91
85;30
14;25
61;55
41;76
65;3
48;16
68;29
39;53
13;33
44;7
61;50
49;28
56;87
2;84
14;57
26;51
79;3
40;91
4;19
7;60
38;37
53;15
76;86
69;63
96;35
88;71
15;52
77;20
82;8
42;59
22;19
78;68
97;8
94;54
79;16
17;75
66;95
12;46
21;2
72;12
16;79
5;13
51;98
3;25
2;44
76;19
21;22
14;74
45;11
72;3
24;79
52;3
3;41
75;77
78;37
37;32
37;75
33;63
55;55
28;26
64;62
6;87
65;41
9;5
15;66
47;40
21;8
68;45
79;64
4;45
19;74
67;99
75;21
14;23
65;32
68;15
39;2
79;44
52;57
88;80
25;79
41;40
49;82
60;73
46;3
6;70
45;14
59;80
81;80
98;21
37;93
61;47
44;88
54;92
73;30
58;69
21;20
91;44
97;46
49;47
90;2
81;70
14;88
80;73
36;80
76;4
25;17
18;92
55;73
85;10
61;39
47;75
40;12
33;43
87;100
90;31
81;1
88;79
65;86
11;80
72;77
59;64
31;77
77;12
16;75
63;95
2;37
5;41
26;76
11;57
49;15
68;85
76;92
41;49
67;73
40;87
93;31
93;46
90;65
74;64
55;88
92;38
79;8
17;4
46;86
69;7
74;20
70;85
95;51
95;63
30;24
42;48
99;47
65;61
54;16
38;16
55;99
28;80
97;55
6;93
26;76
68;20
43;47
41;30
30;94
70;45
33;33
81;96
29;35
46;65
84;63
53;81
13;84
39;16
37;75
58;82
76;80
18;37
59;59
20;34
73;82
38;7
68;97
71;20
92;81
30;35
19;66
22;33
65;35
97;66
32;64
5;44
49;12
64;5
46;77
44;95
35;50
15;11
99;79
45;30
84;40
52;98
55;24
82;28
87;89
61;55
30;25
4;59
17;7
19;13
96;97
4;47
49;18
25;58
39;80
41;67
4;80
100;67
73;18
92;52
74;96
21;50
65;3
70;71
91;49
89;20
38;2
5;44
23;50
100;42
39;12
47;6
78;53
74;73
8;83
28;44
47;42
81;16
51;54
100;84
76;27
31;22
7;69
30;27
4;78
56;98
100;15
98;37
88;80
66;21
20;20
76;20
30;62
67;64
43;1
50;33
89;7
18;64
27;13
16;32
78;71
17;39
40;20
3;35
99;99
100;22
49;69
41;91
3;56
76;86
33;93
7;40
31;55
92;45
2;27
71;7
39;87
7;56
33;79
9;83
79;72
44;8
92;86
30;86
34;88
72;79
257;452;49
112;269;5
67;227;9
460;91;10
63;454;43
459;214;33
142;127;41
482;316;1
75;172;32
22;77;7
417;273;25
337;249;27
448;453;23
249;478;8
111;215;18
303;396;37
26;73;7
425;45;8
80;424;2
441;338;32
143;116;1
19;320;25
38;129;22
30;372;37
194;244;32
428;467;9
478;160;19
146;269;41
409;44;41
353;83;47
490;172;49
331;296;27
476;229;21
482;257;12
154;64;7
489;425;38
19;443;13
74;56;37
392;270;17
407;44;16
257;134;12
217;416;15
370;233;17
339;2;42
247;13;3
53;327;9
403;212;45
358;362;8
101;328;19
489;129;44
173;45;49
285;336;44
300;430;3
376;15;6
54;193;13
320;56;38
161;381;21
406;128;3
357;474;5
376;385;36
133;342;8
128;153;27
320;415;46
409;25;45
10;381;12
233;395;18
473;433;9
183;214;46
469;101;50
487;436;28
286;67;17
413;171;48
107;46;23
436;419;43
110;112;3
440;13;36
11;272;50
167;269;17
450;9;30
230;328;45
226;312;20
206;5;36
156;317;6
43;222;49
102;67;21
65;374;29
168;34;13
185;132;4
376;203;44
266;76;19
317;110;29
368;309;36
21;205;49
343;309;9
339;110;45
298;396;5
272;468;16
229;92;40
240;35;14
157;329;43
210;76;12
427;381;13
244;339;31
193;436;18
431;460;30
139;479;1
109;228;17
437;374;49
353;111;24
434;467;31
84;176;36
50;100;27
127;378;28
299;468;25
350;9;29
352;210;3
121;107;16
422;337;23
56;155;27
387;449;49
479;201;8
194;195;19
150;116;42
97;145;44
56;223;9
245;24;37
451;189;41
369;151;40
412;447;41
397;138;38
99;411;6
63;443;40
362;264;3
260;136;9
37;277;35
335;31;40
177;353;17
233;444;18
208;7;6
457;324;46
333;34;13
354;97;17
496;425;9
459;269;44
86;253;7
134;140;8
361;11;22
66;78;11
393;345;30
247;499;40
45;97;19
464;401;33
339;267;16
121;249;10
1;488;11
399;61;17
276;350;5
454;85;40
287;439;48
395;29;32
9;101;9
98;174;46
110;355;38
265;372;28
33;356;35
231;72;6
345;173;44
455;488;39
101;296;14
455;102;37
361;7;31
480;244;30
399;44;9
206;384;13
155;143;21
365;383;13
307;158;40
355;256;8
207;277;2
367;230;39
382;342;42
448;436;16
88;175;13
281;310;50
179;305;38
45;430;49
249;346;14
454;492;46
223;174;28
53;169;45
340;316;2
36;410;36
405;395;16
211;424;46
193;469;8
239;367;22
331;313;24
65;137;6
190;485;16
116;11;35
196;101;43
372;113;8
426;58;33
267;97;40
239;354;35
224;215;8
345;391;36
380;26;27
277;183;14
483;243;20
475;289;35
307;7;16
28;410;32
192;244;34
197;274;25
210;435;6
92;16;15
139;234;11
350;290;45
435;299;41
19;177;12
268;227;2
341;473;33
92;138;2
484;156;7
489;84;3
297;363;6
174;273;2
308;179;27
424;32;8
118;218;41
88;480;36
478;36;33
449;265;29
118;18;35
425;304;10
237;228;6
211;383;21
337;440;17
496;190;32
292;22;7
54;150;8
133;433;26
252;377;25
335;457;44
341;361;21
315;366;25
179;364;22
405;171;34
178;345;11
348;484;22
213;341;24
118;230;43
282;143;22
419;493;32
82;410;31
46;272;41
36;18;47
112;207;38
385;166;1
456;82;13
202;161;17
45;66;39
53;120;50
89;254;43
121;193;33
361;34;42
498;493;14
489;286;30
211;495;34
76;463;50
140;336;25
341;182;30
343;230;29
346;339;31
460;476;21
170;123;15
146;244;17
339;306;43
303;301;50
102;302;37
150;402;29
159;328;8
28;487;42
73;220;26
439;38;34
226;49;19
91;216;37
188;183;6
254;69;8
312;187;31
25;62;13
486;262;2
53;330;7
21;213;2
196;6;48
323;198;8
137;263;26
51;101;22
26;251;47
295;56;29
420;271;37
274;395;20
29;242;48
243;440;1
315;1;25
340;21;31
470;27;21
311;11;5
247;27;32
37;486;9
459;42;19
304;458;1
288;315;21
7;42;28
89;25;15
393;252;41
31;43;30
118;321;24
87;94;43
302;125;17
462;183;8
444;441;45
309;220;25
460;190;20
447;265;17
28;331;29
444;181;46
252;112;40
169;389;12
377;101;18
442;280;27
486;189;29
110;160;33
146;261;10
379;310;49
243;370;37
117;232;8
5;481;9
462;167;32
456;271;30
477;341;1
468;79;16
251;275;9
75;34;5
424;454;1
117;155;12
350;22;18
436;246;15
318;154;46
250;224;21
470;131;18
42;319;36
134;435;17
440;272;38
37;404;26
492;219;19
402;126;22
158;250;18
290;263;41
15;493;6
132;469;30
385;289;2
473;281;24
436;462;46
333;133;33
245;136;32
342;3;24
116;342;3
246;103;1
315;41;9
381;240;25
175;121;6
234;463;1
433;25;46
51;181;33
309;250;13
141;9;15
163;493;26
342;20;43
79;113;12
100;220;1
451;15;4
76;167;8
382;316;8
206;168;29
285;335;38
393;240;6
275;469;17
4;80;14
401;325;3
251;60;23
184;435;7
166;177;23
165;29;28
439;405;24
159;255;1
341;451;24
266;149;42
77;333;1
378;215;28
201;82;2
232;64;46
242;201;49
430;81;44
411;116;4
440;315;41
379;115;17
248;350;42
472;162;6
59;433;21
426;148;5
5;2;20
445;321;8
248;293;36
224;366;21
406;441;20
159;155;36
405;132;1
165;374;48
214;96;15
400;31;49
423;74;32
237;122;21
136;169;39
288;242;15
32;460;30
112;34;23
101;260;38
490;309;34
343;228;9
253;80;40
454;58;5
127;133;44
19;489;25
189;51;23
334;297;2
372;373;39
200;282;6
38;221;26
456;187;9
148;170;6
52;356;31
148;289;16
360;190;39
137;339;7
210;87;37
223;444;23
357;332;35
265;249;7
298;410;28
118;498;48
427;299;11
17;420;2
268;149;48
288;110;41
330;148;3
258;108;28
458;112;10
357;220;36
48;260;48
8;215;17
290;107;19
259;73;15
351;218;42
219;135;9
348;402;41
290;261;36
335;391;44
201;284;5
34;457;2
1;295;39
148;436;44
270;489;5
26;244;48
274;321;47
195;410;1
484;464;21
313;132;34
341;82;22
375;47;44
359;408;27
451;300;39
319;362;12
371;211;9
177;158;34
70;255;29
422;145;39
415;466;42
451;72;3
231;264;33
1;117;11
137;49;23
247;434;18
7;33;16
96;498;30
94;375;17
194;138;5
160;178;23
230;288;11
73;200;7
174;372;28
414;217;7
216;169;26
116;234;46
341;19;26
453;402;23
459;336;33
109;397;19
234;436;7
64;233;4
274;362;50
225;334;37
129;185;29
203;256;39
29;192;9
326;172;26
475;489;27
262;180;44
357;174;31
330;46;27
3;83;14
300;440;45
209;343;40
100;413;1
95;305;26
243;328;50
275;461;19
458;485;3
59;284;21
417;21;7
240;136;41
432;128;13
36;103;20
303;477;4
87;51;19
205;371;8
298;124;16
174;427;6
116;264;43
96;222;10
499;130;21
136;281;48
357;214;17
378;299;46
132;8;22
129;53;35
42;168;38
444;478;18
395;246;32
151;227;50
230;421;31
367;216;17
327;356;10
363;227;20
229;113;37
372;153;8
138;141;47
434;125;18
75;149;43
243;295;26
65;43;10
444;155;2
53;265;48
102;470;41
285;330;36
50;189;21
109;212;25
383;69;14
459;135;5
482;124;32
251;334;47
33;281;29
276;153;46
239;384;20
472;293;11
218;259;14
132;196;40
72;93;46
452;177;20
459;316;50
169;202;39
387;324;19
83;14;35
102;144;24
45;404;47
344;20;35
498;49;16
448;411;31
482;474;11
82;390;30
489;197;20
491;359;30
203;226;41
409;396;11
138;90;35
275;91;45
199;389;49
443;323;3
289;126;29
358;414;33
43;397;37
357;388;9
67;45;46
394;256;5
217;323;44
499;372;2
448;4;12
147;290;7
463;38;50
344;460;26
476;205;5
303;76;19
278;321;1
346;55;40
314;469;29
268;440;36
258;495;16
237;452;29
386;130;40
140;438;43
159;28;30
430;248;17
294;463;3
79;103;43
24;499;46
458;113;6
80;307;25
229;69;12
137;239;4
277;226;7
362;120;23
14;20;12
136;92;41
75;146;23
293;234;29
4;51;31
24;416;35
414;319;47
185;224;26
125;282;18
193;142;25
75;224;26
102;430;33
207;271;19
448;335;21
142;408;38
193;328;35
185;192;50
307;68;9
155;367;49
194;6;27
79;191;45
89;491;2
60;80;2
426;470;2
157;134;39
79;406;35
225;452;27
449;112;45
457;444;29
243;202;41
316;372;16
329;25;17
131;249;10
491;70;1
321;341;32
114;322;44
267;365;45
355;369;22
193;318;46
374;347;23
187;383;44
448;126;2
132;421;21
314;152;21
2;404;21
24;302;35
205;195;1
335;325;31
261;480;35
422;138;49
412;114;22
331;84;42
500;60;9
271;76;6
20;232;43
17;280;36
141;49;31
416;105;41
66;11;20
238;182;41
57;422;7
138;483;42
337;60;41
245;403;17
379;155;40
307;67;11
298;212;38
442;387;31
216;140;24
472;472;29
184;11;11
224;29;4
343;112;12
228;263;8
256;432;12
105;252;7
90;444;3
419;153;49
425;106;16
396;464;26
245;478;8
198;21;6
354;229;5
404;354;49
211;402;46
455;347;37
168;22;41
404;369;45
368;213;4
496;146;36
48;274;24
329;350;42
378;113;17
414;415;37
492;286;16
1;484;18
144;217;37
137;298;18
322;144;24
258;49;11
421;475;7
233;301;37
154;366;39
34;232;9
470;64;14
68;357;6
476;434;8
287;498;1
426;340;7
319;153;33
42;12;22
210;176;12
204;220;7
359;199;29
405;388;14
407;116;31
271;204;43
141;454;22
83;444;11
184;289;20
250;229;7
70;181;36
353;325;3
66;262;20
443;352;35
341;374;38
383;248;29
41;183;17
166;310;1
347;23;40
196;19;36
375;342;17
68;337;44
170;342;17
33;374;13
489;352;48
70;179;6
214;204;2
350;44;44
214;223;5
271;238;8
273;351;16
135;463;30
496;369;30
337;191;27
277;14;32
373;46;44
229;195;4
156;432;35
136;75;42
345;389;40
83;192;36
303;474;6
164;283;17
11;131;36
229;46;8
440;356;10
333;182;41
260;352;16
343;191;22
434;306;49
221;157;1
26;108;40
280;110;46
145;86;15
7;430;41
325;352;2
59;381;3
494;437;40
335;424;47
382;189;39
287;310;26
19;54;20
410;424;35
476;44;42
473;389;44
430;180;37
221;368;39
31;313;36
217;104;44
25;225;24
189;408;41
337;363;21
4;430;26
385;464;50
275;180;26
360;76;36
157;396;50
41;484;15
106;354;4
399;407;15
438;162;39
83;355;46
466;150;11
430;464;15
74;30;38
402;330;26
335;53;30
164;293;27
93;323;43
42;286;25
295;97;32
148;210;1
357;152;24
100;276;36
213;258;20
408;161;24
137;297;33
290;94;6
99;86;30
277;32;2
100;446;31
396;136;34
487;376;13
64;389;23
63;284;35
186;226;38
107;388;1
362;253;27
495;461;35
477;496;30
187;77;11
486;423;14
453;435;8
484;132;17
497;418;10
205;86;25
37;54;31
286;55;27
353;267;12
76;158;36
423;393;19
234;295;11
244;245;6
118;12;14
211;265;34
386;31;34
431;474;37
488;141;49
78;331;13
79;111;17
481;8;31
457;258;19
219;451;29
342;84;44
245;230;43
8;160;28
45;237;13
184;347;14
312;217;48
2;147;19
77;384;22
184;199;22
393;197;12
91;402;40
297;78;50
141;352;10
324;498;11
276;85;39
483;180;40
48;313;20
178;83;25
231;182;48
215;403;37
292;133;38
46;74;25
451;59;11
491;104;17
70;331;22
134;309;10
330;362;44
133;73;3
453;41;9
69;176;10
373;476;10
119;488;10
455;362;8
201;83;8
256;199;23
55;21;6
433;440;50
49;165;17
495;398;38
401;196;35
169;240;45
200;181;17
353;399;17
2;241;5
179;266;19
229;161;36
420;4;13
76;322;21
443;301;36
487;296;46
54;115;13
144;183;10
24;444;50
214;107;33
231;93;50
22;200;37
492;72;40
52;113;23
211;334;38
202;300;45
145;438;5
423;477;37
108;171;31
36;190;10
306;5;20
107;453;19
201;349;33
74;54;4
16;428;5
55;240;49
390;233;6
225;344;11
475;213;50
337;148;50
221;65;24
488;100;40
84;446;15
82;346;40
480;390;33
132;295;42
116;26;24
349;496;12
429;234;19
298;283;32
260;132;4
65;7;48
391;237;6
90;439;20
249;464;11
470;362;30
48;322;12
136;341;20
239;407;25
53;82;8
5;231;14
489;104;43
385;69;19
412;182;28
205;290;19
80;259;30
420;115;33
481;186;9
99;373;32
145;201;30
310;43;19
267;425;3
429;494;48
7;35;39
449;147;9
130;478;44
410;76;14
26;283;17
5;429;38
16;34;37
44;85;41
267;193;32
295;261;46
241;375;27
343;87;7
312;377;50
188;114;10
372;271;22
460;255;19
192;408;21
150;228;41
253;119;44
309;253;1
140;428;13
206;307;22
195;283;6
463;183;12
465;436;38
336;168;47
498;4;39
305;221;50
212;86;18
20;273;25
159;406;45
187;309;8
208;185;45
426;10;4
496;140;33
144;265;5
343;418;26
229;132;7
87;325;18
40;209;27
477;153;24
232;142;31
179;401;38
207;120;18
488;488;23
422;167;38
73;29;5
311;259;32
488;49;37
80;284;25
269;197;42
440;117;48
319;314;23
149;386;26
97;12;17
31;410;41
463;283;19
474;289;37
360;41;10
260;474;7
487;431;3
296;315;50
492;85;25
410;402;5
454;271;46
295;455;35
186;308;19
78;282;21
363;396;43
289;482;22
175;406;34
339;320;27
72;137;30
3;113;11
106;56;37
49;73;7
478;418;35
338;149;50
17;172;28
467;379;38
107;93;1
339;387;6
65;478;21
211;448;32
325;86;43
5;185;11
293;500;24
352;305;25
388;472;27
126;330;40
54;495;12
50;40;9
51;301;32
275;404;7
90;249;17
133;352;33
112;358;23
307;315;38
61;470;11
358;325;50
252;303;37
23;122;2
419;249;11
98;30;14
276;360;34
194;429;50
8;482;28
301;249;8
248;123;39
138;413;25
130;212;30
42;27;7
273;105;21
82;249;21
21;260;37
299;48;40
98;59;1
496;410;25
193;154;42
215;425;9
103;66;8
364;378;13
137;225;48
241;489;4
279;32;32
456;453;39
455;498;5
386;466;13
413;182;31
338;293;33
357;182;39
264;406;41
483;440;49
331;460;15
443;252;42
297;222;6
278;104;3
94;240;5
303;82;8
102;243;4
409;158;25
270;94;30
266;77;39
259;448;12
76;241;40
213;112;42
196;396;34
429;28;2
361;46;4
182;243;8
96;462;46
164;265;23
251;331;48
406;242;34
402;483;31
436;490;4
48;399;37
498;321;50
190;341;20
44;458;29
314;245;38
381;16;47
330;157;18
124;138;22
268;404;1
53;183;6
315;33;32
380;202;6
207;108;1
433;181;33
325;299;45
452;75;47
73;244;20
254;289;1
196;271;26
129;380;15
494;4;31
205;66;1
55;386;7
317;358;14
218;315;14
316;481;5
264;334;24
500;346;45
243;404;50
440;122;2
198;84;13
441;294;39
429;376;4
17;270;37
139;295;30
314;321;5
207;434;1
467;436;48
3;101;8
102;79;49
430;112;43
435;474;42
175;223;47
363;362;32
369;20;27
107;131;30
237;365;49
281;379;13
120;127;50
364;342;37
285;104;47
396;272;2
492;228;14
385;297;25
334;145;23
430;23;7
128;240;3
283;216;44
330;248;26
354;460;49
313;439;13
316;278;9
300;421;17
318;493;33
94;186;7
422;5;11
159;447;16
147;183;11
216;131;15
53;162;7
133;339;43
437;387;30
500;436;39
67;308;42
326;380;11
123;415;16
8;479;18
232;93;18
13;385;41
286;227;30
286;74;2
344;19;2
101;27;31
119;260;26
56;158;15
494;477;27
361;142;31
417;132;4
72;101;15
230;46;20
389;233;15
123;28;46
170;266;10
194;119;30
51;229;8
393;343;26
156;214;30
41;275;29
307;202;4
307;382;27
31;32;49
214;148;48
47;151;1
211;136;6
4;216;26
474;379;27
123;479;38
360;483;3
153;18;3
240;475;26
416;486;23
456;24;10
399;399;1
459;407;12
132;274;32
151;64;26
289;12;28
338;299;1
178;162;39
313;357;17
403;34;19
193;33;2
305;349;48
381;365;2
425;58;33
127;481;36
286;441;47
281;366;20
495;89;1
240;494;48
263;68;34
326;203;4
90;430;3
153;412;20
202;228;20
71;211;22
389;248;2
7;93;11
360;231;9
206;108;17
474;167;31
346;404;37
272;236;27
461;13;43
219;264;31
465;197;38
485;177;26
204;341;14
373;256;10
240;109;32
223;403;49
95;149;46
385;357;3
37;229;27
81;484;13
95;318;37
350;479;50
177;123;27
136;253;23
222;105;31
451;291;41
60;353;9
440;363;10
344;471;50
218;39;25
219;68;49
345;476;12
431;371;2
110;474;30
491;417;26
276;447;19
247;343;46
306;295;33
86;199;30
296;165;9
230;404;5
238;312;46
282;312;37
332;183;23
9;455;10
224;285;36
206;181;22
131;261;3
260;313;34
308;268;4
213;105;12
227;273;46
45;358;22
145;129;48
478;265;46
191;298;10
345;30;33
340;22;41
394;436;12
300;464;36
277;257;46
219;220;5
260;391;28
103;380;6
467;94;22
259;389;8
144;272;41
210;108;12
377;459;39
178;57;25
183;355;31
37;201;13
354;480;48
469;45;39
36;402;49
332;477;23
365;92;12
105;341;36
99;309;50
7;129;30
286;382;19
274;190;28
297;126;15
319;373;9
493;415;41
151;276;17
62;299;24
438;271;35
143;291;30
476;451;8
340;207;3
193;421;1
88;100;39
116;468;46
217;243;21
320;326;28
464;292;43
117;274;48
444;58;22
150;432;39
318;342;47
235;394;7
161;114;25
458;456;29
458;190;35
83;372;18
91;408;5
388;411;50
41;368;48
240;291;24
285;278;7
120;1;6
49;402;40
353;403;14
361;21;46
462;240;46
403;461;47
444;347;37
146;356;40
464;278;5
162;42;38
56;145;21
124;167;29
452;476;41
221;319;33
375;109;13
38;121;28
145;369;27
77;153;12
218;462;36
384;17;5
296;371;20
461;178;15
384;92;37
328;234;27
246;209;45
83;115;25
154;164;28
499;330;19
425;349;12
8;166;5
197;422;42
437;476;21
229;205;4
387;214;40
479;38;13
157;286;6
204;258;45
47;293;22
68;161;15
470;250;1
364;160;47
15;472;32
114;374;48
60;46;12
186;58;31
408;10;28
24;26;17
51;126;47
323;145;48
403;147;2
439;209;41
3;137;26
277;356;36
472;132;39
427;127;7
160;284;47
53;439;6
479;79;44
133;122;31
193;12;45
323;345;5
289;306;48
442;171;14
101;200;4
195;193;29
39;277;36
440;264;12
334;379;28
290;35;44
92;372;18
145;436;45
214;479;32
317;370;33
29;31;41
272;224;2
127;498;2
203;57;3
23;317;31
116;137;18
495;279;6
290;360;7
304;461;12
377;407;6
9;225;18
360;221;30
282;344;39
427;172;18
48;473;49
319;151;22
102;28;41
186;250;42
286;101;17
374;64;7
133;487;13
328;280;22
119;281;41
97;385;41
377;334;9
126;160;45
212;102;5
440;344;27
387;236;26
393;415;44
447;141;46
200;222;5
416;392;12
132;149;28
367;88;13
103;236;36
11;299;32
251;339;38
494;359;20
229;284;18
410;353;46
71;223;47
302;35;4
484;240;23
13;143;2
81;431;41
121;179;10
260;93;50
307;163;16
296;70;34
287;16;45
319;149;11
223;339;34
355;19;11
477;404;18
362;131;32
443;180;25
31;184;37
222;1;43
79;221;12
341;90;39
405;20;25
4;125;31
357;268;44
202;62;6
95;355;38
298;416;48
37;353;3
9;194;10
465;338;6
196;278;23
350;342;11
390;401;2
455;445;31
135;88;44
206;30;40
349;236;13
327;331;38
441;394;50
308;239;50
384;364;36
256;112;50
21;93;24
130;318;48
44;454;12
447;380;35
260;51;34
138;321;24
319;201;28
341;68;15
202;134;26
372;266;30
282;182;23
302;471;17
262;429;3
176;346;44
26;301;10
244;331;20
248;126;48
17;54;1
403;377;9
377;246;33
406;148;18
424;384;49
125;95;26
304;275;43
316;453;5
168;54;15
236;335;27
440;113;16
58;147;24
435;427;15
446;272;9
374;41;5
69;87;31
183;407;28
198;227;35
252;279;9
405;246;34
403;26;27
392;337;44
147;364;15
226;376;16
328;345;37
109;385;11
154;495;35
249;141;36
76;202;35
206;280;25
394;400;39
378;119;10
336;146;17
97;450;30
445;188;21
224;275;28
491;400;28
455;439;24
151;334;8
493;239;19
452;188;48
149;409;18
405;136;33
134;196;6
178;342;43
66;441;42
141;274;48
311;438;2
492;437;3
70;129;25
83;143;4
268;4;46
287;317;41
198;47;27
309;358;23
195;3;46
75;337;12
499;72;25
28;86;43
305;386;22
265;429;43
394;196;43
228;280;1
295;185;30
462;119;21
151;83;28
355;158;4
103;383;45
440;271;31
328;283;32
438;324;2
348;229;33
169;96;50
204;353;36
77;118;41
183;449;49
17;107;45
44;166;44
2;48;25
356;428;7
65;370;14
405;49;41
485;91;35
308;173;8
408;68;9
70;237;40
114;301;23
122;112;23
365;326;49
473;118;44
271;73;18
100;332;10
361;194;13
351;171;28
215;427;28
62;244;8
112;297;30
317;483;28
374;37;15
283;36;28
90;117;7
147;136;7
133;283;18
497;267;48
61;140;27
126;162;43
426;195;35
119;322;5
247;205;49
216;120;36
461;449;27
386;52;25
434;405;46
388;432;20
93;283;19
276;397;36
150;453;27
499;169;22
393;477;21
157;143;39
97;339;31
191;183;29
115;304;42
175;180;8
307;175;49
427;251;7
299;157;36
250;95;10
179;161;1
264;457;3
170;281;19
38;114;30
411;177;20
371;270;24
354;491;17
373;135;46
92;266;14
484;379;33
47;119;20
53;114;38
89;455;31
23;452;16
244;22;25
394;194;31
293;160;42
197;451;11
331;183;14
488;303;2
88;394;9
322;469;19
83;469;23
317;127;36
327;396;34
331;187;44
404;331;5
94;475;34
29;446;3
279;454;50
229;449;21
253;342;5
195;192;18
66;76;2
119;81;47
246;282;6
231;331;17
465;70;21
332;34;11
259;324;10
404;320;23
35;160;48
28;185;40
104;106;17
108;241;28
96;477;6
376;309;42
250;447;27
249;61;11
44;84;23
277;465;28
67;418;8
462;313;39
494;385;21
453;60;21
2;87;22
135;289;40
86;321;6
357;67;34
261;327;50
64;316;35
267;361;9
188;413;45
389;182;36
434;208;42
310;238;31
347;365;43
383;412;41
210;466;26
134;247;49
361;31;30
473;191;13
383;221;12
226;110;2
357;145;33
381;177;19
120;276;9
221;377;22
450;58;46
390;354;29
438;374;17
447;129;5
436;313;8
189;230;43
480;402;32
460;350;14
430;388;7
46;173;33
192;60;31
317;319;39
420;133;47
388;439;41
218;190;26
354;144;11
188;299;6
285;105;6
43;258;38
334;161;38
82;164;20
234;424;49
281;66;39
316;90;32
435;28;16
110;431;2
201;250;43
85;272;5
350;97;38
314;276;17
495;438;50
159;63;31
89;165;8
414;134;48
376;295;43
335;116;46
296;229;38
419;272;33
354;414;9
287;133;34
300;318;10
471;342;10
286;228;48
347;213;29
67;121;25
484;436;38
65;166;39
392;259;1
293;278;1
364;285;32
65;118;14
71;377;12
384;248;44
169;167;36
298;99;4
8;253;3
56;240;20
407;188;26
110;171;47
236;113;9
163;274;47
474;448;47
232;246;5
238;483;43
180;146;39
172;358;46
343;330;19
50;367;15
92;150;14
387;47;14
260;114;17
292;422;18
103;326;18
208;182;10
469;306;38
12;454;42
331;173;7
279;467;9
296;255;31
138;163;21
440;174;23
329;346;49
470;20;34
446;412;29
299;403;48
307;174;12
118;387;17
461;227;36
49;273;16
248;208;24
337;346;18
460;97;16
419;345;39
77;135;3
191;398;35
130;106;7
352;68;47
62;65;33
456;39;26
21;313;49
67;160;33
385;20;28
298;347;47
221;341;37
216;207;25
339;43;1
84;185;25
389;241;26
263;249;29
91;151;43
125;166;49
15;158;47
332;427;44
71;30;18
381;90;45
335;4;7
201;444;25
479;276;36
148;125;29
117;13;44
337;198;18
368;9;46
462;173;46
320;234;4
477;202;35
309;383;23
400;444;4
304;428;32
470;17;33
386;481;23
282;491;4
296;246;45
500;71;8
478;465;21
284;65;34
444;371;49
142;179;12
288;147;48
7;338;9
324;114;41
315;474;28
382;359;9
228;473;9
225;83;35
323;436;14
456;465;11
56;446;35
355;193;37
111;44;41
472;412;22
225;241;30
281;333;16
224;199;47
196;456;47
433;71;27
214;139;2
142;61;27
174;193;40
18;239;49
93;271;8
203;477;29
116;182;1
17;129;1
294;167;48
466;95;43
143;238;40
55;295;5
316;24;14
341;157;23
454;215;3
165;109;11
27;46;11
4;5;3
316;349;1
387;371;16
140;18;35
267;218;42
226;459;13
294;314;20
328;92;26
48;138;50
236;393;3
117;220;25
17;282;20
234;181;38
367;197;36
218;130;1
460;456;44
394;1;22
108;24;44
117;203;42
332;385;42
401;332;4
217;291;26
236;482;39
377;75;22
378;267;12
104;156;29
178;81;17
314;459;5
498;365;2
325;19;17
143;118;36
8;277;8
345;420;18
205;411;31
382;140;25
431;255;48
100;313;16
169;179;32
151;107;36
3;132;10
317;371;16
249;449;15
102;333;17
348;388;46
16;210;49
317;255;36
189;152;14
312;218;16
317;230;43
255;88;9
306;12;46
474;119;36
14;98;7
60;145;33
145;230;10
128;14;7
67;344;17
281;369;27
265;432;50
145;302;11
127;175;16
473;259;36
281;80;3
77;353;15
180;287;38
248;192;19
100;288;12
82;422;3
276;13;43
307;254;13
302;316;15
292;302;39
470;495;44
64;348;44
118;40;21
75;398;21
420;364;27
71;199;25
53;469;23
388;349;35
158;45;34
334;193;39
200;435;20
366;117;17
329;220;13
217;20;17
414;92;46
306;101;10
342;425;35
381;135;36
309;351;25
322;35;2
358;63;4
95;490;27
263;20;25
344;236;46
30;41;30
454;116;37
233;300;26
306;118;16
200;131;39
2;151;8
73;3;12
283;249;8
499;141;48
41;424;20
273;357;18
341;330;43
360;161;47
324;428;34
460;199;32
366;227;2
125;362;19
278;163;4
219;155;34
285;491;5
446;232;35
105;467;11
389;342;22
273;303;48
211;483;4
373;313;24
141;42;11
112;268;38
130;300;16
174;77;47
353;214;39
131;422;10
102;359;27
211;484;33
50;403;4
151;241;19
341;277;20
98;184;38
394;402;13
297;485;20
339;85;30
31;118;1
314;393;50
430;378;37
99;290;34
280;76;41
148;372;28
373;435;5
352;220;10
219;162;35
28;240;33
466;305;26
357;27;1
338;419;11
492;226;45
412;205;39
429;229;32
433;259;37
30;217;33
84;259;6
159;116;27
394;343;43
435;230;32
441;110;2
422;104;16
3;246;49
306;310;4
456;393;41
134;184;50
425;198;22
262;238;6
212;459;4
62;180;38
500;99;35
357;407;14
377;424;23
339;136;45
34;85;29
376;334;27
129;63;45
393;115;23
483;190;42
318;199;7
126;394;6
291;216;12
480;37;15
47;430;16
273;500;9
309;393;47
435;353;3
102;261;2
469;54;32
436;26;24
145;164;29
1;264;10
123;477;15
130;24;43
365;179;23
94;247;32
110;277;33
81;136;45
329;303;18
173;318;34
254;38;50
182;190;4
403;75;29
212;229;9
267;81;29
186;475;11
379;98;47
373;58;17
92;456;21
451;8;40
38;426;36
464;65;28
270;99;43
193;437;24
269;423;22
301;347;39
23;292;37
144;68;12
400;69;18
25;438;34
97;394;38
259;351;33
159;7;7
5;308;10
257;90;23
367;129;31
312;112;16
280;304;46
132;338;46
333;124;26
47;389;33
29;451;36
425;234;17
386;499;22
183;2;11
436;388;26
43;179;46
24;187;39
329;283;18
363;238;7
215;315;34
430;351;27
223;59;9
265;215;38
179;196;43
238;47;40
179;47;28
44;374;32
431;91;9
384;314;18
101;226;24
213;69;16
123;365;35
16;212;33
412;308;43
155;298;8
279;200;2
139;216;13
95;434;36
45;285;7
357;439;8
188;79;5
406;457;31
448;449;3
35;498;5
94;7;22
128;12;9
107;181;7
65;449;38
125;79;26
350;363;43
428;75;22
478;307;33
254;365;13
393;268;46
99;35;37
57;122;24
330;50;11
239;334;39
252;124;15
211;429;45
249;137;44
231;53;28
255;489;7
152;62;3
250;239;38
234;393;50
382;109;8
118;203;40
112;500;27
482;66;35
486;124;5
366;208;18
324;154;11
450;360;10
398;386;16
59;247;25
183;386;19
479;373;34
86;230;25
369;428;38
307;152;20
313;488;32
187;433;3
407;448;16
362;429;50
251;494;18
257;153;15
218;369;7
454;152;20
474;192;2
94;349;37
162;400;48
227;114;36
15;275;14
342;75;41
79;291;30
215;60;34
343;121;42
377;124;27
396;50;20
258;430;11
126;188;5
256;133;49
154;72;14
331;206;11
7;289;12
100;242;42
408;218;14
110;335;46
266;479;13
188;36;37
325;365;19
491;256;3
446;150;11
150;352;49
373;371;35
343;134;25
28;351;44
233;439;24
341;29;8
79;353;27
341;298;35
351;6;27
160;59;23
70;395;35
448;268;42
442;251;1
123;351;16
265;34;9
278;279;15
377;146;50
208;271;26
494;44;12
230;307;34
205;402;28
488;199;47
1;255;29
34;155;15
490;80;37
71;24;39
52;495;5
133;2;13
481;289;34
296;440;46
297;196;19
232;40;18
323;129;3
455;278;18
38;440;8
479;432;30
392;448;43
231;290;50
56;185;40
308;124;37
389;360;25
99;338;39
18;489;34
498;367;15
419;269;18
276;415;6
158;186;32
137;308;29
490;288;49
307;60;27
318;146;23
287;177;35
183;477;45
365;348;11
177;41;4
284;359;49
475;165;38
384;244;20
188;361;18
158;69;44
161;431;48
3;233;48
140;195;32
123;214;38
18;35;43
310;99;5
494;99;47
288;49;29
400;151;19
183;99;24
463;411;26
275;233;23
328;431;2
377;45;44
378;382;32
198;482;32
142;169;43
202;443;48
151;132;37
199;155;33
307;358;46
37;335;21
437;258;28
396;29;44
341;488;30
367;236;13
353;351;2
172;8;7
264;312;5
75;489;40
450;169;45
364;206;8
432;209;24
420;343;46
142;27;20
375;361;13
57;95;21
406;197;32
212;452;3
384;367;24
55;18;11
230;409;19
438;465;34
283;392;1
6;12;22
264;163;4
65;272;1
394;271;35
44;220;45
432;261;46
449;111;31
422;258;6
280;42;35
130;258;42
259;289;38
437;263;25
139;286;7
225;259;29
5;382;43
255;89;29
19;204;24
405;319;34
395;27;39
449;491;17
433;70;37
460;177;13
10;32;23
259;264;37
479;478;39
51;180;49
7;227;1
238;35;26
95;273;18
225;345;26
5;238;31
297;44;38
403;334;31
455;260;24
174;284;39
295;46;35
313;341;40
52;181;20
108;192;42
362;156;4
126;385;29
41;438;47
174;195;48
335;225;50
441;262;20
417;95;50
169;438;17
89;452;46
99;149;9
113;413;27
81;88;18
30;220;16
10;76;12
69;443;39
232;440;46
175;409;7
16;56;34
482;184;30
117;354;36
500;439;3
245;148;23
417;318;5
178;120;30
432;197;11
36;119;7
303;314;33
90;77;1
258;69;36
291;267;9
228;476;28
368;249;23
500;275;47
416;275;41
20;149;20
86;1;40
169;134;31
406;24;49
9;273;32
225;196;29
405;52;42
413;328;39
258;330;48
153;11;32
438;227;21
21;164;12
103;160;42
338;277;45
113;6;10
428;105;23
155;200;16
94;62;22
2;237;44
268;214;10
112;142;10
15;72;50
381;279;30
198;317;29
470;478;12
401;139;13
327;274;49
481;264;19
276;48;2
93;234;11
297;237;16
123;142;29
195;429;5
444;171;6
140;324;18
450;383;26
369;79;3
347;318;13
153;313;33
193;409;20
270;444;18
28;456;50
399;62;49
89;169;39
464;410;8
361;395;16
420;355;17
10;158;49
262;475;27
418;419;37
221;245;27
391;140;31
247;112;35
484;52;42
275;74;19
270;106;32
175;229;19
46;197;4
215;317;31
448;207;46
65;421;44
413;102;22
315;52;15
74;450;35
455;53;42
274;58;36
348;443;28
48;371;6
322;363;47
483;321;50
257;6;34
342;270;47
151;160;28
278;297;37
208;97;27
277;391;31
293;115;27
107;491;23
392;212;35
39;72;48
313;200;24
66;382;41
49;172;30
137;46;26
295;218;35
468;425;2
272;379;24
32;494;19
166;436;30
374;130;29
216;36;34
313;162;38
16;311;18
80;264;46
343;33;39
383;25;13
352;276;45
43;249;12
11;498;25
216;95;31
338;436;14
115;380;7
31;222;49
300;478;14
332;323;4
10;62;43
498;268;42
87;383;7
443;143;3
131;365;48
107;294;22
378;298;30
253;146;49
164;108;25
170;440;28
416;13;9
342;445;5
146;312;49
180;252;26
441;440;26
278;260;34
156;412;28
301;158;39
244;174;47
49;220;11
500;66;27
267;251;16
391;273;31
337;479;28
317;278;35
427;79;35
64;355;7
397;134;5
261;170;32
240;172;9
275;48;32
356;400;18
383;165;10
151;49;31
482;225;31
401;92;11
253;125;47
58;316;46
240;283;50
425;475;15
65;86;46
470;497;45
135;329;48
91;187;46
129;25;45
73;132;42
352;419;31
47;394;43
225;343;5
395;261;5
187;38;34
55;450;29
175;341;30
365;333;44
269;60;38
8;54;1
275;470;13
154;301;42
26;86;11
61;228;37
488;399;13
295;438;22
168;98;40
50;293;10
353;376;22
247;120;28
333;224;30
181;340;50
2;203;34
163;250;42
300;34;10
192;358;7
247;174;12
227;333;44
445;348;26
199;79;44
199;194;4
477;62;25
53;107;21
126;91;31
312;167;14
309;79;47
209;219;49
346;295;30
39;64;16
75;313;1
177;320;49
358;167;9
122;22;42
487;379;47
461;226;46
439;136;50
322;495;34
277;421;30
421;158;46
460;265;29
369;208;38
112;388;7
103;474;32
161;471;19
438;237;12
195;473;46
44;114;26
195;298;4
35;378;34
16;183;44
468;219;1
470;410;10
165;418;45
61;207;28
202;352;29
166;262;17
18;120;14
92;130;2
18;73;34
463;463;3
168;473;28
75;181;35
431;437;42
438;363;14
17;57;16
164;228;3
420;8;12
153;387;6
267;256;2
139;40;39
421;201;44
52;146;24
177;205;28
413;468;28
295;251;46
34;132;2
411;58;28
195;63;48
470;258;44
274;435;34
55;206;47
97;422;30
320;10;11
299;186;22
402;200;24
252;404;41
71;8;49
387;276;4
455;221;33
15;267;34
150;292;46
120;248;46
271;28;27
469;237;25
229;108;1
10;147;17
288;63;1
158;486;27
479;303;20
457;453;15
126;411;18
413;394;20
249;496;12
382;244;25
317;292;5
385;287;32
118;449;20
168;193;20
118;105;24
41;231;43
442;17;26
328;235;21
96;391;18
360;46;24
228;190;17
462;467;33
303;164;45
348;364;49
486;306;28
319;61;44
331;197;12
105;240;26
337;204;10
230;408;29
265;315;30
221;289;30
329;496;26
385;338;39
28;218;2
48;336;40
184;145;30
162;278;9
283;27;29
187;448;26
278;24;47
372;252;35
420;344;32
274;54;19
268;359;13
487;276;3
242;286;49
247;292;9
73;298;38
289;301;23
16;87;23
357;185;11
344;117;19
410;100;28
188;323;1
310;420;1
232;31;17
487;184;26
223;381;36
401;333;2
291;431;46
491;462;28
50;106;26
206;454;33
75;464;31
68;330;8
304;1;14
180;487;12
84;419;26
396;368;42
356;389;14
372;166;1
297;12;6
344;332;3
460;157;32
70;213;45
201;491;24
153;90;36
349;411;50
367;250;12
85;267;38
340;470;39
404;248;31
493;375;2
460;435;9
453;155;11
213;358;22
466;398;9
12;208;26
30;299;41
404;500;32
295;201;46
327;419;50
30;84;19
114;134;34
175;292;32
18;412;14
116;208;49
232;238;17
441;279;19
451;411;18
287;221;11
263;111;14
333;252;8
185;49;28
178;148;35
154;473;1
333;247;19
206;337;34
439;261;23
73;448;10
152;257;19
43;388;33
274;247;39
485;404;5
476;199;35
264;269;38
89;14;13
281;84;44
353;68;37
98;282;7
206;124;1
366;43;40
465;397;2
414;106;33
43;64;40
102;491;11
361;406;3
318;151;44
111;69;3
403;315;50
354;292;14
94;32;15
102;438;49
400;136;27
195;288;12
452;53;46
274;264;7
259;96;31
124;122;35
472;360;22
250;179;35
63;438;34
209;442;6
252;357;22
133;217;2
65;242;9
378;268;6
160;187;46
284;392;22
238;253;16
435;466;11
370;318;31
336;287;33
472;86;48
21;25;31
261;270;13
138;112;49
247;212;23
235;441;4
56;85;15
269;142;16
135;339;49
66;250;50
134;116;38
203;438;22
296;61;26
83;207;48
129;328;19
493;200;3
341;238;7
196;261;28
80;376;8
145;261;47
82;261;17
91;186;38
226;88;49
129;43;21
92;363;29
260;24;25
392;93;5
385;121;19
88;314;47
421;18;34
87;231;29
179;336;49
121;62;14
191;482;4
256;136;46
15;311;14
51;451;44
500;413;20
433;243;22
422;300;7
289;255;30
172;303;5
146;426;24
32;404;26
297;468;6
275;115;37
304;438;4
206;245;42
168;458;45
315;219;48
421;136;36
119;91;29
409;75;35
11;413;23
133;128;29
463;148;4
112;497;16
372;399;2
362;6;15
281;166;36
428;9;49
336;484;5
184;217;16
422;20;39
445;182;33
127;116;13
399;205;20
318;8;49
36;212;4
353;253;50
66;497;40
7;316;11
285;162;36
70;149;28
492;282;31
70;126;3
220;236;2
380;382;42
414;303;43
94;219;25
372;118;11
413;332;6
273;145;22
325;234;45
4;14;30
458;399;46
374;358;36
144;223;12
160;243;17
116;5;28
364;456;38
344;432;49
181;33;33
353;222;20
120;483;49
205;140;35
341;464;33
70;434;11
469;116;42
449;339;9
209;316;30
119;437;4
170;332;23
157;427;18
457;42;7
276;385;30
257;177;29
373;335;11
459;121;4
76;16;23
363;386;19
301;342;26
79;251;10
297;33;14
323;415;45
79;140;13
190;470;25
326;130;35
230;291;11
202;175;13
202;100;42
96;426;10
136;138;38
322;425;4
232;15;16
301;93;50
253;157;48
192;142;8
152;179;42
451;437;27
174;270;24
463;14;18
490;393;50
266;476;14
350;291;42
304;361;31
316;43;6
34;483;19
387;225;2
31;479;39
491;96;35
18;417;15
26;94;12
476;315;14
80;154;37
691;474;10
545;552;38
371;465;1
84;35;50
228;55;48
40;595;19
529;656;19
513;13;11
292;684;28
69;208;33
53;630;41
511;232;12
538;9;21
279;423;3
606;196;17
133;232;21
37;421;15
332;380;16
513;605;9
101;56;45
635;386;13
128;668;5
66;514;9
527;129;50
147;619;1
355;263;5
559;673;46
588;118;6
563;429;21
508;309;47
519;370;14
27;693;36
186;208;2
570;479;36
281;387;30
657;473;32
577;241;22
71;498;38
648;678;35
277;419;35
97;397;17
412;378;34
56;557;45
78;215;25
69;699;20
224;172;35
172;205;6
202;211;19
333;659;11
135;586;36
499;653;24
492;303;24
307;631;27
663;53;25
306;399;2
642;628;15
350;336;31
208;383;38
335;57;17
305;111;2
28;407;23
657;526;46
43;106;22
386;510;10
410;165;31
647;99;49
246;363;42
470;427;28
483;285;4
241;376;5
364;469;21
346;405;27
455;548;47
226;85;49
257;113;47
117;325;8
291;532;47
76;228;47
58;212;9
654;406;50
116;322;43
509;612;31
527;304;10
342;295;15
308;457;40
456;216;7
160;420;48
151;598;44
309;553;2
669;625;21
692;644;41
632;393;44
413;189;43
383;120;12
81;590;42
450;130;45
252;58;45
352;158;13
58;565;21
235;388;36
377;48;5
323;610;3
592;423;36
26;457;20
389;562;23
622;209;28
588;538;39
135;73;37
574;374;38
306;183;29
295;399;28
665;205;24
603;95;18
377;514;50
43;225;23
409;589;44
662;420;35
201;93;17
410;439;5
9;243;24
412;341;40
456;375;15
417;223;5
338;603;21
208;586;43
233;88;39
55;88;10
583;527;26
401;554;41
86;370;9
66;633;30
361;539;47
92;211;36
441;258;27
683;602;43
67;31;19
418;230;7
381;425;49
89;308;32
215;683;18
254;343;1
8;648;34
631;340;4
165;658;38
362;360;34
332;165;6
297;164;43
571;242;28
221;517;42
257;422;41
412;359;35
52;666;50
591;461;6
128;661;6
571;21;3
538;70;37
387;8;4
486;653;45
18;63;30
159;635;49
546;576;19
336;174;30
357;374;6
21;609;43
349;51;26
82;40;18
56;484;1
121;191;32
32;528;20
44;586;44
246;666;46
669;346;44
196;625;45
185;507;37
130;407;30
506;429;2
399;403;2
187;604;44
474;679;14
342;43;26
323;647;10
267;162;8
189;54;32
563;375;25
641;283;19
551;280;50
542;484;22
449;299;8
481;382;32
45;621;31
372;163;40
335;664;20
81;131;17
608;426;43
186;393;31
577;610;13
600;15;33
585;399;39
332;513;6
249;382;23
53;392;11
304;401;34
678;259;24
82;32;26
588;251;14
350;62;45
127;517;7
443;263;36
162;516;7
391;147;26
214;406;39
445;659;41
608;168;49
369;420;40
52;474;28
532;16;34
9;468;37
96;408;31
326;687;7
164;18;39
533;557;37
386;560;40
575;682;9
136;578;22
498;556;30
456;525;3
139;217;9
592;413;10
467;664;33
467;304;15
615;530;42
593;697;41
568;303;3
636;131;39
192;698;1
314;43;5
8;398;15
477;441;45
187;53;44
142;556;2
390;394;42
139;614;13
655;214;17
396;12;17
507;640;38
469;573;42
382;46;29
463;500;43
30;420;41
99;376;38
450;573;34
636;25;36
446;207;17
624;430;36
307;110;35
93;286;35
653;118;34
317;676;46
575;457;48
199;215;28
166;295;8
692;393;28
614;638;23
688;325;35
37;67;28
133;540;3
628;692;11
392;97;44
246;310;10
56;677;29
186;335;22
363;677;4
144;104;9
44;48;3
136;356;16
445;266;45
212;649;27
339;421;33
537;444;6
137;191;30
123;380;10
484;108;15
205;372;4
415;524;22
481;36;30
19;70;37
193;253;2
105;23;26
132;335;34
439;251;44
485;339;8
522;149;38
429;364;8
482;171;36
653;524;30
202;249;29
236;369;36
117;687;2
350;287;47
181;565;2
61;159;40
258;52;17
200;234;46
146;613;24
54;651;45
349;327;42
606;478;32
144;629;50
5;593;33
411;612;35
528;626;10
155;151;23
75;273;14
421;547;35
312;320;1
230;100;2
443;396;50
547;75;49
178;610;21
333;251;6
385;513;1
382;381;34
207;549;36
437;399;1
56;462;23
45;533;13
647;579;17
317;149;26
313;273;8
358;341;23
368;327;14
127;229;36
164;459;41
694;427;35
15;246;3
562;6;19
336;43;12
493;634;34
412;162;37
135;458;36
74;42;14
692;168;46
398;85;26
428;202;28
659;359;11
472;491;7
44;428;22
592;130;47
696;404;16
299;313;28
238;535;44
174;537;17
368;695;27
622;45;12
400;517;37
97;436;11
626;438;45
349;136;23
103;9;24
516;598;49
144;449;9
243;93;22
77;100;17
312;336;40
516;190;21
183;246;24
174;158;9
598;102;11
478;29;48
501;302;49
121;532;50
469;94;16
54;619;32
179;300;1
660;100;5
472;28;38
257;405;26
75;246;11
401;192;48
40;392;40
83;149;44
224;319;22
538;261;27
505;561;36
212;448;12
261;533;2
173;588;46
495;119;21
648;575;38
390;406;27
601;180;48
410;108;9
587;276;25
291;327;22
429;327;17
513;351;30
663;426;50
311;414;48
523;354;32
420;634;25
346;676;10
558;284;48
20;395;16
192;86;19
85;692;39
320;288;4
418;182;20
337;185;38
172;324;19
517;230;1
559;557;29
461;497;6
62;377;7
682;629;17
66;690;28
592;459;1
408;656;15
138;416;16
693;35;39
200;596;32
694;155;48
339;451;10
529;279;35
590;194;19
148;499;23
335;440;36
198;140;23
566;205;4
275;148;42
45;482;37
535;542;22
129;621;31
131;415;4
536;680;32
27;686;37
322;71;45
379;209;25
186;434;4
506;610;2
305;167;29
204;177;42
384;53;6
20;276;19
371;607;44
138;526;24
42;44;48
505;41;18
13;613;44
470;26;2
96;100;29
222;246;17
8;353;28
363;95;28
587;188;32
626;80;43
253;438;9
18;293;47
435;139;7
234;201;49
308;413;18
302;475;5
30;365;26
182;667;3
291;124;16
593;32;1
165;582;34
548;511;44
509;141;29
328;678;17
610;62;40
619;326;40
244;447;34
594;289;44
647;79;8
253;42;5
97;19;20
475;235;34
434;220;6
662;472;8
42;552;49
477;59;48
47;497;27
193;451;31
431;149;36
164;389;29
539;501;28
261;123;2
647;384;31
315;198;34
610;397;12
50;603;41
661;324;39
264;336;43
632;221;12
463;688;50
87;396;36
148;341;27
340;385;33
603;30;16
646;10;49
684;688;40
532;44;48
387;562;9
272;331;18
4;49;19
45;144;1
87;500;13
344;601;35
377;55;2
586;302;42
398;518;48
637;616;13
523;624;1
445;438;23
328;137;30
214;191;40
278;474;48
305;51;11
59;479;19
624;81;39
25;268;10
455;517;11
241;531;11
453;520;32
9;699;31
269;356;15
413;529;20
190;534;7
332;112;50
472;289;14
517;414;48
557;135;22
666;166;33
418;321;34
196;93;24
62;516;49
601;93;15
652;74;42
690;220;31
348;341;18
281;356;11
686;541;44
229;458;12
39;359;4
328;195;5
222;137;24
292;65;34
409;21;40
647;153;12
494;14;13
414;180;16
158;365;15
509;137;19
215;579;36
116;439;37
556;487;34
90;392;45
647;283;1
375;399;9
548;561;2
696;175;37
450;283;38
365;314;1
51;434;13
175;154;22
177;261;25
641;599;14
602;565;13
615;354;12
648;59;38
439;651;35
662;491;34
230;87;32
194;354;8
46;41;40
191;45;27
663;190;5
347;496;23
696;700;50
324;504;1
89;435;8
690;490;50
567;395;3
607;539;18
587;644;45
689;548;16
78;448;18
55;403;39
530;314;6
383;82;7
483;302;2
676;405;31
681;272;15
189;66;7
544;298;8
291;553;43
333;338;16
553;695;26
78;353;27
700;655;23
588;306;2
272;478;50
621;473;17
272;15;42
600;299;42
550;634;6
451;190;23
43;635;22
57;680;31
560;694;49
621;16;4
471;581;43
656;380;29
17;202;16
303;95;37
684;24;40
219;233;28
586;139;10
347;62;17
249;522;50
49;370;14
253;476;49
468;317;44
667;695;31
19;118;18
398;538;37
666;633;44
8;394;3
58;658;37
238;628;23
243;355;41
407;126;13
237;579;46
248;52;8
317;42;11
672;609;27
231;358;10
397;378;47
263;25;4
632;500;37
582;21;19
355;536;14
238;634;50
558;374;8
10;232;7
595;423;28
396;544;1
332;399;44
376;580;10
213;68;45
381;121;16
289;550;50
600;63;32
225;234;25
394;624;15
185;247;27
26;297;7
32;104;34
382;477;18
112;95;43
690;272;6
188;564;7
536;471;23
147;105;21
162;576;36
152;231;16
495;418;33
149;517;13
624;541;27
292;385;43
242;651;7
613;605;42
646;629;38
670;285;2
32;114;21
210;689;16
201;134;6
692;137;16
64;575;45
516;461;25
308;594;16
302;467;35
410;24;37
229;605;40
674;426;47
183;616;47
468;439;8
581;608;9
474;561;4
531;331;37
116;336;26
210;542;2
43;641;47
186;659;27
73;603;42
494;352;5
427;565;3
334;26;28
294;456;23
107;656;19
206;315;5
568;461;18
8;360;33
328;86;32
184;225;46
105;317;21
162;43;5
574;364;41
92;566;17
171;388;2
581;347;8
364;589;36
185;193;22
630;409;7
90;597;49
80;97;5
99;359;14
560;75;15
648;447;22
302;267;7
296;279;18
138;63;23
611;17;40
187;28;47
270;501;24
606;67;14
142;480;45
163;666;37
275;689;13
487;114;15
90;536;22
693;309;35
339;200;25
284;134;5
254;110;17
497;119;2
491;548;30
321;603;30
317;581;42
416;254;1
510;660;25
33;97;8
415;68;47
351;255;13
220;469;38
182;63;38
231;205;35
395;694;4
372;336;16
373;296;20
482;555;21
59;602;11
478;396;37
357;519;7
193;478;35
547;593;12
15;54;29
75;81;38
99;679;28
329;121;25
253;415;39
634;258;41
538;495;39
414;520;6
352;235;15
266;145;40
173;221;9
608;42;31
96;497;6
669;146;15
155;568;43
639;696;9
438;96;4
150;217;25
356;587;29
237;283;12
61;377;48
96;37;41
519;386;26
300;345;41
455;113;2
198;341;16
481;305;32
373;655;1
631;550;26
518;539;37
613;455;24
184;141;7
548;540;46
331;94;8
295;377;43
227;157;24
248;558;19
180;338;13
315;685;44
497;521;8
210;349;16
232;126;5
493;596;40
678;409;25
559;41;35
296;349;22
226;13;15
193;81;20
426;429;29
272;392;50
88;253;6
561;564;8
370;67;23
250;298;49
306;154;30
401;433;33
60;698;3
234;187;3
512;201;35
236;63;8
184;420;11
90;371;21
417;146;14
208;468;21
107;114;2
658;637;9
694;96;37
662;208;30
439;590;10
444;69;25
569;269;44
439;195;4
490;194;44
345;125;20
93;70;17
478;89;43
696;212;46
595;515;26
455;454;43
559;423;9
83;425;19
305;350;37
599;453;49
240;652;45
236;375;50
657;171;44
358;363;39
243;270;4
623;276;38
13;688;48
167;299;44
245;213;37
197;53;11
46;415;15
662;91;21
578;30;35
83;204;16
341;265;39
428;194;50
14;305;43
487;614;16
503;514;37
350;565;49
228;309;12
638;405;20
17;526;48
626;41;11
230;585;42
668;62;9
517;57;32
251;630;32
477;584;19
501;667;44
625;8;27
93;378;43
131;224;39
57;208;38
94;348;30
267;110;35
63;468;23
243;76;1
349;183;42
509;150;10
508;431;14
406;375;37
179;423;12
238;476;14
546;486;14
157;230;23
209;126;26
527;635;7
332;351;46
582;469;45
466;212;4
282;79;21
365;327;37
220;197;37
327;634;39
611;659;37
393;259;29
602;609;31
445;503;7
154;144;20
208;424;29
115;639;15
606;164;14
133;392;42
258;239;20
149;536;1
589;48;34
194;416;49
276;552;38
678;203;44
17;369;49
258;200;26
565;457;45
87;497;1
477;127;42
504;640;9
77;332;4
612;431;44
426;625;27
105;167;49
599;31;5
573;158;42
605;653;32
85;448;9
327;453;13
602;552;49
509;130;19
312;34;32
526;434;46
634;509;32
112;281;13
72;234;39
14;482;42
52;329;8
135;675;49
307;592;7
22;263;49
367;253;36
524;523;29
203;33;6
34;494;29
528;376;37
236;476;25
549;391;48
57;136;15
277;482;26
86;94;47
260;75;46
476;342;18
429;416;4
150;271;18
265;62;32
564;291;13
463;573;17
448;601;2
280;273;22
304;325;36
336;351;9
564;515;15
665;134;6
444;4;31
217;638;37
318;476;26
305;282;1
653;515;12
363;288;34
432;611;24
423;500;21
669;613;49
546;589;44
537;594;39
359;628;16
657;628;2
400;434;27
418;18;42
26;362;26
535;276;30
76;654;28
347;665;43
557;452;13
183;273;18
209;18;50
295;252;22
309;570;29
137;294;29
318;557;19
633;455;30
112;685;6
519;625;6
441;248;10
483;314;6
274;171;18
197;389;6
35;60;10
382;301;19
597;585;46
542;334;22
512;219;44
208;516;7
266;416;27
236;641;27
71;609;38
646;330;45
34;513;35
636;72;41
662;466;41
229;325;10
378;164;37
208;201;14
268;669;33
208;539;45
340;548;36
601;451;32
231;252;37
325;555;41
675;169;11
600;105;26
624;140;49
517;483;30
381;129;1
297;520;25
618;285;16
387;207;5
395;132;41
43;244;44
616;482;39
264;11;3
41;463;50
401;551;33
276;527;45
304;282;23
145;100;50
398;74;25
309;172;14
96;134;49
460;3;18
324;425;1
665;519;46
224;355;18
192;517;2
346;650;1
24;518;12
206;605;20
289;78;29
87;430;14
60;662;49
425;606;29
697;133;28
348;688;31
226;360;38
556;474;45
58;508;10
523;558;18
98;189;10
575;33;32
200;523;24
322;130;38
320;318;43
96;555;10
577;599;4
493;130;4
58;622;42
19;244;9
3;245;12
266;128;38
547;354;23
496;295;41
469;151;38
141;461;5
297;209;33
512;45;26
251;680;16
678;591;11
179;98;10
495;372;40
113;29;20
694;548;12
302;188;37
681;516;18
161;394;49
165;66;32
626;299;30
580;539;15
86;676;8
521;260;49
351;466;22
690;147;23
492;403;23
142;510;21
534;76;16
485;417;21
632;496;3
643;563;39
145;640;37
96;398;30
417;255;50
83;699;30
343;68;38
391;471;19
482;165;28
684;227;14
590;560;32
366;410;3
384;466;8
596;510;28
447;254;18
219;112;14
488;111;27
513;64;11
458;588;1
172;584;33
503;189;15
444;430;37
87;90;3
341;60;35
80;627;48
265;201;29
468;688;17
623;386;20
592;175;38
45;291;46
96;587;13
252;687;28
234;2;19
460;92;31
648;76;30
143;140;32
165;210;29
513;448;38
700;514;21
686;623;28
357;97;35
190;381;27
650;630;35
540;601;33
208;571;42
658;642;35
392;501;41
637;247;6
243;486;40
174;240;41
300;579;38
508;522;24
569;518;48
152;384;23
54;156;39
98;564;2
430;625;21
74;497;35
530;50;43
602;568;33
56;329;20
415;43;21
23;10;43
342;413;5
395;272;27
678;582;46
483;608;13
674;656;10
408;473;19
159;482;50
273;385;28
402;171;17
179;583;3
481;331;42
563;621;15
640;568;31
99;253;37
568;376;45
398;570;41
530;621;37
632;258;40
152;572;19
637;519;30
675;146;33
59;373;21
658;525;46
126;222;33
580;110;19
289;676;43
520;681;8
525;232;43
427;559;23
470;597;49
54;205;23
455;504;21
347;276;38
402;340;17
41;102;35
508;147;16
218;232;31
195;64;46
621;232;17
604;671;37
42;69;25
349;95;19
421;665;32
137;651;25
333;248;12
160;416;24
11;202;36
523;517;39
663;278;20
793;13;12
85;527;27
156;247;12
444;429;44
334;736;42
414;548;30
284;688;25
502;160;45
135;266;4
284;491;20
355;797;16
703;188;10
94;750;43
678;403;27
410;97;26
132;498;29
648;666;49
728;354;46
16;202;10
432;775;39
339;596;14
49;27;28
685;275;25
605;430;20
591;780;43
273;71;33
140;322;48
383;478;17
502;72;32
276;56;38
269;72;46
404;360;49
431;366;19
150;465;1
560;215;12
436;681;12
20;441;30
237;201;26
709;236;15
153;133;16
604;580;24
101;407;19
360;643;30
19;251;25
444;500;15
291;17;13
401;728;15
787;509;10
718;13;20
352;181;47
273;392;43
281;160;44
476;508;50
8;722;34
449;683;45
69;665;14
319;132;24
376;679;18
220;373;31
735;369;5
72;335;19
441;368;29
139;534;19
488;795;39
228;746;19
169;130;3
501;730;32
692;646;49
763;213;25
414;31;31
252;257;18
200;576;38
233;671;31
557;338;1
646;604;10
693;244;28
543;40;37
706;532;46
745;474;28
510;603;9
147;295;45
781;559;9
377;581;5
325;581;48
157;148;21
281;760;32
91;466;47
651;76;32
24;488;26
130;624;47
461;122;49
252;767;45
443;360;40
202;639;17
631;109;2
594;688;22
474;552;31
564;244;27
59;558;27
344;739;4
678;466;42
689;773;47
28;33;7
344;540;16
69;45;24
223;455;46
22;617;2
407;619;33
53;771;49
314;593;13
355;118;32
708;350;37
779;68;7
273;730;40
108;386;3
536;140;33
332;15;47
355;533;18
540;37;30
608;386;7
686;727;47
714;750;28
645;486;39
31;564;41
662;330;49
509;395;44
566;409;30
183;73;15
789;758;1
636;297;41
418;272;9
654;619;25
424;397;47
492;56;39
501;561;3
661;306;32
84;335;10
42;733;2
574;239;22
333;373;15
451;79;24
579;460;18
444;220;11
43;500;42
71;54;37
425;551;31
367;516;10
739;140;18
465;365;40
4;253;49
298;352;9
21;671;33
226;652;14
196;193;20
27;329;20
5;387;37
568;147;14
417;261;33
355;355;30
592;320;47
174;477;25
711;300;25
33;411;49
606;49;31
441;23;4
355;540;13
206;64;16
754;240;3
217;466;9
90;602;7
163;557;34
228;312;24
490;320;30
145;25;13
321;248;12
768;683;40
224;529;15
252;469;11
786;771;2
8;411;49
558;38;21
84;132;36
106;492;8
532;326;17
165;759;29
190;347;47
582;767;43
454;659;26
279;446;36
708;504;4
391;754;9
149;651;19
164;782;12
670;47;4
229;556;50
646;731;33
65;303;49
589;1;38
220;61;47
696;97;1
742;214;6
390;368;17
51;298;6
59;298;30
62;441;19
48;230;29
149;494;3
706;275;44
145;35;44
527;714;19
76;709;8
61;103;33
439;621;29
107;777;32
456;107;4
204;313;25
387;629;1
756;646;49
211;618;19
501;613;48
274;655;15
100;454;3
567;185;6
158;209;48
375;161;24
463;642;47
535;136;46
157;226;31
748;149;1
608;561;2
781;641;4
84;709;10
127;528;21
545;185;50
558;432;12
34;261;37
478;103;23
132;795;21
319;76;42
413;715;8
521;376;21
360;480;31
795;566;21
451;254;8
123;413;21
220;268;5
619;487;1
439;415;46
604;229;23
170;15;7
624;8;40
271;741;23
657;424;29
283;96;40
276;73;21
155;243;44
354;593;27
492;296;22
672;443;7
113;300;26
162;488;20
345;316;50
320;114;49
96;517;18
495;184;20
204;717;21
430;143;3
107;785;32
444;528;48
698;179;7
544;513;15
104;767;29
15;412;32
182;17;42
405;164;17
16;583;48
112;780;35
800;245;35
300;692;15
357;341;23
293;539;47
451;405;29
745;523;19
373;634;40
176;276;15
132;624;30
652;47;12
323;631;35
366;502;7
94;456;2
536;492;3
86;606;25
466;704;37
484;489;17
559;48;4
435;716;23
419;639;16
330;478;33
207;422;50
231;390;26
711;616;22
786;779;5
699;740;3
422;705;4
129;316;5
674;43;46
758;215;12
627;711;38
724;726;38
717;591;30
409;146;40
97;634;19
637;110;8
28;152;34
369;639;44
474;2;21
230;65;22
284;81;24
76;639;21
222;350;46
113;469;36
351;404;32
486;624;31
44;303;23
105;578;41
571;245;31
471;505;5
564;182;7
622;736;11
573;724;41
381;794;25
752;710;28
123;192;15
430;779;31
26;178;47
114;796;35
158;704;46
761;729;39
686;66;18
766;544;31
252;576;35
655;55;22
474;24;16
384;739;18
647;761;30
212;638;19
411;47;36
352;316;3
774;85;3
283;283;37
710;602;3
250;199;39
550;258;22
212;569;44
365;72;14
594;195;31
458;39;2
143;50;20
501;74;14
684;15;11
405;704;11
161;793;49
793;536;47
256;489;1
280;750;44
76;399;8
648;538;27
788;141;13
100;175;9
228;520;6
512;619;34
523;46;10
118;628;3
404;769;40
428;128;37
387;795;9
546;505;44
775;361;7
200;271;43
485;408;48
6;55;30
555;17;41
408;83;30
669;382;14
52;669;29
376;473;33
199;661;18
177;505;39
131;134;11
151;288;32
362;493;26
53;5;40
763;235;10
775;784;16
600;557;7
548;397;35
388;383;43
289;397;14
524;423;25
723;73;36
753;259;45
676;192;46
642;302;30
551;635;4
278;280;25
435;748;28
435;64;34
526;46;15
107;474;24
770;115;16
663;492;4
243;722;13
228;468;27
440;494;15
157;662;26
211;63;35
407;309;35
87;688;23
337;768;32
596;141;19
17;41;41
416;30;24
689;524;4
284;117;18
766;204;40
410;790;38
757;452;32
295;174;41
122;385;35
186;160;34
610;259;1
538;335;16
225;489;38
114;693;18
445;261;46
568;630;17
792;755;23
267;450;6
397;665;31
414;423;10
561;314;21
33;17;4
119;392;16
475;726;36
335;751;4
307;719;5
423;743;20
61;730;9
582;503;30
168;187;36
46;670;33
341;646;50
296;244;42
142;601;12
600;784;45
424;357;17
140;650;40
438;776;5
792;543;29
34;101;17
614;219;43
343;536;9
111;684;50
18;699;40
203;622;49
634;166;30
632;444;16
656;403;40
784;467;14
492;503;36
278;460;42
416;729;4
548;394;18
668;533;17
743;746;35
315;207;26
308;713;34
359;625;6
11;678;14
181;756;35
2;453;32
408;479;38
472;79;40
610;725;25
362;304;14
117;272;19
293;514;46
347;571;34
762;650;30
636;215;35
185;772;42
293;24;42
20;347;6
53;738;22
408;153;16
632;759;5
362;580;6
169;571;45
530;788;11
69;103;48
254;798;29
151;292;12
496;502;6
634;556;40
156;195;30
78;277;15
580;284;23
72;427;34
765;754;23
382;186;7
532;120;42
13;472;4
34;150;5
401;660;17
106;490;29
147;230;21
435;526;5
799;659;33
323;591;42
543;370;23
410;495;31
614;790;9
58;510;37
399;84;14
584;111;22
576;201;14
792;507;18
196;44;30
426;100;35
86;513;25
483;300;25
198;557;8
304;81;23
794;413;29
456;241;11
428;784;9
772;41;21
122;291;12
494;344;1
611;191;42
778;724;30
280;765;34
33;310;8
527;292;42
738;311;4
414;536;45
192;793;34
565;726;35
766;632;45
503;32;3
44;610;1
162;584;29
233;296;25
384;131;21
597;792;40
557;406;18
381;290;21
196;519;8
394;63;28
639;597;37
520;88;13
558;530;12
325;399;9
796;734;37
452;342;10
705;221;6
89;392;3
770;223;26
504;550;8
268;701;13
642;266;27
407;678;11
535;283;7
129;567;20
79;203;10
711;755;3
92;754;21
716;741;2
118;10;2
339;545;50
392;603;36
264;435;22
220;520;28
14;792;32
98;638;33
277;792;19
328;542;18
522;538;17
433;33;18
685;475;14
683;208;8
696;752;6
29;43;37
598;424;8
405;537;26
308;602;6
152;65;30
768;616;44
229;245;11
395;652;6
370;702;12
486;103;8
783;401;10
685;783;10
440;578;34
173;595;31
391;862;4
591;986;47
99;448;45
182;448;40
403;935;17
99;372;4
220;564;38
490;415;13
879;383;38
912;723;1
365;946;25
692;3;6
656;682;11
16;756;18
47;631;39
103;979;28
792;506;28
419;712;20
281;508;4
202;531;49
790;806;35
521;581;39
7;614;41
981;341;16
405;877;44
929;965;12
805;674;17
51;369;4
462;745;33
625;126;50
47;805;13
288;390;4
475;32;40
550;447;16
150;698;25
165;284;36
146;596;40
675;443;6
617;708;2
679;601;41
156;771;9
302;564;33
782;115;5
294;540;21
741;461;45
307;700;25
153;153;14
97;969;4
280;845;6
797;584;4
496;9;36
751;75;49
983;429;14
53;813;23
945;21;17
181;816;33
35;422;47
370;323;4
381;303;1
536;145;49
810;193;1
895;119;35
436;429;19
560;807;12
908;259;30
170;395;1
915;196;27
597;828;34
91;683;8
950;214;44
455;245;10
968;591;17
831;339;2
358;215;49
10;111;32
676;285;15
950;560;27
30;140;32
138;608;23
400;587;25
641;215;42
896;753;26
170;441;36
827;673;31
308;621;6
360;660;16
81;661;2
755;689;14
485;394;8
949;245;22
406;789;28
659;894;34
853;26;29
36;154;25
622;12;10
160;800;28
909;441;26
251;824;29
708;931;24
903;316;36
935;154;10
855;141;6
872;848;49
254;136;16
853;131;43
922;809;45
419;343;21
205;445;49
278;968;20
581;741;49
567;861;30
120;414;31
804;809;49
653;788;6
229;741;48
851;581;50
723;81;46
646;246;25
542;338;14
545;686;31
937;555;13
515;592;21
738;811;32
702;207;7
419;323;18
960;647;28
888;703;15
69;589;43
556;452;37
284;76;10
557;535;49
140;858;50
680;676;9
853;22;38
220;794;26
150;200;11
270;462;25
855;10;27
561;986;49
922;320;1
978;954;25
67;388;16
631;700;19
252;223;18
393;892;4
140;819;30
941;466;21
216;181;14
273;870;14
645;527;42
957;889;6
778;180;28
675;225;3
104;123;17
586;564;20
952;610;41
526;206;30
16;353;27
452;271;41
872;812;9
65;899;47
159;117;15
282;889;4
181;625;5
117;297;26
746;90;20
76;393;15
60;263;14
85;202;23
464;20;29
732;218;13
982;829;21
99;935;49
674;752;36
47;314;35
213;613;36
368;750;5
181;654;14
981;396;13
945;397;32
487;98;14
723;218;45
593;350;30
908;794;17
991;989;32
800;553;35
470;622;19
56;296;47
91;200;42
354;878;2
728;118;38
602;778;21
736;138;38
72;210;17
555;366;3
823;841;2
339;271;4
611;625;15
219;425;36
125;36;20
4;680;47
779;7;39
992;816;9
717;355;16
755;167;26
705;974;11
829;572;23
835;625;45
533;46;24
426;947;34
125;456;28
271;445;19
955;485;20
692;692;12
290;427;36
662;731;22
88;656;4
873;672;5
282;755;4
473;494;39
325;891;15
856;580;50
895;726;8
191;881;17
435;589;31
652;301;48
395;835;30
118;536;27
252;849;36
733;543;30
957;213;30
868;17;4
350;684;35
219;72;10
764;673;13
963;647;50
198;440;7
202;242;48
998;565;39
242;692;33
837;407;25
624;324;2
851;385;29
505;241;11
505;250;19
98;20;47
732;850;43
484;692;31
323;472;46
661;563;12
739;249;16
944;470;21
1000;356;4
560;509;14
407;924;45
187;712;50
719;207;2
399;435;22
566;43;38
893;944;36
150;269;40
275;767;13
318;499;8
660;60;49
369;923;18
582;228;43
289;519;25
869;347;14
912;997;42
859;31;18
452;386;20
559;564;25
139;989;17
251;935;42
131;771;37
41;228;48
526;791;10
123;620;11
995;600;47
82;985;11
27;121;30
489;438;13
437;308;37
240;205;1
737;240;46
86;350;8
427;227;2
330;96;46
551;597;30
997;657;33
457;722;50
385;310;24
756;254;31
50;358;19
58;429;2
563;657;9
127;456;30
686;526;24
485;616;47
847;803;26
533;858;14
456;699;10
260;776;28
220;420;16
813;21;12
150;190;32
688;914;20
19;180;33
444;559;24
522;425;44
323;329;28
181;748;35
38;118;36
8;590;24
866;38;5
798;191;47
506;217;17
212;730;36
342;697;38
24;447;16
568;338;28
593;194;13
127;637;41
117;822;3
682;752;48
540;488;35
805;319;8
188;235;29
860;289;7
488;10;7
740;511;33
28;885;26
298;203;22
995;55;7
402;496;37
974;985;31
565;283;33
471;839;42
494;891;19
684;531;45
521;62;14
115;46;31
720;769;50
623;644;47
566;212;20
856;845;3
473;61;35
958;143;21
161;485;48
72;974;23
638;424;7
346;336;49
118;819;30
704;18;17
869;326;26
981;540;13
100;287;26
687;232;34
459;599;42
763;654;48
805;423;3
408;644;14
641;569;34
345;188;1
378;924;4
730;250;33
666;137;10
561;702;28
295;66;30
312;301;35
234;401;45
607;319;30
832;712;42
107;145;49
942;155;29
597;218;29
607;167;28
371;201;12
611;620;47
659;379;9
176;334;47
5;582;12
765;197;47
242;664;17
308;396;45
87;389;16
398;19;39
103;587;4
583;246;36
55;691;1
504;799;17
348;415;32
950;264;26
234;952;49
952;513;33
873;476;40
984;297;18
457;574;9
575;693;49
505;255;9
880;550;10
782;924;17
64;704;23
265;410;38
565;33;11
304;581;46
380;684;21
510;849;42
646;437;9
14;744;47
745;214;19
957;994;22
679;149;48
616;836;10
157;762;1
831;351;46
935;183;16
558;776;12
660;913;24
397;675;2
854;93;5
391;676;34
658;769;7
91;296;1
17;859;8
461;443;24
633;232;5
122;766;41
290;151;3
655;690;49
235;577;49
820;364;30
117;857;1
154;932;15
126;745;10
748;348;26
157;83;7
20;305;22
790;725;23
783;465;16
749;837;5
805;667;47
37;915;29
227;723;23
171;664;2
123;888;10
847;387;33
35;243;31
759;389;38
194;391;50
147;905;43
212;521;39
962;761;19
6;802;38
43;841;22
399;938;8
418;719;31
653;331;26
764;966;20
700;847;3
251;35;28
21;450;28
425;295;11
335;376;22
504;542;11
494;418;21
441;704;42
937;607;41
167;251;50
516;459;48
928;66;45
542;273;35
499;21;7
613;363;10
515;200;12
519;7;28
956;299;11
34;239;46
141;54;17
827;226;26
409;201;17
645;590;49
933;814;47
15;108;28
902;180;40
511;213;5
66;114;48
591;851;35
337;314;25
103;920;40
344;256;17
903;180;20
68;129;50
320;926;37
324;93;14
732;425;14
864;877;26
198;243;47
209;389;9
296;520;11
285;897;22
807;310;36
422;269;39
326;289;15
529;628;25
582;55;48
339;409;2
974;465;28
521;595;46
17;207;10
884;232;1
955;177;19
764;441;13
809;38;20
554;992;10
582;218;25
151;529;33
651;704;21
718;358;16
826;623;31
981;727;44
837;779;35
875;45;6
338;886;34
545;309;25
573;25;29
960;168;35
965;981;18
194;554;20
834;270;9
886;106;7
795;997;1
12;949;34
373;358;37
20;890;32
656;134;18
686;568;3
498;221;9
308;228;39
437;831;23
332;369;5
688;323;15
578;186;30
62;744;29
498;242;18
992;723;48
121;985;50
943;798;10
138;257;6
258;112;20
506;912;17
161;970;43
292;754;30
563;244;50
130;907;20
849;8;13
2;493;8
902;100;25
919;366;32
811;683;5
105;565;18
926;626;4
748;447;21
227;460;14
784;981;24
387;140;35
334;502;37
511;949;12
412;110;4
511;470;46
118;192;44
351;605;7
407;421;15
320;844;16
353;66;47
348;343;19
769;418;11
616;395;40
244;917;40
85;386;38
547;165;28
604;84;38
841;951;24
398;723;22
716;949;47
904;300;6
999;288;44
518;655;45
44;669;49
147;934;25
814;872;17
404;622;37
902;699;13
556;258;15
680;666;30
839;138;37
898;327;39
816;334;24
867;527;16
360;158;21
336;398;36
463;850;48
548;658;48
53;186;18
216;882;48
163;249;9
839;859;11
684;427;7
134;991;29
660;658;23
489;330;9
522;864;8
722;684;43
99;191;38
231;322;2
790;591;11
109;739;36
25;693;10
800;920;22
605;198;50
304;285;6
555;729;5
557;519;45
398;262;49
404;580;3
122;985;15
356;643;26
953;641;7
87;564;39
349;524;14
70;751;47
481;745;1
704;171;23
715;335;13
204;93;19
81;541;34
279;293;43
515;375;35
297;970;7
523;758;29
928;371;30
323;178;34
557;902;45
491;392;9
281;316;27
48;185;41
137;393;28
713;274;38
1000;369;30
242;633;46
496;970;12
169;103;31
316;944;40
836;320;14
586;509;7
190;137;45
926;475;20
232;150;5
836;187;8
558;993;39
292;381;4
836;667;21
302;263;42
192;627;42
967;346;31
604;34;37
695;710;6
986;579;9
500;449;31
853;771;35
887;64;22
356;817;43
196;282;5
579;733;3
971;336;37
28;980;30
633;117;18
205;469;8
124;71;3
700;184;9
433;323;1
554;959;14
770;965;41
790;509;32
402;303;45
373;839;36
931;857;9
864;486;25
553;653;35
970;523;26
498;383;11
387;482;4
455;763;43
564;480;16
981;889;3
110;555;41
33;997;11
239;310;13
40;701;35
168;81;17
883;139;20
936;962;43
55;198;26
898;107;9
218;718;34
684;808;44
756;214;18
468;753;5
317;768;35
245;74;24
254;601;18
31;817;40
230;682;43
360;432;38
994;493;26
872;756;50
273;559;42
900;389;24
513;956;12
589;619;12
408;606;49
669;659;6
22;275;34
560;676;35
690;213;23
830;267;47
810;909;38
569;459;43
687;698;14
676;613;36
469;120;4
801;791;39
42;612;33
207;559;26
60;673;16
777;443;42
75;639;36
867;508;4
537;595;2
97;557;27
206;445;13
732;980;14
252;682;33
157;31;32
709;104;38
704;690;38
797;486;5
195;200;37
766;92;14
398;111;14
442;594;15
336;717;9
801;794;22
636;474;39
43;588;9
913;769;37
553;928;4
445;106;23
567;951;24
781;783;38
237;372;41
25;169;23
788;875;20
984;856;43
412;400;34
238;950;7
576;317;21
435;302;29
570;24;23
916;606;43
638;963;40
648;60;2
946;208;1
983;38;35
440;504;21
99;199;31
809;41;37
212;601;23
710;197;20
346;301;3
716;811;12
566;321;41
433;720;21
509;464;13
998;484;36
406;509;19
801;535;48
249;479;9
758;255;48
266;571;34
647;58;29
159;576;11
168;296;38
158;881;12
154;24;15
261;892;28
914;58;20
200;655;43
422;231;24
629;247;16
379;561;42
647;801;16
893;432;14
269;757;50
241;214;31
584;485;3
724;404;6
88;907;10
858;903;12
289;230;25
746;175;50
271;159;30
857;423;9
42;992;1
33;255;25
653;26;44
157;975;4
275;627;34
461;729;50
405;462;29
548;72;48
758;796;30
938;745;23
537;146;39
375;262;20
250;655;49
99;596;47
850;931;36
519;41;47
121;537;20
150;948;40
958;382;33
157;169;16
567;209;22
363;366;45
778;801;40
510;158;9
919;926;28
436;788;1
868;352;36
925;827;31
44;228;30
839;546;13
908;140;11
914;653;48
41;103;11
94;487;39
728;270;1
320;133;47
293;945;22
865;371;25
2;657;49
868;943;46
495;936;17
450;31;45
399;478;20
681;678;18
434;984;34
879;846;1
510;634;26
656;437;31
614;56;2
45;174;48
154;170;28
532;987;26
770;448;30
232;811;41
269;783;34
67;939;9
185;400;25
807;880;5
418;269;3
120;94;35
169;323;49
701;427;19
767;14;48
118;239;23
450;466;44
779;492;22
196;85;27
399;250;4
689;212;1
881;425;7
443;285;1
538;721;6
265;642;6
300;658;6
53;432;9
57;780;6
251;113;19
546;44;29
653;627;23
546;67;20
578;377;11
217;404;21
645;391;16
581;2;10
910;306;10
118;194;10
395;979;37
828;241;7
427;37;35
722;351;1
583;686;15
801;134;11
28;536;33
295;716;42
466;786;14
1000;801;16
66;795;29
593;257;28
253;19;16
213;947;13
483;568;31
448;112;40
188;477;40
401;994;22
841;126;36
707;67;27
319;827;37
173;700;6
97;782;23
951;825;15
884;564;46
408;424;40
420;142;16
677;640;36
483;297;37
613;507;30
445;210;33
186;607;18
863;826;33
876;788;40
271;803;46
408;35;27
917;271;24
707;494;11
795;471;48
498;955;5
115;883;21
245;943;14
883;472;45
534;443;26
991;811;48
800;162;44
231;615;37
132;506;24
826;901;7
717;502;30
601;521;38
867;753;29
1000;324;3
640;628;43
767;890;44
59;680;42
95;872;5
23;878;36
501;157;1
317;711;20
568;515;33
630;89;15
668;517;7
743;126;3
630;447;22
368;704;3
443;477;19
221;913;8
41;83;10
202;51;21
480;371;38
474;923;13
742;461;19
81;900;28
131;795;5
213;886;24
14;354;7
819;414;17
872;816;17
207;421;25
465;897;14
371;745;28
775;725;37
664;630;11
830;767;40
742;253;10
466;961;38
754;695;10
424;612;25
746;442;11
650;640;45
446;620;10
720;138;45
886;880;44
750;190;10
427;91;39
867;470;27
243;505;24
866;398;11
597;484;14
255;936;38
505;128;14
239;713;41
171;576;4
214;69;30
439;438;10
437;425;1
706;637;25
918;444;12
674;392;18
874;949;31
534;36;14
451;710;8
567;31;42
190;415;25
767;791;16
131;336;46
651;757;48
245;752;47
392;282;40
94;922;39
702;160;29
240;405;25
18;116;50
591;746;17
807;349;16
936;898;24
16;578;28
738;691;30
146;507;37
424;444;29
773;201;41
203;1000;3
318;2;23
606;676;35
761;775;47
935;526;7
508;983;8
365;903;10
705;549;44
715;685;35
153;494;37
963;490;43
980;403;19
710;583;11
692;12;26
50;539;19
549;218;7
882;431;13
333;730;18
848;499;36
394;688;4
710;123;38
961;958;18
248;539;45
73;375;37
958;163;45
758;908;21
411;184;43
600;731;47
969;274;17
833;945;16
136;724;46
913;376;19
716;484;50
991;985;35
959;106;44
382;52;36
571;476;8
32;408;15
727;450;28
176;833;6
13;524;21
559;998;25
222;713;36
670;123;45
631;661;10
960;3;38
366;202;26
833;248;35
302;108;11
479;632;7
722;34;47
703;641;1
883;529;49
497;700;27
137;549;28
320;655;21
395;865;32
832;888;26
488;593;42
362;241;46
465;67;22
755;345;20
532;611;40
511;666;22
934;627;19
938;263;47
710;483;17
368;345;23
88;63;41
991;103;12
363;51;44
727;861;5
180;159;46
761;793;18
62;6;38
666;50;36
890;753;35
50;703;26
779;732;43
907;955;27
883;618;10
649;979;21
396;973;28
497;312;34
525;775;20
416;948;23
652;84;41
363;285;8
958;993;41
596;326;26
172;197;44
72;643;26
90;719;14
643;209;49
457;703;17
6;993;22
908;624;27
504;899;20
787;906;49
357;113;11
718;497;5
430;301;34
270;422;48
551;544;21
826;292;36
908;795;26
341;836;29
558;191;37
760;68;11
372;173;28
161;207;47
338;498;20
972;726;29
802;274;36
751;697;46
689;79;5
623;290;31
705;631;3
597;306;41
943;957;47
695;464;16
193;947;18
879;259;29
597;199;7
597;198;37
204;845;41
858;152;17
991;252;13
723;686;27
967;956;35
355;323;3
862;667;4
871;813;40
773;401;34
965;182;19
501;136;50
783;390;11
287;780;46
558;104;21
687;182;19
225;429;12
568;961;4
468;944;18
22;192;46
670;641;5
589;702;21
74;63;4
943;569;20
141;674;24
65;147;32
297;446;21
1;148;50
287;225;41
85;149;23
765;800;50
886;592;10
883;77;24
158;904;42
733;851;29
744;564;28
615;865;41

