500
12999
3000
73;92
45;55
86;78
45;1
11;81
35;10
99;26
49;32
18;42
23;61
3;11
80;62
12;48
86;19
8;54
31;80
69;7
3;38
17;44
4;26
19;84
20;15
59;33
66;88
54;98
46;64
51;99
87;33
4;36
71;47
85;59
38;6
88;81
79;13
68;87
81;7
32;67
69;40
21;32
62;44
20;64
81;7
59;62
42;1
10;15
26;86
98;51
51;34
2;16
47;27
66;27
67;80
9;47
71;54
38;86
8;17
35;36
67;37
91;59
62;31
11;78
100;63
76;14
80;26
67;98
78;48
77;99
88;60
46;68
25;32
34;21
45;72
47;70
45;83
47;63
9;79
21;15
8;67
50;97
46;88
39;49
69;29
54;44
95;72
95;66
36;58
16;93
9;6
61;46
89;71
98;94
4;17
30;19
6;53
34;28
41;80
63;72
43;53
48;5
67;72
92;42
83;32
93;83
20;94
63;49
26;60
53;46
3;48
93;74
27;33
45;82
89;32
9;58
13;84
17;39
86;64
10;98
59;15
41;26
95;62
95;53
61;98
15;74
82;77
62;9
18;3
58;48
66;50
63;81
6;23
54;21
42;80
48;79
43;74
67;79
51;72
52;39
53;98
9;44
8;24
73;62
96;35
95;89
60;55
12;8
74;28
34;12
20;75
41;22
71;45
68;82
15;78
74;59
3;47
39;48
79;97
75;86
12;54
61;62
55;7
92;2
94;93
91;75
80;51
31;9
16;72
100;82
46;100
1;22
42;21
84;3
10;56
46;62
74;43
47;70
75;94
83;37
57;34
86;47
2;54
90;93
97;40
34;75
52;32
73;94
22;84
69;93
24;36
28;20
35;31
46;30
75;79
66;48
68;33
34;31
78;32
100;11
11;8
75;15
68;76
67;12
12;61
66;97
35;66
28;66
34;92
38;73
53;48
3;47
94;100
48;8
28;67
10;21
29;64
71;55
44;61
37;17
99;67
83;80
61;82
46;90
52;48
11;60
71;71
68;42
19;90
4;97
52;45
21;89
31;89
13;33
30;63
25;87
88;74
19;97
63;52
22;26
80;82
28;31
26;60
84;41
20;72
77;35
13;19
12;89
6;6
62;5
59;46
78;47
22;47
22;17
93;48
52;60
43;79
82;13
35;49
87;24
88;16
36;34
1;97
98;7
61;11
97;34
15;34
96;46
29;49
54;67
11;5
89;74
36;58
28;18
88;8
93;19
60;96
21;77
82;99
22;54
29;64
32;97
18;90
75;34
54;8
97;40
37;52
31;94
71;23
55;55
98;86
54;6
19;36
71;80
26;52
73;89
77;94
57;53
92;19
88;65
69;40
99;19
3;25
84;90
33;42
55;20
9;47
30;61
93;26
91;8
15;26
100;54
57;76
68;71
69;89
1;61
52;94
86;73
93;91
83;45
1;56
11;44
33;19
10;52
59;48
61;37
2;63
12;92
6;70
62;15
29;71
44;88
65;21
52;69
82;20
100;7
75;72
92;52
21;42
25;95
13;5
92;82
19;31
87;22
91;73
47;48
88;47
52;1
40;65
9;100
72;46
8;95
56;22
18;99
55;27
79;6
5;69
73;20
94;80
47;14
69;92
87;90
13;39
57;47
60;79
27;78
13;2
25;99
56;66
16;13
13;79
24;97
53;81
64;26
43;68
91;75
59;83
25;94
90;4
83;88
9;57
80;98
35;80
85;22
49;5
79;4
61;58
92;96
5;60
76;65
94;53
35;45
5;50
26;79
5;49
94;83
60;42
20;24
8;3
14;12
46;42
31;33
33;63
23;39
36;30
98;72
83;28
60;99
4;62
85;66
52;24
27;95
28;59
29;81
5;57
90;13
16;6
59;23
59;76
2;95
90;96
22;64
53;4
12;11
52;46
27;99
81;15
28;42
73;58
96;73
10;100
20;76
85;55
64;36
9;27
92;62
20;85
47;28
66;16
41;12
15;78
16;41
41;19
7;39
8;2
84;11
23;37
92;55
28;23
58;16
68;25
77;41
53;57
46;41
60;19
98;86
35;51
100;77
52;40
3;74
56;91
71;27
100;99
43;61
90;29
40;76
28;34
53;97
69;44
11;70
77;42
86;29
36;7
70;30
18;46
20;79
30;5
30;71
93;60
47;38
46;18
11;79
81;49
76;28
97;91
41;4
39;93
4;69
77;92
2;24
91;48
78;90
33;21
25;64
94;2
34;70
85;84
39;26
87;11
2;71
80;17
85;59
31;87
257;452;49
112;269;5
67;227;9
460;91;10
63;454;43
459;214;33
142;127;41
482;316;1
75;172;32
22;77;7
417;273;25
337;249;27
448;453;23
249;478;8
111;215;18
303;396;37
26;73;7
425;45;8
80;424;2
441;338;32
143;116;1
19;320;25
38;129;22
30;372;37
194;244;32
428;467;9
478;160;19
146;269;41
409;44;41
353;83;47
490;172;49
331;296;27
476;229;21
482;257;12
154;64;7
489;425;38
19;443;13
74;56;37
392;270;17
407;44;16
257;134;12
217;416;15
370;233;17
339;2;42
247;13;3
53;327;9
403;212;45
358;362;8
101;328;19
489;129;44
173;45;49
285;336;44
300;430;3
376;15;6
54;193;13
320;56;38
161;381;21
406;128;3
357;474;5
376;385;36
133;342;8
128;153;27
320;415;46
409;25;45
10;381;12
233;395;18
473;433;9
183;214;46
469;101;50
487;436;28
286;67;17
413;171;48
107;46;23
436;419;43
110;112;3
440;13;36
11;272;50
167;269;17
450;9;30
230;328;45
226;312;20
206;5;36
156;317;6
43;222;49
102;67;21
65;374;29
168;34;13
185;132;4
376;203;44
266;76;19
317;110;29
368;309;36
21;205;49
343;309;9
339;110;45
298;396;5
272;468;16
229;92;40
240;35;14
157;329;43
210;76;12
427;381;13
244;339;31
193;436;18
431;460;30
139;479;1
109;228;17
437;374;49
353;111;24
434;467;31
84;176;36
50;100;27
127;378;28
299;468;25
350;9;29
352;210;3
121;107;16
422;337;23
56;155;27
387;449;49
479;201;8
194;195;19
150;116;42
97;145;44
56;223;9
245;24;37
451;189;41
369;151;40
412;447;41
397;138;38
99;411;6
63;443;40
362;264;3
260;136;9
37;277;35
335;31;40
177;353;17
233;444;18
208;7;6
457;324;46
333;34;13
354;97;17
496;425;9
459;269;44
86;253;7
134;140;8
361;11;22
66;78;11
393;345;30
247;499;40
45;97;19
464;401;33
339;267;16
121;249;10
1;488;11
399;61;17
276;350;5
454;85;40
287;439;48
395;29;32
9;101;9
98;174;46
110;355;38
265;372;28
33;356;35
231;72;6
345;173;44
455;488;39
101;296;14
455;102;37
361;7;31
480;244;30
399;44;9
206;384;13
155;143;21
365;383;13
307;158;40
355;256;8
207;277;2
367;230;39
382;342;42
448;436;16
88;175;13
281;310;50
179;305;38
45;430;49
249;346;14
454;492;46
223;174;28
53;169;45
340;316;2
36;410;36
405;395;16
211;424;46
193;469;8
239;367;22
331;313;24
65;137;6
190;485;16
116;11;35
196;101;43
372;113;8
426;58;33
267;97;40
239;354;35
224;215;8
345;391;36
380;26;27
277;183;14
483;243;20
475;289;35
307;7;16
28;410;32
192;244;34
197;274;25
210;435;6
92;16;15
139;234;11
350;290;45
435;299;41
19;177;12
268;227;2
341;473;33
92;138;2
484;156;7
489;84;3
297;363;6
174;273;2
308;179;27
424;32;8
118;218;41
88;480;36
478;36;33
449;265;29
118;18;35
425;304;10
237;228;6
211;383;21
337;440;17
496;190;32
292;22;7
54;150;8
133;433;26
252;377;25
335;457;44
341;361;21
315;366;25
179;364;22
405;171;34
178;345;11
348;484;22
213;341;24
118;230;43
282;143;22
419;493;32
82;410;31
46;272;41
36;18;47
112;207;38
385;166;1
456;82;13
202;161;17
45;66;39
53;120;50
89;254;43
121;193;33
361;34;42
498;493;14
489;286;30
211;495;34
76;463;50
140;336;25
341;182;30
343;230;29
346;339;31
460;476;21
170;123;15
146;244;17
339;306;43
303;301;50
102;302;37
150;402;29
159;328;8
28;487;42
73;220;26
439;38;34
226;49;19
91;216;37
188;183;6
254;69;8
312;187;31
25;62;13
486;262;2
53;330;7
21;213;2
196;6;48
323;198;8
137;263;26
51;101;22
26;251;47
295;56;29
420;271;37
274;395;20
29;242;48
243;440;1
315;1;25
340;21;31
470;27;21
311;11;5
247;27;32
37;486;9
459;42;19
304;458;1
288;315;21
7;42;28
89;25;15
393;252;41
31;43;30
118;321;24
87;94;43
302;125;17
462;183;8
444;441;45
309;220;25
460;190;20
447;265;17
28;331;29
444;181;46
252;112;40
169;389;12
377;101;18
442;280;27
486;189;29
110;160;33
146;261;10
379;310;49
243;370;37
117;232;8
5;481;9
462;167;32
456;271;30
477;341;1
468;79;16
251;275;9
75;34;5
424;454;1
117;155;12
350;22;18
436;246;15
318;154;46
250;224;21
470;131;18
42;319;36
134;435;17
440;272;38
37;404;26
492;219;19
402;126;22
158;250;18
290;263;41
15;493;6
132;469;30
385;289;2
473;281;24
436;462;46
333;133;33
245;136;32
342;3;24
116;342;3
246;103;1
315;41;9
381;240;25
175;121;6
234;463;1
433;25;46
51;181;33
309;250;13
141;9;15
163;493;26
342;20;43
79;113;12
100;220;1
451;15;4
76;167;8
382;316;8
206;168;29
285;335;38
393;240;6
275;469;17
4;80;14
401;325;3
251;60;23
184;435;7
166;177;23
165;29;28
439;405;24
159;255;1
341;451;24
266;149;42
77;333;1
378;215;28
201;82;2
232;64;46
242;201;49
430;81;44
411;116;4
440;315;41
379;115;17
248;350;42
472;162;6
59;433;21
426;148;5
5;2;20
445;321;8
248;293;36
224;366;21
406;441;20
159;155;36
405;132;1
165;374;48
214;96;15
400;31;49
423;74;32
237;122;21
136;169;39
288;242;15
32;460;30
112;34;23
101;260;38
490;309;34
343;228;9
253;80;40
454;58;5
127;133;44
19;489;25
189;51;23
334;297;2
372;373;39
200;282;6
38;221;26
456;187;9
148;170;6
52;356;31
148;289;16
360;190;39
137;339;7
210;87;37
223;444;23
357;332;35
265;249;7
298;410;28
118;498;48
427;299;11
17;420;2
268;149;48
288;110;41
330;148;3
258;108;28
458;112;10
357;220;36
48;260;48
8;215;17
290;107;19
259;73;15
351;218;42
219;135;9
348;402;41
290;261;36
335;391;44
201;284;5
34;457;2
1;295;39
148;436;44
270;489;5
26;244;48
274;321;47
195;410;1
484;464;21
313;132;34
341;82;22
375;47;44
359;408;27
451;300;39
319;362;12
371;211;9
177;158;34
70;255;29
422;145;39
415;466;42
451;72;3
231;264;33
1;117;11
137;49;23
247;434;18
7;33;16
96;498;30
94;375;17
194;138;5
160;178;23
230;288;11
73;200;7
174;372;28
414;217;7
216;169;26
116;234;46
341;19;26
453;402;23
459;336;33
109;397;19
234;436;7
64;233;4
274;362;50
225;334;37
129;185;29
203;256;39
29;192;9
326;172;26
475;489;27
262;180;44
357;174;31
330;46;27
3;83;14
300;440;45
209;343;40
100;413;1
95;305;26
243;328;50
275;461;19
458;485;3
59;284;21
417;21;7
240;136;41
432;128;13
36;103;20
303;477;4
87;51;19
205;371;8
298;124;16
174;427;6
116;264;43
96;222;10
499;130;21
136;281;48
357;214;17
378;299;46
132;8;22
129;53;35
42;168;38
444;478;18
395;246;32
151;227;50
230;421;31
367;216;17
327;356;10
363;227;20
229;113;37
372;153;8
138;141;47
434;125;18
75;149;43
243;295;26
65;43;10
444;155;2
53;265;48
102;470;41
285;330;36
50;189;21
109;212;25
383;69;14
459;135;5
482;124;32
251;334;47
33;281;29
276;153;46
239;384;20
472;293;11
218;259;14
132;196;40
72;93;46
452;177;20
459;316;50
169;202;39
387;324;19
83;14;35
102;144;24
45;404;47
344;20;35
498;49;16
448;411;31
482;474;11
82;390;30
489;197;20
491;359;30
203;226;41
409;396;11
138;90;35
275;91;45
199;389;49
443;323;3
289;126;29
358;414;33
43;397;37
357;388;9
67;45;46
394;256;5
217;323;44
499;372;2
448;4;12
147;290;7
463;38;50
344;460;26
476;205;5
303;76;19
278;321;1
346;55;40
314;469;29
268;440;36
258;495;16
237;452;29
386;130;40
140;438;43
159;28;30
430;248;17
294;463;3
79;103;43
24;499;46
458;113;6
80;307;25
229;69;12
137;239;4
277;226;7
362;120;23
14;20;12
136;92;41
75;146;23
293;234;29
4;51;31
24;416;35
414;319;47
185;224;26
125;282;18
193;142;25
75;224;26
102;430;33
207;271;19
448;335;21
142;408;38
193;328;35
185;192;50
307;68;9
155;367;49
194;6;27
79;191;45
89;491;2
60;80;2
426;470;2
157;134;39
79;406;35
225;452;27
449;112;45
457;444;29
243;202;41
316;372;16
329;25;17
131;249;10
491;70;1
321;341;32
114;322;44
267;365;45
355;369;22
193;318;46
374;347;23
187;383;44
448;126;2
132;421;21
314;152;21
2;404;21
24;302;35
205;195;1
335;325;31
261;480;35
422;138;49
412;114;22
331;84;42
500;60;9
271;76;6
20;232;43
17;280;36
141;49;31
416;105;41
66;11;20
238;182;41
57;422;7
138;483;42
337;60;41
245;403;17
379;155;40
307;67;11
298;212;38
442;387;31
216;140;24
472;472;29
184;11;11
224;29;4
343;112;12
228;263;8
256;432;12
105;252;7
90;444;3
419;153;49
425;106;16
396;464;26
245;478;8
198;21;6
354;229;5
404;354;49
211;402;46
455;347;37
168;22;41
404;369;45
368;213;4
496;146;36
48;274;24
329;350;42
378;113;17
414;415;37
492;286;16
1;484;18
144;217;37
137;298;18
322;144;24
258;49;11
421;475;7
233;301;37
154;366;39
34;232;9
470;64;14
68;357;6
476;434;8
287;498;1
426;340;7
319;153;33
42;12;22
210;176;12
204;220;7
359;199;29
405;388;14
407;116;31
271;204;43
141;454;22
83;444;11
184;289;20
250;229;7
70;181;36
353;325;3
66;262;20
443;352;35
341;374;38
383;248;29
41;183;17
166;310;1
347;23;40
196;19;36
375;342;17
68;337;44
170;342;17
33;374;13
489;352;48
70;179;6
214;204;2
350;44;44
214;223;5
271;238;8
273;351;16
135;463;30
496;369;30
337;191;27
277;14;32
373;46;44
229;195;4
156;432;35
136;75;42
345;389;40
83;192;36
303;474;6
164;283;17
11;131;36
229;46;8
440;356;10
333;182;41
260;352;16
343;191;22
434;306;49
221;157;1
26;108;40
280;110;46
145;86;15
7;430;41
325;352;2
59;381;3
494;437;40
335;424;47
382;189;39
287;310;26
19;54;20
410;424;35
476;44;42
473;389;44
430;180;37
221;368;39
31;313;36
217;104;44
25;225;24
189;408;41
337;363;21
4;430;26
385;464;50
275;180;26
360;76;36
157;396;50
41;484;15
106;354;4
399;407;15
438;162;39
83;355;46
466;150;11
430;464;15
74;30;38
402;330;26
335;53;30
164;293;27
93;323;43
42;286;25
295;97;32
148;210;1
357;152;24
100;276;36
213;258;20
408;161;24
137;297;33
290;94;6
99;86;30
277;32;2
100;446;31
396;136;34
487;376;13
64;389;23
63;284;35
186;226;38
107;388;1
362;253;27
495;461;35
477;496;30
187;77;11
486;423;14
453;435;8
484;132;17
497;418;10
205;86;25
37;54;31
286;55;27
353;267;12
76;158;36
423;393;19
234;295;11
244;245;6
118;12;14
211;265;34
386;31;34
431;474;37
488;141;49
78;331;13
79;111;17
481;8;31
457;258;19
219;451;29
342;84;44
245;230;43
8;160;28
45;237;13
184;347;14
312;217;48
2;147;19
77;384;22
184;199;22
393;197;12
91;402;40
297;78;50
141;352;10
324;498;11
276;85;39
483;180;40
48;313;20
178;83;25
231;182;48
215;403;37
292;133;38
46;74;25
451;59;11
491;104;17
70;331;22
134;309;10
330;362;44
133;73;3
453;41;9
69;176;10
373;476;10
119;488;10
455;362;8
201;83;8
256;199;23
55;21;6
433;440;50
49;165;17
495;398;38
401;196;35
169;240;45
200;181;17
353;399;17
2;241;5
179;266;19
229;161;36
420;4;13
76;322;21
443;301;36
487;296;46
54;115;13
144;183;10
24;444;50
214;107;33
231;93;50
22;200;37
492;72;40
52;113;23
211;334;38
202;300;45
145;438;5
423;477;37
108;171;31
36;190;10
306;5;20
107;453;19
201;349;33
74;54;4
16;428;5
55;240;49
390;233;6
225;344;11
475;213;50
337;148;50
221;65;24
488;100;40
84;446;15
82;346;40
480;390;33
132;295;42
116;26;24
349;496;12
429;234;19
298;283;32
260;132;4
65;7;48
391;237;6
90;439;20
249;464;11
470;362;30
48;322;12
136;341;20
239;407;25
53;82;8
5;231;14
489;104;43
385;69;19
412;182;28
205;290;19
80;259;30
420;115;33
481;186;9
99;373;32
145;201;30
310;43;19
267;425;3
429;494;48
7;35;39
449;147;9
130;478;44
410;76;14
26;283;17
5;429;38
16;34;37
44;85;41
267;193;32
295;261;46
241;375;27
343;87;7
312;377;50
188;114;10
372;271;22
460;255;19
192;408;21
150;228;41
253;119;44
309;253;1
140;428;13
206;307;22
195;283;6
463;183;12
465;436;38
336;168;47
498;4;39
305;221;50
212;86;18
20;273;25
159;406;45
187;309;8
208;185;45
426;10;4
496;140;33
144;265;5
343;418;26
229;132;7
87;325;18
40;209;27
477;153;24
232;142;31
179;401;38
207;120;18
488;488;23
422;167;38
73;29;5
311;259;32
488;49;37
80;284;25
269;197;42
440;117;48
319;314;23
149;386;26
97;12;17
31;410;41
463;283;19
474;289;37
360;41;10
260;474;7
487;431;3
296;315;50
492;85;25
410;402;5
454;271;46
295;455;35
186;308;19
78;282;21
363;396;43
289;482;22
175;406;34
339;320;27
72;137;30
3;113;11
106;56;37
49;73;7
478;418;35
338;149;50
17;172;28
467;379;38
107;93;1
339;387;6
65;478;21
211;448;32
325;86;43
5;185;11
293;500;24
352;305;25
388;472;27
126;330;40
54;495;12
50;40;9
51;301;32
275;404;7
90;249;17
133;352;33
112;358;23
307;315;38
61;470;11
358;325;50
252;303;37
23;122;2
419;249;11
98;30;14
276;360;34
194;429;50
8;482;28
301;249;8
248;123;39
138;413;25
130;212;30
42;27;7
273;105;21
82;249;21
21;260;37
299;48;40
98;59;1
496;410;25
193;154;42
215;425;9
103;66;8
364;378;13
137;225;48
241;489;4
279;32;32
456;453;39
455;498;5
386;466;13
413;182;31
338;293;33
357;182;39
264;406;41
483;440;49
331;460;15
443;252;42
297;222;6
278;104;3
94;240;5
303;82;8
102;243;4
409;158;25
270;94;30
266;77;39
259;448;12
76;241;40
213;112;42
196;396;34
429;28;2
361;46;4
182;243;8
96;462;46
164;265;23
251;331;48
406;242;34
402;483;31
436;490;4
48;399;37
498;321;50
190;341;20
44;458;29
314;245;38
381;16;47
330;157;18
124;138;22
268;404;1
53;183;6
315;33;32
380;202;6
207;108;1
433;181;33
325;299;45
452;75;47
73;244;20
254;289;1
196;271;26
129;380;15
494;4;31
205;66;1
55;386;7
317;358;14
218;315;14
316;481;5
264;334;24
500;346;45
243;404;50
440;122;2
198;84;13
441;294;39
429;376;4
17;270;37
139;295;30
314;321;5
207;434;1
467;436;48
3;101;8
102;79;49
430;112;43
435;474;42
175;223;47
363;362;32
369;20;27
107;131;30
237;365;49
281;379;13
120;127;50
364;342;37
285;104;47
396;272;2
492;228;14
385;297;25
334;145;23
430;23;7
128;240;3
283;216;44
330;248;26
354;460;49
313;439;13
316;278;9
300;421;17
318;493;33
94;186;7
422;5;11
159;447;16
147;183;11
216;131;15
53;162;7
133;339;43
437;387;30
500;436;39
67;308;42
326;380;11
123;415;16
8;479;18
232;93;18
13;385;41
286;227;30
286;74;2
344;19;2
101;27;31
119;260;26
56;158;15
494;477;27
361;142;31
417;132;4
72;101;15
230;46;20
389;233;15
123;28;46
170;266;10
194;119;30
51;229;8
393;343;26
156;214;30
41;275;29
307;202;4
307;382;27
31;32;49
214;148;48
47;151;1
211;136;6
4;216;26
474;379;27
123;479;38
360;483;3
153;18;3
240;475;26
416;486;23
456;24;10
399;399;1
459;407;12
132;274;32
151;64;26
289;12;28
338;299;1
178;162;39
313;357;17
403;34;19
193;33;2
305;349;48
381;365;2
425;58;33
127;481;36
286;441;47
281;366;20
495;89;1
240;494;48
263;68;34
326;203;4
90;430;3
153;412;20
202;228;20
71;211;22
389;248;2
7;93;11
360;231;9
206;108;17
474;167;31
346;404;37
272;236;27
461;13;43
219;264;31
465;197;38
485;177;26
204;341;14
373;256;10
240;109;32
223;403;49
95;149;46
385;357;3
37;229;27
81;484;13
95;318;37
350;479;50
177;123;27
136;253;23
222;105;31
451;291;41
60;353;9
440;363;10
344;471;50
218;39;25
219;68;49
345;476;12
431;371;2
110;474;30
491;417;26
276;447;19
247;343;46
306;295;33
86;199;30
296;165;9
230;404;5
238;312;46
282;312;37
332;183;23
9;455;10
224;285;36
206;181;22
131;261;3
260;313;34
308;268;4
213;105;12
227;273;46
45;358;22
145;129;48
478;265;46
191;298;10
345;30;33
340;22;41
394;436;12
300;464;36
277;257;46
219;220;5
260;391;28
103;380;6
467;94;22
259;389;8
144;272;41
210;108;12
377;459;39
178;57;25
183;355;31
37;201;13
354;480;48
469;45;39
36;402;49
332;477;23
365;92;12
105;341;36
99;309;50
7;129;30
286;382;19
274;190;28
297;126;15
319;373;9
493;415;41
151;276;17
62;299;24
438;271;35
143;291;30
476;451;8
340;207;3
193;421;1
88;100;39
116;468;46
217;243;21
320;326;28
464;292;43
117;274;48
444;58;22
150;432;39
318;342;47
235;394;7
161;114;25
458;456;29
458;190;35
83;372;18
91;408;5
388;411;50
41;368;48
240;291;24
285;278;7
120;1;6
49;402;40
353;403;14
361;21;46
462;240;46
403;461;47
444;347;37
146;356;40
464;278;5
162;42;38
56;145;21
124;167;29
452;476;41
221;319;33
375;109;13
38;121;28
145;369;27
77;153;12
218;462;36
384;17;5
296;371;20
461;178;15
384;92;37
328;234;27
246;209;45
83;115;25
154;164;28
499;330;19
425;349;12
8;166;5
197;422;42
437;476;21
229;205;4
387;214;40
479;38;13
157;286;6
204;258;45
47;293;22
68;161;15
470;250;1
364;160;47
15;472;32
114;374;48
60;46;12
186;58;31
408;10;28
24;26;17
51;126;47
323;145;48
403;147;2
439;209;41
3;137;26
277;356;36
472;132;39
427;127;7
160;284;47
53;439;6
479;79;44
133;122;31
193;12;45
323;345;5
289;306;48
442;171;14
101;200;4
195;193;29
39;277;36
440;264;12
334;379;28
290;35;44
92;372;18
145;436;45
214;479;32
317;370;33
29;31;41
272;224;2
127;498;2
203;57;3
23;317;31
116;137;18
495;279;6
290;360;7
304;461;12
377;407;6
9;225;18
360;221;30
282;344;39
427;172;18
48;473;49
319;151;22
102;28;41
186;250;42
286;101;17
374;64;7
133;487;13
328;280;22
119;281;41
97;385;41
377;334;9
126;160;45
212;102;5
440;344;27
387;236;26
393;415;44
447;141;46
200;222;5
416;392;12
132;149;28
367;88;13
103;236;36
11;299;32
251;339;38
494;359;20
229;284;18
410;353;46
71;223;47
302;35;4
484;240;23
13;143;2
81;431;41
121;179;10
260;93;50
307;163;16
296;70;34
287;16;45
319;149;11
223;339;34
355;19;11
477;404;18
362;131;32
443;180;25
31;184;37
222;1;43
79;221;12
341;90;39
405;20;25
4;125;31
357;268;44
202;62;6
95;355;38
298;416;48
37;353;3
9;194;10
465;338;6
196;278;23
350;342;11
390;401;2
455;445;31
135;88;44
206;30;40
349;236;13
327;331;38
441;394;50
308;239;50
384;364;36
256;112;50
21;93;24
130;318;48
44;454;12
447;380;35
260;51;34
138;321;24
319;201;28
341;68;15
202;134;26
372;266;30
282;182;23
302;471;17
262;429;3
176;346;44
26;301;10
244;331;20
248;126;48
17;54;1
403;377;9
377;246;33
406;148;18
424;384;49
125;95;26
304;275;43
316;453;5
168;54;15
236;335;27
440;113;16
58;147;24
435;427;15
446;272;9
374;41;5
69;87;31
183;407;28
198;227;35
252;279;9
405;246;34
403;26;27
392;337;44
147;364;15
226;376;16
328;345;37
109;385;11
154;495;35
249;141;36
76;202;35
206;280;25
394;400;39
378;119;10
336;146;17
97;450;30
445;188;21
224;275;28
491;400;28
455;439;24
151;334;8
493;239;19
452;188;48
149;409;18
405;136;33
134;196;6
178;342;43
66;441;42
141;274;48
311;438;2
492;437;3
70;129;25
83;143;4
268;4;46
287;317;41
198;47;27
309;358;23
195;3;46
75;337;12
499;72;25
28;86;43
305;386;22
265;429;43
394;196;43
228;280;1
295;185;30
462;119;21
151;83;28
355;158;4
103;383;45
440;271;31
328;283;32
438;324;2
348;229;33
169;96;50
204;353;36
77;118;41
183;449;49
17;107;45
44;166;44
2;48;25
356;428;7
65;370;14
405;49;41
485;91;35
308;173;8
408;68;9
70;237;40
114;301;23
122;112;23
365;326;49
473;118;44
271;73;18
100;332;10
361;194;13
351;171;28
215;427;28
62;244;8
112;297;30
317;483;28
374;37;15
283;36;28
90;117;7
147;136;7
133;283;18
497;267;48
61;140;27
126;162;43
426;195;35
119;322;5
247;205;49
216;120;36
461;449;27
386;52;25
434;405;46
388;432;20
93;283;19
276;397;36
150;453;27
499;169;22
393;477;21
157;143;39
97;339;31
191;183;29
115;304;42
175;180;8
307;175;49
427;251;7
299;157;36
250;95;10
179;161;1
264;457;3
170;281;19
38;114;30
411;177;20
371;270;24
354;491;17
373;135;46
92;266;14
484;379;33
47;119;20
53;114;38
89;455;31
23;452;16
244;22;25
394;194;31
293;160;42
197;451;11
331;183;14
488;303;2
88;394;9
322;469;19
83;469;23
317;127;36
327;396;34
331;187;44
404;331;5
94;475;34
29;446;3
279;454;50
229;449;21
253;342;5
195;192;18
66;76;2
119;81;47
246;282;6
231;331;17
465;70;21
332;34;11
259;324;10
404;320;23
35;160;48
28;185;40
104;106;17
108;241;28
96;477;6
376;309;42
250;447;27
249;61;11
44;84;23
277;465;28
67;418;8
462;313;39
494;385;21
453;60;21
2;87;22
135;289;40
86;321;6
357;67;34
261;327;50
64;316;35
267;361;9
188;413;45
389;182;36
434;208;42
310;238;31
347;365;43
383;412;41
210;466;26
134;247;49
361;31;30
473;191;13
383;221;12
226;110;2
357;145;33
381;177;19
120;276;9
221;377;22
450;58;46
390;354;29
438;374;17
447;129;5
436;313;8
189;230;43
480;402;32
460;350;14
430;388;7
46;173;33
192;60;31
317;319;39
420;133;47
388;439;41
218;190;26
354;144;11
188;299;6
285;105;6
43;258;38
334;161;38
82;164;20
234;424;49
281;66;39
316;90;32
435;28;16
110;431;2
201;250;43
85;272;5
350;97;38
314;276;17
495;438;50
159;63;31
89;165;8
414;134;48
376;295;43
335;116;46
296;229;38
419;272;33
354;414;9
287;133;34
300;318;10
471;342;10
286;228;48
347;213;29
67;121;25
484;436;38
65;166;39
392;259;1
293;278;1
364;285;32
65;118;14
71;377;12
384;248;44
169;167;36
298;99;4
8;253;3
56;240;20
407;188;26
110;171;47
236;113;9
163;274;47
474;448;47
232;246;5
238;483;43
180;146;39
172;358;46
343;330;19
50;367;15
92;150;14
387;47;14
260;114;17
292;422;18
103;326;18
208;182;10
469;306;38
12;454;42
331;173;7
279;467;9
296;255;31
138;163;21
440;174;23
329;346;49
470;20;34
446;412;29
299;403;48
307;174;12
118;387;17
461;227;36
49;273;16
248;208;24
337;346;18
460;97;16
419;345;39
77;135;3
191;398;35
130;106;7
352;68;47
62;65;33
456;39;26
21;313;49
67;160;33
385;20;28
298;347;47
221;341;37
216;207;25
339;43;1
84;185;25
389;241;26
263;249;29
91;151;43
125;166;49
15;158;47
332;427;44
71;30;18
381;90;45
335;4;7
201;444;25
479;276;36
148;125;29
117;13;44
337;198;18
368;9;46
462;173;46
320;234;4
477;202;35
309;383;23
400;444;4
304;428;32
470;17;33
386;481;23
282;491;4
296;246;45
500;71;8
478;465;21
284;65;34
444;371;49
142;179;12
288;147;48
7;338;9
324;114;41
315;474;28
382;359;9
228;473;9
225;83;35
323;436;14
456;465;11
56;446;35
355;193;37
111;44;41
472;412;22
225;241;30
281;333;16
224;199;47
196;456;47
433;71;27
214;139;2
142;61;27
174;193;40
18;239;49
93;271;8
203;477;29
116;182;1
17;129;1
294;167;48
466;95;43
143;238;40
55;295;5
316;24;14
341;157;23
454;215;3
165;109;11
27;46;11
4;5;3
316;349;1
387;371;16
140;18;35
267;218;42
226;459;13
294;314;20
328;92;26
48;138;50
236;393;3
117;220;25
17;282;20
234;181;38
367;197;36
218;130;1
460;456;44
394;1;22
108;24;44
117;203;42
332;385;42
401;332;4
217;291;26
236;482;39
377;75;22
378;267;12
104;156;29
178;81;17
314;459;5
498;365;2
325;19;17
143;118;36
8;277;8
345;420;18
205;411;31
382;140;25
431;255;48
100;313;16
169;179;32
151;107;36
3;132;10
317;371;16
249;449;15
102;333;17
348;388;46
16;210;49
317;255;36
189;152;14
312;218;16
317;230;43
255;88;9
306;12;46
474;119;36
14;98;7
60;145;33
145;230;10
128;14;7
67;344;17
281;369;27
265;432;50
145;302;11
127;175;16
473;259;36
281;80;3
77;353;15
180;287;38
248;192;19
100;288;12
82;422;3
276;13;43
307;254;13
302;316;15
292;302;39
470;495;44
64;348;44
118;40;21
75;398;21
420;364;27
71;199;25
53;469;23
388;349;35
158;45;34
334;193;39
200;435;20
366;117;17
329;220;13
217;20;17
414;92;46
306;101;10
342;425;35
381;135;36
309;351;25
322;35;2
358;63;4
95;490;27
263;20;25
344;236;46
30;41;30
454;116;37
233;300;26
306;118;16
200;131;39
2;151;8
73;3;12
283;249;8
499;141;48
41;424;20
273;357;18
341;330;43
360;161;47
324;428;34
460;199;32
366;227;2
125;362;19
278;163;4
219;155;34
285;491;5
446;232;35
105;467;11
389;342;22
273;303;48
211;483;4
373;313;24
141;42;11
112;268;38
130;300;16
174;77;47
353;214;39
131;422;10
102;359;27
211;484;33
50;403;4
151;241;19
341;277;20
98;184;38
394;402;13
297;485;20
339;85;30
31;118;1
314;393;50
430;378;37
99;290;34
280;76;41
148;372;28
373;435;5
352;220;10
219;162;35
28;240;33
466;305;26
357;27;1
338;419;11
492;226;45
412;205;39
429;229;32
433;259;37
30;217;33
84;259;6
159;116;27
394;343;43
435;230;32
441;110;2
422;104;16
3;246;49
306;310;4
456;393;41
134;184;50
425;198;22
262;238;6
212;459;4
62;180;38
500;99;35
357;407;14
377;424;23
339;136;45
34;85;29
376;334;27
129;63;45
393;115;23
483;190;42
318;199;7
126;394;6
291;216;12
480;37;15
47;430;16
273;500;9
309;393;47
435;353;3
102;261;2
469;54;32
436;26;24
145;164;29
1;264;10
123;477;15
130;24;43
365;179;23
94;247;32
110;277;33
81;136;45
329;303;18
173;318;34
254;38;50
182;190;4
403;75;29
212;229;9
267;81;29
186;475;11
379;98;47
373;58;17
92;456;21
451;8;40
38;426;36
464;65;28
270;99;43
193;437;24
269;423;22
301;347;39
23;292;37
144;68;12
400;69;18
25;438;34
97;394;38
259;351;33
159;7;7
5;308;10
257;90;23
367;129;31
312;112;16
280;304;46
132;338;46
333;124;26
47;389;33
29;451;36
425;234;17
386;499;22
183;2;11
436;388;26
43;179;46
24;187;39
329;283;18
363;238;7
215;315;34
430;351;27
223;59;9
265;215;38
179;196;43
238;47;40
179;47;28
44;374;32
431;91;9
384;314;18
101;226;24
213;69;16
123;365;35
16;212;33
412;308;43
155;298;8
279;200;2
139;216;13
95;434;36
45;285;7
357;439;8
188;79;5
406;457;31
448;449;3
35;498;5
94;7;22
128;12;9
107;181;7
65;449;38
125;79;26
350;363;43
428;75;22
478;307;33
254;365;13
393;268;46
99;35;37
57;122;24
330;50;11
239;334;39
252;124;15
211;429;45
249;137;44
231;53;28
255;489;7
152;62;3
250;239;38
234;393;50
382;109;8
118;203;40
112;500;27
482;66;35
486;124;5
366;208;18
324;154;11
450;360;10
398;386;16
59;247;25
183;386;19
479;373;34
86;230;25
369;428;38
307;152;20
313;488;32
187;433;3
407;448;16
362;429;50
251;494;18
257;153;15
218;369;7
454;152;20
474;192;2
94;349;37
162;400;48
227;114;36
15;275;14
342;75;41
79;291;30
215;60;34
343;121;42
377;124;27
396;50;20
258;430;11
126;188;5
256;133;49
154;72;14
331;206;11
7;289;12
100;242;42
408;218;14
110;335;46
266;479;13
188;36;37
325;365;19
491;256;3
446;150;11
150;352;49
373;371;35
343;134;25
28;351;44
233;439;24
341;29;8
79;353;27
341;298;35
351;6;27
160;59;23
70;395;35
448;268;42
442;251;1
123;351;16
265;34;9
278;279;15
377;146;50
208;271;26
494;44;12
230;307;34
205;402;28
488;199;47
1;255;29
34;155;15
490;80;37
71;24;39
52;495;5
133;2;13
481;289;34
296;440;46
297;196;19
232;40;18
323;129;3
455;278;18
38;440;8
479;432;30
392;448;43
231;290;50
56;185;40
308;124;37
389;360;25
99;338;39
18;489;34
498;367;15
419;269;18
276;415;6
158;186;32
137;308;29
490;288;49
307;60;27
318;146;23
287;177;35
183;477;45
365;348;11
177;41;4
284;359;49
475;165;38
384;244;20
188;361;18
158;69;44
161;431;48
3;233;48
140;195;32
123;214;38
18;35;43
310;99;5
494;99;47
288;49;29
400;151;19
183;99;24
463;411;26
275;233;23
328;431;2
377;45;44
378;382;32
198;482;32
142;169;43
202;443;48
151;132;37
199;155;33
307;358;46
37;335;21
437;258;28
396;29;44
341;488;30
367;236;13
353;351;2
172;8;7
264;312;5
75;489;40
450;169;45
364;206;8
432;209;24
420;343;46
142;27;20
375;361;13
57;95;21
406;197;32
212;452;3
384;367;24
55;18;11
230;409;19
438;465;34
283;392;1
6;12;22
264;163;4
65;272;1
394;271;35
44;220;45
432;261;46
449;111;31
422;258;6
280;42;35
130;258;42
259;289;38
437;263;25
139;286;7
225;259;29
5;382;43
255;89;29
19;204;24
405;319;34
395;27;39
449;491;17
433;70;37
460;177;13
10;32;23
259;264;37
479;478;39
51;180;49
7;227;1
238;35;26
95;273;18
225;345;26
5;238;31
297;44;38
403;334;31
455;260;24
174;284;39
295;46;35
313;341;40
52;181;20
108;192;42
362;156;4
126;385;29
41;438;47
174;195;48
335;225;50
441;262;20
417;95;50
169;438;17
89;452;46
99;149;9
113;413;27
81;88;18
30;220;16
10;76;12
69;443;39
232;440;46
175;409;7
16;56;34
482;184;30
117;354;36
500;439;3
245;148;23
417;318;5
178;120;30
432;197;11
36;119;7
303;314;33
90;77;1
258;69;36
291;267;9
228;476;28
368;249;23
500;275;47
416;275;41
20;149;20
86;1;40
169;134;31
406;24;49
9;273;32
225;196;29
405;52;42
413;328;39
258;330;48
153;11;32
438;227;21
21;164;12
103;160;42
338;277;45
113;6;10
428;105;23
155;200;16
94;62;22
2;237;44
268;214;10
112;142;10
15;72;50
381;279;30
198;317;29
470;478;12
401;139;13
327;274;49
481;264;19
276;48;2
93;234;11
297;237;16
123;142;29
195;429;5
444;171;6
140;324;18
450;383;26
369;79;3
347;318;13
153;313;33
193;409;20
270;444;18
28;456;50
399;62;49
89;169;39
464;410;8
361;395;16
420;355;17
10;158;49
262;475;27
418;419;37
221;245;27
391;140;31
247;112;35
484;52;42
275;74;19
270;106;32
175;229;19
46;197;4
215;317;31
448;207;46
65;421;44
413;102;22
315;52;15
74;450;35
455;53;42
274;58;36
348;443;28
48;371;6
322;363;47
483;321;50
257;6;34
342;270;47
151;160;28
278;297;37
208;97;27
277;391;31
293;115;27
107;491;23
392;212;35
39;72;48
313;200;24
66;382;41
49;172;30
137;46;26
295;218;35
468;425;2
272;379;24
32;494;19
166;436;30
374;130;29
216;36;34
313;162;38
16;311;18
80;264;46
343;33;39
383;25;13
352;276;45
43;249;12
11;498;25
216;95;31
338;436;14
115;380;7
31;222;49
300;478;14
332;323;4
10;62;43
498;268;42
87;383;7
443;143;3
131;365;48
107;294;22
378;298;30
253;146;49
164;108;25
170;440;28
416;13;9
342;445;5
146;312;49
180;252;26
441;440;26
278;260;34
156;412;28
301;158;39
244;174;47
49;220;11
500;66;27
267;251;16
391;273;31
337;479;28
317;278;35
427;79;35
64;355;7
397;134;5
261;170;32
240;172;9
275;48;32
356;400;18
383;165;10
151;49;31
482;225;31
401;92;11
253;125;47
58;316;46
240;283;50
425;475;15
65;86;46
470;497;45
135;329;48
91;187;46
129;25;45
73;132;42
352;419;31
47;394;43
225;343;5
395;261;5
187;38;34
55;450;29
175;341;30
365;333;44
269;60;38
8;54;1
275;470;13
154;301;42
26;86;11
61;228;37
488;399;13
295;438;22
168;98;40
50;293;10
353;376;22
247;120;28
333;224;30
181;340;50
2;203;34
163;250;42
300;34;10
192;358;7
247;174;12
227;333;44
445;348;26
199;79;44
199;194;4
477;62;25
53;107;21
126;91;31
312;167;14
309;79;47
209;219;49
346;295;30
39;64;16
75;313;1
177;320;49
358;167;9
122;22;42
487;379;47
461;226;46
439;136;50
322;495;34
277;421;30
421;158;46
460;265;29
369;208;38
112;388;7
103;474;32
161;471;19
438;237;12
195;473;46
44;114;26
195;298;4
35;378;34
16;183;44
468;219;1
470;410;10
165;418;45
61;207;28
202;352;29
166;262;17
18;120;14
92;130;2
18;73;34
463;463;3
168;473;28
75;181;35
431;437;42
438;363;14
17;57;16
164;228;3
420;8;12
153;387;6
267;256;2
139;40;39
421;201;44
52;146;24
177;205;28
413;468;28
295;251;46
34;132;2
411;58;28
195;63;48
470;258;44
274;435;34
55;206;47
97;422;30
320;10;11
299;186;22
402;200;24
252;404;41
71;8;49
387;276;4
455;221;33
15;267;34
150;292;46
120;248;46
271;28;27
469;237;25
229;108;1
10;147;17
288;63;1
158;486;27
479;303;20
457;453;15
126;411;18
413;394;20
249;496;12
382;244;25
317;292;5
385;287;32
118;449;20
168;193;20
118;105;24
41;231;43
442;17;26
328;235;21
96;391;18
360;46;24
228;190;17
462;467;33
303;164;45
348;364;49
486;306;28
319;61;44
331;197;12
105;240;26
337;204;10
230;408;29
265;315;30
221;289;30
329;496;26
385;338;39
28;218;2
48;336;40
184;145;30
162;278;9
283;27;29
187;448;26
278;24;47
372;252;35
420;344;32
274;54;19
268;359;13
487;276;3
242;286;49
247;292;9
73;298;38
289;301;23
16;87;23
357;185;11
344;117;19
410;100;28
188;323;1
310;420;1
232;31;17
487;184;26
223;381;36
401;333;2
291;431;46
491;462;28
50;106;26
206;454;33
75;464;31
68;330;8
304;1;14
180;487;12
84;419;26
396;368;42
356;389;14
372;166;1
297;12;6
344;332;3
460;157;32
70;213;45
201;491;24
153;90;36
349;411;50
367;250;12
85;267;38
340;470;39
404;248;31
493;375;2
460;435;9
453;155;11
213;358;22
466;398;9
12;208;26
30;299;41
404;500;32
295;201;46
327;419;50
30;84;19
114;134;34
175;292;32
18;412;14
116;208;49
232;238;17
441;279;19
451;411;18
287;221;11
263;111;14
333;252;8
185;49;28
178;148;35
154;473;1
333;247;19
206;337;34
439;261;23
73;448;10
152;257;19
43;388;33
274;247;39
485;404;5
476;199;35
264;269;38
89;14;13
281;84;44
353;68;37
98;282;7
206;124;1
366;43;40
465;397;2
414;106;33
43;64;40
102;491;11
361;406;3
318;151;44
111;69;3
403;315;50
354;292;14
94;32;15
102;438;49
400;136;27
195;288;12
452;53;46
274;264;7
259;96;31
124;122;35
472;360;22
250;179;35
63;438;34
209;442;6
252;357;22
133;217;2
65;242;9
378;268;6
160;187;46
284;392;22
238;253;16
435;466;11
370;318;31
336;287;33
472;86;48
21;25;31
261;270;13
138;112;49
247;212;23
235;441;4
56;85;15
269;142;16
135;339;49
66;250;50
134;116;38
203;438;22
296;61;26
83;207;48
129;328;19
493;200;3
341;238;7
196;261;28
80;376;8
145;261;47
82;261;17
91;186;38
226;88;49
129;43;21
92;363;29
260;24;25
392;93;5
385;121;19
88;314;47
421;18;34
87;231;29
179;336;49
121;62;14
191;482;4
256;136;46
15;311;14
51;451;44
500;413;20
433;243;22
422;300;7
289;255;30
172;303;5
146;426;24
32;404;26
297;468;6
275;115;37
304;438;4
206;245;42
168;458;45
315;219;48
421;136;36
119;91;29
409;75;35
11;413;23
133;128;29
463;148;4
112;497;16
372;399;2
362;6;15
281;166;36
428;9;49
336;484;5
184;217;16
422;20;39
445;182;33
127;116;13
399;205;20
318;8;49
36;212;4
353;253;50
66;497;40
7;316;11
285;162;36
70;149;28
492;282;31
70;126;3
220;236;2
380;382;42
414;303;43
94;219;25
372;118;11
413;332;6
273;145;22
325;234;45
4;14;30
458;399;46
374;358;36
144;223;12
160;243;17
116;5;28
364;456;38
344;432;49
181;33;33
353;222;20
120;483;49
205;140;35
341;464;33
70;434;11
469;116;42
449;339;9
209;316;30
119;437;4
170;332;23
157;427;18
457;42;7
276;385;30
257;177;29
373;335;11
459;121;4
76;16;23
363;386;19
301;342;26
79;251;10
297;33;14
323;415;45
79;140;13
190;470;25
326;130;35
230;291;11
202;175;13
202;100;42
96;426;10
136;138;38
322;425;4
232;15;16
301;93;50
253;157;48
192;142;8
152;179;42
451;437;27
174;270;24
463;14;18
490;393;50
266;476;14
350;291;42
304;361;31
316;43;6
34;483;19
387;225;2
31;479;39
491;96;35
18;417;15
26;94;12
476;315;14
80;154;37

