1000
24614
6000
15;32
26;52
50;45
69;100
92;41
75;99
16;50
75;93
72;50
24;57
30;48
58;76
23;6
90;19
13;89
75;66
47;14
13;99
88;14
91;10
41;50
50;71
41;37
32;41
9;90
3;74
69;62
49;81
76;3
97;51
55;24
33;40
5;38
85;34
24;43
45;60
8;9
22;24
21;5
89;97
52;95
31;64
23;31
27;87
29;18
23;87
73;91
3;63
26;39
24;89
73;68
95;23
65;23
34;66
71;11
80;5
53;75
54;25
24;10
47;86
98;37
44;21
39;57
29;28
85;35
71;80
7;82
10;54
71;13
28;22
75;66
89;96
9;43
34;92
43;55
77;85
11;13
19;63
89;10
5;91
43;45
21;36
74;44
93;35
18;93
86;42
80;11
26;67
84;55
12;21
10;79
98;25
14;38
21;71
72;67
97;35
43;56
56;27
46;75
28;75
95;24
1;80
76;97
21;22
69;19
72;68
36;66
41;86
90;69
30;75
58;7
4;65
55;74
14;19
47;70
96;57
6;62
9;71
78;60
38;32
44;23
54;22
73;59
38;51
1;16
74;26
48;74
42;5
87;49
92;67
25;42
84;78
2;87
46;43
30;65
55;34
75;75
29;61
85;42
13;77
47;15
45;72
39;33
20;74
100;74
46;79
100;21
92;2
32;35
67;80
60;79
34;91
47;78
7;47
84;95
99;28
25;24
98;62
17;12
61;85
57;50
12;91
92;54
32;89
39;94
93;7
20;34
90;13
18;66
2;63
58;47
67;31
66;82
30;70
52;89
81;49
63;91
41;40
93;90
57;14
36;15
20;82
70;55
3;77
20;2
10;49
95;14
69;19
55;21
89;66
78;14
29;3
30;90
90;4
59;80
86;33
66;40
100;71
90;74
38;6
44;65
65;45
92;51
74;72
52;72
74;41
97;43
95;11
57;50
87;5
90;13
31;96
66;43
84;13
100;77
42;6
95;88
5;99
79;74
93;81
20;28
47;23
7;75
70;25
64;25
36;50
98;99
92;25
43;74
98;16
44;22
59;42
49;80
99;20
21;43
50;7
44;62
98;72
18;74
59;16
40;42
16;11
59;13
18;21
50;31
28;24
38;45
85;5
40;51
7;22
70;79
49;29
43;72
32;96
28;53
67;85
81;16
69;40
26;72
36;79
94;83
67;26
94;77
61;93
59;78
1;71
70;38
55;68
53;67
77;96
43;63
43;19
38;49
57;49
9;63
38;60
36;70
58;4
32;22
78;31
24;25
73;70
54;91
71;64
80;67
48;42
10;65
15;39
76;95
85;11
65;31
1;8
20;4
15;36
40;81
65;22
59;32
18;43
76;18
61;21
21;24
19;20
32;54
17;1
34;28
88;92
75;43
44;46
85;41
4;5
18;25
84;24
61;42
45;26
1;64
58;6
75;34
88;17
19;14
43;21
37;14
72;30
5;23
39;67
35;53
66;39
3;39
73;70
46;73
42;88
94;100
73;24
59;13
20;21
42;78
80;62
16;58
23;32
60;24
51;19
55;48
21;66
5;98
71;47
13;24
96;3
33;46
18;90
72;57
74;60
93;5
100;53
76;84
82;70
1;33
66;37
13;49
76;58
9;22
67;28
78;6
73;81
96;11
21;21
43;17
64;58
91;88
48;9
40;40
81;45
62;63
78;94
48;98
89;79
32;16
59;21
7;72
63;77
17;82
7;37
55;19
36;84
6;2
2;87
65;50
31;99
93;97
51;74
89;17
46;70
60;67
53;1
1;43
75;55
58;84
67;30
86;33
3;49
53;3
1;87
47;30
46;2
84;11
15;64
75;28
8;2
30;56
69;29
54;81
36;51
65;40
41;75
76;48
81;24
28;12
98;48
49;59
100;72
85;38
80;81
34;97
46;7
47;10
73;45
82;43
28;77
24;55
9;40
34;45
33;43
3;28
15;39
67;55
26;95
34;73
17;72
84;81
14;65
97;65
95;41
52;61
41;26
9;40
16;71
24;22
33;14
18;20
27;40
62;56
99;50
45;77
39;79
82;8
22;8
86;42
38;20
53;19
4;64
78;23
69;50
85;16
51;31
77;11
26;10
94;76
69;46
65;41
12;39
99;82
47;32
40;4
43;30
72;77
1;33
69;49
85;34
21;83
44;99
44;1
73;62
58;33
54;17
57;81
82;3
33;99
45;90
13;40
52;89
78;99
92;36
28;41
26;26
5;78
51;95
47;91
30;80
22;76
7;37
43;42
69;29
64;31
100;85
71;89
11;75
43;96
32;77
50;43
14;79
73;27
98;94
18;32
91;3
96;37
92;72
42;47
51;50
45;74
27;33
88;32
27;56
10;10
98;44
99;92
20;9
20;9
55;40
9;41
80;44
1;56
4;4
25;89
66;26
15;99
99;42
35;15
13;58
55;91
46;94
90;79
33;51
47;87
51;73
28;73
40;67
11;57
45;20
82;31
21;48
71;72
4;12
19;57
40;43
35;21
100;69
97;49
64;66
53;43
46;13
24;77
58;79
90;36
5;44
88;45
61;93
53;3
94;35
62;27
80;35
73;26
8;79
31;25
9;10
79;47
60;40
55;52
81;49
21;5
21;41
79;4
80;80
32;73
32;19
99;12
53;31
14;95
73;63
84;36
24;62
44;64
8;23
38;30
98;37
29;35
77;73
87;63
12;18
76;71
96;89
85;5
56;15
78;32
16;61
48;9
82;27
41;11
91;13
25;72
79;94
10;20
84;62
92;7
68;23
58;43
40;24
90;76
60;87
96;9
9;17
3;8
57;33
69;10
45;77
1;33
31;37
94;90
23;22
62;71
73;98
90;54
52;36
21;20
85;98
73;62
88;52
77;18
52;55
21;22
38;2
8;85
98;33
64;83
90;39
21;80
74;57
55;72
2;53
42;38
36;77
36;79
28;92
30;90
20;38
25;79
93;73
51;21
41;96
22;17
57;12
65;29
3;61
66;1
72;15
89;93
71;32
82;43
18;51
38;37
51;45
63;24
44;27
91;60
55;76
96;89
48;10
86;98
40;77
18;40
60;39
58;98
40;46
74;56
78;100
85;74
68;58
26;55
65;13
22;87
20;85
39;7
86;75
52;96
82;71
68;99
96;51
45;27
43;28
17;12
36;75
35;65
51;91
72;7
93;25
94;81
41;20
43;95
32;53
11;66
48;16
11;85
76;77
26;67
6;25
38;77
100;12
56;43
97;68
69;47
79;21
41;51
60;81
83;49
58;54
75;68
86;31
88;85
18;100
13;36
91;42
50;41
81;31
40;23
52;70
75;73
65;76
89;92
68;24
55;57
64;12
40;87
97;89
70;88
84;88
18;38
18;95
56;37
68;21
23;42
27;17
3;91
93;90
8;4
86;64
80;66
78;6
98;58
35;58
50;47
79;85
89;49
61;64
13;90
97;16
86;51
83;61
7;74
100;3
20;28
51;78
94;62
99;84
58;78
6;1
51;24
59;7
94;70
18;48
64;66
80;18
67;66
54;73
59;54
50;8
40;99
12;81
60;7
68;63
78;62
50;19
78;68
8;23
53;29
4;72
34;66
28;22
11;40
99;66
54;7
78;67
51;78
33;14
79;39
37;13
59;15
21;52
59;59
97;24
78;36
11;23
51;65
70;32
70;73
66;19
5;17
33;90
3;16
8;17
54;8
73;76
89;24
61;19
61;53
43;89
50;94
4;2
74;97
86;16
89;11
11;2
47;12
4;40
27;85
91;50
10;3
42;59
1;25
49;69
64;90
58;88
35;68
6;21
51;25
24;31
46;32
67;36
9;64
100;29
38;78
25;96
22;52
90;90
37;59
54;18
97;37
46;16
78;100
5;24
79;72
76;63
91;8
17;44
86;45
12;25
74;54
34;19
43;11
58;13
15;57
79;49
72;64
79;34
67;38
33;42
54;80
9;38
66;66
70;24
51;70
99;53
30;90
87;65
44;20
90;12
61;8
92;47
48;6
100;84
87;52
7;79
99;79
80;71
36;62
44;89
19;57
92;7
50;57
46;44
46;19
17;88
57;43
93;4
50;78
78;4
72;85
10;77
71;91
25;54
10;29
49;98
67;76
76;1
34;39
2;73
21;20
85;79
17;34
86;47
45;61
97;33
43;62
22;50
9;26
20;7
98;10
17;80
83;48
47;46
18;13
96;91
88;67
28;67
11;42
24;89
26;44
1;98
21;57
100;79
73;89
13;54
30;69
98;43
42;58
84;50
90;46
18;87
75;95
19;23
9;46
10;9
20;29
69;98
8;18
95;55
97;12
3;16
9;19
10;2
52;4
49;1
66;95
3;65
19;54
9;15
17;43
29;13
96;57
3;78
26;75
83;75
90;87
15;31
14;87
68;82
22;63
8;19
22;99
3;88
36;10
56;31
89;24
28;43
41;44
37;87
25;87
76;99
83;6
21;97
95;54
100;63
12;35
38;53
14;14
87;41
93;4
2;51
83;17
75;91
88;26
59;38
51;47
99;10
514;628;20
969;923;11
795;409;39
364;78;25
666;681;41
264;722;15
312;40;28
15;582;30
916;427;23
389;579;1
235;893;11
555;166;3
69;63;4
975;982;41
434;697;48
495;599;42
964;371;28
537;354;1
989;648;4
278;687;38
360;601;50
440;967;36
797;55;43
45;411;27
590;768;50
60;158;13
989;930;41
447;96;8
278;288;13
633;101;11
28;80;42
182;543;34
293;88;50
2;576;11
485;765;15
368;821;2
62;254;44
330;898;21
981;819;42
227;921;22
402;658;18
639;137;28
154;844;44
790;9;40
240;64;2
61;441;42
181;167;26
30;677;1
950;344;26
892;223;50
710;270;37
227;317;2
221;756;11
798;646;41
557;745;19
661;270;19
395;349;30
216;911;42
897;770;26
566;599;49
523;274;12
250;569;12
649;621;29
141;34;41
56;543;32
222;376;27
495;523;34
52;429;45
407;790;3
331;131;10
260;242;16
630;351;31
618;412;21
396;935;3
517;932;34
297;376;47
473;218;1
81;903;43
645;650;31
244;233;43
940;367;44
304;838;27
789;563;19
661;194;46
180;895;38
344;283;29
886;518;11
811;530;39
361;459;10
604;867;6
166;513;30
443;112;4
453;468;46
856;118;23
192;613;20
496;289;41
949;925;31
786;496;42
805;607;50
596;322;21
968;548;38
582;529;50
344;916;13
558;652;25
752;204;4
735;494;15
912;80;3
647;783;41
430;651;33
694;950;36
70;941;42
109;574;48
51;635;22
338;490;24
238;508;30
314;386;16
490;879;29
548;476;2
546;3;11
610;75;5
562;549;8
852;617;25
761;474;27
632;96;32
296;106;4
661;721;21
150;874;2
549;687;29
169;502;33
489;515;30
13;996;8
588;224;23
229;445;3
113;575;37
399;755;37
37;667;28
208;927;49
956;220;24
670;502;35
875;546;41
186;509;25
906;697;35
540;636;31
764;777;47
999;504;32
317;295;28
902;278;12
53;761;9
954;160;29
821;659;11
958;995;10
912;99;31
35;94;46
29;650;5
285;51;26
115;905;42
600;823;13
182;350;47
407;419;26
982;961;15
488;110;39
855;654;31
480;224;43
353;747;23
539;485;40
615;154;42
652;131;36
7;313;3
293;183;31
872;204;11
812;393;37
619;485;43
266;500;27
952;299;8
428;820;31
198;389;34
12;339;39
438;705;47
225;803;46
810;595;16
824;134;10
646;805;25
503;74;9
71;673;12
512;644;8
747;116;49
15;687;1
663;161;13
530;336;47
743;872;27
848;457;20
488;570;17
918;626;36
97;819;43
740;670;15
910;558;2
28;519;35
403;526;32
275;136;11
793;633;48
596;946;15
102;346;45
549;564;30
963;492;4
609;262;2
91;129;44
584;545;37
838;903;29
446;558;25
584;405;47
186;344;10
302;356;23
409;148;16
285;454;33
231;781;21
75;7;10
100;147;48
64;138;37
299;473;6
473;139;21
704;729;18
820;637;49
35;546;7
350;991;7
534;260;40
346;184;49
149;833;26
926;463;11
630;48;45
762;711;25
240;399;9
7;488;21
409;690;17
538;243;19
62;4;30
45;467;41
299;941;44
681;78;9
933;925;41
786;354;41
56;967;19
759;46;28
933;361;19
699;280;23
751;934;18
764;762;31
700;431;28
489;113;13
173;85;6
778;288;39
372;990;18
771;714;37
1;189;39
201;807;31
901;658;18
685;108;9
677;338;44
111;688;10
159;351;1
431;881;47
549;883;48
17;992;29
959;852;40
725;305;26
376;317;3
465;202;39
74;670;43
270;766;17
876;557;6
868;592;3
216;862;48
955;394;21
735;633;48
168;425;37
695;866;25
911;123;2
488;698;46
280;588;39
560;677;38
333;948;45
141;559;9
197;866;43
119;762;26
282;700;5
446;113;36
170;571;47
803;371;27
920;924;2
479;359;42
947;312;23
420;578;13
205;313;13
939;502;14
618;718;44
900;513;47
558;745;27
301;974;1
606;563;36
166;388;3
515;73;23
816;228;17
554;881;23
75;248;10
976;253;31
847;512;46
558;32;11
868;542;30
941;113;30
312;978;18
757;25;41
496;466;40
371;980;44
369;510;24
428;685;37
247;858;46
779;252;7
949;121;33
451;565;48
767;364;18
357;491;32
304;783;18
242;979;2
155;495;34
170;369;5
102;610;16
202;277;30
283;581;14
703;371;48
235;18;50
14;555;45
830;571;41
511;136;7
4;516;42
45;462;47
243;982;23
827;109;48
491;808;32
214;921;15
199;699;31
672;670;11
257;115;1
407;77;22
585;986;5
982;20;45
101;421;23
339;308;37
944;384;20
25;21;20
473;216;27
215;112;30
630;478;10
782;46;11
867;454;1
441;637;42
238;546;46
891;438;22
826;406;7
661;609;2
512;769;2
827;772;22
559;803;36
348;156;46
852;575;28
358;224;50
204;649;48
90;171;29
589;236;15
49;302;22
609;837;33
323;127;43
741;580;5
735;142;17
361;896;20
690;892;15
814;770;3
91;720;24
468;56;31
367;204;13
712;481;9
864;509;27
638;379;32
644;921;13
309;687;46
759;473;47
326;800;47
507;154;44
665;967;12
405;508;43
129;452;36
535;358;29
871;315;20
991;503;37
453;686;31
348;388;14
503;572;40
972;91;17
874;976;4
253;668;47
739;471;2
581;365;49
603;219;7
122;647;18
841;268;36
915;85;5
83;398;46
34;385;47
194;21;49
325;909;1
683;955;22
123;591;39
672;40;5
52;495;46
825;781;25
292;764;48
550;691;16
974;511;2
987;914;19
997;503;50
329;754;50
635;679;5
977;785;23
252;151;15
180;991;8
591;73;33
713;856;30
419;607;2
449;310;37
605;374;43
212;653;27
370;252;32
275;994;50
580;237;19
30;927;42
637;252;31
831;489;36
641;375;27
860;417;28
11;9;48
699;512;14
697;71;14
662;978;30
500;963;19
654;739;47
585;687;8
293;660;10
605;909;49
287;812;36
948;701;26
991;871;3
906;55;33
874;951;40
793;539;21
741;105;27
967;465;46
491;607;25
503;157;36
902;892;25
205;39;12
14;848;26
653;142;15
605;260;40
997;281;29
607;497;28
810;547;23
878;476;26
43;338;40
365;701;46
846;808;30
254;740;25
105;728;16
12;702;32
107;73;33
257;481;39
37;948;29
862;277;5
716;616;46
918;642;28
361;720;6
2;17;11
824;14;20
373;58;31
479;166;22
511;42;19
179;116;16
817;727;27
438;784;34
449;58;45
602;392;12
145;750;9
236;570;13
579;888;38
945;925;40
313;424;2
881;77;4
613;449;49
770;426;31
374;398;9
309;261;34
781;965;50
76;293;41
351;604;2
103;322;29
808;427;7
254;96;8
496;781;40
322;324;17
204;209;3
759;48;37
184;731;31
493;824;2
461;683;38
156;687;38
283;969;27
958;872;15
972;14;44
93;863;45
402;680;50
788;528;25
264;25;42
964;806;46
14;658;24
334;707;38
668;792;33
907;96;30
900;726;45
836;612;33
712;390;29
937;855;31
500;617;37
881;409;50
955;413;48
329;416;41
98;45;43
971;715;21
629;348;24
839;287;2
22;713;19
360;73;45
914;117;36
704;282;10
144;620;10
429;802;29
43;856;18
13;627;4
987;183;19
966;874;21
606;825;41
20;342;32
827;671;49
68;980;22
965;994;49
907;882;30
353;956;40
543;503;35
772;486;17
161;300;4
443;130;9
521;684;30
995;323;38
795;726;3
450;921;26
595;523;50
180;417;5
848;254;31
836;842;33
695;222;13
502;836;40
522;547;19
432;665;7
82;238;29
303;603;5
610;26;50
689;673;46
509;978;19
847;492;49
319;263;12
90;225;12
208;687;5
481;366;24
106;62;37
648;681;29
899;338;13
244;929;13
1;208;48
197;145;15
890;64;49
272;340;44
102;299;3
417;711;31
203;631;5
508;68;30
91;434;21
621;762;44
262;639;13
987;13;8
461;372;29
424;192;40
728;64;42
807;512;19
411;111;43
34;649;20
661;343;3
565;24;2
697;404;17
735;814;40
465;788;39
55;882;13
325;246;20
484;961;38
835;619;21
520;520;5
973;476;50
941;538;42
478;756;50
762;81;42
43;997;10
984;115;13
667;964;41
683;175;29
614;995;50
67;138;41
799;130;24
870;61;43
959;712;22
544;969;1
206;279;24
133;149;41
125;892;18
962;139;33
531;21;8
963;459;11
661;432;41
336;181;6
372;625;16
776;953;23
521;292;26
663;678;37
437;716;25
294;782;25
684;725;43
100;709;14
640;27;48
592;740;9
872;138;6
999;358;8
847;519;14
401;454;31
476;765;24
388;352;24
663;887;8
706;548;41
198;614;40
228;854;5
58;473;38
700;539;7
592;707;50
289;433;46
112;329;33
397;821;26
762;931;15
110;326;38
874;481;15
48;73;35
68;858;40
605;457;33
612;351;40
477;888;9
767;382;18
835;614;18
349;581;33
431;13;46
943;415;9
567;456;32
805;42;21
92;174;3
63;965;33
345;488;11
427;502;11
446;764;33
473;251;31
382;963;2
857;171;34
712;21;12
504;666;39
207;32;30
726;512;12
500;450;1
165;823;33
570;357;6
471;744;13
376;456;36
610;934;47
185;398;34
898;688;23
713;199;18
550;791;22
975;562;26
759;421;19
967;466;38
957;982;2
561;705;44
820;508;18
912;762;17
811;113;18
850;917;50
949;228;14
665;19;17
246;594;26
799;500;31
678;463;41
726;817;4
46;724;29
994;328;15
998;302;32
162;855;26
474;601;30
955;212;24
992;443;34
809;804;20
408;218;31
808;779;9
752;816;43
554;948;8
40;775;49
374;703;45
815;437;4
274;416;15
725;230;42
504;26;11
308;296;46
27;99;32
321;840;7
837;644;16
144;301;34
868;65;18
28;542;44
494;883;9
549;357;46
938;309;17
914;131;38
990;928;39
964;972;27
715;838;13
774;171;48
747;579;7
713;235;35
867;381;16
879;409;28
689;894;50
188;309;14
639;368;48
245;421;46
175;110;18
701;942;23
310;635;45
872;180;11
25;548;4
828;325;19
87;785;8
558;497;38
437;495;1
908;18;12
629;407;16
94;296;25
290;163;27
683;36;13
479;935;39
6;291;13
978;979;7
784;114;28
284;400;42
461;958;6
897;270;34
144;122;11
35;65;6
438;653;10
510;697;13
614;431;13
296;965;4
579;620;30
471;169;29
246;347;20
834;471;45
114;198;42
306;83;9
245;164;28
801;531;4
590;87;20
591;802;29
999;980;6
108;349;31
412;228;16
825;76;26
965;346;28
664;601;47
624;627;31
35;130;43
43;932;12
461;15;24
484;140;5
489;562;21
507;30;47
834;778;37
109;381;45
916;43;43
776;637;35
664;341;36
674;877;17
855;436;41
642;20;41
556;722;36
18;728;25
936;953;34
714;993;49
349;759;18
312;937;41
119;236;38
586;633;45
294;606;30
750;798;13
754;876;19
211;197;43
797;785;9
92;148;37
994;573;20
35;785;48
849;607;45
563;251;42
255;148;21
826;458;35
393;590;28
547;532;39
214;69;48
953;181;9
689;550;42
581;638;34
419;578;3
687;880;10
552;615;8
717;416;48
698;986;24
992;216;48
588;48;21
544;480;13
857;964;36
43;674;35
406;300;32
174;642;34
104;455;8
424;550;41
857;449;39
996;955;3
272;648;47
955;638;41
782;991;29
298;797;23
666;998;12
713;148;29
811;611;36
804;781;47
31;710;7
997;994;40
881;767;7
414;328;1
126;798;8
22;580;16
732;88;27
761;340;47
539;680;25
400;200;38
477;506;33
876;33;39
987;174;12
285;727;22
515;90;12
321;232;27
684;348;32
975;788;50
616;680;42
614;275;7
802;471;5
731;617;17
911;152;17
565;420;13
885;39;50
405;385;6
883;422;49
545;346;11
342;596;38
795;88;18
651;875;1
205;397;35
689;131;20
424;24;11
256;959;1
186;291;13
157;387;40
375;862;2
712;187;46
293;618;7
927;681;31
809;410;17
589;418;6
91;229;36
373;36;44
668;947;28
22;141;29
602;827;26
567;486;41
136;697;27
335;122;12
669;523;26
216;808;24
768;965;45
484;975;40
508;628;26
531;152;39
595;51;19
8;575;5
726;664;18
874;626;43
758;73;13
220;25;42
420;303;42
616;464;10
543;368;48
706;241;24
659;137;33
926;599;21
743;487;6
561;77;26
749;830;11
611;408;4
876;431;50
562;724;24
629;135;15
229;472;20
625;866;49
185;214;44
462;535;7
421;837;18
612;806;38
639;387;20
247;732;6
112;766;7
531;302;39
331;314;4
589;22;50
272;333;19
122;872;32
929;657;19
612;874;42
401;251;47
677;585;5
98;442;1
803;808;35
824;489;14
206;461;4
3;769;25
908;503;31
975;454;3
819;827;48
866;56;22
22;842;27
364;386;1
886;366;39
602;732;38
759;164;24
55;206;45
793;95;39
623;183;48
673;159;1
219;918;42
557;174;1
820;81;27
863;866;30
900;493;42
86;888;10
409;317;37
252;496;42
175;147;33
375;755;27
298;917;13
113;164;31
544;653;21
708;654;1
531;427;40
480;242;25
998;609;34
73;324;14
951;612;22
483;305;40
618;845;20
118;63;38
527;113;24
58;884;40
573;115;45
539;497;24
64;484;7
613;232;7
879;299;20
647;614;33
108;341;20
503;967;10
460;197;18
432;391;16
210;264;6
650;514;46
241;913;47
232;312;5
153;748;47
429;493;41
133;414;9
684;786;18
8;641;17
119;388;4
28;539;19
656;123;10
833;734;35
791;859;27
685;309;43
763;169;32
195;285;2
9;890;2
828;558;4
788;22;1
269;396;6
767;31;38
626;174;32
775;182;18
104;458;23
82;566;46
936;498;3
904;180;38
901;884;50
356;35;1
692;61;11
745;395;4
877;211;17
52;791;23
867;335;44
34;873;25
520;498;15
548;768;31
589;609;22
478;639;17
605;984;32
402;499;47
894;289;5
213;140;36
504;968;22
834;397;22
513;809;1
906;344;20
633;224;35
229;991;21
440;423;35
674;180;34
40;197;47
840;199;14
687;704;2
910;271;31
173;810;36
443;850;22
864;958;38
679;20;20
486;920;48
876;759;23
903;707;43
652;263;17
594;30;2
736;598;25
597;914;39
922;344;41
538;349;41
86;575;6
379;745;34
73;255;3
422;159;33
160;368;48
581;276;13
469;446;5
533;748;11
214;149;40
255;744;11
16;380;14
142;794;23
625;835;17
628;875;27
619;902;14
563;88;40
929;240;50
97;877;26
388;824;41
725;39;5
68;841;3
353;341;23
712;26;24
626;525;5
652;79;3
330;155;1
773;535;49
731;958;20
547;939;3
173;93;11
324;927;25
561;23;49
189;981;41
763;681;34
96;141;1
631;193;37
490;492;25
340;390;33
510;171;8
811;440;50
120;232;36
25;287;50
203;914;34
830;823;40
889;691;28
994;278;32
804;79;50
779;385;9
334;669;24
571;816;38
901;599;2
819;909;48
624;487;1
727;570;16
408;179;47
342;559;7
326;983;46
952;368;39
864;151;19
373;790;10
264;665;15
797;14;4
482;300;27
932;494;24
159;430;46
994;198;39
497;231;9
13;315;14
751;150;14
518;341;25
684;386;8
391;303;5
435;760;36
925;346;5
941;470;29
317;306;25
283;698;43
991;444;1
952;587;34
195;300;34
268;908;3
97;382;36
477;174;9
827;321;28
604;703;15
280;194;33
994;42;33
741;769;34
720;611;17
461;23;32
297;986;11
412;234;39
164;509;32
442;433;19
307;331;26
853;284;3
983;494;16
947;796;34
199;943;31
538;504;46
209;912;35
488;44;37
842;260;20
444;501;4
578;939;24
759;556;11
267;764;46
367;767;12
529;245;50
367;17;11
699;214;41
200;773;21
53;320;37
152;995;46
527;674;36
505;198;10
283;710;25
174;887;10
571;267;25
364;529;15
653;47;36
989;564;2
860;405;28
156;231;13
795;482;43
808;16;30
392;158;41
672;374;42
321;697;6
658;678;43
437;170;29
780;556;33
149;534;43
486;7;27
556;983;21
47;237;27
396;939;10
897;242;1
209;408;25
545;674;9
959;984;21
526;409;36
946;925;15
325;47;31
719;541;15
426;26;44
681;903;37
920;921;38
474;727;26
927;207;37
206;522;44
606;337;27
425;359;46
941;722;24
956;892;44
625;453;10
338;152;17
359;843;25
866;344;25
266;531;6
907;42;37
577;396;11
77;484;18
871;813;12
691;530;25
175;534;49
572;452;17
530;694;30
281;872;12
172;5;10
109;792;14
83;518;28
159;489;37
664;187;9
135;280;13
525;663;7
781;528;25
997;833;23
118;181;17
653;470;30
877;948;42
271;540;17
840;367;46
945;271;4
64;454;44
71;459;1
600;386;41
833;961;47
61;430;1
860;501;9
535;822;28
700;120;5
595;489;49
437;920;46
474;667;32
26;752;14
684;769;50
630;853;47
830;831;46
553;943;17
858;297;2
501;536;1
752;421;32
511;419;37
903;580;30
282;876;28
233;426;35
419;818;26
101;177;11
544;972;46
158;326;1
176;825;35
756;292;36
603;588;40
205;181;30
327;139;29
738;860;19
447;894;33
819;920;49
216;690;1
317;981;46
698;992;13
714;228;8
101;500;35
53;106;8
382;924;8
880;990;22
75;628;19
918;321;27
494;393;42
474;944;46
414;489;31
105;674;24
235;429;10
407;219;32
607;228;27
730;157;7
339;116;50
952;923;21
301;858;11
556;608;34
598;155;16
596;185;18
222;737;31
194;370;30
661;894;36
618;680;25
737;207;34
96;815;37
217;616;20
936;599;32
121;182;24
422;201;35
101;985;44
272;470;36
288;251;50
965;191;27
104;986;6
585;136;46
557;549;43
843;796;38
250;540;26
683;132;38
323;194;39
97;111;8
209;384;12
820;681;1
849;5;40
732;731;35
607;288;10
991;997;1
991;323;6
72;562;11
443;91;24
636;673;19
940;925;11
961;859;50
274;662;46
394;332;34
993;575;23
5;772;35
154;190;49
337;321;2
369;423;36
812;982;47
289;163;47
900;527;40
728;801;19
816;413;15
167;687;38
659;757;6
189;742;19
479;976;2
294;133;44
629;335;32
982;805;4
550;867;45
235;772;39
572;720;35
495;809;14
104;615;20
131;451;21
203;717;40
526;137;40
661;530;5
907;976;36
610;475;39
445;574;25
158;233;21
29;337;12
626;629;22
421;632;5
941;199;12
924;628;41
820;629;29
740;457;25
474;504;30
587;162;48
170;693;50
92;138;21
1;735;47
895;239;36
753;914;42
479;620;27
400;176;9
207;245;39
414;957;34
186;301;36
468;411;42
572;791;3
620;494;38
141;972;43
340;46;31
546;513;48
159;431;49
101;16;46
381;158;17
906;45;8
595;730;21
486;619;24
549;569;15
139;698;11
989;367;33
872;660;27
780;963;1
748;814;30
203;868;3
797;577;1
917;172;1
383;59;38
40;811;23
997;434;16
4;594;8
132;157;37
726;90;50
871;402;17
968;264;6
752;370;29
127;922;2
515;432;46
463;843;24
2;595;23
502;703;39
8;763;13
746;373;10
505;463;23
496;423;26
879;901;7
862;383;7
204;72;21
353;514;37
667;6;29
370;544;41
303;21;8
952;670;23
639;152;34
719;709;13
542;719;22
92;333;2
634;234;22
17;236;27
616;176;30
175;356;36
664;613;15
757;202;33
586;654;16
40;610;4
1000;276;25
12;949;31
966;815;19
150;634;34
662;281;4
924;766;45
375;484;45
40;638;45
276;842;14
878;6;23
83;120;49
818;185;18
970;82;24
811;156;22
181;275;21
9;848;7
576;427;17
48;89;35
157;15;20
428;56;39
649;401;48
237;220;45
97;665;5
300;945;32
402;510;16
650;207;6
678;165;29
170;168;29
305;154;33
45;902;42
17;445;9
775;712;13
624;177;33
44;544;36
871;664;40
653;508;8
910;529;12
400;720;27
973;663;33
917;644;1
470;199;48
996;880;29
320;385;27
858;612;13
736;831;37
801;347;48
751;143;43
120;919;18
100;488;8
18;651;7
541;802;42
396;969;25
350;930;28
239;633;23
688;646;31
698;746;22
124;285;34
674;892;43
622;170;34
837;749;17
539;815;21
528;609;18
119;423;11
679;599;40
799;937;16
486;593;36
174;586;43
126;269;27
954;263;16
738;682;4
384;438;45
886;966;4
341;539;31
97;516;3
846;914;13
705;39;25
50;381;27
139;75;14
911;420;25
528;806;13
122;425;6
449;757;7
887;128;24
132;669;46
211;949;16
687;330;11
723;711;12
22;751;6
514;581;42
891;657;32
590;24;45
647;785;14
815;413;2
17;339;37
789;533;27
253;424;4
391;338;50
337;871;42
221;698;27
323;272;2
475;941;16
567;829;20
199;689;23
556;587;42
270;494;44
382;262;4
849;282;19
596;664;37
932;810;15
393;137;14
781;426;39
555;755;28
422;584;47
886;281;11
96;138;25
399;898;29
763;877;24
56;835;45
984;89;50
260;623;10
217;250;19
777;932;19
831;321;33
723;616;3
122;391;41
2;327;42
15;810;38
221;388;8
138;87;13
680;237;19
843;550;6
722;457;21
749;991;39
692;190;41
388;377;32
227;872;4
22;380;23
517;484;15
485;971;31
928;361;36
690;265;50
445;599;43
158;357;24
598;290;21
44;146;35
382;612;32
652;757;1
833;178;13
210;375;20
608;943;34
258;615;43
82;20;30
221;409;21
1;360;41
720;826;7
541;23;16
774;642;22
136;746;42
408;83;20
130;866;23
349;84;7
584;616;14
322;888;37
102;516;46
364;409;26
949;536;42
789;932;39
990;872;13
641;746;23
404;754;4
373;611;50
328;799;13
808;950;46
804;74;34
804;650;34
69;528;20
431;593;32
756;145;5
656;326;35
990;475;31
956;399;43
409;27;50
828;518;7
50;779;2
954;780;2
423;930;33
723;294;37
570;384;44
241;290;50
888;760;38
110;3;50
769;379;50
380;229;32
948;386;27
142;221;10
708;573;25
356;894;2
205;129;9
685;781;20
378;112;13
122;515;30
383;154;14
678;52;22
95;703;37
155;551;35
154;342;27
516;668;10
27;441;11
132;195;38
517;684;31
144;631;40
867;895;47
294;609;37
744;363;43
244;753;28
361;911;3
139;369;40
149;877;35
12;835;17
220;584;2
159;594;37
236;789;40
636;526;18
742;94;23
114;47;10
96;865;10
916;401;39
966;520;3
242;891;40
370;459;38
887;49;41
546;172;48
118;82;5
529;282;10
851;907;5
972;211;7
398;398;43
867;919;37
699;352;13
373;104;18
199;963;35
540;794;24
919;941;24
602;44;30
979;712;17
618;587;41
61;620;29
314;844;47
661;931;20
41;333;16
824;36;16
641;436;31
754;279;32
249;509;16
478;737;47
932;429;7
60;4;11
273;656;45
247;464;4
130;809;45
25;779;43
879;675;28
345;139;35
707;191;10
89;709;38
470;245;47
569;404;10
144;400;25
821;800;44
299;912;3
723;169;29
647;346;44
164;341;45
518;390;13
482;492;33
953;956;20
559;977;33
233;934;6
107;508;47
954;968;20
892;534;10
975;750;45
523;516;12
764;366;26
648;52;41
939;707;8
888;767;6
720;348;22
630;114;7
754;36;5
909;550;27
474;788;9
862;436;22
303;709;21
6;791;19
97;637;9
951;143;9
547;896;19
107;643;26
232;787;14
109;56;5
638;246;49
378;435;31
684;394;37
230;557;37
758;636;39
44;88;6
170;333;45
815;567;38
106;498;47
73;972;6
797;228;12
916;918;7
778;532;38
120;601;39
601;52;15
357;71;21
533;524;50
358;5;25
198;256;9
204;284;8
528;136;24
599;375;26
292;365;34
939;295;46
440;437;9
930;194;27
488;291;45
932;316;45
883;453;14
966;116;17
329;934;23
825;803;31
16;637;17
986;827;45
289;445;27
226;760;11
568;912;28
698;636;23
483;57;35
429;935;42
25;81;3
629;313;12
430;278;25
681;999;31
238;332;40
315;173;44
332;888;27
691;890;43
549;660;44
988;510;4
266;437;25
450;838;21
110;176;16
539;487;7
459;344;25
662;379;44
404;838;15
937;568;8
827;732;40
403;625;6
691;730;50
397;387;3
901;919;6
453;581;21
453;401;13
505;21;45
114;934;49
180;816;38
233;255;11
151;966;44
223;774;23
888;261;6
585;959;26
802;822;38
90;378;6
46;301;23
472;257;46
233;485;14
457;944;42
48;657;10
574;558;44
254;958;40
191;990;26
355;732;10
337;608;8
477;665;42
723;553;12
923;818;11
968;429;49
391;563;37
887;917;47
794;392;25
910;747;38
661;388;11
810;785;36
301;378;11
304;974;33
865;355;1
682;914;20
952;11;4
516;164;45
968;113;2
835;583;45
785;485;5
464;834;48
644;655;25
164;196;25
1000;53;47
787;984;1
918;262;23
740;398;26
295;145;49
387;800;37
312;794;30
105;255;43
405;162;16
123;477;7
232;867;31
865;292;43
340;457;25
608;214;41
816;913;12
687;738;12
899;863;41
472;818;50
298;466;17
483;391;23
742;453;31
727;711;40
72;147;37
494;188;44
490;828;17
518;827;46
545;296;46
9;551;28
182;738;8
729;908;29
111;25;40
434;958;42
179;914;7
964;356;33
45;106;35
586;168;21
492;670;3
666;988;31
646;726;48
205;197;23
58;700;29
315;465;44
657;903;48
407;518;12
167;547;25
624;389;41
1000;358;50
816;614;29
795;25;4
974;109;26
422;347;4
204;127;33
483;194;14
220;473;23
656;377;15
978;961;2
901;151;42
410;769;49
773;72;18
647;700;42
17;16;28
183;643;47
927;591;33
774;671;25
795;792;1
790;17;17
579;446;33
358;425;3
324;556;9
445;735;18
308;852;1
239;164;32
598;767;24
738;219;34
243;371;21
723;49;15
159;701;45
844;86;1
395;877;13
286;406;16
853;258;16
675;935;31
40;657;6
322;955;17
176;495;46
372;376;14
943;96;8
945;836;8
630;200;11
764;209;21
144;62;38
407;97;16
161;309;46
696;392;29
608;542;8
244;401;42
683;219;43
549;475;40
755;894;4
92;836;43
658;190;10
97;493;9
854;954;1
291;311;24
655;502;47
758;108;41
570;17;45
928;866;38
1000;571;6
584;404;32
485;738;11
636;669;23
430;574;5
371;957;12
434;554;27
399;921;28
298;102;24
980;367;36
448;140;19
768;330;21
321;179;43
465;255;44
543;204;37
143;74;35
575;963;1
262;666;49
174;337;4
514;560;18
648;351;45
174;774;20
602;381;48
560;759;3
410;457;17
195;777;4
520;116;29
76;163;1
15;861;7
443;458;33
628;894;34
522;78;36
399;616;12
600;132;27
450;666;2
871;696;19
291;329;47
19;233;50
168;24;38
753;44;38
716;363;27
830;340;6
14;506;30
59;142;13
914;309;29
916;287;13
830;407;30
346;611;43
713;695;5
462;268;6
317;548;12
89;145;11
630;473;31
348;727;46
27;713;49
246;501;14
593;280;5
997;1;49
687;397;4
663;667;7
3;352;45
652;736;49
971;118;4
173;567;24
439;193;6
648;514;12
726;600;28
587;306;16
182;824;42
807;521;48
520;880;2
931;672;31
642;132;11
511;121;13
271;621;36
549;477;25
652;273;5
482;454;9
112;907;37
293;784;31
546;412;24
540;817;22
17;252;24
352;319;45
409;995;31
980;457;11
75;357;14
746;834;7
369;489;41
772;639;21
989;897;42
704;852;15
391;107;25
317;34;22
827;597;44
245;482;38
900;898;49
867;354;33
173;857;17
339;608;44
555;670;8
570;969;26
163;430;41
760;224;5
456;707;42
715;411;15
878;633;26
403;587;30
861;50;31
518;135;8
697;260;8
370;85;30
302;511;41
284;398;3
150;869;26
337;312;26
709;795;19
457;673;17
821;132;21
545;337;6
944;29;16
388;896;32
423;573;33
554;217;35
743;2;5
235;221;41
673;479;15
359;644;24
538;118;24
55;815;48
715;8;48
613;325;3
440;454;43
896;331;18
55;246;43
271;746;17
619;644;43
438;190;46
38;299;39
857;955;36
167;814;21
284;222;43
15;86;36
62;509;33
786;340;10
714;879;26
712;553;43
81;541;6
613;636;1
87;969;27
86;252;44
269;176;2
698;675;49
608;687;26
689;980;4
146;783;25
182;890;27
233;492;33
344;512;45
269;679;13
926;546;32
182;798;5
236;217;47
154;630;41
47;174;11
981;549;43
160;852;7
897;385;46
214;717;25
915;421;6
157;943;32
938;2;33
479;912;7
969;183;1
227;701;29
46;702;37
681;838;25
850;176;45
164;150;2
660;932;31
326;858;17
379;679;42
362;255;38
860;762;16
913;557;48
270;434;12
528;291;28
508;337;19
185;454;29
484;427;26
101;124;42
557;657;41
363;898;28
565;532;45
484;1;35
673;6;5
349;609;31
526;122;48
665;268;3
731;905;38
173;864;45
808;286;50
518;495;48
499;299;11
888;453;33
312;367;2
283;668;11
589;331;46
919;994;21
64;76;20
500;528;38
325;233;44
524;337;43
632;214;24
332;594;33
977;963;35
459;8;48
145;635;10
54;717;9
163;948;8
964;361;29
911;910;37
860;118;7
634;516;25
590;241;15
985;978;25
640;387;11
68;506;41
518;764;42
383;790;28
103;66;9
762;662;17
781;113;38
768;651;15
997;778;12
231;322;40
920;847;35
862;665;29
419;353;41
7;225;5
273;884;14
863;304;49
205;530;21
209;687;7
883;245;48
595;27;26
608;817;9
320;87;28
595;823;42
388;423;36
976;374;30
52;67;42
763;985;3
206;498;49
448;36;30
488;574;46
396;351;15
538;259;37
391;389;41
501;249;50
835;550;6
661;281;44
633;556;27
856;790;29
550;721;50
446;561;26
924;644;33
817;548;23
830;194;43
222;518;12
368;330;46
585;655;7
373;608;15
59;368;33
419;11;38
495;307;6
559;529;41
987;344;16
374;2;46
550;887;49
341;618;29
459;443;36
330;195;22
690;290;48
998;650;42
493;832;1
411;9;48
186;151;26
595;661;27
727;934;16
920;212;11
168;550;4
742;141;50
992;191;9
507;503;11
981;632;19
327;628;23
221;298;44
699;253;36
880;574;27
116;852;43
729;745;6
716;323;3
357;672;17
77;32;36
995;631;41
592;312;33
755;149;20
984;684;50
233;251;44
341;904;10
758;164;31
190;575;35
33;415;41
522;152;31
36;822;5
50;114;29
392;575;41
631;723;36
844;709;4
178;913;1
899;736;13
305;949;34
853;111;35
211;702;20
566;699;36
341;966;46
80;847;39
326;504;42
331;848;15
377;107;46
453;549;4
911;76;45
544;616;10
81;491;23
538;155;44
991;266;50
892;19;14
420;689;34
267;800;45
605;886;13
579;757;48
873;346;35
44;596;48
48;454;7
16;245;50
150;522;38
654;63;47
685;406;29
41;695;22
796;667;29
749;927;47
267;100;16
590;437;30
525;620;22
387;113;16
155;443;7
86;124;36
158;722;24
427;319;37
997;808;2
758;194;6
615;574;17
141;728;20
141;708;33
558;197;49
927;587;31
345;167;12
596;997;37
523;159;38
798;962;25
163;994;31
267;957;18
979;29;7
659;684;29
531;603;6
402;677;3
856;638;8
372;691;40
367;899;40
791;215;45
196;192;12
612;165;7
775;675;22
425;382;45
956;870;50
152;262;11
196;197;25
715;227;13
853;6;47
954;865;20
525;520;35
662;597;36
457;166;46
943;172;46
830;546;29
919;93;9
628;166;25
373;789;23
958;478;48
855;365;6
632;241;47
276;564;17
933;613;19
568;636;17
608;508;8
374;958;38
791;313;44
693;600;26
285;96;5
58;68;8
457;5;13
282;887;23
339;892;2
442;94;41
694;81;14
699;82;7
567;843;19
69;791;23
381;329;38
80;264;36
928;933;26
352;263;32
418;758;29
877;276;27
183;81;17
389;215;38
734;294;20
168;675;32
613;567;24
46;236;50
486;189;48
26;381;49
23;132;41
340;204;31
28;573;11
368;190;50
489;654;45
400;150;1
292;746;48
236;503;46
75;129;6
47;502;15
276;370;14
644;198;30
354;659;1
309;980;31
675;774;39
371;904;35
610;452;41
241;81;16
630;183;44
332;701;9
129;127;29
398;176;26
862;255;23
397;756;7
289;544;4
628;506;16
613;861;23
159;454;23
83;855;18
419;682;12
726;245;12
808;676;28
444;358;44
294;745;6
327;199;19
980;486;37
462;633;20
866;727;3
696;646;41
389;382;33
157;372;48
950;492;8
659;474;43
870;912;16
847;769;24
223;315;47
723;320;32
585;159;19
104;188;21
724;330;26
203;86;27
941;520;45
581;837;27
87;491;28
555;328;21
482;820;48
744;550;25
920;930;29
938;765;11
857;626;49
196;183;16
551;423;10
677;122;46
322;229;41
879;399;29
799;763;10
871;27;29
721;43;1
293;611;20
414;778;40
594;695;31
607;530;9
655;664;2
194;419;49
540;72;18
849;636;29
401;607;50
836;936;24
526;30;45
692;441;1
482;683;37
476;352;13
649;823;31
426;932;12
158;128;36
241;969;34
306;118;46
45;582;17
127;994;46
219;899;27
165;597;9
102;456;8
819;937;26
567;727;8
479;312;13
378;149;42
326;942;11
438;775;28
571;368;17
329;916;35
607;747;24
442;734;21
583;568;46
728;444;16
606;711;23
935;584;46
472;536;40
391;869;38
354;67;29
607;28;45
370;114;46
713;799;5
216;492;25
175;168;23
11;5;32
805;788;26
806;246;8
768;402;7
775;683;3
222;420;26
248;669;18
764;595;33
101;454;45
642;731;1
969;569;46
185;612;43
302;627;4
568;400;34
302;165;28
870;490;17
817;40;13
406;467;42
888;943;35
471;270;48
858;750;24
448;50;12
220;489;2
316;547;45
622;515;46
539;34;17
120;542;34
231;613;17
524;343;6
873;206;2
524;984;48
626;578;2
299;103;48
567;462;24
243;301;9
7;576;48
731;542;32
305;623;39
125;370;8
329;915;23
786;600;50
799;649;18
458;616;28
393;393;6
516;401;2
8;466;48
965;906;31
452;189;32
647;827;43
221;670;48
859;584;22
471;196;27
250;5;9
616;24;31
791;165;7
93;351;8
808;63;5
907;553;7
891;428;27
545;45;27
166;579;41
877;539;35
861;105;27
765;84;23
557;501;6
294;913;43
291;107;9
355;684;24
85;36;25
219;774;21
309;487;26
530;625;40
80;297;41
405;136;33
606;64;8
289;587;45
184;677;6
627;888;33
94;730;13
335;172;14
501;584;9
296;864;28
391;230;22
28;630;7
462;612;1
759;728;38
875;503;17
368;269;27
522;713;33
929;206;12
534;386;12
570;40;33
786;714;21
497;689;19
69;44;15
684;840;41
454;293;14
423;322;47
195;596;19
18;251;27
666;512;46
265;278;32
988;137;3
922;752;5
405;359;40
287;91;28
248;254;18
13;935;33
117;626;41
349;30;18
125;690;12
325;348;43
344;588;49
770;726;2
498;916;13
248;24;8
914;928;42
15;880;25
420;3;44
673;508;50
928;485;19
99;494;22
415;339;2
413;843;3
918;208;24
59;662;6
746;275;9
955;563;13
683;697;7
118;3;8
231;795;6
6;255;13
166;518;41
598;572;25
110;642;37
806;325;25
555;652;35
227;695;19
53;894;25
395;367;26
927;493;38
121;976;23
943;900;28
881;816;14
229;947;27
689;579;44
790;599;45
543;326;34
419;859;19
284;146;26
22;685;23
434;22;2
494;214;19
836;972;2
432;308;47
992;592;36
310;314;39
140;524;8
607;931;49
999;288;36
438;846;41
680;731;49
154;957;14
188;414;32
267;306;6
655;842;15
71;232;9
904;707;46
575;589;35
348;207;33
465;979;12
670;961;12
379;784;3
979;873;12
518;366;26
55;942;5
566;265;24
8;339;8
863;940;49
333;747;5
427;603;30
461;825;1
241;432;10
983;569;19
896;469;1
781;448;27
133;405;6
925;362;46
74;632;32
480;25;10
603;820;3
972;807;48
223;363;19
377;909;16
904;603;36
384;400;8
87;637;38
108;253;33
102;928;49
653;149;47
205;87;15
935;969;49
745;632;25
860;841;39
864;343;7
464;802;1
908;904;43
632;506;16
947;27;35
155;402;25
2;87;7
811;227;8
64;559;31
30;315;43
585;549;38
225;579;26
674;948;18
371;68;46
945;45;18
95;687;25
873;414;28
1;607;4
308;987;47
113;434;20
905;785;12
104;103;45
694;642;40
902;477;44
203;745;8
511;215;10
875;821;7
156;796;22
364;366;21
689;440;20
998;660;45
435;605;29
288;781;11
819;18;34
647;249;34
638;670;39
844;74;3
229;569;20
961;128;7
374;810;47
420;47;38
999;571;22
294;509;32
120;902;45
718;739;30
920;532;50
129;954;17
284;610;10
879;195;13
68;697;49
985;265;41
472;97;32
970;481;43
593;167;32
859;532;37
86;258;26
918;121;26
959;70;49
164;377;50
996;539;27
466;525;25
694;979;35
810;894;5
98;228;20
560;666;30
551;739;42
597;793;23
887;295;35
860;816;44
156;293;23
257;688;47
474;681;14
21;123;33
644;486;3
821;741;36
386;554;23
542;414;29
790;193;33
56;368;19
564;831;6
825;449;36
976;441;10
785;518;22
885;436;22
303;751;29
10;250;11
165;611;34
236;502;49
660;6;49
683;654;27
313;203;29
2;799;41
783;131;34
112;684;12
942;783;17
490;585;50
280;634;20
483;604;26
68;759;42
151;117;11
91;679;41
423;86;3
326;948;38
23;901;16
673;460;20
421;512;38
941;368;26
722;13;11
574;384;9
995;231;7
625;964;9
382;953;20
774;351;49
737;725;22
833;196;3
298;903;24
402;92;43
624;898;39
163;810;8
349;44;48
967;177;25
513;134;26
943;205;29
43;395;48
653;191;22
566;874;19
229;733;6
516;930;18
766;534;28
609;31;15
375;700;38
209;727;49
21;282;12
926;583;40
129;156;4
812;184;25
478;840;36
142;249;11
868;792;40
970;647;7
782;20;41
843;304;42
177;970;46
640;299;21
136;777;36
82;835;3
659;672;36
512;179;17
254;124;8
840;296;38
741;458;14
405;790;41
617;461;32
221;634;20
586;27;44
403;430;25
361;235;7
727;434;7
515;474;6
316;570;47
326;523;2
923;138;39
202;653;3
409;89;15
399;557;49
302;445;22
93;202;23
174;756;4
329;132;7
316;179;34
990;476;48
736;797;39
48;768;26
938;417;11
327;285;18
270;627;46
905;337;18
965;933;49
842;949;39
705;175;8
313;650;41
583;440;42
630;718;2
937;463;7
663;759;37
778;21;35
782;610;36
101;161;30
197;757;4
228;974;18
443;347;17
831;420;39
372;797;11
775;791;18
585;926;50
762;969;42
909;421;27
786;11;3
647;28;16
258;942;42
437;11;18
953;770;35
551;829;18
230;10;49
392;279;26
621;292;45
325;435;43
212;115;16
175;852;3
424;432;38
540;927;20
873;917;35
645;714;12
744;14;40
51;339;32
747;205;14
868;819;7
982;60;42
863;341;16
398;923;3
381;64;47
435;684;22
34;172;28
640;982;16
13;744;30
127;219;18
16;617;42
305;16;20
659;412;4
607;133;50
226;772;36
466;826;3
254;842;43
386;620;32
99;489;3
817;650;35
92;509;47
375;432;28
15;22;15
494;985;28
253;469;42
189;848;8
611;147;16
917;249;18
624;168;42
735;799;15
624;14;40
505;123;33
972;644;21
763;155;37
81;641;4
290;30;41
679;880;30
615;200;9
67;1;25
419;739;9
251;815;14
297;834;10
330;836;25
733;16;47
872;399;30
291;424;46
636;245;32
112;933;11
435;291;4
126;883;38
340;370;7
230;126;41
388;814;19
794;932;37
369;696;13
944;945;3
145;833;4
533;668;6
393;208;7
835;952;46
89;22;19
672;729;42
286;21;41
668;848;42
479;526;16
72;169;35
732;350;35
493;977;17
21;324;46
411;422;33
524;750;38
829;815;4
319;671;38
878;843;20
88;705;40
182;164;34
202;166;12
637;10;5
955;673;28
128;231;40
63;900;6
428;736;9
988;198;36
468;910;22
921;4;1
658;23;25
127;300;40
35;316;25
392;390;34
877;135;22
881;45;20
397;463;50
833;608;45
799;473;44
878;127;32
742;584;11
756;992;29
832;761;4
97;816;23
140;368;36
568;830;45
565;206;19
655;133;20
612;795;46
846;624;34
477;225;10
312;786;8
435;828;43
968;149;3
421;175;34
379;275;16
249;157;19
36;227;8
825;163;37
517;545;26
887;930;42
490;365;38
498;348;33
270;712;23
834;433;48
334;973;22
334;327;42
440;357;34
305;576;9
676;607;24
434;802;4
741;517;13
568;715;8
447;63;19
141;934;15
76;1000;12
416;823;19
701;697;28
78;863;18
832;619;28
166;480;7
322;767;1
245;722;47
966;188;11
200;908;28
334;712;3
774;411;21
792;848;17
791;411;17
637;388;46
785;409;47
358;948;11
674;157;21
542;751;23
73;746;27
617;597;32
319;632;37
14;81;26
907;732;37
130;814;42
613;697;40
533;592;14
912;18;47
238;971;39
788;277;4
331;227;25
675;225;18
44;548;48
519;489;6
137;884;45
564;4;26
38;890;25
335;185;37
80;83;12
109;570;8
673;337;14
553;236;49
21;562;44
551;682;3
766;677;21
405;978;6
168;5;19
8;134;1
972;610;41
501;744;13
692;28;44
548;229;23
645;588;12
63;475;31
112;512;26
462;93;45
589;415;23
176;393;42
843;527;29
785;572;45
210;164;5
183;95;50
854;61;4
199;447;20
958;642;49
906;579;35
203;136;27
565;843;9
408;789;21
600;593;32
155;791;17
586;241;19
353;349;34
244;956;33
413;335;1
586;159;29
291;894;20
457;371;34
930;91;15
179;264;14
404;615;6
935;203;41
701;839;17
579;941;48
753;553;47
626;180;5
80;792;10
740;212;6
438;110;46
978;980;43
497;307;29
678;774;38
84;504;12
194;727;44
455;23;30
216;957;49
35;690;49
927;304;39
81;406;4
273;148;8
827;813;7
115;659;26
584;156;47
53;806;49
747;348;40
539;904;8
431;833;38
785;426;3
470;1;19
779;160;10
590;186;37
595;911;33
349;985;35
855;884;6
803;174;19
441;57;24
468;29;39
946;46;41
978;566;20
312;936;29
430;973;24
50;831;40
970;412;20
657;661;35
87;414;38
43;949;39
157;541;31
759;41;36
997;698;18
890;641;10
403;504;2
172;268;39
155;631;6
106;586;36
668;704;34
625;439;44
867;984;25
715;584;43
857;438;23
364;967;11
542;585;40
312;791;1
46;438;42
701;526;21
211;759;3
598;886;20
478;571;34
482;816;2
352;139;47
297;333;18
179;175;26
305;647;48
169;128;49
443;385;1
25;2;12
428;835;38
643;763;35
302;876;45
214;244;30
687;642;25
333;104;23
144;837;1
879;765;26
621;728;48
179;516;17
213;296;50
274;153;35
177;148;47
704;821;10
400;770;2
548;264;43
505;703;3
430;790;5
579;277;34
919;603;23
69;937;40
588;583;30
893;195;41
474;186;40
559;593;22
796;970;30
715;514;49
837;914;28
243;553;30
302;745;3
335;163;27
455;556;28
774;388;8
118;420;41
453;400;26
101;409;35
243;77;24
870;999;29
812;377;37
402;729;35
272;829;14
145;832;17
777;242;41
198;770;13
953;873;14
268;830;7
838;68;38
164;37;47
771;94;14
250;541;6
305;237;50
924;307;34
545;498;29
220;207;29
897;190;23
226;110;48
948;601;7
898;614;25
163;200;2
914;220;22
187;560;42
306;869;43
139;379;14
992;759;38
275;762;1
626;261;26
821;35;39
400;127;32
104;325;7
109;523;13
146;305;22
398;256;38
426;31;48
831;846;44
648;75;41
619;607;34
404;810;5
262;487;28
778;392;17
550;55;50
998;321;3
662;723;37
479;67;49
18;986;29
923;823;18
928;474;39
653;546;39
754;379;39
765;299;27
423;778;1
477;475;9
382;320;24
501;458;18
503;375;9
370;483;44
112;557;28
567;513;30
165;865;24
923;707;27
480;99;2
538;989;49
844;112;13
399;473;44
769;182;3
494;825;25
906;132;18
912;287;50
638;773;16
687;260;15
279;477;13
768;379;23
444;420;32
895;764;17
766;50;16
775;436;19
605;21;17
312;979;26
363;189;21
918;716;24
670;861;32
719;405;46
967;604;33
221;168;44
374;915;30
28;226;13
140;307;2
329;840;49
84;979;48
839;855;50
761;45;17
89;980;25
188;496;30
109;171;48
410;363;20
39;260;23
494;751;13
240;497;44
566;220;23
19;475;27
994;256;12
478;169;35
109;139;41
531;641;49
116;47;20
264;971;2
534;918;44
990;203;46
104;624;2
124;930;11
153;867;47
192;561;44
690;953;49
205;185;1
375;894;36
231;130;49
886;808;4
846;653;50
330;453;38
171;758;46
783;717;9
557;421;38
731;862;38
964;729;11
430;819;48
253;18;27
800;615;7
893;904;8
144;351;47
29;128;8
399;3;34
39;771;49
597;771;27
381;199;41
883;485;13
807;990;10
961;835;3
959;361;44
897;661;21
729;149;22
1000;806;48
434;96;4
151;944;34
525;955;33
211;553;33
131;75;42
129;573;33
583;237;39
98;804;29
709;797;11
720;578;46
309;153;46
917;767;21
832;514;23
847;357;26
513;190;35
227;175;41
509;487;21
996;448;24
230;872;50
758;914;10
664;149;42
185;925;5
726;842;46
528;794;5
7;593;6
726;607;20
146;30;6
135;854;37
848;955;38
781;961;15
154;69;1
137;747;33
919;394;41
368;744;29
60;495;20
684;426;15
381;288;18
810;628;22
953;766;50
541;426;35
654;351;43
255;781;3
75;613;41
146;950;39
537;800;12
721;969;13
826;632;19
798;217;14
162;372;22
242;26;47
413;143;26
89;972;44
69;10;11
160;733;20
470;116;27
218;98;41
777;867;26
553;414;36
933;125;7
522;675;7
989;597;46
732;607;21
759;623;47
734;429;11
48;266;34
609;624;42
815;65;29
336;264;26
840;628;23
821;929;25
233;65;33
644;103;2
420;960;16
21;106;16
895;110;5
18;892;24
966;364;46
989;173;39
221;402;10
868;540;29
888;663;38
741;930;49
903;667;49
934;730;40
560;867;16
736;208;36
482;517;43
549;711;27
967;953;35
425;349;28
903;215;29
606;502;15
772;554;31
852;179;23
674;72;12
228;349;36
478;494;39
141;691;14
562;964;10
301;191;25
575;3;38
776;102;43
60;249;7
714;919;35
29;731;20
541;206;36
680;464;17
153;78;41
114;290;36
359;860;22
244;897;41
657;925;13
219;402;49
497;75;4
127;350;22
538;494;18
70;990;40
813;562;43
85;186;28
318;12;26
365;568;28
753;680;19
761;711;35
144;27;43
16;503;36
319;185;13
873;187;38
719;121;24
792;121;10
176;757;40
418;606;40
71;83;17
526;144;17
502;712;1
132;730;36
244;13;7
291;244;33
788;84;17
232;326;16
244;713;4
81;405;1
979;435;48
381;719;33
144;224;20
607;635;21
515;713;42
346;301;33
7;421;12
610;165;22
10;167;23
845;247;16
632;974;4
415;866;21
949;643;44
298;59;2
346;614;16
334;1000;31
866;188;48
206;277;22
74;21;34
720;31;3
631;458;46
107;658;16
952;513;19
354;784;47
466;850;29
854;233;21
118;789;26
715;567;36
661;784;8
4;694;18
838;463;20
352;858;36
148;990;2
35;595;45
911;720;29
711;805;18
70;633;5
443;12;35
875;915;40
928;948;33
197;139;21
677;615;22
8;944;22
840;901;25
338;99;17
19;261;16
202;266;17
160;984;6
497;161;10
463;217;40
218;116;2
636;236;12
286;143;39
832;459;18
333;971;35
382;166;35
122;898;40
822;233;33
139;644;39
697;768;19
229;439;3
343;50;5
459;501;15
1;148;14
352;16;50
841;935;17
711;265;39
880;125;40
62;438;25
303;15;28
553;101;13
53;985;26
8;9;9
24;318;9
874;687;27
349;788;50
451;467;2
619;667;15
251;573;22
396;364;38
616;756;23
135;947;19
74;243;16
22;220;11
391;559;30
990;183;46
579;902;38
814;239;16
496;474;13
113;590;40
592;334;34
864;620;5
382;387;1
77;95;43
807;184;13
378;513;21
505;790;33
261;455;41
871;296;41
150;973;26
608;212;2
465;794;14
805;837;25
604;150;39
704;718;25
444;984;27
602;854;23
298;139;22
349;568;19
452;943;12
625;674;40
254;391;45
643;985;4
905;496;42
416;557;7
554;531;26
680;438;35
432;432;50
157;831;25
991;15;45
41;615;43
529;549;18
49;566;39
245;965;30
495;10;43
243;642;15
774;730;26
7;482;8
949;533;17
922;927;17
409;513;11
957;451;11
655;431;43
478;337;18
244;568;35
417;895;35
498;118;2
180;251;28
3;714;42
363;614;49
267;108;37
306;30;3
880;133;42
472;710;23
166;819;35
683;539;3
645;343;47
518;486;4
541;473;23
218;716;17
510;944;12
267;370;11
689;309;16
763;689;42
393;288;24
941;873;42
362;40;5
524;137;47
315;262;27
62;407;30
707;20;36
97;255;4
848;313;49
784;260;11
658;704;25
952;715;1
584;474;18
696;205;2
868;688;1
705;662;19
764;514;21
530;189;30
354;156;50
109;202;21
208;253;19
381;960;8
408;9;7
136;749;34
828;232;25
577;467;29
274;357;8
517;958;46
232;11;35
796;624;44
292;543;35
94;145;40
377;451;4
91;879;50
190;261;40
405;383;36
698;39;11
737;776;16
766;346;1
85;894;26
20;357;13
198;222;32
712;418;21
431;784;31
30;65;9
7;383;25
400;413;43
642;399;40
384;361;25
12;158;14
704;125;15
306;157;48
601;752;26
675;114;50
756;829;4
923;314;50
745;349;14
280;304;37
825;856;15
275;254;42
602;127;26
478;771;29
646;402;29
153;685;25
960;151;12
110;405;19
771;598;49
446;42;6
648;650;4
10;822;11
630;595;15
855;348;31
37;538;34
734;186;11
716;229;22
964;141;34
630;672;42
843;879;45
676;989;43
768;129;41
556;769;1
1000;20;20
359;613;24
485;970;36
55;210;26
82;940;38
291;538;15
841;385;23
215;148;30
102;465;36
837;234;1
747;665;1
779;3;30
422;254;38
385;975;33
765;329;25
584;717;7
503;820;34
682;365;49
401;530;31
901;651;10
71;590;26
515;882;9
247;356;8
763;258;6
955;99;49
771;492;12
332;388;12
968;898;31
884;477;49
839;719;24
388;645;46
943;66;35
131;440;45
817;758;7
383;176;48
8;127;35
984;81;15
139;594;43
656;520;35
889;164;23
219;916;40
976;16;50
553;886;27
159;444;13
961;208;47
344;28;36
459;646;3
709;539;24
327;650;5
661;419;11
634;77;29
878;364;16
180;876;24
311;583;14
622;48;6
817;940;10
113;570;30
472;275;30
708;17;12
73;796;42
948;944;7
181;53;27
699;329;18
135;780;27
849;794;46
226;211;32
548;29;38
431;43;21
617;824;31
241;909;4
257;54;30
675;523;49
212;365;16
238;986;10
959;138;47
478;458;14
521;635;5
66;391;48
439;536;4
543;700;17
343;550;10
131;874;7
158;292;43
601;133;41
611;371;43
813;108;3
181;264;32
461;299;44
625;532;11
335;164;36
859;475;49
828;416;13
688;378;34
804;880;8
615;777;43
116;246;39
573;895;24
532;102;4
146;182;21
957;500;11
337;942;42
150;417;41
546;432;21
471;765;44
262;247;32
933;526;38
130;72;43
875;544;16
765;325;24
373;301;4
245;667;3
777;267;49
256;365;27
258;382;8
866;65;29
855;663;25
281;408;30
713;746;32
826;404;10
848;246;41
484;541;15
620;733;2
260;508;18
556;400;39
760;444;43
650;617;11
937;365;26
458;850;36
875;531;44
966;775;38
55;23;11
932;670;21
193;319;44
349;905;17
364;207;15
228;296;38
864;526;2
364;85;42
36;532;45
164;254;19
139;665;40
720;320;10
664;276;20
764;428;24
17;159;4
896;797;35
124;790;16
740;706;42
224;836;27
262;184;36
101;665;47
161;308;11
412;560;22
436;708;40
316;114;3
84;374;14
663;540;23
865;717;27
626;164;1
925;544;13
340;134;35
507;339;36
913;800;41
694;548;17
396;61;19
134;156;26
724;812;27
507;3;40
235;256;21
467;917;46
699;240;41
663;814;49
832;624;16
718;53;50
462;996;43
266;495;33
488;758;6
398;526;31
333;582;36
94;427;9
606;231;30
320;248;11
977;200;6
760;914;23
170;995;25
757;932;40
705;879;16
740;742;4
323;132;28
104;754;17
916;735;19
473;886;34
673;92;3
949;775;3
703;394;39
267;805;2
204;927;26
291;623;13
363;240;8
607;819;1
363;79;34
435;403;42
318;441;46
96;967;14
970;110;4
817;704;15
938;902;9
503;214;14
195;605;35
55;372;25
63;454;16
793;819;28
607;163;35
378;461;11
698;396;12
35;668;7
386;385;15
165;464;33
24;31;4
480;286;32
320;42;42
946;755;12
298;858;44
155;30;28
40;799;11
304;479;32
861;99;16
687;485;20
900;728;47
78;646;39
613;175;23
746;637;28
202;110;6
782;796;24
735;938;47
82;45;50
131;390;12
406;557;20
913;670;28
600;382;37
213;864;19
968;348;34
959;434;32
385;144;20
550;780;21
297;228;3
237;906;24
811;446;32
312;789;19
551;405;18
883;981;10
428;602;41
284;63;44
29;52;9
696;954;25
694;445;17
628;988;45
721;431;34
487;101;7
662;710;11
401;53;41
317;387;44
31;718;38
827;6;33
982;435;46
434;956;25
587;705;1
275;741;24
295;388;30
928;497;11
551;744;21
81;755;46
826;659;43
884;538;29
514;269;45
762;494;10
456;663;32
625;191;9
845;29;6
303;452;46
472;373;34
968;182;16
311;959;17
12;445;8
393;345;4
979;985;4
691;962;20
967;991;20
345;696;29
42;194;46
280;629;26
284;470;7
351;617;22
169;643;34
861;168;22
772;792;14
762;73;50
882;574;23
670;728;29
966;586;25
691;157;49
693;199;6
542;169;15
757;969;45
638;601;33
255;833;35
410;804;31
800;984;44
577;560;34
974;796;6
142;337;48
569;921;11
678;68;27
354;440;20
392;791;11
581;595;36
467;196;35
1;886;45
783;958;32
369;504;37
556;605;33
450;764;26
486;910;13
573;281;2
49;585;8
185;291;42
178;817;10
426;952;32
929;172;45
330;679;40
508;860;21
654;856;13
259;93;39
319;986;25
628;188;25
944;852;26
405;152;28
477;846;1
612;595;32
824;914;31
204;658;25
924;293;22
45;282;11
85;75;44
367;534;50
988;463;36
10;594;46
177;993;24
647;499;13
722;703;8
670;699;38
249;156;10
959;73;47
946;851;30
667;182;48
565;738;19
628;568;23
320;694;45
146;782;43
400;378;3
442;288;16
463;115;47
465;193;5
825;668;33
315;623;5
171;584;47
957;973;11
536;672;50
636;435;5
235;933;26
724;198;15
332;721;13
462;217;33
462;320;46
710;989;24
312;124;20
357;903;46
527;791;44
741;450;47
529;915;2
228;665;13
518;956;24
634;487;22
976;878;42
112;537;47
901;791;33
584;5;25
412;611;45
569;160;19
193;898;30
658;738;17
590;72;5
604;245;17
593;618;49
162;850;42
478;287;18
597;660;15
963;305;47
694;737;31
654;942;33
956;449;32
558;177;42
833;488;34
722;498;10
9;256;40
372;605;32
533;66;47
656;723;35
392;64;43
357;411;43
597;392;44
465;471;32
587;669;27
913;933;41
401;658;26
279;914;24
854;886;11
243;247;36
764;725;23
993;173;34
468;897;29
406;284;48
218;938;49
797;338;33
375;733;18
733;652;50
913;642;19
393;139;16
781;194;9
648;154;1
854;821;44
444;63;24
157;63;13
195;899;14
245;289;1
217;985;44
315;446;16
993;823;5
189;661;19
676;16;47
637;331;40
854;566;34
238;348;50
838;876;11
200;482;16
866;193;28
680;415;12
155;732;50
115;87;3
736;643;22
585;947;27
940;97;48
399;759;43
61;819;32
411;761;20
983;934;40
617;404;11
782;536;21
720;204;32
666;487;9
180;998;30
570;353;35
722;572;27
87;763;8
87;518;4
438;751;31
499;249;36
226;384;10
567;741;14
248;456;41
630;643;6
926;409;15
106;609;7
930;946;12
225;638;14
767;974;22
321;80;44
704;153;3
152;475;39
521;137;50
464;77;9
684;998;49
591;352;26
661;177;38
533;937;5
430;581;21
684;337;19
685;724;15
761;148;45
561;794;34
878;32;31
37;422;26
214;473;4
495;888;24
261;863;31
2;104;44
583;736;24
287;15;15
168;687;27
879;727;19
838;644;45
869;385;7
571;867;6
821;662;22
639;25;22
74;64;27
839;937;29
691;626;39
647;527;18
805;288;1
540;845;38
209;846;15
171;227;15
833;649;41
482;655;16
298;810;11
586;868;29
648;470;18
259;881;25
413;928;36
178;597;12
680;19;34
830;106;19
335;189;29
36;125;30
260;570;9
528;507;43
856;577;47
48;888;37
263;798;38
990;308;15
825;154;18
660;550;26
503;64;4
454;426;38
24;117;32
855;607;31
460;678;11
876;271;47
289;356;50
324;8;48
60;204;35
568;350;16
650;660;31
426;902;46
116;914;41
413;81;13
226;254;49
328;350;33
421;388;12
485;137;36
343;486;28
597;941;17
81;448;25
361;545;44
858;320;48
20;146;5
489;530;2
125;608;23
968;775;29
366;613;12
445;211;19
841;378;33
366;456;7
634;179;8
711;271;18
19;865;38
872;380;46
288;616;18
684;805;50
584;597;39
528;795;4
651;953;36
167;681;20
745;198;11
903;988;39
235;916;1
596;14;2
155;82;25
450;201;22
41;525;40
375;735;50
424;719;28
348;312;41
246;255;48
246;612;46
161;934;20
963;837;4
92;4;7
386;49;21
622;194;50
201;972;11
37;417;9
405;61;3
416;12;30
35;492;9
521;577;43
414;285;2
649;37;48
828;825;1
965;673;41
592;472;47
363;250;1
423;916;46
364;173;19
732;185;24
372;153;48
780;736;14
868;473;1
824;846;17
126;664;24
956;878;33
648;611;48
487;96;26
480;451;1
73;958;2
123;714;49
188;910;31
687;193;32
424;87;39
146;300;33
918;142;23
304;789;23
394;588;14
844;677;10
77;73;28
460;480;42
234;420;18
728;506;18
843;210;25
264;421;13
609;382;26
956;421;14
551;787;10
950;989;22
20;806;22
918;99;3
524;44;42
357;753;32
943;119;44
57;672;44
431;905;19
609;582;7
51;877;43
45;932;27
494;999;48
591;539;21
858;391;11
100;519;49
188;587;24
449;7;30
795;63;18
932;823;22
521;48;7
641;254;3
200;311;5
534;50;14
903;170;48
349;435;41
620;801;2
643;758;2
455;948;36
382;847;30
177;625;31
437;829;35
971;514;6
998;808;42
136;867;23
169;135;47
61;395;3
773;822;31
1;132;44
983;543;13
557;511;15
967;7;37
346;198;11
411;966;10
761;186;45
901;428;12
493;525;25
508;118;22
886;962;19
461;475;33
489;872;20
631;150;15
707;563;23
800;595;19
482;110;25
711;901;7
837;164;31
383;102;23
764;45;33
731;202;32
237;422;14
978;937;20
546;57;48
708;423;48
638;137;18
126;520;35
132;111;1
353;948;26
676;362;12
418;341;40
311;635;4
273;601;10
535;301;15
653;296;14
206;685;9
741;670;30
821;11;3
174;641;6
646;860;25
392;36;40
733;752;37
600;305;22
687;774;31
4;134;33
809;964;6
113;823;26
710;53;12
442;641;43
388;852;49
119;711;46
823;822;45
165;624;6
394;204;48
567;389;23
598;999;17
980;476;15
605;668;18
331;776;34
895;581;41
642;896;24
572;44;39
470;194;9
779;297;9
668;11;50
302;621;37
806;100;26
667;758;15
703;998;20
117;150;39
862;63;3
745;865;30
419;620;31
127;592;26
525;262;15
64;389;32
976;617;10
70;830;45
40;919;1
406;744;1
587;835;15
296;565;26
600;457;8
864;30;11
622;101;47
25;188;28
963;545;33
169;274;6
412;295;37
176;220;8
266;827;19
745;222;42
441;542;47
6;945;32
3;841;12
860;504;19
297;909;5
958;959;49
428;981;32
205;275;26
149;24;9
320;978;31
162;319;22
282;419;47
134;382;16
489;828;21
794;664;6
688;996;33
742;607;35
353;383;22
424;188;13
640;247;31
996;283;16
892;378;23
808;957;26
638;696;34
819;750;30
876;715;12
225;805;29
391;79;37
481;385;19
612;332;13
776;810;27
335;948;46
102;125;48
282;296;41
876;869;26
842;136;23
778;878;49
925;246;31
243;1;49
370;773;48
346;414;24
253;75;6
721;29;25
799;470;19
983;114;45
622;373;13
894;772;44
230;921;40
999;979;39
734;260;6
659;896;4
717;778;31
423;961;1
390;847;48
529;268;4
77;124;17
507;443;8
525;192;39
910;352;31
985;279;34
755;393;44
966;139;24
565;848;35
43;889;39
243;451;21
723;361;6
353;997;23
335;730;7
213;187;30
419;468;16
854;125;7
47;641;37
150;654;21
951;368;40
387;333;3
550;556;47
964;777;36
522;182;35
384;691;26
401;192;7
952;791;16
438;277;45
257;354;7
768;262;5
685;863;6
211;159;4
308;143;22
58;654;7
955;586;48
441;164;41
477;584;46
207;211;16
177;522;6
847;861;3
299;932;33
592;746;7
911;439;47
172;537;38
942;205;10
930;496;41
380;468;16
698;29;29
768;289;28
472;151;47
50;408;32
210;786;28
797;975;23
182;677;46
435;831;22
322;664;6
385;295;43
19;945;12
867;522;2
493;218;17
990;11;46
684;158;24
982;198;31
141;192;26
537;528;37
598;963;20
441;592;30
981;959;17
552;328;45
1;879;8
606;898;25
554;250;5
950;5;35
743;426;41
72;56;6
671;652;45
498;405;1
557;299;19
47;10;18
490;156;11
720;30;27
419;254;26
899;817;47
301;795;24
848;167;21
593;824;39
397;642;15
808;56;14
567;573;40
384;112;50
820;300;37
582;310;11
160;178;19
212;82;2
681;132;41
888;910;37
143;425;43
975;586;39
7;965;13
47;503;27
179;757;38
872;739;29
906;686;14
718;870;18
54;761;49
74;227;18
731;163;31
772;652;13
52;160;27
9;451;10
822;421;13
311;747;20
813;164;27
255;208;46
897;916;45
37;348;21
216;677;22
524;264;13
257;386;47
45;705;43
277;632;50
283;170;15
474;403;19
610;849;5
558;72;3
969;654;37
138;336;12
441;910;18
610;521;22
832;717;5
19;923;17
696;647;18
510;943;48
657;638;23
972;524;44
671;986;29
962;942;1
528;669;8
603;785;20
683;282;26
333;339;12
633;2;18
977;884;32
413;433;43
901;440;40
792;194;10
394;854;18
115;635;1
982;30;23
414;525;34
735;433;45
205;671;40
741;659;6
191;508;43
730;171;32
656;914;36
945;283;5
144;214;33
102;750;6
471;113;44
950;811;6
29;151;46
784;725;21
110;588;42
78;330;38
720;804;20
462;904;29
49;90;25
254;793;42
765;686;47
691;111;15
729;252;10
985;57;34
938;98;28
684;996;41
16;842;35
20;581;34
531;18;20
330;339;34
306;348;38
366;573;44
140;3;18
261;661;31
124;631;47
923;681;40
407;395;12
849;762;16
690;76;1
413;231;29
997;965;13
704;772;36
32;998;39
935;677;25
770;148;2
723;847;7
835;1000;17
446;424;23
8;961;3
670;582;18
344;73;49
93;822;48
324;418;4
832;689;44
10;653;42
637;655;2
103;728;29
4;50;5
530;449;9
6;54;8
861;548;24
239;982;32
880;875;50
709;950;39
425;206;2
582;160;50
287;36;31
755;424;38
161;530;1
939;753;26
596;747;14
503;665;3
749;769;43
236;132;36
279;855;23
785;841;6
563;353;8
536;542;43
627;585;15
251;295;47
661;345;6
351;610;15
729;596;18
157;864;9
867;924;19
989;778;17
34;202;44
180;111;22
677;376;25
339;472;9
169;651;40
263;824;4
248;179;36
51;532;13
735;629;35
47;493;41
730;425;14
494;832;31
384;107;12
177;418;50
792;982;35
451;71;28
468;876;6
867;84;4
228;708;3
598;908;15
833;993;39
207;836;3
548;177;20
82;293;39
140;482;41
40;578;30
140;95;47
893;40;25
87;950;30
328;77;16
77;904;31
607;262;13
620;765;25
546;623;14
63;5;48
71;492;11
648;340;47
82;710;16
58;611;15
226;216;44
476;388;39
279;327;3
354;746;34
62;464;31
217;188;37
152;754;3
950;549;17
836;33;49
363;556;15
325;979;45
234;614;2
545;64;5
951;369;12
41;568;13
598;473;21
673;735;31
426;693;7
137;369;49
796;180;40
414;484;6
283;383;3
518;235;7
986;834;32
14;372;49
132;659;29
554;141;13
171;424;4
108;472;8
157;150;31
853;465;45
322;375;41
987;430;17
273;895;32
510;636;50
3;187;47
818;646;29
566;977;9
693;370;14
216;754;48
146;240;24
989;309;26
324;947;42
620;592;38
347;695;3
300;678;14
446;483;44
328;430;40
69;36;18
627;461;29
951;954;8
969;891;44
131;42;18
618;739;28
378;680;49
306;386;41
842;633;21
550;581;48
321;515;44
923;186;38
71;714;26
770;490;31
679;728;21
341;540;13
591;726;15
561;553;2
793;354;24
832;743;31
914;147;37
678;86;38
11;907;36
268;255;3
103;292;9
477;940;8
815;38;25
353;533;34
729;485;37
735;981;11
267;351;28
509;462;28
570;629;11
59;309;5
94;711;14
296;555;37
977;965;15
181;547;21
490;617;43
820;930;44
955;571;49
673;514;36
107;781;21
143;510;11
591;463;22
66;988;32
471;524;42
494;816;8
916;937;12
88;410;36
309;39;44
856;976;10
300;104;25
782;520;14
375;107;32
570;529;46
598;764;22
231;289;20
324;72;2
334;7;27
563;3;30
352;955;19
196;985;21
776;505;29
792;279;15
873;269;38
555;893;31
188;800;32
611;817;42
254;499;25
306;842;26
479;536;45
198;312;27
639;604;44
632;930;4
662;249;11
484;146;22
142;362;33
434;808;1
278;692;45
871;14;40
589;447;20
227;228;3
459;153;36
746;478;16
628;608;11
678;939;43
324;9;29
690;840;7
73;47;39
831;305;33
495;484;23
109;904;22
63;431;37
576;645;22
876;797;22
267;61;32
108;353;35
224;377;37
231;10;34
192;790;37
812;181;25
294;637;33
702;433;43
59;31;33
788;373;44
92;448;47
364;716;34
640;205;19
740;27;29
752;994;44
505;29;43
241;107;10
244;83;30
100;745;47
312;981;41
603;392;21
209;250;26
542;462;10
340;448;50
44;670;48
4;813;24
258;731;39
695;867;16
842;161;9
711;478;24
803;627;47
199;262;13
847;545;42
653;248;33
865;102;11
566;117;42
136;388;40
534;467;50
213;176;27
173;632;28
476;484;15
732;147;21
25;884;23
445;603;17
801;306;46
133;827;12
428;59;4
188;185;47
354;677;38
774;910;4
329;379;19
792;658;28
789;10;24
272;678;4
447;94;7
985;348;49
281;345;24
833;117;42
291;521;21
32;222;7
187;641;35
553;969;3
258;805;38
175;447;48
249;568;23
624;100;9
900;262;20
349;598;30
751;874;24
497;848;6
867;997;4
264;699;7
118;172;22
997;938;7
730;260;26
910;940;33
157;724;36
503;93;13
881;790;2
160;226;18
823;72;22
239;966;33
69;192;48
637;330;10
460;41;33
357;640;37
29;560;44
456;441;12
499;292;42
420;741;48
575;784;8
158;687;26
821;268;10
697;828;40
737;847;17
95;764;18
900;942;34
175;779;24
53;637;18
7;648;4
849;81;26
872;169;11
284;994;16
241;694;48
621;793;20
450;525;32
668;170;6
384;233;2
895;576;27
731;389;1
340;974;2
195;646;35
148;240;8
315;638;33
996;458;44
60;666;13
228;649;43
941;899;35
579;63;47
532;155;42
769;498;10
90;448;25
737;796;38
477;211;44
114;575;32
554;285;7
860;438;18
452;138;24
237;39;43
663;943;28
942;97;44
354;353;44
586;71;42
200;785;39
492;914;47
455;403;7
20;504;39
895;82;1
977;602;34
402;414;46
971;729;38
352;472;4
265;673;22
161;305;6
428;257;27
47;178;43
403;214;28
793;822;21
937;980;49
396;435;44
295;846;4
337;695;18
77;281;20
429;890;22
301;417;28
633;789;4
719;341;26
257;470;28
94;700;27
705;444;37
183;750;19
309;13;24
349;948;15
352;483;22
191;727;26
565;5;46
958;985;14
251;456;9
960;205;6
400;76;1
447;274;11
935;449;7
244;363;48
864;362;32
212;618;6
365;157;1
924;911;25
317;214;20
109;903;8
527;498;13
304;960;23
94;829;29
107;371;1
572;256;47
51;523;5
411;935;39
968;650;8
397;795;40
104;802;25
722;35;11
85;487;34
675;118;21
991;353;37
780;298;17
789;850;44
830;403;49
474;638;15
242;25;9
423;835;28
843;896;25
276;275;47
922;983;46
697;996;36
67;340;46
176;963;43
88;462;42
881;822;50
707;688;32
7;797;44
555;494;32
550;266;7
276;1;1
723;633;45
678;893;26
644;522;26
408;34;40
368;101;6
879;650;47
773;547;15
911;455;38
370;731;13
296;905;10
587;594;23
661;260;5
377;155;50
503;424;50
2;97;44
385;605;38
232;927;30
308;903;28
523;476;41
723;695;38
77;472;36
87;503;24
516;268;12
457;620;5
146;28;23
652;257;19
955;775;36
495;181;26
442;657;3
972;390;34
91;571;23
347;568;40
167;194;45
665;414;5
125;613;10
466;257;39
503;907;11
469;193;37
320;202;11
377;182;48
71;916;1
872;579;30
540;209;16
891;611;4
664;751;43
789;229;28
697;283;18
451;477;7
429;607;35
15;574;14
325;584;30
318;26;17
238;439;48
613;64;37
3;144;18
703;717;32
374;682;27
919;350;23
647;619;44
423;584;33
816;277;19
276;578;9
678;957;43
15;523;22
248;335;42
26;501;10
612;841;1
325;178;1
597;281;4
954;815;25
557;969;9
113;292;10
973;848;26
173;166;15
678;48;14
178;854;50
576;491;39
911;892;4
669;756;23
401;38;36
918;697;23
886;648;36
787;252;33
736;580;28
764;323;8
951;182;26
162;890;23
839;267;32
56;410;10
942;561;29
105;28;5
316;974;21
302;751;30
624;718;40
741;605;3
166;270;37
851;37;8
398;869;3
203;771;48
285;976;2
422;171;30
608;128;36
201;301;7
753;332;31
806;939;26
508;486;15
747;947;34
181;369;15
278;417;20
530;992;21
418;514;29
343;685;13
349;937;15
710;201;45
287;867;13
677;297;40
266;362;14
329;813;38
469;998;17
870;897;33
876;816;46
444;648;5
749;184;36
180;498;25
863;17;14
42;719;18
892;718;47
794;901;19
690;559;3
161;899;29
703;318;2
975;624;35
517;109;33
653;840;25
463;345;48
110;692;19
847;185;37
809;494;50
864;455;8
824;793;48
526;182;44
315;351;15
900;111;3
41;198;50
863;140;27
475;414;11
382;688;34
450;918;42
589;918;34
727;617;9
777;49;8
609;13;17
70;679;30
758;908;8
303;866;13
234;440;18
848;688;1
392;463;24
37;742;10
961;339;38
850;641;17
903;114;9
700;182;1
670;772;31
967;435;47
11;283;37
203;562;45
133;870;31
725;991;22
968;426;44
409;46;9
336;433;5
307;102;40
188;548;29
16;23;23
146;37;24
25;837;19
144;779;7
284;34;17
435;925;30
752;380;33
189;750;41
81;87;29
946;993;25
882;683;5
920;420;12
810;463;25
427;541;33
620;808;40
908;547;21
374;631;32
477;565;23
488;736;17
163;247;29
646;663;30
39;434;22
103;241;15
312;413;13
90;348;1
976;791;47
227;161;14
164;263;16
234;454;36
185;549;38
649;461;1
491;762;14
473;728;40
552;509;39
181;105;50
914;275;3
556;858;32
187;444;21
432;624;39
720;976;31
849;36;30
270;97;23
796;328;41
718;914;32
459;161;21
354;603;30
336;669;14
820;999;17
954;117;39
763;911;27
566;615;47
98;133;14
704;629;22
261;149;30
609;658;22
447;587;18
703;82;17
12;850;3
284;161;49
658;857;32
7;394;13
174;265;35
270;663;39
171;519;16
75;987;4
741;507;21
721;979;45
421;946;14
779;61;1
286;583;44
296;686;12
275;11;1
805;571;30
17;843;45
512;683;40
363;226;11
278;813;47
243;8;34
1000;435;29
491;895;11
22;566;26
311;141;14
706;363;36
71;913;6
247;221;19
333;594;11
627;52;40
909;655;35
70;833;50
524;693;15
774;614;10
757;899;8
627;574;9
267;978;10
867;944;50
368;526;42
347;287;34
279;820;25
103;623;6
132;910;1
709;728;28
529;136;27
821;946;25
281;723;23
162;201;27
478;561;48
10;152;37
948;985;43
823;280;4
755;48;36
719;878;41
622;368;30
388;987;42
725;954;11
766;871;9
335;286;20
527;649;43
914;268;41
774;385;29
204;526;12
611;541;45
710;442;19
491;585;3
490;33;46
187;46;16
796;579;47
895;676;38
255;883;15
44;46;20
1000;377;29
197;458;21
70;493;29
623;869;37
19;56;43
848;436;13
771;689;48
931;657;38
862;898;27
396;34;44
129;333;4
846;333;10
593;290;39
287;452;30
818;835;23
33;979;19
896;240;26
526;17;2
644;495;4
840;383;34
529;478;32
698;988;30
923;393;17
589;14;19
369;872;10
677;865;6
483;487;50
878;768;48
747;711;46
450;977;50
410;221;13
454;305;41
925;912;49
184;878;12
658;794;46
468;729;15
941;716;46
611;571;50
317;41;5
427;581;11
297;469;48
328;634;27
969;96;9
982;861;1
339;842;50
851;32;12
100;712;50
614;20;21
906;681;35
839;846;21
522;986;46
827;719;10
53;160;7
417;125;40
745;794;9
164;165;21
851;439;19
593;812;46
182;467;5
437;646;31
190;852;13
343;806;12
561;280;25
931;14;40
221;75;15
622;516;42
892;594;19
885;529;9
911;562;32
623;442;20
426;234;5
905;153;9
565;893;32
180;693;26
835;565;9
353;723;14
417;956;36
127;329;10
236;511;27
882;313;37
522;862;29
191;592;8
164;886;3
65;849;9
905;713;38
695;982;45
641;116;14
737;227;12
988;728;8
684;513;39
954;768;49
212;39;35
497;57;1
152;333;32
374;378;1
564;414;38
159;577;2
968;213;10
698;753;32
741;856;46
903;957;36
766;398;46
288;3;17
27;419;15
175;567;14
940;998;48
283;32;30
499;196;32
134;2;39
886;17;4
512;356;45
168;686;47
954;812;19
594;371;33
991;663;5
475;864;41
615;686;12
775;889;14
752;154;7
334;507;43
50;602;47
215;657;19
729;217;42
135;706;20
483;16;42
731;810;11
332;96;32
197;794;11
473;174;16
850;886;46
758;411;15
9;154;11
270;363;44
214;523;23
18;934;22
155;325;27
963;855;1
83;257;6
837;406;30
287;642;47
86;2;5
788;6;3
843;546;39
235;910;23
648;374;47
923;4;26
511;858;8
463;712;16
315;939;12
901;747;1
665;609;38
369;970;20
960;30;22
633;195;18
744;626;12
746;320;28
998;806;27
459;953;49
343;133;37
970;425;16
6;389;21
377;218;39
988;13;32
796;387;6
818;846;17
874;918;6
885;96;43
174;404;1
86;56;14
125;139;23
180;785;41
297;91;40
206;726;39
253;490;30
482;86;34
240;126;20
647;409;26
551;535;42
832;785;38
904;21;50
298;828;20
78;897;35
304;157;2
932;932;1
378;474;35
612;505;43
658;311;33
162;695;36
558;399;11
341;726;31
924;623;47
847;766;17
713;42;50
313;622;24
386;809;13
435;872;26
223;115;10
821;249;49
747;396;39
920;812;10
498;862;31
376;992;44
333;231;29
454;979;7
978;147;30
805;315;5
823;971;12
556;402;35
243;896;10
666;943;9
749;850;44
155;956;33
743;964;38
233;529;7
964;685;47
132;778;40
405;287;19
397;541;37
659;377;33
856;888;40
731;517;2
830;527;3
95;740;4
328;362;14
790;534;47
794;893;27
249;691;18
544;102;6
318;826;43
186;168;49
814;593;8
820;886;4
62;691;43
820;195;2
937;564;11
909;757;30
601;315;24
568;358;40
801;254;25
839;895;10
455;616;27
379;728;7
899;800;33
199;297;35
357;332;24
145;962;20
301;24;35
938;465;28
479;538;2
587;142;48
824;885;13
280;443;18
267;738;19
465;828;8
304;984;16
267;909;35
49;708;2
490;227;36
634;476;36
366;669;36
330;430;2
761;491;30
195;225;35
285;977;8
455;996;37
228;824;35
76;560;15
168;195;22
444;469;38
41;243;9
91;368;50
310;215;39
477;557;42
526;950;39
740;267;19
595;244;21
651;339;11
951;539;23
911;421;33
497;816;42
901;260;11
81;764;47
831;761;5
145;848;31
164;558;11
599;408;9
861;703;49
43;850;23
787;265;49
744;479;33
242;698;8
65;690;29
616;272;30
91;177;36
109;869;26
43;253;9
627;494;37
834;168;10
649;276;29
36;790;34
201;540;1
476;679;49
466;504;18
114;3;7
700;56;44
295;14;20
21;460;50
571;650;17
210;320;22
537;573;18
17;341;22
35;366;15
703;380;10
903;673;18
373;870;2
27;792;35
625;410;35
847;89;17
700;235;6
927;43;42
919;627;42
505;305;27
598;19;32
296;29;27
302;524;16
323;148;41
321;31;43
476;521;7
382;733;21
207;322;47
708;935;27
972;432;21
727;911;31
507;656;47
36;12;32
894;286;12
748;757;20
830;777;31
981;588;29
51;482;18
440;446;31
893;692;9
489;360;23
199;541;16
464;774;47
650;647;45
977;231;41
993;840;2
366;823;48
95;612;18
338;700;9
698;566;38
95;798;21
153;919;47
575;155;8
842;714;5
91;809;3
257;96;25
30;1;17
774;870;36
630;46;29
541;460;19
289;90;34
877;993;43
567;310;46
388;682;45
394;581;42
793;139;33
797;512;36
962;514;45
785;814;23
425;499;15
698;942;15
639;932;9
765;276;43
780;499;31
738;890;44
257;306;9
99;512;13
654;476;24
378;791;23
721;72;47
606;427;48
392;459;1
102;95;23
310;555;24
591;493;38
567;321;25
41;15;39
733;858;27
282;221;33
174;346;49
730;271;8
51;537;12
195;222;23
774;708;1
714;638;2
273;479;34
969;263;31
308;619;43
937;889;23
268;32;22
151;558;33
192;72;36
423;424;47
942;221;8
756;921;33
774;18;47
615;853;2
118;935;9
178;636;16
775;874;12
560;196;3
487;518;16
13;966;9
538;798;4
561;649;19
233;593;49
823;943;9
15;724;10
986;454;25
887;744;22
824;527;5
659;720;35
320;399;27
882;364;8
663;250;38
9;439;40
109;463;45
636;143;34
942;545;8
803;650;9
70;344;34
98;573;23
256;458;31
984;142;50
209;670;16
529;738;30
928;311;14
342;300;32
178;74;31
324;827;16
952;84;42
810;136;26
841;146;50
88;346;33
218;185;6
843;720;26
202;879;30
702;19;14
318;616;17
910;155;50
74;623;21
399;461;23
970;288;16
755;627;19
858;137;9
349;150;49
943;327;5
709;705;18
395;136;44
534;879;42
94;381;33

