500
12241
3000
89;54
61;42
31;55
48;99
86;62
14;8
20;80
74;71
11;93
21;100
18;75
9;23
20;66
60;6
23;67
32;89
10;30
72;35
54;2
9;18
31;19
96;31
11;52
91;63
88;7
43;98
55;3
72;79
30;69
57;40
97;23
72;5
13;36
67;59
70;52
12;71
67;73
97;14
62;84
56;3
93;15
34;14
87;80
37;95
92;14
56;90
56;63
55;78
65;35
55;88
92;52
55;55
45;35
54;2
39;3
93;91
21;61
34;67
64;8
50;87
87;15
68;50
8;33
11;69
14;49
50;24
80;70
48;29
97;54
47;80
66;44
26;34
81;76
38;47
4;45
81;56
17;53
74;89
5;84
9;41
21;86
96;76
85;71
93;22
20;66
79;62
21;81
3;96
52;29
62;41
56;38
68;1
69;55
81;56
10;100
58;82
45;24
76;40
28;21
92;17
84;3
86;73
54;38
88;17
78;20
11;84
3;67
73;43
100;67
34;17
1;1
80;45
66;81
31;56
33;10
59;62
88;76
61;89
6;77
25;39
47;16
49;18
91;32
87;45
24;66
4;89
84;79
5;65
60;2
48;76
8;57
13;50
1;97
100;78
89;71
94;19
11;31
15;97
6;82
97;71
28;92
72;4
72;91
55;63
80;62
24;59
29;2
41;36
89;44
26;84
67;93
79;87
75;54
21;18
81;63
17;2
44;56
81;69
92;16
84;26
13;6
79;43
19;73
85;36
14;55
95;27
47;86
68;90
38;11
24;29
56;9
10;53
53;67
100;6
6;90
31;6
99;2
100;67
95;70
84;19
67;62
9;86
71;14
37;25
9;30
72;30
42;11
40;21
25;44
49;34
100;97
35;72
3;57
55;74
29;61
10;81
61;19
61;51
33;41
46;31
6;83
44;57
21;33
10;97
66;96
27;48
43;13
82;11
64;76
65;97
5;75
46;100
34;92
6;4
66;35
27;52
47;45
57;70
91;39
38;73
84;19
66;22
14;90
31;40
6;86
93;33
31;79
18;35
1;77
5;27
33;48
37;1
20;81
18;33
21;29
95;94
66;33
35;10
55;89
97;62
97;65
64;20
42;69
65;99
2;68
37;42
76;73
42;13
83;23
32;45
35;40
57;52
84;33
54;33
28;28
14;34
46;67
82;7
19;89
7;78
70;31
35;54
61;89
31;53
22;94
18;40
92;34
60;89
46;16
30;3
10;49
77;91
52;68
82;18
86;7
52;87
24;50
62;7
5;64
56;32
56;39
81;40
93;37
12;95
84;33
91;36
89;51
2;65
99;53
45;57
31;95
72;39
8;91
80;77
75;58
90;63
5;26
81;54
90;28
69;50
91;17
95;64
89;38
37;21
3;22
70;64
5;78
83;85
34;4
73;72
73;35
23;57
94;54
21;63
7;3
11;9
90;40
83;59
17;30
98;30
93;87
30;18
45;10
69;6
75;13
30;36
57;15
81;54
62;4
17;21
40;34
86;100
46;22
13;25
18;80
73;12
8;39
76;21
71;81
58;61
22;3
90;48
84;99
66;19
41;75
54;5
44;94
98;16
21;98
37;13
4;34
21;76
77;63
32;39
3;70
26;14
27;26
42;22
46;9
35;91
52;29
72;39
4;85
19;80
25;84
46;77
7;66
8;13
46;55
40;86
17;97
25;46
63;62
18;21
79;39
93;62
29;55
10;3
16;85
97;4
93;30
41;11
46;23
93;44
57;6
18;100
20;71
71;48
37;42
17;44
54;96
67;73
50;52
68;21
64;89
76;97
18;38
34;1
11;85
81;80
33;33
6;66
33;34
65;61
45;99
20;100
100;84
64;20
71;38
15;32
80;77
77;11
11;12
83;73
20;44
90;70
39;19
65;29
88;8
21;88
99;57
6;6
65;31
46;21
82;2
43;50
3;73
34;4
72;86
91;76
94;96
45;65
50;49
90;55
53;19
84;6
84;47
55;40
1;14
35;19
13;67
47;93
66;21
80;26
21;10
48;10
100;98
58;37
30;27
58;44
71;45
90;93
87;30
25;59
80;31
97;83
43;75
96;59
21;74
67;85
11;25
42;79
64;37
53;51
31;64
69;22
59;29
80;64
28;41
81;51
93;52
51;35
49;75
53;22
8;86
56;16
33;62
46;7
100;12
86;22
13;6
26;44
74;72
52;72
24;73
42;100
41;32
52;39
66;54
19;19
50;11
97;55
59;10
88;10
65;57
86;67
53;34
17;74
13;40
59;11
290;102;49
145;432;15
262;265;6
362;465;12
252;12;7
299;393;7
59;88;21
280;103;13
235;203;33
331;3;47
14;341;10
148;153;46
194;165;22
4;301;22
372;491;24
193;447;23
228;410;11
377;329;15
338;52;19
459;28;13
430;203;19
253;136;14
191;340;32
467;238;17
127;47;41
498;400;13
163;40;35
190;485;18
9;207;17
169;433;29
363;218;27
90;168;25
125;176;12
160;53;9
212;190;23
388;27;43
385;376;1
461;106;48
181;338;3
437;339;43
214;10;21
320;374;9
355;156;38
256;352;8
287;95;15
307;130;37
16;346;3
34;47;6
78;106;6
392;38;32
240;39;6
317;225;31
315;138;32
83;485;18
261;200;24
182;231;36
335;299;18
467;324;37
55;100;40
74;469;18
71;372;18
264;4;24
183;254;18
484;7;48
284;373;28
11;204;44
185;258;23
497;106;13
25;145;13
386;150;40
405;167;40
289;165;22
232;434;7
391;98;19
480;432;10
54;447;19
450;465;37
456;494;27
368;130;6
107;137;17
82;237;33
25;1;45
433;430;31
84;272;42
264;289;41
43;362;38
91;92;45
209;65;38
180;42;45
420;366;32
200;264;13
481;62;22
209;410;42
471;142;16
431;293;4
285;402;11
417;443;30
390;411;25
459;76;39
53;310;12
446;36;35
403;304;32
15;434;2
227;122;28
435;95;8
209;425;39
380;10;47
378;301;11
298;355;13
389;486;38
109;482;42
87;492;21
13;37;6
169;164;14
147;286;25
352;451;10
441;151;13
372;196;20
468;433;37
357;120;23
498;92;41
486;158;21
2;491;23
441;193;39
46;15;9
336;308;1
309;103;16
121;96;18
445;175;46
465;84;24
466;469;34
64;174;4
246;244;47
84;173;25
71;131;17
327;132;26
372;145;3
499;449;13
339;306;41
436;204;7
91;242;34
332;192;46
319;380;43
271;440;37
475;13;4
155;33;32
24;223;16
65;464;33
218;340;33
279;275;16
337;121;5
433;194;20
102;441;21
186;140;50
473;50;23
464;430;37
118;403;14
136;209;25
126;424;14
65;250;30
159;185;18
121;205;8
64;452;8
46;283;24
127;358;49
416;340;31
124;46;9
370;186;13
214;476;40
180;341;22
362;276;23
68;18;37
424;317;4
233;272;13
266;252;46
153;446;7
23;488;26
419;97;9
47;188;21
179;20;48
347;225;22
136;298;8
54;150;39
258;33;44
232;393;33
347;120;39
178;41;20
152;369;8
401;477;43
438;34;8
433;460;17
220;178;30
5;397;47
420;396;34
67;446;23
207;197;15
419;420;9
232;258;6
180;380;36
36;197;29
194;292;23
124;268;41
91;435;4
202;232;15
35;265;1
250;149;19
378;348;23
496;41;38
45;67;38
309;341;24
397;134;46
434;491;5
484;301;41
442;249;24
215;195;18
495;452;20
135;392;14
245;154;40
348;252;41
155;245;27
482;449;33
244;75;3
164;211;9
42;494;42
479;499;11
84;307;18
174;267;6
499;284;8
176;293;12
420;82;10
349;207;9
451;51;33
159;272;49
207;144;26
140;500;27
74;410;16
23;341;27
225;312;7
206;361;43
165;485;3
134;423;43
197;148;23
317;132;44
321;29;44
481;264;50
458;137;44
471;312;24
52;435;42
28;141;44
500;275;16
199;350;5
438;412;20
3;88;7
311;403;30
121;66;45
460;210;37
18;495;20
316;328;45
366;38;46
397;211;1
292;498;28
463;277;31
195;81;44
270;43;47
343;102;44
221;144;31
169;306;9
108;96;28
264;57;32
174;452;29
19;72;50
115;70;49
294;118;19
256;173;49
11;220;12
462;113;14
402;31;15
160;54;38
251;98;43
174;279;46
274;66;9
217;165;44
328;296;28
286;276;21
259;49;31
290;214;41
449;103;2
190;108;2
369;436;42
52;381;37
93;384;32
31;12;15
413;89;6
414;462;36
368;313;10
334;353;8
134;145;45
342;39;10
204;294;21
3;473;49
186;2;42
134;218;39
273;352;33
487;357;5
472;125;24
496;274;25
499;36;17
83;224;21
399;341;22
67;103;31
487;451;32
249;331;38
445;357;39
450;205;24
193;109;41
105;161;38
54;468;45
474;133;12
32;492;12
294;362;30
321;140;9
24;72;50
97;449;10
239;229;18
277;110;47
157;86;9
270;263;1
193;385;46
245;428;28
403;487;42
419;12;28
189;478;32
417;79;32
493;362;19
140;53;16
212;257;17
41;396;3
199;217;3
298;268;22
58;426;12
16;219;36
340;408;25
247;121;11
287;115;21
419;180;27
349;315;44
388;302;18
332;429;10
384;266;38
111;148;19
53;208;1
387;303;40
225;341;3
168;480;18
94;48;27
390;11;15
366;372;31
47;284;30
190;367;2
239;172;13
191;332;33
219;167;12
314;203;15
332;167;33
261;385;18
95;386;5
283;343;41
370;142;25
136;387;42
364;60;30
467;57;42
281;335;23
241;72;3
99;435;28
466;34;27
346;235;11
421;441;2
101;444;41
13;111;14
222;366;13
313;7;33
136;226;35
82;87;7
478;32;2
414;133;23
369;60;39
14;390;37
165;173;6
414;387;18
345;473;11
392;282;35
246;257;47
149;325;39
426;487;32
131;248;13
218;480;38
454;299;1
31;409;44
211;482;12
62;153;4
206;414;40
123;290;13
222;463;50
481;55;32
302;333;24
215;329;47
438;468;49
358;348;39
194;333;6
54;282;45
406;39;7
321;193;31
421;137;50
71;232;15
37;462;2
473;51;4
208;190;21
137;86;18
63;279;8
466;61;17
376;408;47
263;129;29
276;210;3
341;33;23
415;164;32
316;419;6
296;391;11
365;168;47
320;453;8
186;201;4
228;194;39
27;381;21
178;276;4
196;283;23
379;470;13
294;273;18
359;109;50
125;284;37
45;354;29
142;489;17
339;292;32
164;310;50
193;223;46
480;78;7
56;26;22
273;429;3
107;71;50
107;166;15
130;77;25
390;337;11
156;498;17
134;229;45
324;38;4
354;293;3
61;314;46
128;231;21
237;435;39
432;227;28
34;213;3
487;140;15
452;206;21
294;480;4
338;106;41
1;363;6
307;154;37
399;477;16
28;402;24
217;152;5
408;124;18
460;369;37
202;210;28
179;262;32
39;421;24
257;327;12
427;285;47
158;322;40
273;26;24
12;264;5
325;425;2
401;250;38
139;389;19
198;68;22
489;74;14
165;458;2
285;95;27
441;381;41
412;314;46
325;158;10
85;18;3
495;129;21
417;161;11
335;371;39
120;297;29
357;431;47
22;204;47
250;262;46
33;205;9
373;69;43
363;26;28
266;7;37
446;408;43
290;67;25
239;164;23
164;343;18
127;277;38
399;278;44
145;313;37
332;276;22
305;46;49
475;212;11
66;358;32
304;173;16
96;209;33
479;477;5
27;192;14
401;42;19
346;22;25
18;284;23
198;1;38
233;11;49
29;2;25
398;465;39
362;105;50
413;139;30
95;74;50
220;114;44
427;256;19
126;316;4
17;479;4
445;253;15
311;317;16
135;361;37
397;209;34
281;449;8
388;310;4
238;39;39
205;236;48
386;445;49
115;172;50
488;76;40
221;58;48
321;27;32
231;235;28
403;450;17
397;295;28
177;248;47
391;218;5
123;125;9
294;476;2
101;285;37
97;169;47
452;417;46
247;106;44
336;71;26
285;116;48
152;92;8
52;188;16
462;437;11
369;134;23
470;288;28
344;106;50
372;390;12
401;338;38
89;347;24
203;460;29
141;348;20
488;280;31
446;224;48
54;12;40
239;143;23
203;81;4
242;393;35
499;143;22
64;13;42
163;2;11
155;78;35
315;106;22
163;297;34
146;248;40
225;485;17
88;32;9
380;468;25
73;302;38
221;314;21
466;136;28
122;308;1
204;264;44
77;110;5
314;443;10
138;41;9
486;296;1
253;240;49
413;110;18
430;291;44
47;372;11
137;231;25
439;202;14
391;111;19
64;443;38
227;382;8
252;433;13
121;340;26
153;184;32
338;134;5
495;346;40
260;361;44
12;234;22
274;11;24
314;342;21
48;178;36
141;470;30
260;470;4
488;221;15
218;251;31
442;198;28
353;206;36
328;115;9
86;385;37
259;277;22
35;497;48
364;310;29
477;275;32
484;455;16
460;26;10
376;389;6
87;328;22
223;291;22
403;410;1
238;321;23
318;228;41
41;351;44
478;428;50
46;189;24
454;356;17
491;19;10
237;114;26
433;269;11
30;344;15
490;383;30
469;422;9
167;235;34
340;52;6
165;388;36
124;162;19
3;180;44
33;412;15
42;283;31
401;164;21
253;262;13
52;226;44
441;115;22
13;430;13
167;471;27
171;137;4
325;373;26
421;90;4
311;343;12
345;247;29
17;174;36
344;325;49
361;248;31
115;475;35
311;466;11
286;362;1
72;222;33
239;182;37
427;9;36
318;314;9
136;47;39
79;244;11
204;49;32
112;304;36
395;12;36
498;224;19
295;239;50
374;171;8
261;398;47
330;193;48
238;95;16
380;408;15
243;40;10
310;107;32
409;468;30
417;319;26
75;389;21
128;47;33
463;14;45
213;277;16
100;480;45
182;399;13
296;33;21
490;380;1
364;163;13
437;325;32
290;218;6
19;211;10
18;314;12
390;170;24
179;50;28
482;89;16
113;320;4
222;99;41
134;32;9
403;209;25
315;467;37
70;10;25
306;229;18
454;207;33
417;434;46
152;399;5
316;407;42
35;66;48
144;271;30
273;174;43
284;13;12
361;126;26
393;45;29
339;269;7
344;498;2
471;66;1
241;391;39
432;369;32
261;181;25
319;400;5
183;155;6
128;39;19
367;381;25
197;156;22
424;242;43
48;5;19
331;179;40
169;367;32
466;129;34
136;3;46
80;308;16
247;380;49
461;322;45
468;60;21
84;90;38
367;269;38
131;48;50
281;155;10
126;367;48
456;121;8
378;337;39
18;16;47
265;25;45
374;2;45
408;349;46
388;126;41
263;361;24
491;497;25
113;23;11
11;178;39
132;56;26
315;71;8
298;43;10
472;2;32
417;29;13
90;373;29
246;62;5
489;364;21
367;212;13
411;308;28
436;333;4
3;257;2
307;306;44
18;166;41
472;121;4
426;61;21
110;466;20
292;160;2
109;171;19
238;283;39
477;102;10
350;143;34
423;491;31
313;161;21
151;191;22
461;3;3
276;420;7
320;231;10
374;69;44
498;386;47
159;132;9
199;491;6
193;463;20
56;159;44
484;118;7
123;32;41
334;105;22
11;386;36
90;226;26
151;336;41
484;28;48
319;287;45
468;350;13
445;339;49
47;254;40
78;11;19
62;466;22
55;467;49
320;452;1
371;115;2
329;260;9
446;239;13
88;177;24
381;38;9
284;228;2
82;173;6
443;134;14
143;38;35
415;20;49
391;463;1
450;186;41
388;353;26
89;244;48
285;403;30
384;175;27
244;204;45
27;137;22
368;125;3
37;96;6
142;72;7
357;363;40
187;39;41
482;30;14
180;172;40
148;226;36
247;138;42
405;457;7
386;425;9
417;116;29
290;141;34
380;388;43
368;465;10
137;316;33
161;129;12
476;323;11
413;202;22
254;216;18
417;433;13
278;83;46
456;267;38
56;364;22
110;422;47
279;108;16
22;445;20
405;251;4
269;187;6
410;448;29
122;421;10
456;60;46
24;197;29
402;36;50
176;304;46
441;118;40
129;58;2
93;379;49
205;252;25
38;418;36
4;192;4
327;427;48
444;82;6
361;443;30
307;347;3
440;376;20
471;180;32
300;344;46
211;255;46
414;336;47
185;358;6
2;69;1
417;45;43
335;117;44
360;101;4
451;79;35
299;54;7
357;470;38
276;245;22
382;261;25
197;448;3
251;389;49
129;360;11
299;157;11
353;188;14
432;434;50
142;375;45
248;225;34
286;175;21
447;368;17
23;125;34
81;20;35
465;448;5
427;194;40
373;207;18
18;128;7
489;244;35
226;145;35
410;288;36
461;360;46
285;479;40
270;254;32
331;87;20
260;180;20
290;243;6
226;236;14
170;350;39
321;441;11
227;314;6
7;66;29
421;64;39
201;40;39
373;128;39
485;18;30
430;35;24
206;376;44
351;355;13
357;381;16
130;40;21
125;51;8
161;132;48
12;496;49
233;105;16
281;110;29
291;431;40
479;86;19
91;231;19
386;196;25
210;363;28
215;325;47
192;89;24
258;93;26
71;332;35
168;187;44
497;344;15
46;456;41
307;426;36
37;20;7
87;439;43
436;203;43
45;335;24
419;249;13
23;10;30
493;452;3
325;397;2
288;48;40
124;356;17
91;437;40
314;233;27
138;51;23
414;212;35
418;237;47
332;480;35
129;440;35
407;11;12
208;73;37
496;69;2
414;427;31
179;191;25
134;458;14
120;236;46
398;119;1
49;398;40
177;497;40
107;427;27
399;179;20
477;185;23
402;122;2
217;410;37
378;306;34
314;268;38
178;247;12
53;169;9
203;394;20
413;420;9
415;276;47
368;373;50
322;365;44
180;69;21
309;275;42
143;252;23
307;246;21
89;486;39
244;170;2
389;163;16
201;343;40
106;266;24
131;297;9
486;54;9
239;364;49
305;213;33
101;127;7
339;51;3
408;500;5
422;77;45
248;293;36
231;167;45
489;8;4
198;403;49
397;34;7
16;87;1
189;109;9
432;401;30
374;130;27
276;399;26
229;15;45
418;470;16
183;189;50
47;146;11
34;431;39
22;360;37
487;392;33
477;233;37
92;391;32
282;227;42
111;439;18
281;134;31
153;17;39
122;204;28
259;463;38
300;101;3
495;339;30
454;429;16
264;327;40
481;297;39
112;62;48
483;48;36
382;418;14
398;17;49
324;4;47
199;193;15
418;339;22
92;358;17
253;25;33
289;382;5
9;352;4
249;410;26
227;226;19
92;102;27
304;470;48
238;383;39
349;74;29
116;223;1
100;443;25
336;475;25
157;170;37
471;65;43
78;435;50
52;255;32
356;486;20
182;195;48
455;293;23
15;179;31
451;66;21
408;66;35
371;161;27
312;12;30
266;447;1
99;228;4
239;402;46
65;261;50
498;100;35
178;440;14
482;301;14
265;417;44
162;82;7
32;355;33
9;182;48
492;486;44
286;156;25
446;174;16
255;468;33
409;28;50
417;140;15
369;308;27
381;256;35
313;472;26
270;342;38
155;367;38
350;435;50
69;168;4
267;439;22
439;121;23
347;80;30
5;59;40
97;33;8
444;432;10
53;54;49
109;382;28
435;35;11
79;149;36
22;355;40
101;416;12
50;438;26
25;98;32
290;430;34
353;69;25
421;332;48
403;282;48
285;102;42
26;356;28
376;470;27
240;255;34
227;74;38
458;275;28
159;456;40
31;331;22
103;257;29
291;121;45
457;254;44
70;182;45
470;459;49
52;466;22
360;312;48
167;489;50
252;154;17
70;402;48
75;471;9
335;33;2
204;286;43
114;56;48
262;159;30
447;167;49
123;382;2
434;160;34
47;90;28
262;111;22
133;204;18
129;497;16
21;468;22
408;174;41
185;107;25
435;248;5
298;341;31
231;481;37
270;287;1
259;475;23
186;203;34
319;208;29
366;201;4
383;369;25
159;104;31
199;5;33
217;298;40
410;474;11
462;297;39
279;426;31
120;380;35
334;267;8
295;13;1
81;174;5
221;136;13
439;484;7
301;390;42
370;148;15
15;455;42
281;424;11
36;362;19
350;478;41
328;307;27
259;322;3
284;265;41
327;476;40
175;297;22
409;86;37
228;459;42
255;21;28
96;165;1
324;118;17
167;477;22
335;192;41
334;318;31
400;398;46
80;341;1
425;212;10
251;352;47
39;316;45
388;20;30
459;49;15
231;488;50
85;34;38
441;291;7
94;215;49
451;136;8
135;314;3
379;322;42
251;353;12
27;49;37
134;31;36
3;390;3
445;75;10
375;463;49
21;77;50
13;89;48
496;246;7
171;119;32
452;147;5
170;192;35
76;65;47
258;467;48
222;246;38
334;442;20
61;365;38
452;173;7
284;462;22
488;160;44
436;94;36
83;190;17
103;202;38
387;453;50
84;424;38
99;391;42
271;241;38
402;407;30
495;357;16
328;11;13
286;407;50
269;467;50
244;213;17
486;361;1
189;302;4
215;202;21
210;33;9
76;112;7
70;313;4
144;478;7
75;38;27
125;238;29
116;27;29
188;58;9
292;9;40
435;201;45
288;254;16
26;289;14
324;132;21
447;121;31
113;376;12
135;465;12
207;7;12
299;410;42
126;491;14
430;480;22
180;385;18
71;249;28
219;168;26
324;112;46
100;343;4
126;211;8
127;257;23
474;425;43
25;58;41
116;227;31
290;53;11
312;355;43
42;125;13
485;399;25
480;162;8
446;54;27
496;362;47
54;113;35
360;290;39
358;422;50
389;298;43
301;43;28
178;482;36
52;344;11
197;437;19
307;120;24
281;43;4
208;249;13
243;448;6
445;461;17
5;347;10
230;136;4
1;186;44
476;198;49
199;117;36
145;87;49
240;82;2
118;354;30
142;362;31
119;135;33
244;123;30
313;323;6
497;159;49
414;65;21
129;118;21
483;62;13
487;152;43
107;318;10
408;172;34
37;294;7
358;303;22
388;250;2
391;88;45
306;277;8
17;371;45
27;6;25
434;472;41
280;43;44
497;316;18
485;111;18
407;261;46
162;168;3
400;475;46
250;215;30
290;117;32
268;137;36
29;186;23
203;491;12
128;297;12
11;411;19
419;146;8
128;95;13
166;359;7
422;484;33
453;378;26
57;307;44
226;189;21
34;407;45
247;400;33
446;74;2
457;498;35
31;278;36
400;71;50
6;153;28
356;334;2
311;99;47
300;212;50
447;338;47
224;101;42
315;109;8
13;439;42
392;285;40
186;222;8
73;133;32
411;224;26
183;245;5
305;270;1
423;232;48
476;152;13
344;50;16
487;58;4
387;51;9
480;211;43
184;12;14
430;286;37
472;4;42
445;133;45
178;118;9
226;137;9
485;445;37
480;354;18
445;51;8
150;188;17
272;330;41
108;316;27
62;257;19
320;478;16
8;469;29
130;477;6
292;125;40
339;155;34
365;199;27
152;174;26
426;361;36
12;71;41
430;128;25
197;358;45
249;225;4
247;299;5
79;359;13
211;383;31
403;65;38
260;111;15
198;107;39
371;32;29
17;121;35
89;267;37
120;106;28
290;32;25
244;95;38
263;64;30
277;315;30
440;390;44
111;226;28
232;410;25
260;268;2
490;338;47
409;412;25
76;81;3
396;194;35
473;372;46
201;74;2
481;349;27
297;257;23
50;52;22
172;344;3
494;11;31
443;405;40
251;34;42
10;251;28
380;158;14
158;291;4
11;432;33
26;423;22
151;322;3
27;209;20
154;355;46
32;238;46
103;493;38
82;188;41
412;151;20
26;191;9
456;16;50
405;199;12
259;398;19
271;389;20
48;497;8
337;361;47
116;396;9
286;47;41
100;372;23
17;456;19
375;469;23
87;477;15
15;14;25
101;218;30
255;19;20
167;386;42
206;47;6
275;262;40
469;433;19
112;298;32
62;23;8
64;243;33
438;413;43
225;147;28
87;264;23
98;173;7
273;258;32
67;51;9
465;129;47
115;425;31
463;342;46
453;108;10
98;194;50
60;175;48
100;130;37
313;487;9
151;245;44
127;240;46
194;284;16
217;364;17
85;143;27
213;326;37
33;181;35
146;267;40
71;219;11
380;43;29
467;486;16
299;285;25
229;45;8
58;194;39
136;101;2
466;329;28
388;104;34
203;84;26
423;210;5
150;276;9
455;8;37
331;486;36
50;203;15
78;498;49
273;94;13
339;462;18
360;46;50
17;112;33
359;466;11
60;257;4
41;471;28
336;113;22
98;474;20
289;113;24
74;168;13
248;290;49
143;360;18
114;316;47
458;98;2
96;120;34
492;163;22
259;38;27
232;238;25
459;199;46
197;333;40
372;367;46
392;190;37
95;195;44
313;38;46
213;73;10
177;40;39
106;297;1
459;397;14
304;327;20
235;336;28
403;85;24
441;311;10
48;98;15
373;62;11
68;292;13
112;237;23
322;25;19
452;327;34
67;294;13
338;379;39
15;81;3
12;66;25
184;229;31
269;251;39
320;118;38
308;76;9
435;308;19
203;473;27
433;105;12
409;124;1
239;243;3
83;15;28
301;432;30
224;465;27
50;231;4
259;444;18
284;413;29
346;72;1
89;448;42
99;397;4
182;350;49
335;112;39
62;75;8
149;344;30
221;237;9
403;78;23
223;28;15
285;162;4
224;211;34
407;95;25
237;168;14
84;264;25
272;241;43
235;286;41
99;34;46
246;35;2
75;232;13
179;156;13
146;67;4
298;436;39
266;391;23
101;117;49
257;9;18
420;155;12
372;49;17
382;45;40
417;222;47
488;74;28
196;187;19
287;26;27
46;403;48
415;26;39
81;164;22
47;253;32
237;496;37
24;375;39
498;215;1
18;436;30
306;4;26
247;112;30
480;261;11
13;433;25
460;2;16
54;302;5
379;101;25
65;293;10
320;94;33
98;417;35
152;8;15
34;185;34
198;274;25
145;193;2
108;150;49
114;170;50
418;112;44
26;411;18
119;288;12
211;389;45
358;139;49
245;475;13
442;396;47
442;165;16
378;307;22
226;135;10
163;176;2
64;497;49
422;81;12
445;200;7
444;70;17
452;55;18
476;115;2
220;105;31
125;244;1
375;362;17
106;136;39
261;493;47
282;104;49
92;116;49
38;249;47
411;12;46
70;451;26
217;116;20
453;416;7
440;241;23
109;321;50
226;395;48
360;166;34
89;232;28
179;157;40
230;346;30
285;57;18
5;263;14
309;330;13
231;480;13
138;355;43
24;340;23
77;182;15
444;125;16
407;471;40
121;150;29
390;334;5
442;251;4
9;434;12
279;437;30
382;443;38
471;38;41
180;354;46
282;448;31
73;84;47
451;132;15
218;438;13
441;98;1
378;226;5
256;64;18
472;101;36
87;104;12
149;26;42
450;214;4
38;314;1
236;130;29
379;102;6
113;36;25
362;417;21
282;37;25
62;311;23
324;420;3
49;369;44
233;69;1
250;37;40
106;21;26
89;321;43
171;265;15
78;484;38
38;73;43
68;365;44
237;356;49
120;231;49
91;177;26
3;386;14
228;60;32
307;36;46
360;271;6
400;293;32
166;469;37
91;147;18
249;488;24
272;367;9
399;127;46
406;97;6
457;39;16
94;349;50
19;361;30
198;55;32
69;342;43
177;74;32
425;493;39
82;406;13
400;207;20
265;283;5
306;374;5
409;389;35
324;256;2
384;271;33
98;86;34
108;40;24
285;132;25
224;458;1
457;24;18
45;403;22
397;458;31
457;69;38
430;225;45
163;116;48
171;162;18
68;159;34
229;215;45
70;79;44
113;217;29
405;90;6
268;54;43
336;323;13
260;427;47
381;109;44
15;398;6
478;482;22
310;80;16
33;361;17
346;90;20
323;51;10
270;474;12
141;312;14
217;97;28
282;457;41
381;203;34
252;1;46
339;242;26
458;345;41
198;451;28
386;407;25
168;78;18
339;395;43
400;350;35
302;174;29
232;81;10
384;57;34
443;204;45
486;202;25
68;157;30
213;297;40
397;161;16
258;284;45
156;437;29
286;261;40
136;288;6
93;482;22
302;355;44
441;348;9
260;99;28
216;365;1
310;243;40
312;447;26
367;369;1
175;497;24
18;288;9
142;311;49
299;130;49
141;415;50
375;258;1
336;246;48
2;187;46
417;208;28
78;182;17
50;121;21
190;459;8
202;322;26
301;22;12
438;437;24
249;440;14
41;311;4
216;292;7
447;323;28
253;493;9
343;351;41
316;294;1
4;291;47
160;392;34
457;141;17
80;440;22
378;421;36
451;359;41
225;211;20
168;116;1
217;436;6
329;266;36
385;391;15
471;47;21
205;135;40
224;395;10
360;261;13
240;409;19
325;328;1
184;346;33
457;334;27
250;288;29
73;319;10
7;341;5
147;139;42
198;327;34
357;53;44
124;220;18
499;404;28
259;266;21
472;28;21
224;306;26
485;157;3
61;258;28
165;48;9
472;135;7
62;231;32
385;477;38
237;208;10
326;98;29
291;330;40
404;128;4
218;266;43
266;415;10
299;431;19
374;18;25
336;351;7
319;191;18
291;497;35
395;469;39
357;271;39
244;88;1
46;374;38
395;377;38
159;293;22
354;328;28
61;384;32
160;428;30
334;448;47
109;486;39
190;121;32
349;437;38
429;87;21
475;471;12
353;405;35
93;397;6
82;131;33
447;115;32
311;271;25
141;76;20
406;196;36
120;327;12
211;375;25
462;50;40
275;353;49
226;281;22
195;324;41
403;77;4
161;56;7
130;392;2
263;465;48
376;99;43
483;109;24
190;317;37
291;102;18
145;176;27
178;190;38
114;211;37
166;125;15
462;462;18
265;354;9
60;65;4
91;138;13
232;286;13
36;221;15
35;367;43
220;36;33
216;16;35
404;212;5
183;28;46
57;154;26
91;71;14
445;437;34
89;251;20
328;283;20
423;346;18
463;136;48
109;350;47
375;103;20
322;11;10
318;13;35
31;394;48
420;395;32
274;210;46
420;20;16
154;457;23
496;179;42
244;7;29
492;70;18
251;158;5
273;304;48
393;135;12
191;139;11
120;498;15
478;45;30
339;308;26
196;66;46
42;55;21
212;482;21
455;467;26
59;38;26
171;59;28
441;396;7
158;20;13
419;246;45
396;393;5
415;453;49
198;173;11
332;395;10
138;371;50
215;109;45
201;418;43
127;398;15
434;185;29
57;190;24
203;326;40
21;429;50
354;412;25
7;360;44
219;231;15
484;99;15
72;151;42
340;402;7
247;198;39
303;287;16
460;466;43
88;62;45
188;467;49
442;82;39
434;85;47
386;131;10
442;324;22
43;401;23
130;396;4
342;148;29
161;260;19
392;267;43
93;141;1
156;30;39
289;171;32
377;64;43
228;325;19
146;427;26
52;500;35
141;451;29
409;221;35
434;299;23
153;164;12
209;287;11
417;318;14
88;211;6
158;126;42
350;107;48
96;261;30
359;113;20
230;221;23
1;125;12
136;13;13
274;288;5
329;199;22
68;496;23
266;202;43
92;115;30
285;143;9
183;454;7
144;138;23
277;142;21
418;438;26
377;250;43
12;183;30
196;193;28
140;37;5
174;226;3
157;141;20
18;233;35
257;227;2
34;38;33
416;490;28
288;449;49
5;386;15
308;112;49
182;397;33
1;370;34
449;261;3
429;189;46
61;455;18
347;251;21
363;247;8
120;353;18
362;489;41
216;64;34
109;390;39
487;47;31
408;258;39
421;59;27
274;35;20
184;471;3
263;268;5
128;37;15
162;105;21
405;124;35
5;331;6
19;402;21
338;133;48
358;403;11
458;487;43
161;299;12
434;17;21
426;371;16
168;468;20
159;493;50
184;120;29
249;172;13
265;204;45
256;183;30
87;343;45
310;2;45
125;365;36
211;427;43
30;191;12
428;411;30
457;384;38
186;194;14
179;76;9
335;232;34
329;221;13
126;214;35
22;62;21
168;61;34
74;124;10
389;208;3
483;437;15
269;425;19
459;478;23
180;126;21
488;69;23
361;93;20
202;106;10
441;180;33
281;45;50
228;281;1
209;296;39
296;171;33
353;218;28
388;448;49
251;460;8
419;136;14
10;133;4
432;293;39
229;419;23
236;14;6
261;130;12
181;323;22
1;410;30
144;206;8
381;484;13
207;230;45
401;360;45
382;108;10
79;178;45
29;465;19
302;395;35
369;448;36
126;103;50
437;340;11
420;274;9
219;420;21
73;270;4
35;394;27
6;415;18
184;217;13
401;56;8
177;20;44
374;288;46
47;473;50
201;472;37
186;354;28
119;281;15
75;359;44
305;162;20
100;12;48
309;373;14
5;98;9
199;232;33
323;225;4
39;84;19
18;163;44
22;462;1
144;371;26
267;145;39
57;102;48
425;392;16
18;349;5
138;468;13
40;101;34
432;286;41
148;133;15
246;61;30
437;376;24
213;432;43
304;264;47
301;189;13
208;134;18
49;268;13
313;162;10
345;242;26
118;225;31
412;494;23
437;439;1
274;158;2
132;500;17
16;291;4
134;227;40
8;215;49
126;461;15
122;29;41
22;265;4
453;174;9
140;311;38
173;251;35
333;91;10
209;446;28
472;195;4
115;193;38
71;106;28
298;288;3
126;347;33
239;263;5
111;146;32
174;50;30
481;247;22
362;447;29
297;117;6
34;394;20
206;43;42
19;393;38
379;88;17
168;445;15
369;32;30
439;392;27
14;12;14
50;385;35
347;218;13
261;435;20
103;174;31
360;398;12
270;37;46
55;187;28
101;452;44
70;304;29
180;198;20
47;243;15
101;198;14
495;223;11
322;423;28
116;237;45
258;111;2
475;85;15
92;189;32
358;192;32
43;237;3
448;324;32
241;59;49
60;223;11
196;119;17
58;435;42
470;345;10
40;200;33
44;313;50
186;88;17
84;449;44
131;239;39
53;454;49
253;120;29
458;278;20
374;303;28
275;448;20
11;194;47
124;308;32
377;47;7
411;309;47
483;203;43
478;95;33
18;410;17
168;401;20
148;418;27
221;227;5
226;12;37
30;449;42
187;100;2
496;292;37
257;281;6
447;498;1
145;403;17
117;152;46
203;296;21
412;351;2
280;360;32
70;107;19
92;470;4
209;382;5
286;392;15
322;439;14
209;142;49
419;478;6
461;498;23
345;32;29
265;488;38
273;83;32
237;71;39
380;182;20
452;1;19
329;65;20
188;271;34
219;127;10
490;53;32
441;355;14
2;265;9
369;497;45
399;189;9
415;249;41
322;120;19
489;333;2
295;229;31
192;246;29
72;356;3
211;474;13
469;330;15
284;248;2
60;64;48
63;188;40
102;393;38
338;388;45
383;368;6
95;136;6
161;319;46
366;482;45
114;307;29
368;418;12
57;66;38
164;230;47
356;480;15
181;119;15
304;337;15
169;422;49
410;410;47
115;233;40
342;212;39
162;221;37
398;347;5
185;388;8
285;18;28
384;96;16
308;433;25
313;300;11
500;35;24
427;471;33
362;28;17
106;213;9
202;104;2
271;403;33
74;175;23
369;198;3
247;146;12
53;444;40
74;55;39
150;489;42
235;200;31
12;62;17
363;119;22
123;172;14
159;128;38
198;89;39
208;149;42
196;343;43
381;263;43
167;174;27
347;134;2
494;382;2
370;370;28
273;57;21
102;308;8
370;490;11
291;421;41
442;477;34
428;30;6
130;131;14
394;124;45
488;55;8
82;294;44
488;344;40
319;265;26
186;171;13
93;407;11
443;161;32
23;396;46
292;448;13
14;246;23
240;66;43
15;131;37
140;155;15
306;193;38
406;57;30
19;162;29
357;1;37
400;491;6
468;453;12
347;164;33
49;334;21
356;132;5
352;313;46
436;83;22
267;5;46
265;157;1
428;114;10
281;141;4
432;353;28
68;85;4
66;88;39
131;379;5
498;405;10
112;2;44
38;427;20
71;365;47
79;442;44
23;227;14
245;4;38
384;62;12
128;91;4
212;320;6
98;54;35
174;109;18
373;118;27
409;253;26
124;449;13
79;8;9
436;421;3
425;498;20
427;330;5
137;161;8
109;388;44
136;135;12
266;380;34
236;332;46
48;421;47
122;275;24
459;153;2
302;124;2
34;268;41
335;239;28
271;101;4
363;361;40
161;113;42
282;446;16
217;421;41
356;77;32
246;90;29
36;407;14
294;250;22
245;393;31
331;85;50
106;437;21
115;420;41
159;316;23
486;454;41
28;357;22
11;17;26
12;20;6
109;23;20
93;127;38
491;90;5
170;100;8
262;361;38
28;151;13
353;369;13
343;326;50
46;500;36
40;207;37
337;227;40
132;157;43
436;144;33
283;183;26
480;18;41
285;191;26
485;181;21
207;312;31
142;239;26
76;270;47
492;432;28
286;70;3
38;132;36
362;61;28
243;148;49
408;1;22
154;352;50
238;195;25
491;465;15
199;300;48
236;133;42
362;403;11
478;477;36
161;86;33
33;244;19
484;387;42
123;293;27
135;373;24
372;265;43
82;351;21
388;426;3
351;372;11
336;234;4
6;161;45
432;52;45
237;64;44
275;141;7
145;91;31
115;137;35
99;20;41
375;113;2
76;394;35
271;395;29
473;34;29
424;441;11
264;70;15
29;140;14
299;298;3
231;184;14
215;75;19
181;355;11
122;310;22
231;67;16
411;296;8
100;360;27
492;305;44
28;301;31
104;322;33
354;230;11
216;17;45
335;247;37
101;116;33
295;179;5
42;149;9
353;60;20
151;234;3
248;355;19
347;458;22
255;426;6
367;46;45
410;48;30
255;298;48
95;258;38
448;434;2
169;123;28
105;171;33
179;465;36
76;14;45
154;255;37
214;83;47
114;347;14
244;499;3
349;364;28
86;483;16
325;359;19
119;61;31
264;487;3
205;184;10
285;417;39
383;365;15
289;276;45
79;63;6
57;381;10
239;181;46
29;362;15
184;177;5
73;220;31
450;75;13
414;98;37
414;287;15
190;142;12
477;465;1
454;444;30
145;53;23
100;124;42
483;100;35
396;398;48
363;328;9
249;405;6
131;256;31
391;21;45
136;429;11
180;182;50
241;326;35
260;493;21
165;259;16
223;463;35
349;233;21
213;416;38
59;409;3
169;25;3
259;206;7
470;447;32
94;53;36
359;356;50
328;224;17
44;17;6
22;375;44
370;8;34
413;237;9
495;69;24
347;112;46
280;347;15
49;346;9
426;65;6
229;154;48
233;381;13
399;335;22
288;329;20
479;306;46
142;220;27
195;165;12
408;142;48
209;308;22
172;450;18
335;323;36
434;304;18
86;370;39
308;136;7
68;78;29
307;279;4
442;444;35
190;258;11
196;81;32
495;127;43
32;313;37
32;69;3
279;355;17
411;204;47
442;223;28
288;223;19
28;34;6
234;186;31
54;224;48
58;337;9
430;456;20
139;74;20
236;8;35
20;170;43
7;322;23
181;311;21
190;139;2
316;369;28
364;21;45
171;373;50
459;433;43
299;59;32
484;326;11
154;424;6
113;322;3
68;386;12
23;270;9
187;48;4
266;36;10
464;85;11
447;463;18
355;408;44
359;316;34
222;91;32
426;135;27
315;165;7
21;291;14
163;52;30
42;53;26
347;497;38
228;198;35
495;433;12
479;278;5
391;34;26
260;334;1
432;377;45
51;482;9
483;22;40
451;306;37
232;493;48
176;252;6
71;64;7
422;328;42
238;478;41
302;177;18
386;97;2
261;454;30
90;19;12
64;241;50
425;96;4
382;394;44
105;129;44
463;224;8
449;78;47
244;20;3
194;319;30
104;421;41
246;413;50
253;281;6
336;415;42
94;471;7
56;375;4
113;350;23
207;404;50
282;99;29
483;75;5
221;395;43
297;168;7
414;38;33
253;131;4
47;469;3
202;86;24
486;100;12
245;162;31
358;213;35
175;69;1
163;94;4
449;211;23
241;58;46
362;373;31
9;73;1
119;90;5
454;193;5
51;113;23
296;147;49
82;11;21
251;315;42
405;121;38
256;432;6
15;243;4
445;197;50
258;80;19
390;302;42
163;370;41
337;115;14
326;254;40
192;245;19
112;84;50
416;230;44
346;215;25
494;380;5
245;36;9
389;221;50
134;255;44
451;256;1
110;191;34
5;419;2
492;193;13
54;131;14
189;483;42
382;269;17
133;296;9
465;25;18
271;107;38
401;54;26
143;90;30
161;446;42
467;16;42
238;400;38
29;116;6
229;197;37
114;70;33
191;385;36
491;271;9
348;80;27
174;246;3
308;84;49
230;146;39
70;185;40
323;277;21
450;395;7
378;378;20
366;163;37
365;185;17
197;239;6
27;289;23
123;291;26
33;161;15
364;418;50
442;148;24
238;336;18
337;410;12
17;29;28
423;120;7
159;91;25
179;442;14
37;166;38
424;171;41
478;162;28
173;432;42
282;193;40
281;65;11
139;247;35
336;421;15
216;111;24
435;83;31
493;145;6
17;218;28
215;36;18
411;326;47
252;478;47
352;218;35
344;175;35
303;113;5
417;414;25
308;171;21
450;354;19
200;86;39
65;184;42
253;265;31
95;457;20
133;66;38
175;443;15
74;188;36
255;492;8
324;481;30
266;185;32
322;348;1
271;243;43
102;127;48
305;301;22
375;431;3
54;102;42
141;454;45
448;13;19
450;481;40
181;269;29
93;89;47
74;493;34
323;27;17
461;442;35
28;329;1
12;277;11
226;98;23
448;248;9
496;137;20
44;320;43
40;18;18
69;299;13
43;67;19
260;50;21
88;39;28
101;47;27
130;238;8
405;432;8
439;11;26
338;111;1
397;129;2
133;144;18
107;116;10
102;237;47
131;433;32
373;39;3
69;357;3
114;327;20
89;39;36
344;392;4
38;269;40
269;189;26
408;231;12
105;71;9
27;61;17
310;339;38
327;345;9
160;375;38
305;404;10
97;251;17
396;117;44
153;241;28
299;145;26
213;267;44
215;351;45
129;336;33
259;448;15
175;173;43
306;96;35
429;219;9
165;129;40
374;424;9
356;69;44
8;43;33
115;375;37
313;223;27
60;469;13
298;150;45
231;13;28
381;249;27
423;209;19
400;321;28
455;316;42
256;24;8
416;269;50
434;172;47
432;239;29
402;466;1
66;117;8
312;16;7
176;67;40
166;45;48
123;181;29
407;484;21
82;482;49
323;218;33
135;27;13
30;166;31
229;139;29
294;117;48
282;343;32
276;211;37
450;302;34
103;258;19
292;185;41
401;197;24
110;272;18
410;71;35
214;358;11
193;287;16
223;136;40
395;349;49
468;361;36
374;184;49
141;316;42
300;312;39
358;11;25
388;84;13
340;135;11
195;300;41
151;198;1
161;104;15
316;36;38
115;48;7
49;80;25
54;461;20
144;36;18
466;53;49
294;431;33
400;372;24
260;41;20
424;25;4
300;474;15
28;317;37
105;226;10
284;350;30
97;214;4
347;275;9
284;440;11
21;135;8
443;96;7
180;132;44
300;163;4
21;6;31
359;87;23
335;430;17
201;75;45
325;472;6
99;237;32
97;118;31
78;490;2
320;485;32
118;144;19
202;425;6
65;171;45
100;350;14
195;246;42
399;140;29
14;291;33
140;87;43
315;406;22
499;448;16
360;296;21
495;355;37
197;31;23
169;276;38
101;277;25
430;339;28
143;487;8
204;116;20
84;185;20
151;346;28
126;176;30
200;380;26
309;452;49
370;444;11
97;163;12
450;248;42
411;240;8
486;422;25
294;390;20
187;132;3
408;367;28
24;116;48
436;410;37
224;391;12
181;171;47
455;363;9
43;208;5
313;341;21
183;116;33
449;245;44
119;379;6
289;381;4
463;138;42
160;4;43
332;44;22
488;338;40
220;348;45
138;63;21
36;295;22
423;297;15
300;369;45
161;87;3
63;85;38
379;288;41
376;124;46
254;406;43
215;480;4
299;38;20
410;414;22
186;224;13
160;265;29
334;246;40
301;200;47
358;168;43
153;211;38
260;374;1
413;200;37
16;266;35
95;250;16
165;6;30
316;165;3
219;479;38
439;390;3
224;14;10
465;330;21
348;349;15
384;46;22
447;21;20
115;460;28
211;118;44
216;217;20
383;499;50
430;97;12
349;88;24
404;7;32
340;265;7
286;429;13
296;311;50
365;38;49
395;33;44
389;272;30
325;259;2
459;232;41
251;377;23
457;190;36
110;352;5
294;286;28
167;158;28
118;479;25
124;185;13
261;106;38
153;310;24
266;3;39
184;270;25
19;14;28
140;302;32
311;333;3
110;350;40
271;53;19
340;6;12
346;120;21
176;120;23
471;395;16
240;6;20
79;206;46
184;340;10
21;98;48
370;100;9
248;134;44
408;470;6
367;430;45
286;456;2
175;187;5
68;16;3
229;435;1
300;304;33
387;406;20
122;439;14
13;209;41
128;65;1

