1000
25674
6000
48;33
16;4
83;84
9;65
5;100
10;99
98;3
43;96
74;71
36;65
27;23
82;6
61;89
51;88
61;100
12;17
97;36
74;100
52;20
17;97
18;18
57;54
36;85
7;83
74;56
35;20
86;83
40;66
49;49
21;70
61;61
83;30
81;5
64;37
42;16
14;90
98;67
66;23
71;65
89;4
83;33
17;100
51;17
97;61
3;49
38;77
80;89
49;88
21;63
38;32
95;9
16;95
35;67
12;24
47;90
33;63
18;97
9;63
98;13
89;50
72;77
66;36
45;59
84;12
55;55
33;92
48;69
55;8
49;45
16;51
47;56
59;86
94;6
60;86
58;100
84;21
35;82
50;13
62;41
30;68
65;16
49;19
41;26
4;42
10;18
69;34
9;47
55;71
87;5
65;42
36;96
82;22
92;16
82;26
17;18
97;15
95;4
89;32
1;71
9;16
84;34
24;55
63;95
9;14
85;85
45;73
68;63
75;95
67;35
77;8
19;19
96;38
15;48
13;27
94;81
83;95
18;61
85;71
86;4
93;10
93;72
91;48
54;87
40;29
65;78
88;19
16;10
2;60
87;23
79;75
26;6
66;58
80;38
19;10
77;91
31;87
26;43
40;39
61;30
43;10
53;38
70;15
91;73
1;34
94;83
96;45
14;55
63;90
19;97
26;76
2;78
87;82
100;81
8;22
3;55
65;97
43;62
4;64
1;46
92;43
57;69
99;10
77;97
80;46
30;24
15;73
3;23
86;58
36;48
90;24
46;67
63;43
88;99
97;2
83;15
38;87
47;80
37;88
77;23
34;86
17;73
6;25
81;93
22;4
33;5
82;27
42;84
71;91
46;73
14;17
98;59
33;51
24;17
69;64
76;53
2;91
20;24
62;40
52;20
44;15
19;43
17;54
85;68
54;65
55;52
66;5
13;47
96;34
64;48
72;94
63;71
42;32
64;11
23;54
55;57
73;79
74;16
71;4
33;89
61;46
99;51
42;93
3;29
91;49
15;69
25;38
34;57
59;46
24;59
74;62
4;62
35;37
11;37
87;42
84;1
6;61
77;19
97;15
39;46
86;31
42;27
42;32
92;32
46;88
96;23
27;6
33;41
71;68
61;13
6;9
32;95
75;3
36;15
76;25
58;35
64;76
56;6
7;92
58;54
65;6
57;73
17;24
31;100
58;57
36;61
87;55
93;19
90;83
3;80
63;76
72;75
91;81
82;88
29;85
85;89
54;53
2;70
25;53
81;77
22;43
5;49
66;49
33;26
57;14
63;74
80;93
36;58
82;9
95;27
79;13
54;68
20;88
95;74
22;29
29;23
12;86
67;28
13;83
70;78
23;47
50;20
50;38
79;92
21;21
15;87
47;90
68;31
14;84
40;92
25;4
13;63
33;39
58;35
29;37
9;49
67;58
87;83
91;52
38;21
72;28
70;22
50;38
10;98
50;96
6;1
21;14
22;3
91;5
70;26
29;71
6;66
43;24
78;71
20;19
83;86
71;38
40;34
98;35
15;30
27;40
32;45
27;91
4;77
64;77
56;100
83;17
37;49
69;64
8;88
52;98
90;97
26;8
10;91
63;70
68;21
76;73
38;91
54;51
22;35
71;58
39;42
75;22
17;6
55;46
88;21
39;47
21;8
61;22
19;27
88;19
37;77
3;14
57;100
31;74
2;15
79;45
15;8
86;32
79;53
84;3
14;6
86;13
38;34
37;66
36;44
38;94
89;17
39;60
28;11
34;31
10;64
38;69
57;29
43;61
39;58
32;39
23;97
21;47
78;83
76;2
87;46
64;91
74;29
7;18
15;69
98;40
59;34
75;38
4;6
67;75
65;10
39;88
1;44
7;3
61;36
99;18
78;83
46;66
50;37
85;4
22;10
63;59
13;46
57;72
16;71
74;48
52;96
24;36
98;47
77;51
26;71
10;37
21;13
42;31
34;69
92;79
50;30
50;82
27;54
10;21
57;55
7;37
42;60
93;43
98;56
74;76
23;61
21;51
2;88
74;97
69;54
16;42
46;72
83;99
6;44
13;94
92;55
58;74
93;82
97;92
79;41
91;59
82;47
1;65
31;54
38;46
49;38
13;6
86;53
45;79
14;30
46;45
20;7
52;31
10;30
28;79
55;26
60;2
88;88
100;62
95;68
59;28
100;15
51;46
59;92
64;98
83;78
64;57
1;70
45;56
56;20
70;85
81;80
35;30
61;96
99;26
54;89
52;97
83;8
86;63
28;74
97;96
5;36
13;31
47;65
40;17
29;25
35;81
2;19
39;63
36;31
99;50
29;79
46;27
18;61
6;28
1;3
80;1
23;86
52;90
43;59
26;41
87;63
11;32
21;27
78;68
66;54
10;85
15;27
88;63
85;94
31;49
70;94
40;92
30;5
77;63
20;25
26;42
15;8
82;13
2;79
40;87
52;23
54;84
76;93
43;1
39;56
25;7
12;32
74;59
78;46
32;57
31;35
21;95
1;75
16;80
93;84
70;35
19;40
1;30
97;16
7;41
93;53
56;9
22;65
17;93
75;35
17;44
62;25
34;51
60;8
81;74
86;94
52;83
62;68
81;68
80;93
55;55
91;71
84;35
20;53
2;17
29;22
64;93
63;10
34;67
6;76
74;50
54;52
29;61
23;22
20;65
75;71
20;39
77;17
21;82
42;23
60;17
27;62
81;15
89;99
12;100
73;33
73;97
48;87
93;91
8;97
4;77
50;19
53;40
46;7
52;49
69;7
36;87
86;56
56;54
77;83
17;12
90;77
15;94
61;34
2;34
71;14
75;89
71;53
66;40
80;25
3;37
44;99
14;88
98;42
81;91
98;7
61;80
13;42
80;9
80;3
53;90
52;46
87;60
64;37
92;85
73;91
71;69
87;89
17;24
75;33
36;86
52;59
94;80
33;98
12;15
41;19
64;35
73;78
19;11
4;58
91;85
10;22
72;50
47;25
45;27
96;86
82;1
87;67
51;24
11;92
56;60
100;17
87;81
24;33
30;93
92;57
14;10
46;25
83;71
47;45
95;65
70;12
77;95
75;94
6;99
51;81
98;6
97;59
81;56
46;87
18;6
19;85
38;57
71;23
98;12
59;75
27;90
81;79
10;97
81;49
91;95
25;31
63;71
77;98
79;68
15;56
86;7
13;27
70;51
67;14
91;58
48;75
56;86
41;55
81;81
29;39
8;19
93;76
92;39
59;25
57;1
79;8
54;59
18;47
99;82
87;29
44;32
8;87
86;40
66;88
71;27
17;45
18;18
34;70
63;17
68;46
5;62
77;59
29;71
14;88
13;78
3;85
66;63
57;65
78;14
71;83
42;1
31;31
39;41
65;87
86;25
62;14
82;85
79;42
17;82
10;11
50;97
42;72
42;18
95;29
8;98
33;54
43;2
94;32
79;93
74;58
99;16
19;28
34;36
11;51
49;36
89;80
41;10
78;36
70;53
72;56
95;6
24;87
43;23
90;37
1;92
89;27
56;89
66;82
57;17
61;24
41;46
20;87
4;21
37;64
24;9
98;14
52;56
64;25
56;62
92;18
58;55
57;19
67;32
84;93
60;62
31;36
85;3
62;71
11;57
48;35
55;93
76;7
70;89
88;52
52;3
30;82
37;98
16;92
74;2
28;20
63;56
39;91
9;72
59;32
35;100
50;43
14;74
55;66
42;41
37;20
17;69
82;75
75;65
28;52
36;90
98;76
73;35
83;66
5;36
7;40
72;96
57;100
91;23
81;40
83;68
71;50
45;24
72;26
47;64
46;94
36;21
70;13
18;91
20;11
17;79
62;81
53;50
31;72
84;80
92;77
58;6
86;96
62;76
91;66
2;82
1;6
24;98
17;50
75;84
33;48
61;6
89;43
83;55
85;9
3;10
56;68
86;79
18;32
14;94
67;97
95;21
23;4
3;10
46;96
8;53
29;23
13;60
35;68
53;33
27;49
23;60
31;90
88;22
6;81
11;18
20;55
67;44
66;88
60;48
73;95
24;28
7;66
37;30
33;62
83;53
88;66
84;51
95;30
12;29
27;95
87;19
66;53
94;46
39;10
1;44
30;78
76;80
28;93
81;3
61;77
11;71
94;27
21;98
91;33
53;94
49;14
37;93
82;51
55;4
30;23
77;55
34;74
67;100
56;70
50;92
65;83
86;62
15;28
80;33
32;83
51;87
48;62
44;65
87;53
82;27
86;94
96;60
4;87
86;53
66;74
2;83
29;53
15;92
16;62
8;81
24;36
87;74
7;52
2;86
66;98
44;45
92;43
46;28
37;36
16;44
68;14
42;51
15;42
15;84
28;7
45;74
13;63
45;24
20;10
14;4
41;71
89;3
92;54
59;38
31;6
26;79
24;40
62;73
61;8
81;29
29;37
67;14
87;73
84;50
73;46
48;20
30;96
68;89
82;55
55;50
20;9
11;47
23;22
31;39
90;20
38;65
37;62
2;55
48;5
28;42
43;27
68;14
976;156;47
211;414;10
865;417;1
852;944;16
81;471;43
501;218;20
913;586;15
556;994;41
754;512;3
992;809;15
309;604;46
260;534;25
699;764;7
866;729;34
308;270;11
115;819;4
538;709;12
805;397;26
871;839;14
382;98;48
397;125;45
140;193;20
112;94;21
7;501;21
844;933;40
717;944;19
356;530;1
210;639;14
809;545;35
877;266;36
35;763;25
541;583;18
215;219;9
556;172;19
533;27;32
674;176;14
966;481;18
14;511;35
895;13;24
787;800;24
265;693;40
939;682;8
419;473;4
314;913;27
926;985;16
732;251;46
423;137;43
355;453;7
629;21;48
146;911;42
284;315;20
567;642;39
772;229;7
517;795;6
319;355;27
863;702;21
845;986;9
854;771;38
437;140;41
299;285;27
362;916;23
682;175;30
264;411;18
173;293;35
321;106;44
860;5;12
967;888;46
726;411;1
321;912;38
710;673;16
754;354;19
899;479;32
887;907;46
339;849;20
659;166;40
20;700;27
122;842;23
932;573;47
297;900;3
331;466;31
137;379;30
445;124;42
767;55;22
892;4;26
101;944;45
779;496;22
889;599;35
583;294;48
99;302;38
340;963;19
199;364;3
974;703;9
770;546;29
763;74;39
235;33;26
732;966;1
42;751;24
240;391;35
877;194;8
547;911;48
765;415;20
976;229;43
454;716;34
353;676;46
343;876;37
134;940;50
354;904;33
296;545;31
97;426;38
605;20;27
63;572;13
263;552;21
546;933;16
712;294;2
386;46;29
793;388;36
718;746;18
641;501;8
682;669;2
801;882;36
801;996;3
107;123;29
317;590;47
168;202;9
443;588;4
908;304;14
751;113;32
389;660;35
751;492;10
346;885;23
842;430;41
863;54;20
670;90;46
9;559;38
519;823;31
336;954;8
573;277;6
646;830;11
458;483;6
680;333;47
376;214;22
596;180;43
261;643;36
252;258;17
838;93;18
721;50;22
611;53;35
146;590;33
866;870;17
299;966;35
38;515;42
540;189;2
987;327;35
733;97;47
27;568;16
926;714;27
459;376;32
488;325;9
849;615;14
20;877;30
3;87;3
88;971;43
114;255;46
356;141;24
288;957;48
884;513;6
888;671;36
68;429;6
359;26;50
857;986;14
689;794;46
593;300;48
291;577;43
332;784;12
518;647;17
517;269;34
854;944;29
883;436;19
134;352;7
27;5;3
989;992;14
815;822;50
272;709;23
873;876;22
270;716;43
879;336;38
166;924;50
914;883;36
117;409;31
564;164;16
949;631;19
918;964;28
899;594;21
397;437;23
593;26;6
903;104;7
511;221;17
559;282;3
15;160;11
810;730;37
758;454;49
634;118;7
434;2;16
535;289;27
558;392;18
531;317;25
64;883;12
86;84;21
857;970;17
762;97;11
125;2;4
776;46;15
203;677;29
567;810;27
909;381;33
430;529;20
757;216;25
398;547;37
193;654;5
433;872;29
180;12;30
844;849;18
983;622;6
518;661;42
603;898;32
13;566;43
324;267;9
13;50;32
663;446;16
788;956;11
782;583;46
373;852;16
545;31;31
990;597;20
314;662;13
39;113;25
253;990;16
475;694;48
669;379;38
628;259;44
656;800;30
898;323;25
342;456;33
5;125;47
553;472;18
184;893;45
65;808;18
95;586;35
478;837;37
853;856;24
544;548;16
503;926;9
790;884;44
955;297;35
226;326;31
769;941;3
886;163;36
908;636;38
334;237;31
592;1000;10
404;283;1
327;347;40
833;846;39
282;47;6
378;544;19
759;371;39
692;571;48
899;401;6
28;911;1
952;856;3
962;411;8
603;454;42
770;563;9
615;647;42
957;830;18
501;102;9
745;590;36
77;308;26
864;819;32
702;779;10
690;208;16
144;650;18
967;168;25
504;705;36
462;134;19
518;143;39
404;637;18
906;743;22
185;697;42
134;450;44
771;101;49
645;231;33
963;536;36
221;860;30
910;499;2
420;551;40
693;716;47
475;467;27
612;853;35
119;954;36
320;536;35
880;430;6
930;680;8
741;282;22
449;218;9
510;818;20
532;199;41
190;244;9
840;882;50
395;162;30
229;977;3
186;990;40
111;621;18
3;941;36
595;238;42
304;797;6
168;277;50
937;201;26
367;774;13
237;895;9
271;976;39
256;476;34
200;375;19
760;808;41
942;538;46
202;19;47
535;433;3
639;457;16
631;825;29
380;579;20
150;408;7
953;139;25
203;628;19
636;181;7
443;100;48
441;73;21
953;352;28
609;222;50
489;632;17
874;172;25
954;344;43
342;316;4
190;702;26
244;569;12
393;1000;33
298;652;7
887;588;28
531;342;19
983;589;32
399;264;20
472;493;40
151;746;14
972;611;19
317;502;49
80;254;37
693;554;21
994;84;32
474;179;11
938;852;20
728;904;44
11;377;48
752;182;37
599;375;28
708;943;21
834;167;50
275;304;48
551;365;20
408;634;9
71;729;4
750;793;5
247;893;1
447;386;26
915;917;24
801;997;26
909;870;6
690;879;2
963;372;25
449;885;26
959;732;14
276;551;12
633;131;13
317;322;25
530;766;7
19;218;37
86;536;43
520;820;29
519;943;46
463;431;5
235;642;28
184;713;30
393;160;5
634;584;5
774;513;19
714;792;41
193;846;33
540;545;49
186;870;10
255;620;29
219;894;10
408;374;43
694;80;11
512;189;48
618;457;30
287;298;30
751;924;8
849;274;25
47;645;41
616;956;39
434;319;24
949;699;17
600;370;31
761;45;50
9;602;29
958;987;45
387;494;44
86;230;39
982;778;13
671;410;37
506;326;40
956;957;43
5;753;1
1;488;1
264;761;49
994;862;16
708;933;10
62;813;27
139;875;26
884;30;32
421;461;28
589;852;36
891;131;2
92;731;36
459;987;18
187;352;46
231;625;3
143;440;39
611;641;26
458;447;18
327;88;2
656;925;9
777;700;4
569;226;47
260;932;42
668;12;50
659;334;11
703;214;25
789;519;39
955;287;34
427;100;19
213;60;18
299;342;20
495;854;18
837;884;8
192;540;40
581;892;40
323;444;6
512;546;31
528;521;18
174;320;44
185;954;35
328;94;13
625;973;22
722;8;26
265;908;16
106;892;16
251;557;5
793;1;24
299;527;42
217;913;33
327;942;3
435;345;43
417;293;3
293;526;41
689;542;29
329;972;13
683;496;20
715;60;14
84;656;9
997;959;40
246;339;34
830;291;14
327;486;19
176;948;33
163;22;48
709;776;5
810;211;11
378;195;3
457;432;48
854;586;36
997;416;21
144;122;40
248;592;44
168;256;19
478;819;15
950;977;17
714;13;43
830;433;41
924;23;36
684;588;9
591;700;38
574;8;7
317;134;42
693;326;21
116;416;24
361;875;44
777;91;46
491;326;50
976;28;47
957;520;38
25;300;31
446;201;8
612;916;14
142;556;10
383;684;41
517;484;18
101;643;25
866;168;31
323;470;33
804;500;12
65;270;6
131;217;40
271;990;8
292;988;19
771;158;29
687;620;26
161;769;13
33;395;8
364;706;32
299;324;17
715;28;5
204;567;1
471;267;45
687;649;49
176;825;18
850;250;44
103;659;24
746;365;18
861;997;11
604;711;42
912;93;34
37;196;40
233;279;29
222;33;46
273;713;47
933;721;40
403;691;45
596;681;41
138;999;36
865;977;12
759;716;6
231;338;44
646;664;27
499;789;20
388;159;46
670;691;43
511;990;28
667;208;15
709;515;13
232;64;47
626;56;17
903;26;49
923;271;22
150;318;25
974;32;32
934;752;16
643;140;33
237;89;17
294;792;42
203;145;16
465;576;32
786;779;31
223;176;29
359;839;31
313;724;20
863;907;40
911;323;40
7;975;46
222;165;44
779;968;30
268;199;31
644;430;24
481;398;38
775;89;41
253;60;18
905;89;48
239;183;48
627;243;14
272;365;20
462;816;39
951;670;31
902;118;21
792;498;38
179;319;42
183;155;48
413;420;32
514;959;12
521;41;16
203;434;11
668;367;28
420;614;45
177;739;33
2;16;24
545;678;9
401;934;39
63;106;1
84;552;6
926;700;33
332;256;3
377;938;36
308;31;42
709;173;42
600;151;16
721;355;1
702;11;9
527;445;29
865;894;45
170;88;20
276;234;38
645;919;45
578;334;30
134;70;48
275;686;47
633;664;24
739;949;3
557;191;6
285;158;2
301;438;20
318;587;28
466;201;23
324;719;4
537;720;35
317;94;12
576;511;32
498;922;42
523;715;7
394;782;3
609;3;10
47;478;7
303;126;3
532;459;13
294;614;29
289;53;28
199;171;8
610;139;48
698;205;9
809;837;33
196;147;4
375;232;25
401;800;39
583;692;29
83;108;23
769;775;3
574;601;19
445;150;47
395;346;41
134;539;26
849;806;41
361;571;28
659;736;34
245;433;44
134;20;6
641;944;16
849;465;30
798;397;11
731;233;47
855;192;25
710;711;33
502;826;38
225;902;19
574;19;11
926;711;14
290;576;19
355;159;40
481;708;41
227;231;22
102;654;45
773;47;30
23;424;2
810;926;34
817;608;7
939;915;11
381;625;15
734;174;7
777;170;25
569;122;26
952;43;41
241;728;48
326;930;7
290;320;25
293;630;27
706;429;14
884;733;32
786;477;36
223;9;11
376;700;13
842;432;19
510;861;8
788;415;40
677;29;16
537;863;50
899;477;23
653;722;40
822;890;49
362;852;31
364;344;21
888;990;17
175;653;34
832;478;7
276;701;31
796;753;38
773;833;19
974;937;21
523;151;8
248;758;14
708;680;22
549;660;10
277;807;17
937;128;21
551;607;48
958;62;14
877;128;1
38;370;24
550;778;13
912;522;12
241;64;12
241;469;32
978;351;36
909;211;5
966;823;2
525;243;33
916;835;3
54;89;13
700;351;50
431;736;9
741;131;6
953;282;50
156;839;2
923;632;37
223;808;45
652;477;5
437;676;25
611;659;10
984;666;13
271;871;26
566;894;10
134;733;7
592;336;42
707;65;24
53;756;44
475;602;5
697;481;23
266;889;25
229;484;46
569;109;20
83;546;45
731;710;35
694;938;38
909;273;43
2;333;25
700;912;37
783;627;50
263;336;11
336;915;47
315;564;22
950;693;13
481;905;39
645;246;34
82;654;49
407;774;12
876;679;5
37;421;12
445;431;23
418;304;46
993;843;24
73;180;20
242;647;31
535;389;39
858;643;45
758;591;47
646;524;45
268;507;33
139;172;12
794;140;11
639;633;13
471;502;32
785;114;36
774;914;29
730;595;27
351;526;2
933;352;34
197;954;44
186;589;4
724;164;36
836;883;10
260;9;20
274;100;49
182;669;50
918;848;46
314;143;9
825;540;23
770;243;25
409;453;47
223;895;4
585;42;15
929;435;22
858;413;32
578;51;44
747;660;6
35;224;27
384;316;12
610;779;46
945;171;44
432;899;10
685;395;32
167;755;14
968;881;38
287;876;39
994;197;7
898;358;12
817;326;10
430;208;33
237;487;29
55;35;5
940;277;23
121;688;36
506;742;18
588;834;48
993;28;46
368;771;39
427;385;9
282;699;45
731;417;12
921;208;20
917;664;30
56;51;44
50;368;27
53;171;21
481;492;35
656;36;45
341;594;28
517;819;45
476;981;20
137;680;14
521;712;2
828;309;37
196;202;13
716;386;8
914;613;44
919;920;12
600;442;5
795;730;13
628;635;5
249;45;20
34;617;8
76;722;26
661;156;48
956;481;49
899;54;5
108;202;18
258;265;32
521;818;14
604;425;17
351;12;36
420;552;15
767;922;19
492;898;41
37;685;5
958;638;36
761;668;21
107;308;42
382;705;33
764;813;2
170;458;1
955;704;43
942;442;40
362;696;1
684;719;24
525;278;9
181;405;9
904;154;4
534;399;38
935;501;1
734;601;19
143;85;4
11;688;9
144;947;6
352;789;19
298;711;14
198;260;35
717;288;41
617;468;37
570;607;17
147;558;11
36;196;16
974;912;46
174;613;2
977;294;48
3;481;2
320;593;45
935;544;24
891;513;42
116;163;5
818;496;49
277;474;26
142;616;41
263;194;40
342;580;34
25;687;11
636;45;17
20;922;34
69;920;31
750;507;21
54;725;7
75;490;38
38;864;1
605;249;13
912;934;2
387;680;5
718;583;28
254;585;4
469;678;2
651;102;21
950;502;26
453;449;3
499;227;8
280;517;49
155;122;13
535;989;8
666;406;8
4;31;32
23;586;39
186;258;5
150;478;9
239;226;3
894;36;14
707;492;37
51;299;31
470;856;10
419;627;13
472;176;42
888;874;21
12;523;27
426;528;44
1;380;27
883;414;25
153;453;19
527;186;10
332;171;22
899;218;6
222;493;37
339;203;8
117;198;25
829;273;9
418;430;49
7;329;36
71;205;22
254;471;44
700;137;16
98;510;27
899;587;30
55;751;47
237;18;8
758;805;12
827;231;32
577;647;16
839;377;20
403;823;30
432;206;46
930;612;7
723;915;44
547;57;34
203;946;26
186;108;46
318;8;32
612;186;43
754;510;32
468;442;37
221;540;25
767;927;6
154;880;6
390;270;38
803;111;1
436;354;23
529;754;47
892;242;14
505;68;3
284;957;30
54;571;36
555;219;46
846;408;45
101;587;40
987;148;8
361;956;19
631;317;1
726;829;27
982;82;40
238;414;38
833;507;38
191;8;33
751;316;35
89;692;5
458;895;40
808;476;22
707;738;39
410;506;27
814;643;46
948;967;30
343;321;41
687;613;34
653;122;15
241;585;42
168;653;8
574;238;8
2;959;40
646;554;40
438;429;4
174;127;13
663;473;7
24;774;40
305;117;19
474;304;6
669;957;33
841;193;12
955;899;2
292;435;6
592;831;44
911;222;20
100;777;32
385;818;40
903;766;14
710;786;41
69;603;30
646;658;42
610;60;45
210;493;44
459;269;3
744;697;12
213;7;12
452;66;5
181;995;33
441;11;49
554;992;36
687;980;1
193;397;3
715;129;15
467;21;20
991;1;30
832;445;8
349;610;38
509;125;41
151;596;41
233;312;45
949;251;27
673;871;24
980;410;38
858;399;9
58;306;14
12;991;27
130;231;14
107;592;32
895;808;14
703;303;46
162;457;7
629;509;2
806;684;33
745;342;5
749;642;14
191;127;32
319;956;29
49;791;27
761;764;49
465;127;46
699;422;23
336;161;25
126;414;17
697;58;38
161;556;22
195;927;27
484;19;20
969;1000;40
708;166;6
639;883;14
516;370;19
980;609;50
271;121;39
574;292;24
713;281;2
453;507;29
903;996;14
247;25;1
570;131;33
263;291;1
68;811;19
875;320;35
911;369;38
379;263;3
131;845;15
98;464;29
196;230;37
411;125;38
635;303;41
116;568;23
262;562;20
622;563;50
962;867;31
355;810;8
328;809;39
244;347;27
411;299;7
630;559;50
913;405;48
224;1;36
247;446;37
186;328;25
285;542;14
532;763;21
605;37;11
698;943;33
581;266;42
184;973;36
95;879;4
622;736;39
605;352;13
68;895;24
371;448;50
840;423;27
969;967;18
837;549;43
707;416;46
25;367;42
773;28;47
76;706;8
81;984;48
571;244;3
319;137;26
480;97;6
179;918;44
968;486;8
314;89;30
158;457;12
647;401;28
376;443;48
648;2;28
991;235;11
218;88;40
241;768;28
796;826;34
519;250;35
739;932;33
719;484;34
467;562;16
222;903;23
503;222;17
572;440;40
821;432;35
798;335;31
113;603;34
689;47;13
501;742;12
60;11;23
88;491;30
587;990;21
762;689;41
796;43;31
629;248;48
337;801;1
832;981;42
437;263;8
816;651;20
722;138;27
392;76;30
723;682;4
846;643;13
885;710;37
336;750;21
562;516;15
137;782;47
672;990;50
110;707;35
495;235;16
268;921;33
51;415;33
839;907;24
19;703;3
298;141;4
253;7;19
192;576;27
273;560;40
850;382;22
444;636;35
759;914;49
494;877;45
504;944;42
315;483;31
456;968;11
816;531;28
995;397;15
596;17;20
407;968;31
222;607;14
263;23;46
638;186;8
606;484;5
39;905;26
807;468;36
56;900;47
194;605;12
430;510;8
369;990;46
676;119;13
912;36;34
610;842;40
925;617;21
615;580;19
630;804;8
180;295;38
4;487;39
622;135;3
528;227;23
353;21;26
905;608;10
307;370;1
17;256;13
103;655;22
14;485;30
749;359;36
988;679;49
620;975;29
622;139;33
102;186;39
77;608;22
730;110;3
435;524;21
918;313;43
135;206;48
374;739;12
636;472;4
814;530;44
500;748;4
551;366;35
53;747;18
256;271;11
980;595;17
651;441;18
522;720;49
970;576;27
651;510;18
381;924;42
265;738;46
33;629;19
906;423;50
554;947;30
35;963;35
451;230;49
722;347;27
722;708;13
159;829;15
749;441;16
616;672;49
956;634;4
243;317;49
884;111;44
368;88;32
138;208;24
824;727;36
568;468;43
121;694;41
100;955;27
554;573;7
763;658;26
865;846;42
688;561;48
960;929;27
976;425;19
79;458;40
413;134;25
446;953;40
703;293;23
947;639;24
185;594;5
141;761;32
948;132;29
363;166;48
632;476;50
851;195;11
632;442;21
979;975;18
228;90;31
565;884;18
352;555;2
721;680;7
452;680;42
446;720;15
10;741;36
75;20;7
229;433;29
530;405;4
271;415;20
719;976;42
125;742;44
60;324;1
651;818;23
622;367;16
421;833;34
752;315;45
568;226;43
765;790;32
454;117;7
830;408;14
289;129;35
441;50;20
388;509;36
404;936;5
115;985;3
629;749;31
159;583;8
391;165;16
798;548;27
786;968;20
937;364;45
342;781;41
681;34;25
658;539;48
41;742;30
930;255;17
956;902;8
27;857;39
277;69;34
846;960;9
584;605;21
468;607;5
37;311;17
871;108;16
617;349;23
134;595;48
772;219;8
808;943;15
533;462;27
554;867;15
329;609;3
877;679;9
57;875;30
499;377;34
435;971;8
672;952;6
549;336;41
787;261;47
849;53;14
232;735;45
619;467;2
396;741;28
188;846;25
293;609;34
153;621;25
861;855;32
828;687;41
117;96;50
867;649;13
318;480;24
990;534;12
390;491;15
894;833;12
912;34;40
519;278;4
659;575;25
974;935;7
6;354;40
53;608;10
818;120;42
713;636;6
50;838;50
657;203;33
415;747;21
8;310;9
786;473;25
580;494;16
497;828;2
182;27;26
489;748;16
997;414;12
763;327;42
976;739;43
705;394;42
237;706;47
814;990;17
313;465;12
213;39;18
840;203;23
387;557;30
520;131;43
589;101;41
360;137;43
21;325;11
471;216;38
242;172;12
663;185;2
467;612;30
673;734;44
65;468;48
761;530;4
435;829;21
416;975;25
85;401;44
316;822;24
874;489;49
737;424;10
716;587;24
765;861;9
593;50;30
646;353;18
611;176;34
528;581;34
787;416;18
648;916;23
765;488;5
612;61;12
242;778;41
830;693;27
46;43;42
897;304;33
928;379;28
621;376;11
853;346;40
855;759;40
233;934;2
68;424;41
304;1000;26
772;151;40
486;256;38
283;341;34
889;868;40
658;705;41
693;57;31
865;958;26
926;637;25
794;720;9
764;462;7
625;84;5
134;890;19
857;332;16
301;54;10
344;255;33
558;380;35
374;429;49
652;886;50
460;738;23
219;385;19
69;931;25
956;892;18
507;635;16
842;7;30
348;2;42
200;845;34
686;902;3
387;929;10
127;962;45
959;635;43
513;303;19
404;603;20
514;564;8
343;687;34
273;270;12
345;950;9
402;953;37
882;215;19
26;126;40
88;367;8
17;388;46
327;28;36
867;902;21
291;801;24
100;703;20
328;523;9
415;433;28
806;556;39
955;378;24
41;582;4
810;978;28
920;338;20
652;800;13
209;446;19
214;544;49
454;645;2
260;100;38
297;823;23
600;456;14
19;760;49
980;160;18
802;880;23
578;983;49
387;176;21
572;637;28
260;942;43
583;663;4
950;53;40
903;118;25
768;764;45
437;394;50
961;178;44
138;286;9
736;449;15
60;707;10
744;613;12
675;234;46
62;686;27
393;123;26
672;829;21
106;522;2
424;459;21
30;943;39
32;719;34
838;128;19
683;661;2
569;111;11
759;59;3
246;786;47
877;374;46
78;554;43
64;249;1
859;860;32
366;336;2
91;342;50
793;107;20
711;381;18
367;864;23
847;556;9
779;543;3
484;132;46
699;164;11
576;680;25
340;426;21
68;52;50
27;384;34
198;974;3
456;867;15
600;457;7
3;667;9
480;657;36
118;554;38
288;166;28
315;696;41
179;478;6
766;772;49
581;871;7
64;828;28
409;325;14
183;597;44
166;9;37
305;876;5
509;345;43
614;185;44
782;105;9
383;704;49
520;734;4
387;49;1
375;441;37
413;232;5
543;495;20
989;86;16
117;543;46
941;994;22
709;522;10
853;196;12
897;463;45
971;189;8
440;27;11
936;373;36
713;689;22
828;717;32
762;446;10
541;239;4
248;621;48
494;795;11
381;801;2
999;740;22
319;961;26
380;296;4
578;287;47
596;158;13
888;997;2
737;743;43
823;215;18
131;621;7
723;781;40
154;260;46
277;243;38
635;877;10
479;845;1
377;893;7
763;342;3
360;751;2
863;779;27
220;755;10
425;533;10
904;99;42
830;54;6
398;460;28
35;71;11
115;752;11
872;420;5
219;561;39
313;511;42
962;849;49
359;96;39
687;55;14
176;734;22
222;349;21
407;554;45
169;405;23
904;359;44
416;554;28
687;785;29
929;281;10
987;859;37
781;811;20
362;599;44
549;747;39
967;884;28
148;724;32
65;184;13
742;100;8
558;710;5
188;636;30
364;242;31
232;549;28
745;612;11
246;995;12
742;482;10
213;172;32
262;376;2
651;119;41
631;322;33
538;448;36
951;780;41
425;742;41
840;321;28
474;648;24
783;346;8
273;534;48
965;422;6
95;465;7
849;734;2
592;833;18
69;736;9
515;246;41
411;892;11
336;926;40
91;830;33
854;488;18
273;81;22
882;139;36
367;726;29
372;117;28
782;55;49
458;574;1
391;252;20
774;85;12
997;786;43
95;274;33
343;921;5
290;728;14
637;249;8
197;206;38
921;158;3
833;981;38
82;866;6
865;497;2
983;347;24
460;380;47
944;766;24
9;673;38
483;96;50
875;355;24
58;749;36
886;778;9
440;367;10
723;710;48
888;519;4
520;868;30
754;301;8
298;879;45
375;456;42
964;925;11
208;324;47
169;262;27
650;870;15
748;109;35
643;269;27
951;259;46
718;793;37
714;152;47
439;375;19
781;639;19
587;815;8
803;790;46
111;231;40
754;81;27
645;305;30
948;485;48
678;675;35
228;757;26
386;727;5
620;216;17
408;967;50
688;431;11
502;364;39
798;200;26
575;763;26
247;822;17
554;222;47
201;672;25
442;959;7
199;404;2
307;398;36
527;646;33
288;700;25
931;282;27
998;823;14
254;310;21
363;313;21
526;473;25
689;662;28
454;144;50
489;511;6
986;315;34
980;997;6
663;521;21
476;633;21
105;25;13
358;13;28
414;415;28
481;587;3
949;975;13
196;991;37
708;357;12
366;462;43
346;258;34
643;406;23
532;766;25
958;246;47
884;898;23
598;532;46
640;278;17
431;137;7
535;802;19
867;646;21
926;628;19
27;172;41
435;917;28
55;902;6
972;979;45
603;587;43
529;644;34
946;732;18
957;751;40
144;413;3
982;586;10
77;409;26
398;972;10
700;57;21
417;73;14
815;657;5
611;682;6
334;873;24
60;814;23
823;491;7
527;909;31
91;882;42
484;744;17
860;519;18
60;41;8
792;518;49
926;782;8
511;740;36
63;522;36
53;134;10
647;359;21
697;133;30
943;680;27
956;391;11
839;771;40
977;838;35
490;649;50
120;344;2
491;768;15
765;600;23
356;361;6
905;173;46
732;247;30
850;661;43
453;724;13
372;3;17
816;677;21
694;313;5
838;75;26
727;616;42
348;535;19
394;255;46
168;636;22
403;575;11
372;940;29
92;956;25
793;260;42
915;629;30
648;719;19
242;356;41
212;504;12
481;172;3
755;61;20
27;54;34
235;209;17
904;25;29
226;825;45
527;397;12
884;20;29
125;619;34
591;560;23
366;893;20
966;433;14
232;35;34
200;103;43
518;975;29
103;323;6
886;147;4
865;129;46
518;794;22
923;422;14
513;845;9
809;964;21
127;823;14
355;703;50
392;944;29
172;708;45
641;473;31
367;644;43
361;249;16
238;448;21
707;278;19
338;100;34
766;196;31
847;273;12
668;405;15
217;824;25
331;326;11
89;298;25
134;686;5
191;97;39
310;58;13
714;89;37
602;831;18
648;675;46
176;436;3
751;653;11
110;241;31
920;662;43
937;596;46
503;160;16
594;767;12
824;6;6
656;154;40
648;676;12
506;959;9
788;384;35
192;522;48
321;218;4
854;96;50
660;508;13
839;557;41
101;686;23
188;943;44
45;329;14
608;189;5
687;631;4
775;767;35
699;876;17
161;707;27
559;322;12
369;164;11
574;714;49
911;254;46
633;591;50
363;211;34
726;92;22
470;946;21
381;621;17
773;200;1
956;874;30
222;491;18
319;503;43
280;677;19
567;519;37
640;301;22
341;648;13
88;723;46
623;724;6
462;297;35
432;323;19
47;871;2
914;561;5
209;598;7
728;643;13
452;316;13
881;981;4
972;545;46
951;690;24
930;367;45
438;543;28
6;722;27
737;502;13
452;508;23
773;580;48
341;542;44
158;870;12
198;636;40
811;784;40
895;411;40
588;891;42
407;313;21
752;529;40
691;955;10
502;402;45
819;623;3
996;23;9
396;360;49
714;22;16
68;79;46
433;680;13
238;808;50
235;779;4
128;770;4
342;222;22
698;334;4
707;61;30
501;535;1
547;739;49
20;957;13
187;504;46
104;746;40
214;141;26
645;121;7
9;281;46
717;562;10
488;412;6
211;828;28
438;882;13
960;415;14
892;98;43
452;746;4
251;59;10
218;38;38
638;233;45
299;42;7
478;325;35
102;225;29
677;311;8
889;153;26
109;225;12
603;806;47
77;798;18
853;724;20
55;77;3
916;116;39
355;792;48
351;330;22
947;391;5
995;429;30
837;568;48
311;852;5
494;707;38
524;51;1
158;51;3
251;371;26
822;367;15
149;810;23
507;300;30
685;637;41
205;550;11
235;999;13
621;647;9
660;763;28
259;858;41
63;164;20
404;757;26
298;729;29
996;979;15
655;208;4
780;125;8
459;235;10
130;117;44
57;6;23
54;980;22
622;497;1
392;559;10
537;993;4
102;571;30
748;135;19
979;198;42
555;850;7
741;302;25
6;740;13
974;368;49
612;471;48
507;444;5
996;828;2
730;980;31
603;752;43
66;754;20
816;260;17
703;175;45
517;200;42
273;786;4
162;122;22
570;715;20
789;950;36
716;104;30
44;751;5
836;289;43
185;319;26
709;765;15
766;266;39
124;287;12
833;961;21
530;884;39
661;482;30
257;539;18
26;405;33
987;770;26
605;472;23
704;5;6
593;817;50
102;682;10
647;278;32
709;866;46
163;409;17
416;45;22
332;736;8
961;197;37
729;744;43
898;376;34
151;294;48
567;313;7
280;303;14
909;144;28
697;716;1
428;739;41
165;266;15
148;344;26
798;990;8
498;211;1
528;915;43
246;658;9
14;243;22
143;66;43
135;485;25
540;660;48
7;620;9
976;309;14
771;478;36
365;969;46
758;713;6
821;952;21
216;784;49
716;168;17
589;737;31
409;367;50
365;501;41
90;338;40
598;236;11
911;837;23
171;446;42
862;532;46
494;455;47
387;360;39
914;432;35
389;204;7
46;307;27
531;228;4
590;483;15
495;608;45
171;59;17
745;269;35
696;583;8
553;281;22
14;640;23
392;106;4
664;676;13
113;670;41
918;987;35
624;211;17
832;701;34
889;69;37
858;990;29
38;659;4
957;874;15
531;324;47
940;119;35
636;25;37
894;152;26
325;398;20
783;482;3
441;208;28
654;438;21
617;280;13
713;962;19
566;552;38
965;573;45
404;219;34
29;309;42
789;908;33
746;180;26
34;99;41
680;169;41
367;875;40
557;319;2
450;677;15
715;535;32
394;267;38
1000;515;8
811;304;14
841;554;25
580;392;41
837;224;40
251;842;41
678;235;12
616;547;16
331;370;1
871;690;29
984;957;8
995;957;2
658;245;25
476;285;26
779;480;21
571;155;13
157;980;38
993;2;34
925;316;43
515;852;46
71;732;33
719;544;15
185;389;31
366;55;2
653;91;32
791;31;5
943;813;25
31;776;35
435;968;6
271;35;32
201;986;35
762;826;11
162;518;15
176;316;31
785;118;10
186;655;8
774;890;43
222;275;41
606;269;34
54;362;12
982;590;31
581;687;31
46;846;47
554;15;16
621;448;33
620;708;6
846;393;14
751;33;5
341;755;48
466;12;12
261;233;29
208;537;33
370;49;33
666;472;48
864;583;24
665;679;43
940;962;10
460;975;23
286;35;12
820;825;19
342;989;32
274;751;15
636;103;2
683;826;2
451;169;6
602;720;39
891;250;47
396;517;4
528;616;41
743;404;48
102;166;35
101;111;37
732;56;33
79;189;25
81;703;34
333;842;47
51;398;10
657;135;16
996;201;44
651;678;10
226;297;25
854;740;24
957;325;8
295;555;31
844;919;38
496;542;19
708;351;44
90;498;48
779;71;35
491;622;23
96;286;43
460;690;10
74;307;8
575;363;41
623;145;29
841;975;20
686;232;31
527;335;20
596;139;37
951;461;12
605;869;36
898;163;17
106;268;32
200;595;37
726;301;36
747;841;1
118;876;49
920;979;7
888;290;23
663;585;34
216;20;47
35;726;39
599;152;41
426;245;39
250;995;50
941;62;49
431;434;11
398;719;16
2;193;14
614;787;47
637;780;27
610;130;29
714;803;13
273;183;38
587;21;27
411;982;19
680;181;22
873;166;17
912;23;45
218;164;27
272;437;19
488;477;34
498;838;6
346;841;5
701;818;5
388;716;8
499;82;30
460;743;6
775;512;37
151;655;27
256;889;34
553;983;23
39;710;9
170;222;27
736;85;37
979;483;22
663;671;1
94;13;40
185;415;22
424;495;39
781;506;38
176;7;8
582;918;44
620;110;5
543;454;1
480;12;1
941;367;38
618;466;15
9;133;49
958;945;10
388;858;48
56;213;11
937;476;18
809;255;22
515;645;48
700;388;2
676;708;8
796;213;5
68;161;23
622;228;21
282;192;34
325;920;43
39;182;2
923;316;9
709;724;16
148;153;2
850;556;14
100;81;21
624;255;48
374;821;17
445;113;42
913;465;48
803;588;33
909;440;33
571;849;26
94;558;24
747;755;26
469;780;29
524;430;13
152;747;22
742;567;40
189;615;29
975;740;38
11;477;37
741;435;7
215;840;23
556;905;10
540;560;21
451;574;19
900;738;14
248;343;30
774;546;12
514;112;50
432;714;35
937;734;49
203;821;48
454;369;22
494;699;35
553;993;22
577;45;21
417;13;27
793;10;38
103;804;47
590;593;14
742;5;24
472;844;34
288;897;32
722;430;22
706;653;17
924;948;22
492;341;50
176;374;26
541;973;49
313;625;41
340;595;34
136;600;37
511;103;50
174;900;17
290;835;28
837;200;36
86;221;36
729;208;49
401;463;38
566;815;25
700;884;14
962;147;1
10;164;50
459;917;22
485;608;19
755;873;11
696;752;35
990;82;23
55;173;32
331;640;15
242;869;44
859;524;29
547;392;49
158;390;26
96;282;29
365;210;3
521;1000;11
761;576;36
897;809;2
487;543;8
192;93;8
534;197;24
800;89;17
548;73;10
611;419;28
569;727;26
863;146;14
556;249;3
64;451;19
518;130;32
811;239;23
964;757;41
219;535;25
273;237;47
942;916;36
744;577;7
624;95;43
72;870;25
875;349;4
335;748;8
893;485;16
880;435;42
404;184;41
419;950;39
22;857;34
753;747;21
711;407;29
988;718;31
403;978;10
976;899;38
215;317;40
208;481;48
93;90;3
113;998;12
855;636;33
194;270;36
390;908;15
422;860;7
960;943;33
828;599;14
622;654;44
807;84;6
875;946;29
938;410;46
587;237;6
351;765;16
370;27;25
517;388;26
537;33;46
392;646;33
312;140;9
352;383;15
871;358;22
507;30;34
336;223;15
971;786;1
747;700;9
416;510;45
395;846;5
842;854;17
44;741;19
653;579;20
322;598;49
65;489;49
909;648;36
725;336;23
836;646;4
158;666;13
931;710;40
888;273;28
801;408;1
250;252;41
276;609;43
153;898;8
644;308;6
22;32;3
944;308;24
777;863;10
168;364;12
831;643;33
12;867;17
479;541;45
688;33;37
662;751;8
498;279;27
626;110;40
778;721;45
54;812;17
453;502;16
764;771;25
285;434;37
227;806;15
56;709;50
884;778;30
279;238;9
683;978;28
775;500;13
439;7;32
307;724;29
820;841;3
470;445;33
10;288;23
431;88;10
586;871;9
358;344;44
336;849;39
211;992;9
187;53;29
446;862;12
979;190;37
693;924;35
538;586;12
439;911;38
386;144;26
186;183;14
420;7;8
232;666;30
56;831;23
510;679;49
922;658;37
329;697;46
283;686;36
484;526;21
387;970;38
684;448;1
552;29;7
744;212;36
829;464;33
886;296;13
578;824;18
985;930;22
144;79;38
451;972;9
658;469;23
4;68;29
816;210;12
104;327;17
662;852;49
500;651;5
173;259;26
682;335;5
793;800;28
205;302;10
441;332;29
20;995;12
28;258;27
303;780;30
430;357;10
600;428;43
360;133;3
304;647;14
841;117;35
315;763;6
945;236;6
105;143;2
222;446;39
347;648;43
215;56;35
258;369;47
257;561;50
997;26;36
18;630;48
706;756;30
511;40;43
79;280;13
434;318;28
310;703;23
831;929;4
749;242;12
882;863;7
418;642;42
313;448;39
104;900;26
263;455;21
669;702;28
289;245;40
609;561;31
210;279;23
990;754;24
368;812;15
587;433;42
303;763;30
84;941;36
191;595;49
255;183;44
785;224;4
603;274;34
9;838;33
105;297;44
603;550;10
914;436;3
796;974;20
497;829;33
316;405;44
505;694;29
691;736;20
101;676;16
943;917;50
991;118;5
476;553;39
714;694;48
189;551;38
545;47;17
449;263;42
202;913;38
745;768;37
199;105;30
62;930;44
456;911;44
935;563;47
745;287;32
926;937;50
903;612;12
465;878;12
526;291;38
529;880;25
464;841;35
999;934;23
188;697;2
710;334;4
307;657;6
689;261;5
370;854;35
513;398;25
782;133;19
563;210;37
802;404;1
722;763;2
313;165;40
933;520;43
653;140;10
234;726;37
963;69;48
141;950;6
535;383;26
835;123;5
518;682;1
955;958;12
648;338;39
691;439;3
285;424;19
872;147;17
548;701;3
308;862;3
558;394;39
978;426;23
90;927;38
851;376;37
508;493;24
400;210;40
632;985;30
467;555;23
988;233;12
854;215;20
431;781;3
461;866;25
632;470;48
836;216;50
403;177;17
847;709;12
16;15;47
832;136;4
722;941;47
967;267;25
748;517;32
366;691;48
509;550;45
346;10;4
207;194;26
25;671;20
261;126;31
21;743;5
806;512;38
751;162;46
412;929;28
591;232;47
327;63;15
534;867;16
676;189;28
529;925;23
261;792;31
743;953;42
932;134;46
971;103;38
440;880;23
612;609;17
910;876;39
284;305;42
410;148;47
314;115;17
541;355;10
374;762;41
173;509;18
756;420;27
84;894;23
828;708;1
416;673;41
770;127;19
417;984;3
266;855;49
753;702;15
630;301;4
632;392;46
367;422;36
965;444;41
979;773;43
828;719;6
545;307;22
339;390;41
993;677;16
712;168;30
798;206;16
312;316;27
8;742;9
67;76;35
554;295;35
843;872;4
912;54;43
993;408;13
514;725;28
969;547;9
937;192;38
102;277;20
419;382;32
892;948;38
37;143;50
821;818;37
464;559;31
69;669;25
720;472;27
383;425;20
335;438;5
521;266;29
56;365;46
447;428;6
559;209;10
351;470;12
117;174;46
881;691;12
328;515;12
912;252;29
135;539;27
274;292;46
342;637;13
464;47;4
848;117;15
962;711;40
36;463;21
346;350;10
230;268;46
14;692;42
602;538;29
209;680;14
902;841;10
586;354;9
675;230;43
73;832;50
151;132;28
251;278;19
861;413;27
869;189;32
129;593;29
362;109;17
69;538;42
449;153;30
569;99;6
348;727;1
815;508;43
152;252;11
475;635;8
383;449;45
279;940;37
49;868;6
844;914;1
230;638;44
767;822;7
355;844;24
802;579;5
909;690;25
470;212;17
448;390;14
289;413;12
607;901;15
361;357;35
102;22;50
821;980;7
428;567;34
432;268;7
489;292;23
702;584;43
841;101;18
184;908;31
612;990;24
755;102;36
743;223;14
345;241;19
368;552;23
270;507;24
53;28;3
923;770;40
148;105;32
905;951;44
265;765;45
770;130;23
338;971;21
844;998;40
176;610;26
699;30;48
99;367;15
923;875;9
415;147;10
50;840;39
665;83;27
879;462;14
330;150;19
546;201;25
371;313;39
128;789;27
297;320;45
912;661;13
455;301;25
157;351;38
474;579;33
380;392;4
840;634;16
938;523;50
417;677;1
605;142;33
23;786;23
419;344;22
948;384;1
256;144;35
318;729;29
66;183;46
515;410;34
94;490;41
8;653;7
570;171;50
637;682;40
207;960;27
237;652;35
462;81;17
460;341;20
222;409;28
538;898;19
939;283;10
18;11;29
962;11;17
286;277;13
325;934;28
628;298;41
438;197;47
159;887;16
642;140;33
12;725;10
542;804;28
963;47;6
536;45;20
221;241;23
687;821;41
972;605;49
237;847;5
119;214;29
970;569;28
667;520;10
258;565;21
18;6;2
229;414;45
894;438;40
835;965;22
55;292;30
646;977;28
413;535;45
24;969;9
601;547;37
301;281;11
878;566;27
744;967;32
898;361;35
837;455;21
513;550;4
240;653;6
82;863;4
750;561;8
118;421;21
71;157;22
434;206;27
970;685;27
531;352;41
492;943;3
71;249;10
154;754;14
74;507;13
662;452;48
25;770;4
749;962;41
183;362;43
830;887;6
10;683;9
245;347;4
808;681;46
332;335;30
811;436;17
541;797;3
54;29;1
132;336;14
338;754;20
291;829;31
529;621;19
420;720;46
448;723;13
942;96;41
625;288;36
420;141;47
647;700;24
796;371;20
286;564;32
569;540;7
392;803;35
171;206;29
969;217;1
591;54;17
1;775;27
66;897;10
69;88;37
810;851;13
197;905;39
788;142;48
662;948;36
505;209;49
478;599;17
560;62;37
466;955;26
39;342;48
917;636;31
80;343;36
974;784;36
558;505;25
122;822;15
460;210;49
367;328;48
249;688;21
999;989;49
578;450;5
721;688;12
533;619;22
254;868;20
84;536;16
710;984;14
357;542;48
882;967;45
863;572;8
356;262;18
199;748;39
202;968;31
147;6;16
945;113;38
631;744;20
481;119;24
916;34;10
852;632;27
527;933;7
307;20;48
804;153;4
169;591;11
601;654;27
202;51;11
330;540;45
839;326;33
419;88;29
206;580;12
740;650;4
517;278;46
852;468;9
146;412;32
189;163;46
463;128;17
264;186;48
267;341;4
923;261;38
471;84;35
861;727;10
83;831;14
959;331;27
551;323;50
320;535;40
468;104;36
738;333;21
683;450;37
848;222;23
272;150;15
64;833;3
572;60;2
669;689;23
604;799;39
756;225;44
744;786;36
662;290;11
356;754;14
553;439;48
102;18;32
326;682;16
945;86;4
440;571;6
750;601;24
810;679;38
855;860;39
898;716;24
701;822;33
568;574;7
499;602;25
276;772;3
127;397;10
934;330;31
265;149;42
386;518;41
45;189;2
973;938;27
835;363;44
609;354;22
310;423;44
569;314;32
966;148;13
414;336;1
507;195;20
631;40;29
406;644;36
532;235;14
892;640;10
746;488;36
233;407;42
118;932;22
502;280;12
11;522;21
608;353;37
114;639;46
286;846;18
669;791;19
657;680;33
846;859;31
984;605;31
353;467;30
562;22;20
42;595;18
201;39;47
660;756;24
911;48;9
594;769;10
843;487;40
18;410;32
580;813;21
638;225;18
815;267;25
421;992;24
166;957;39
239;475;34
269;193;7
671;119;50
580;311;17
689;761;27
383;756;31
113;322;41
355;806;22
864;41;1
85;764;39
303;852;27
510;601;10
400;996;23
114;304;13
346;494;10
308;252;26
869;620;9
68;713;1
536;886;27
563;63;39
827;356;23
641;645;25
378;882;1
209;161;8
11;449;31
757;692;21
531;226;2
267;818;50
268;622;25
720;539;25
466;691;23
622;996;44
602;237;14
430;794;30
508;441;5
979;188;41
549;313;50
423;708;11
511;693;6
863;866;18
305;487;29
565;371;9
334;476;34
416;841;28
429;781;34
485;469;39
388;681;1
836;148;28
386;34;22
780;759;6
985;729;33
562;247;20
554;733;43
619;852;16
358;141;4
59;62;48
19;153;17
15;290;47
574;62;10
643;358;36
367;901;40
983;850;41
762;169;13
937;21;32
457;922;3
585;75;15
143;234;3
86;263;25
766;93;40
919;833;9
592;605;39
954;735;30
213;909;13
547;519;12
42;967;38
633;647;29
837;941;50
875;998;33
153;84;45
44;93;27
450;522;15
246;153;26
950;387;23
892;907;3
92;872;49
68;551;46
275;540;22
609;547;29
628;526;50
300;164;40
324;498;40
697;308;15
523;754;12
144;685;8
586;588;13
347;349;5
185;839;46
275;326;3
982;414;40
98;428;8
679;635;38
748;498;46
479;85;9
414;394;24
818;52;24
219;966;13
802;704;30
598;134;49
132;754;45
992;282;28
844;107;22
2;419;1
628;213;20
462;205;9
773;1000;39
315;67;40
615;212;44
340;569;41
31;795;45
858;860;23
809;863;1
907;611;45
504;562;35
141;778;30
445;64;36
598;409;35
992;735;18
77;448;9
992;929;20
620;849;33
426;166;19
852;637;20
928;609;39
410;826;16
233;30;20
618;387;34
136;171;26
799;163;16
915;297;34
119;215;12
137;987;5
705;321;40
97;785;8
754;470;17
827;414;20
186;621;24
200;40;31
477;200;35
591;514;23
49;802;21
707;950;29
666;781;20
62;492;11
828;882;25
623;887;3
804;62;16
546;620;14
68;663;14
650;184;4
452;407;48
990;144;13
763;579;13
297;41;35
721;371;28
507;169;12
950;551;44
569;572;20
120;970;20
599;853;32
843;45;49
624;736;28
497;614;27
131;747;28
429;283;15
378;779;22
230;144;12
328;318;3
130;336;21
476;389;22
764;654;36
878;17;16
707;925;48
457;385;18
75;404;48
138;393;45
655;942;11
264;404;28
626;488;8
475;570;27
212;972;47
491;436;37
535;710;50
625;845;40
98;250;2
354;763;12
591;971;4
208;282;33
773;43;44
309;631;23
646;737;49
634;807;43
989;584;8
20;742;25
232;21;6
602;157;2
812;472;17
587;87;38
403;412;11
230;652;23
270;45;38
230;492;40
558;738;49
18;807;30
456;792;42
535;886;41
706;726;1
30;572;45
567;980;7
245;502;9
898;291;37
529;660;41
143;527;36
280;428;20
908;488;39
807;266;35
500;219;14
136;902;25
587;607;12
333;387;20
656;237;5
444;382;44
350;307;28
445;201;40
449;405;19
814;928;24
362;771;6
964;612;48
286;124;47
820;215;38
160;3;11
633;983;33
294;3;40
594;3;7
700;51;40
776;308;30
662;224;9
20;497;38
258;56;35
828;437;32
861;539;22
56;752;21
78;39;24
98;839;38
710;813;12
520;899;48
472;472;14
673;92;46
801;418;28
494;312;35
17;712;18
232;476;14
646;445;19
601;620;41
774;199;31
744;568;2
336;946;10
308;536;25
406;344;15
359;532;46
554;369;28
782;356;12
562;232;49
846;935;46
25;501;9
477;111;33
522;694;17
90;873;47
405;92;29
580;712;45
175;466;27
54;217;49
757;656;41
532;501;43
146;241;32
930;770;44
669;12;11
951;654;38
143;892;32
652;344;31
127;410;20
992;4;11
342;185;47
84;355;9
468;608;7
151;475;30
887;346;31
758;152;18
230;219;23
401;441;23
384;42;13
751;696;18
700;259;6
77;723;16
974;294;39
130;575;49
57;595;47
765;120;35
76;602;17
41;536;39
788;576;16
773;216;36
379;916;22
601;712;17
477;161;2
849;308;14
757;438;11
866;101;19
433;679;5
686;728;31
508;362;43
593;775;35
202;951;29
902;415;1
711;780;39
630;682;18
235;881;17
839;783;46
363;325;10
464;700;19
785;40;24
100;995;46
177;444;25
857;335;3
932;367;38
759;538;28
920;410;18
611;706;30
900;372;12
345;389;46
26;649;8
895;162;37
495;531;33
622;423;35
317;738;17
310;717;10
360;698;27
97;702;33
351;217;8
503;719;38
753;932;39
936;342;49
340;990;30
51;77;32
921;13;5
365;806;44
240;350;30
753;177;32
986;698;21
956;987;14
392;889;15
497;353;49
470;719;42
623;597;49
205;633;43
553;595;8
785;702;29
421;198;48
212;357;41
562;485;7
361;217;42
745;501;7
659;444;11
131;591;32
249;378;17
168;679;49
609;629;19
143;146;9
60;369;18
244;726;42
584;460;42
61;648;12
890;404;28
137;552;32
178;335;46
1000;73;36
766;657;6
799;137;41
605;552;11
165;87;31
35;967;47
765;598;29
796;38;3
172;79;10
242;388;49
14;230;22
652;412;40
646;965;26
881;128;19
597;53;17
79;634;28
437;707;18
731;999;33
539;695;5
681;802;43
778;958;33
503;189;42
961;726;31
5;450;42
208;381;5
759;218;46
513;418;23
267;272;12
559;135;6
719;213;27
518;404;34
136;139;32
987;224;1
295;869;6
243;102;5
274;822;3
867;719;6
310;987;26
609;681;46
327;591;39
758;583;44
748;645;33
698;779;20
145;469;9
360;825;35
250;332;39
626;564;17
512;31;22
323;202;42
298;861;44
141;245;10
300;105;18
809;358;12
670;116;40
747;85;1
973;546;7
351;49;22
359;645;25
872;560;33
266;832;50
827;445;50
595;373;19
680;278;23
51;20;26
511;45;45
851;295;4
822;700;3
451;969;44
318;286;7
311;161;17
341;722;41
917;200;32
580;757;21
343;85;32
631;633;47
793;759;36
171;249;9
657;844;49
763;95;37
123;279;48
399;782;43
513;381;8
748;858;13
889;780;50
932;282;27
433;172;12
499;711;45
416;911;2
686;496;41
462;278;37
22;405;37
401;711;8
871;287;19
851;929;47
178;665;43
589;766;49
991;806;41
573;856;46
523;816;44
555;343;45
803;254;20
619;462;29
676;123;42
178;509;34
336;532;36
473;169;25
250;179;1
839;14;17
234;178;39
697;550;2
58;442;27
516;406;31
574;130;12
822;475;27
762;331;5
772;360;6
382;54;38
629;824;44
413;759;44
319;895;35
467;334;7
193;1000;19
175;644;22
86;994;26
437;999;27
130;676;9
321;771;10
4;125;4
279;293;25
682;319;11
150;5;18
751;28;2
294;573;17
574;52;5
411;858;24
338;290;24
272;441;1
589;724;29
317;806;15
688;136;18
154;481;23
191;805;23
731;89;18
880;864;31
955;138;33
739;125;31
829;675;2
256;281;47
125;239;34
29;500;16
700;162;14
567;524;7
617;673;27
628;912;49
16;401;7
539;165;12
547;827;45
749;698;9
232;318;29
99;133;2
739;918;3
47;527;37
587;591;19
322;611;21
539;622;10
651;97;39
845;993;19
889;219;19
576;880;26
286;604;27
181;653;38
136;998;45
343;217;16
533;757;36
764;648;12
409;961;43
386;324;15
101;197;38
47;839;50
658;522;30
195;735;42
196;821;17
85;44;46
477;955;24
643;794;38
603;977;18
60;851;33
811;662;37
343;896;36
988;631;7
134;314;50
200;455;14
838;995;8
910;355;47
129;121;31
254;69;14
430;464;34
719;445;44
588;300;15
650;604;50
185;691;29
119;149;41
299;95;29
965;110;36
242;987;21
534;771;37
165;901;26
351;130;11
192;769;32
54;626;14
565;151;26
813;812;16
995;726;34
163;290;28
715;890;49
154;8;46
777;450;50
766;959;37
31;600;17
961;620;9
797;400;6
128;755;32
474;96;22
937;745;14
900;920;23
171;188;41
744;785;4
242;438;21
740;374;11
708;962;25
166;818;31
268;282;19
250;230;47
957;281;2
396;52;46
416;884;12
919;994;11
575;190;16
775;296;5
54;185;8
208;186;32
468;264;19
150;893;29
287;64;23
424;587;30
490;718;15
775;745;23
196;757;42
276;443;3
803;88;13
558;289;46
355;905;31
497;617;39
73;604;40
409;563;17
50;347;49
685;538;50
862;991;16
723;944;49
28;414;2
560;238;46
953;388;50
43;103;35
481;38;11
981;225;17
693;429;41
992;636;22
979;567;9
122;174;4
131;708;8
499;935;29
460;276;25
897;447;32
503;6;45
593;176;6
276;537;41
434;312;2
215;869;22
764;687;42
927;326;40
311;586;34
663;63;43
557;434;6
147;690;25
2;388;29
434;863;8
785;71;20
111;791;2
493;844;47
459;647;19
613;729;41
656;447;39
230;148;50
978;103;48
695;368;37
582;347;44
751;328;47
17;990;6
274;753;41
484;828;29
239;532;42
477;195;3
733;796;27
100;744;47
775;147;34
753;783;27
273;387;21
553;546;49
428;378;34
918;634;17
286;775;13
639;623;29
805;299;3
79;416;39
130;782;1
854;985;4
617;326;34
824;152;18
149;793;8
445;186;17
856;484;5
350;888;42
43;785;20
890;567;3
939;556;42
938;95;36
782;705;48
117;222;44
881;150;16
247;503;18
311;463;29
21;109;48
265;822;33
586;581;45
818;308;17
475;833;41
574;393;47
984;656;37
836;554;50
411;868;24
186;451;42
818;773;32
449;723;15
555;426;46
949;552;26
478;994;11
304;700;26
324;548;24
799;347;8
241;531;22
791;32;41
649;292;40
732;535;7
248;924;46
509;81;6
218;195;6
429;207;34
876;559;7
140;746;6
890;657;44
529;332;29
827;403;1
130;392;34
948;602;43
829;288;19
748;739;28
827;162;10
562;166;25
559;556;43
131;459;42
187;485;10
34;834;46
784;35;41
810;853;21
472;455;3
6;35;39
855;554;6
552;121;4
493;110;40
39;938;13
410;411;47
177;114;26
249;76;7
222;489;36
55;159;50
625;949;48
190;537;2
88;947;1
864;373;20
6;12;46
735;309;42
693;923;19
677;906;27
713;632;29
529;680;33
237;188;48
395;62;43
617;605;33
34;568;7
262;118;40
513;63;43
925;295;43
536;7;44
845;48;46
11;837;19
940;666;3
497;359;29
560;265;50
464;291;3
858;655;13
944;275;32
269;338;9
246;846;44
209;58;27
960;91;30
82;750;17
924;109;27
74;936;39
73;227;21
840;611;42
703;668;25
983;733;42
16;777;28
573;933;4
470;363;11
764;297;3
927;926;34
559;172;39
292;551;7
740;839;2
824;524;27
516;54;8
124;69;26
604;392;1
633;731;24
768;711;40
394;810;47
143;86;23
254;401;44
715;158;45
777;898;50
454;575;19
930;570;36
374;591;25
829;104;29
7;520;40
600;873;28
711;676;34
422;922;45
138;243;31
415;548;41
957;351;35
362;255;22
245;370;13
424;182;41
95;695;27
158;520;37
176;447;8
430;550;13
430;622;12
897;779;27
451;802;30
546;678;6
523;212;37
829;166;40
364;646;39
433;614;3
979;403;12
714;656;15
109;233;22
316;807;36
550;360;10
105;483;43
339;894;5
35;669;16
14;81;44
858;374;14
650;272;47
853;556;45
157;736;34
290;751;15
45;726;40
248;588;19
959;379;37
950;260;19
745;885;40
801;47;21
774;735;18
908;658;31
97;807;10
743;503;9
619;296;49
532;142;19
37;382;41
761;542;7
730;358;49
259;681;11
116;420;28
226;38;46
254;447;44
671;336;8
154;147;26
30;735;46
820;124;50
205;417;7
771;812;37
835;303;47
579;690;31
171;817;50
118;623;50
494;892;34
744;886;45
570;626;12
935;518;23
288;605;17
244;634;46
305;854;46
547;512;42
565;678;39
669;293;2
803;675;27
365;926;22
907;422;32
721;709;22
549;767;16
466;33;45
108;807;17
443;672;17
952;982;20
183;917;15
272;693;10
886;870;41
319;337;25
840;533;10
336;862;11
818;542;42
786;742;27
174;413;29
385;444;47
356;510;19
629;153;24
925;917;14
765;937;4
570;471;8
927;961;1
905;878;28
612;95;35
417;443;2
495;465;33
235;85;16
306;682;33
325;367;27
425;993;30
293;965;36
186;259;13
469;170;17
208;952;5
415;915;50
943;844;31
841;639;45
627;945;35
884;505;39
91;538;20
241;966;1
138;447;7
517;540;16
400;266;3
107;294;12
451;999;47
905;378;14
139;484;45
825;591;24
205;17;36
215;867;31
753;78;28
605;108;16
423;946;33
553;185;26
209;142;28
177;869;43
585;9;4
525;690;40
328;614;19
751;169;24
616;84;15
794;874;12
43;813;15
803;674;27
768;822;17
157;783;14
654;407;32
320;771;49
531;687;29
806;429;44
131;626;1
446;908;29
30;425;12
107;329;24
871;590;16
493;6;45
171;835;43
680;410;46
934;318;29
38;713;23
410;435;21
848;497;26
6;224;43
663;122;35
793;421;36
852;153;6
520;94;33
49;122;14
851;203;25
341;59;50
411;143;50
80;521;21
340;264;9
129;953;48
106;655;37
38;962;7
587;997;36
288;850;27
917;63;8
773;159;27
594;174;34
184;654;15
501;577;42
631;60;48
488;370;5
284;928;7
481;323;7
76;489;31
150;926;4
565;769;2
181;126;19
831;881;39
766;461;11
972;164;35
377;851;29
110;263;33
576;342;14
549;581;29
4;312;12
831;218;8
551;507;10
950;976;26
772;947;20
477;220;2
604;292;34
420;276;29
884;880;43
643;521;38
720;773;48
436;384;39
989;297;12
967;295;33
925;563;46
746;627;10
50;871;48
958;741;1
113;599;22
604;708;18
232;876;18
815;204;8
293;256;24
729;745;47
519;129;12
430;912;46
967;964;31
868;175;34
433;930;39
768;942;41
723;824;47
46;298;12
155;699;48
327;15;32
759;302;5
726;562;42
595;267;45
274;937;11
573;889;7
184;358;6
184;180;10
716;117;46
123;959;31
552;826;19
79;260;50
678;836;39
22;315;36
42;155;36
10;371;29
467;563;18
197;453;16
920;547;28
124;193;18
31;974;36
657;840;7
191;887;30
656;132;41
700;617;39
962;78;14
405;709;42
536;571;19
330;114;17
477;571;17
203;83;23
194;490;17
193;83;34
25;28;33
963;91;17
429;938;34
165;795;32
688;475;11
591;434;39
234;148;44
598;165;28
490;417;23
630;936;7
86;955;14
314;553;37
189;39;26
411;705;31
963;971;7
672;775;29
304;50;10
125;17;8
423;26;39
267;283;17
118;362;20
492;310;20
334;521;49
553;195;16
392;862;13
863;526;31
1;623;39
822;460;8
915;935;20
287;665;41
176;642;35
641;554;43
960;222;20
935;465;34
228;539;35
489;71;39
282;908;32
491;294;29
766;534;18
260;355;44
241;462;32
802;646;31
244;970;27
262;803;46
885;105;8
298;225;36
90;259;9
162;685;22
510;769;50
638;42;50
429;794;33
390;56;18
232;697;25
246;273;14
619;341;11
976;921;50
483;439;2
668;973;12
200;409;31
152;336;30
344;695;24
431;655;3
706;728;41
714;386;16
960;409;28
517;497;49
916;625;17
907;687;19
742;337;22
810;189;49
960;491;39
308;309;20
20;882;39
719;977;4
806;830;43
902;53;21
466;951;34
625;663;4
634;686;40
235;569;8
427;663;2
144;851;8
818;228;9
213;472;1
490;347;24
369;582;6
821;180;17
767;56;32
769;886;29
240;199;13
688;709;48
149;426;16
73;200;36
965;8;34
571;248;26
994;269;26
397;360;12
578;727;10
609;176;24
446;889;41
449;302;3
262;930;25
101;914;12
360;5;16
679;930;11
554;485;46
632;385;3
527;187;14
722;643;22
302;512;20
407;865;44
544;879;49
179;14;5
143;944;22
402;478;4
3;847;45
616;250;48
759;559;6
248;113;46
136;580;6
501;798;3
905;248;2
198;727;17
641;327;47
202;439;29
23;50;29
311;990;33
843;608;5
331;40;28
818;398;16
702;612;41
798;993;24
630;551;1
285;819;48
416;533;28
318;375;21
326;65;43
999;317;31
637;329;5
588;145;34
470;170;5
924;382;46
493;408;30
84;426;31
458;381;40
214;500;42
744;804;30
997;457;3
943;388;4
949;298;30
198;457;21
584;585;19
626;515;11
577;147;7
134;267;16
527;370;47
638;326;39
368;968;41
427;317;35
579;110;1
798;748;25
592;258;20
88;65;34
224;225;15
330;632;14
794;763;28
277;681;10
848;89;34
598;627;45
793;998;32
130;801;30
81;596;24
589;993;11
223;606;49
329;95;47
381;919;35
116;566;33
706;292;7
865;336;49
406;579;8
283;723;50
760;370;23
37;320;39
547;834;32
436;756;34
764;446;6
387;696;17
721;826;36
468;774;13
49;929;26
972;509;42
610;473;20
65;896;14
12;931;21
815;703;36
16;956;30
674;821;23
176;954;39
867;29;18
401;725;7
829;819;12
340;933;39
387;887;27
264;258;34
603;813;12
982;177;28
670;66;4
653;301;13
79;755;41
505;247;3
666;712;21
399;708;2
755;275;43
200;257;22
845;276;2
500;958;49
488;128;32
635;778;40
785;267;34
664;695;17
927;848;1
847;792;37
491;711;26
955;385;11
585;843;21
811;31;30
15;198;17
469;881;38
631;407;29
766;571;18
75;672;41
604;643;40
615;425;5
788;81;40
653;326;11
734;42;21
124;101;25
808;770;37
331;15;29
425;638;39
265;86;26
660;166;10
182;964;40
975;467;23
98;1000;32
819;433;7
314;19;35
495;779;49
398;923;15
153;933;6
350;433;6
359;817;14
325;722;36
857;292;16
988;673;1
341;83;3
627;104;13
84;640;28
445;339;13
308;426;18
78;148;38
322;417;23
652;270;47
475;927;13
722;243;2
977;642;7
44;150;44
433;141;19
982;619;14
955;624;28
263;673;43
860;510;11
555;496;8
253;352;47
421;83;33
72;612;42
817;967;21
211;476;48
590;611;3
53;926;15
469;336;11
376;266;6
902;22;42
593;404;41
419;912;47
321;698;48
251;871;35
228;248;40
652;971;39
601;538;29
741;952;19
746;250;36
844;408;49
216;367;7
953;763;4
603;479;18
299;758;47
134;850;32
123;522;25
93;406;42
270;500;46
948;973;38
271;829;23
283;57;27
281;382;39
914;881;19
44;186;37
190;443;41
876;491;35
347;893;2
21;136;36
249;475;45
751;971;36
572;373;34
820;796;5
227;140;39
228;286;10
37;69;12
60;621;15
989;542;42
839;207;21
999;393;44
938;491;38
922;806;11
556;823;2
629;578;26
200;962;34
918;23;11
990;983;31
159;702;18
791;411;18
695;954;17
6;773;38
632;319;28
800;897;34
433;411;28
181;181;28
790;244;40
116;540;18
231;112;50
63;889;48
491;613;21
871;508;50
481;393;40
459;482;18
588;337;1
112;780;19
299;128;9
888;466;43
811;702;37
978;857;3
737;761;8
2;417;47
928;7;19
337;675;2
338;493;28
748;782;13
204;649;30
609;154;10
646;61;44
334;20;4
451;414;31
698;415;36
933;99;32
670;894;33
76;11;40
208;45;23
877;764;49
690;520;31
935;214;26
975;682;7
471;666;20
196;628;23
907;215;32
875;687;31
663;270;20
431;398;22
395;984;11
820;922;9
622;498;25
887;629;43
995;295;45
344;724;41
478;956;25
934;806;24
460;745;42
699;259;49
698;245;44
25;358;46
48;810;40
265;380;41
400;313;43
402;229;43
987;735;48
139;125;12
124;386;46
934;698;24
496;357;19
143;406;12
241;757;44
863;311;43
436;218;35
818;219;33
383;813;9
693;361;34
11;138;21
401;232;8
316;621;22
726;283;10
556;909;16
157;944;27
432;824;36
221;49;19
898;52;22
243;107;48
866;508;50
823;933;15
505;340;22
755;611;42
136;93;36
160;7;40
626;625;48
480;666;46
815;110;47
285;398;31
236;716;36
238;539;48
520;18;11
804;405;33
528;520;28
362;818;46
627;857;49
790;660;28
824;374;14
474;650;39
35;141;38
174;245;13
197;826;23
469;346;17
285;699;40
794;223;23
179;141;5
716;700;30
246;550;47
934;587;40
90;297;20
848;219;21
496;375;37
864;616;15
875;44;23
933;375;47
313;224;39
550;661;48
588;652;19
940;23;24
808;136;48
180;987;43
41;233;12
982;331;29
813;145;44
651;197;14
264;849;39
563;725;45
213;140;48
573;685;35
920;542;14
418;362;49
207;6;18
3;668;15
310;722;36
571;817;24
301;395;20
495;693;12
933;531;33
712;504;28
434;960;25
78;182;21
497;954;23
761;663;13
861;958;39
406;797;22
855;149;12
222;267;3
215;834;33
406;828;29
523;101;45
255;976;36
895;242;32
244;449;11
119;627;9
232;738;40
616;497;20
640;796;16
564;740;17
991;793;10
755;27;4
334;717;24
687;732;34
959;992;49
799;76;37
457;81;42
690;911;25
775;818;33
257;282;50
451;865;39
829;915;6
475;633;34
802;466;28
442;816;15
721;898;44
467;603;25
612;376;13
885;103;3
80;84;2
378;98;31
424;327;8
692;879;33
179;969;43
871;648;44
904;632;40
455;242;48
361;269;11
975;284;41
436;880;14
477;982;2
368;141;14
691;69;50
571;570;31
613;32;45
681;614;18
668;880;15
239;723;7
811;825;45
766;989;24
317;304;38
493;939;10
912;991;29
408;809;18
409;235;22
689;664;23
156;563;39
775;94;15
355;612;25
626;262;17
816;58;49
787;412;25
132;562;15
375;932;42
733;234;42
744;260;19
654;131;30
214;759;13
737;76;25
923;403;49
935;533;48
580;921;11
840;49;17
959;391;4
961;410;23
463;372;27
976;826;37
587;783;21
846;855;42
756;711;45
469;567;37
972;472;32
873;784;50
477;915;17
555;396;47
863;226;2
498;855;46
123;547;12
367;154;6
899;134;7
523;639;10
205;130;50
899;857;25
153;206;43
480;923;33
228;731;35
822;354;31
34;790;23
54;307;3
864;10;44
994;785;16
653;857;20
726;24;2
165;830;39
471;520;28
47;286;14
83;653;6
345;839;46
865;851;20
937;703;31
464;380;29
771;737;5
920;380;50
559;333;28
964;565;11
328;66;29
116;745;49
968;10;47
868;33;27
16;934;13
573;330;48
593;387;18
930;373;23
414;180;22
4;879;26
468;297;8
135;153;2
869;772;7
281;935;2
653;532;22
83;663;47
121;188;10
581;172;27
358;528;24
54;572;49
746;354;30
319;221;1
996;242;32
909;860;19
317;175;23
496;325;28
673;998;32
82;456;33
768;876;11
315;683;30
255;878;42
571;983;14
822;115;42
289;127;2
904;995;28
817;389;21
381;281;9
271;889;24
669;348;48
936;394;21
947;219;26
402;161;1
937;354;17
972;242;14
981;542;4
725;554;26
682;112;13
488;314;25
740;943;40
114;634;44
870;775;7
129;941;9
630;554;44
823;577;24
766;175;23
992;651;38
589;694;1
943;980;14
482;921;15
205;347;16
367;621;15
313;447;14
57;938;15
951;622;8
203;570;20
382;596;5
363;26;11
513;847;3
675;276;9
243;300;8
509;585;40
327;922;41
11;752;27
566;176;28
488;338;11
694;680;20
486;444;29
101;291;49
583;937;28
210;645;11
504;462;49
401;414;37
955;616;32
769;542;49
837;107;32
945;129;48
397;463;33
366;706;11
61;764;5
219;162;1
711;258;28
489;308;25
449;67;30
45;116;25
23;499;13
265;27;39
701;572;45
386;967;38
658;120;13
732;422;2
371;55;9
111;943;49
969;303;34
854;287;44
649;258;13
845;67;35
530;269;33
150;219;22
543;597;37
504;363;11
797;247;44
375;19;24
809;206;9
621;30;32
370;295;44
539;563;46
84;987;28
227;366;8
260;471;17
306;460;42
544;989;49
576;914;25
533;523;6
904;520;37
521;690;21
899;255;16
965;136;38
109;706;43
347;556;3
657;763;44
39;258;4
847;519;13
712;54;45
753;822;29
27;51;44
147;77;4
760;206;36
418;798;16
322;240;48
8;655;21
902;348;36
60;207;1
834;989;48
709;282;40
826;697;45
451;340;18
430;424;26
449;103;40
855;84;9
55;302;6
504;570;25
145;941;47
210;158;48
737;367;11
262;393;10
816;890;4
445;405;32
304;819;6
670;323;33
951;615;38
110;863;17
81;691;21
912;677;9
596;334;15
368;13;9
636;678;27
415;777;48
368;24;7
685;687;12
388;861;9
617;943;28
413;287;39
588;514;10
79;352;41
110;869;19
735;565;46
295;622;32
555;511;26
17;231;33
778;547;48
499;197;13
117;181;11
383;938;19
432;178;11
618;839;15
432;265;31
20;960;24
143;162;15
62;500;29
992;97;24
835;391;32
92;327;40
291;956;38
136;667;39
762;62;40
557;55;43
291;58;37
3;204;30
226;989;3
563;185;33
720;916;8
292;865;40
268;168;19
897;704;13
124;953;2
307;523;23
143;136;17
701;574;47
756;550;40
541;104;37
751;942;6
937;635;35
618;646;46
118;315;6
832;229;24
149;61;14
825;492;30
685;909;34
177;899;24
924;235;35
962;71;29
12;61;23
408;642;7
357;923;27
755;82;23
722;636;31
573;265;44
188;431;26
633;505;42
564;926;9
478;89;21
497;879;2
182;721;38
165;118;7
351;980;34
151;399;1
992;835;40
292;255;46
863;214;34
766;145;28
512;431;5
77;569;40
440;610;24
79;781;41
944;745;26
616;652;49
93;556;30
575;988;20
531;66;18
809;618;33
472;237;29
113;696;15
65;203;25
247;828;31
847;844;17
835;474;16
198;68;10
530;627;20
514;511;30
346;552;18
604;761;26
83;865;10
833;250;42
719;495;22
232;164;38
25;343;12
59;336;2
867;507;39
544;222;30
313;515;27
362;147;13
912;896;6
1;668;12
35;506;7
32;535;41
830;675;41
554;41;38
301;882;16
539;681;3
677;709;50
106;423;18
447;771;28
421;425;40
361;584;12
1000;394;12
988;399;2
336;6;2
179;215;48
981;328;26
937;285;31
352;337;11
941;662;47
892;129;10
413;375;24
451;832;31
658;257;13
514;791;39
740;844;5
659;937;16
583;296;36
96;26;23
736;833;12
523;296;1
994;183;28
126;947;11
221;296;50
800;719;48
517;683;11
923;714;23
425;171;10
38;288;44
831;128;40
584;87;10
573;675;17
579;480;42
880;200;35
555;402;12
92;241;37
545;427;8
856;813;36
327;351;13
718;382;24
236;823;25
347;47;30
369;194;34
368;159;21
763;567;31
690;201;20
174;146;34
476;712;39
411;254;28
609;166;41
664;925;3
495;82;12
550;228;10
105;512;14
776;857;14
300;920;34
723;113;46
417;528;2
23;418;37
683;899;23
335;805;16
478;993;19
141;597;41
54;383;7
712;417;29
764;998;15
211;776;19
226;693;3
25;13;48
440;588;21
452;644;28
309;248;35
921;797;27
796;978;8
31;984;21
553;323;31
886;289;14
717;724;41
32;891;24
141;679;7
343;273;42
477;327;6
228;485;40
163;140;23
151;147;9
8;151;4
484;155;14
250;254;21
877;74;47
454;268;32
234;230;42
617;671;32
279;948;29
300;690;14
391;534;27
406;940;43
414;319;6
423;607;32
21;665;25
850;584;22
69;623;40
471;655;4
281;730;12
322;509;10
947;760;2
99;362;39
169;631;29
612;409;37
952;620;41
486;279;27
700;292;44
618;573;35
563;368;46
78;66;5
552;645;42
15;682;49
473;465;49
5;136;41
557;604;9
861;637;3
289;501;41
847;843;49
823;808;19
127;458;3
229;681;49
175;121;39
81;838;11
505;542;46
515;174;40
102;510;6
285;439;1
769;68;37
872;255;5
385;73;26
465;830;28
321;529;46
126;203;35
381;404;12
157;948;33
683;148;15
44;914;41
370;765;7
15;449;7
49;534;41
355;679;47
905;409;16
895;321;12
967;656;35
201;233;30
196;487;31
975;297;6
503;170;23
277;567;44
497;978;26
947;62;31
16;432;37
739;191;45
274;1000;13
736;976;40
994;960;8
225;35;1
100;752;40
791;312;35
778;231;47
567;120;27
498;392;7
433;35;50
662;210;23
406;626;45
669;547;37
397;905;15
412;721;33
78;104;38
747;705;32
548;823;39
332;957;28
219;705;40
634;993;12
927;990;46
72;435;16
186;585;44
431;41;18
239;990;11
269;217;7
980;915;29
791;533;7
570;114;8
416;254;35
277;380;9
625;741;2
38;970;19
783;151;37
198;361;12
854;272;6
695;727;24
962;932;8
582;709;50
694;543;28
123;422;50
60;282;15
783;818;32
113;476;36
934;804;17
203;866;18
844;490;36
232;778;12
217;360;38
719;130;6
60;533;17
698;726;41
694;838;49
496;91;14
763;776;46
896;535;13
827;142;46
834;270;7
366;295;10
832;218;25
476;711;32
904;907;4
248;602;40
433;573;46
914;855;19
31;827;12
32;184;50
404;416;37
392;628;25
362;857;6
549;867;7
209;23;43
197;926;15
939;195;49
171;824;35
659;125;13
967;124;46
776;391;7
765;950;3
610;153;10
699;447;9
732;969;30
116;303;27
467;357;15
705;837;8
637;705;4
206;271;32
213;493;20
667;107;5
402;757;25
25;601;41
575;999;1
375;511;50
283;477;29
229;744;8
865;268;6
249;201;13
373;189;48
335;319;26
420;886;17
657;463;7
441;716;12
522;853;50
599;810;15
52;387;8
463;979;18
602;81;35
640;990;21
6;610;7
740;665;14
321;870;1
533;508;50
659;331;7
118;682;28
75;259;39
829;900;12
238;113;46
872;312;14
653;146;15
935;65;39
139;86;33
462;682;20
312;683;4
694;114;38
511;965;19
399;777;13
860;837;22
990;762;23
592;491;36
306;336;48
880;880;44
391;842;14
862;131;2
831;683;45
319;41;13
675;882;1
312;644;8
714;872;28
997;531;3
23;847;20
626;920;23
238;410;9
735;7;46
476;783;50
724;650;4
581;436;24
425;920;39
920;160;12
622;476;30
744;906;25
722;166;20
845;63;8
734;956;41
463;362;16
538;877;16
828;237;7
452;874;40
302;825;15
196;328;47
454;84;28
436;655;5
714;523;30
279;368;11
224;16;11
579;908;36
744;386;31
751;899;48
322;210;41
109;189;38
992;831;23
497;451;21
371;118;25
730;146;36
875;101;25
812;228;24
572;268;18
432;521;5
302;874;48
315;737;29
871;132;46
130;370;26
97;57;14
800;917;5
306;715;8
592;864;33
297;611;37
243;625;39
93;523;17
657;696;38
662;595;21
576;807;11
13;88;17
67;336;48
555;272;3
111;937;10
12;29;17
179;174;18
472;813;39
638;22;40
734;813;2
39;227;50
45;579;23
978;171;29
609;478;35
31;211;37
243;571;26
57;560;2
404;572;14
188;561;15
133;339;25
710;148;37
689;167;10
423;770;12
771;355;35
204;945;30
341;382;14
935;254;43
823;565;39
526;536;3
499;508;3
242;482;34
77;412;39
519;400;13
880;859;3
199;475;5
846;305;47
318;220;20
226;661;50
507;144;23
280;815;6
684;32;5
292;409;30
963;209;11
660;163;44
752;465;14
409;886;46
752;373;13
951;15;41
68;325;43
789;164;23
235;328;26
946;653;30
69;535;16
751;682;5
143;502;44
357;372;43
954;699;35
78;202;48
433;164;23
330;737;4
469;914;37
262;298;33
509;675;29
504;568;4
743;851;22
922;145;48
910;451;46
826;89;31
77;5;22
614;447;19
626;690;45
704;103;5
890;948;40
442;229;34
650;832;17
175;46;9
372;499;18
911;833;24
977;301;46
797;906;20
195;592;2
96;830;27
526;250;20
850;646;4
555;931;26
977;520;2
427;778;20
785;819;29
930;713;50
38;57;14
470;73;37
995;414;17
991;951;49
998;514;26
851;966;35
683;236;11
9;78;14
588;859;23
581;265;17
640;394;31
11;558;35
495;851;35
774;990;2
451;519;43
139;426;39
345;668;1
554;710;9
144;968;39
553;419;6
605;977;5
53;445;9
737;623;34
2;512;32
305;503;27
534;439;5
925;584;28
1;587;24
420;398;46
168;429;26
271;929;44
799;943;10
723;995;34
301;868;8
98;388;17
727;173;23
995;83;21
14;292;20
898;123;1
816;933;37
67;485;42
682;542;25
158;335;8
160;137;37
795;429;23
633;464;30
665;175;22
722;869;6
613;865;15
317;675;21
136;377;34
916;298;27
148;834;43
14;93;6
717;943;3
447;585;8
570;897;1
983;736;8
353;240;30
332;108;20
324;547;9
345;817;19
528;537;18
784;697;48
625;827;10
11;54;37
598;887;21
188;399;19
873;562;13
132;487;11
367;59;17
931;595;44
350;230;49
804;114;37
656;244;16
554;964;3
135;146;41
57;990;36
76;369;21
778;643;2
750;62;39
82;534;38
177;300;2
539;895;40
559;143;5
718;982;13
174;319;28
511;663;9
621;314;40
523;596;12
536;940;39
62;540;19
474;780;1
72;551;5
105;98;26
847;630;37
229;868;13
162;989;38
944;347;4
491;28;7
64;875;18
918;592;25
813;987;43
928;688;40
332;677;19
477;661;30
79;387;32
129;885;14
571;384;42
501;851;9
404;690;10
891;879;40
248;290;27
955;675;35
988;365;15
411;661;14
550;543;34
766;569;41
603;341;27
228;365;3
834;432;21
663;358;1
89;142;34
549;341;40
223;560;23
444;704;27
96;119;40
310;481;2
203;8;39
433;796;5
565;85;47
960;788;1
139;31;37
475;834;48
141;913;2
960;453;13
990;174;30
489;218;14
43;220;6
208;854;32
466;839;22
631;262;1
653;488;10
311;483;20
343;884;33
202;9;29
314;888;46
645;931;6
882;411;44
985;407;47
652;672;41
997;446;4
600;171;9
452;869;20
101;41;3
868;314;13
302;456;48
327;140;30
991;15;27
91;745;4
612;222;28
186;254;39
787;993;8
510;422;28
666;972;14
528;803;15
300;652;48
735;780;30
586;847;37
99;981;27
188;533;8
228;55;4
757;481;16
729;486;8
148;65;50
512;109;18
121;741;10
971;860;14
465;421;43
23;657;25
581;602;32
268;546;36
775;257;2
283;888;48
291;639;29
330;21;44
829;854;48
667;241;9
794;492;23
736;923;13
503;928;3
458;505;21
591;237;17
914;555;24
503;636;1
151;378;1
738;427;16
432;837;18
204;790;14
662;837;4
424;680;39
121;571;9
33;657;32
656;666;49
373;465;40
588;344;15
655;773;47
486;850;39
187;554;26
394;716;34
38;730;16
143;206;33
594;442;19
24;249;21
182;868;7
195;167;13
628;158;8
873;908;5
670;128;28
392;610;36
590;499;49
65;67;5
526;507;4
705;366;41
157;542;37
845;208;4
415;875;9
958;613;21
938;405;23
94;760;19
316;381;21
710;268;15
19;519;9
661;195;14
260;254;32
56;952;16
881;664;13
113;720;49
302;782;27
81;86;16
983;439;2
412;804;1
769;670;21
544;950;25
341;466;8
556;967;50
182;555;38
12;213;21
834;296;18
213;444;47
587;756;47
367;940;24
647;614;40
957;299;8
189;301;44
596;769;40
302;611;40
376;108;43
242;495;33
187;249;18
407;614;19
562;50;3
290;735;20
756;648;4
290;655;49
236;73;46
753;515;20
154;894;7
62;74;39
6;302;22
203;220;37
414;263;15
61;919;39
843;90;14
691;917;42
461;230;22
642;734;21
603;682;50
849;794;50
843;878;12
665;80;19
283;663;10
951;485;12
726;813;22
545;121;12
199;237;40
256;19;14
879;774;6
840;361;44
591;418;4
836;43;31
242;899;34
835;697;40
600;781;45
91;7;32
255;277;44
936;810;47
586;544;22
460;851;4
128;641;3
475;993;26
968;508;36
786;979;14
795;271;39
17;606;47
462;288;4
899;691;35
937;513;3
517;459;42
851;69;23
926;278;45
484;974;2
853;18;24
269;633;41
992;112;7
719;201;8
687;103;15
916;703;10
721;87;2
823;489;47
334;44;9
575;767;31
201;61;47
855;695;30
387;403;18
220;663;49
826;865;28
297;879;14
530;485;25
804;661;25
257;124;15
336;972;37
826;193;44
395;880;32
494;464;35
905;700;22
776;480;44
190;594;26
308;819;46
114;588;30
273;485;47
790;693;49
326;618;38
146;656;7
970;914;44
33;343;26
584;561;30
832;363;19
246;629;25
432;923;30
942;359;25
775;782;45
612;864;21
171;326;23
277;831;16
358;736;25
674;855;27
593;835;6
691;434;35
618;284;5
141;44;28
972;56;19
428;596;13
368;847;20
715;692;21
899;902;26
719;168;4
156;841;10
17;366;29
594;770;19
978;442;44
955;719;16
473;940;31
103;322;14
538;722;20
205;947;20
546;69;30
476;947;39
851;623;4
658;550;10
743;31;50
515;230;4
333;545;3
454;449;14
360;580;21
867;598;4
988;834;7
389;882;25
437;205;12
603;725;15
851;129;4
365;764;38
449;320;10
745;316;22
154;540;21
80;750;26
604;6;20
950;921;10
934;192;7
451;94;21
626;462;14
656;900;6
887;79;20
958;710;33
879;24;1
549;107;11
431;623;44
168;547;17
476;727;41
32;284;40
782;33;41
998;110;19
732;38;38
195;153;41
530;886;2
320;260;47
624;365;20
297;437;24
395;169;49
96;968;29
602;457;49
373;198;8
964;658;27
312;807;30
685;270;8
955;916;11
565;688;22
559;259;11
625;577;14
50;326;44
349;360;11
384;665;31
853;767;37
68;484;6
308;248;30
231;653;19
470;243;6
266;239;16
750;506;43
801;581;30
612;352;36
648;518;40
699;327;44
967;523;8
180;580;2
922;210;37
812;760;9
662;147;36
289;781;10
785;242;42
768;354;27
679;444;27
252;723;29
757;145;27
84;839;9
430;947;50
804;849;47
304;611;28
368;45;25
641;410;18
919;34;3
219;64;32
270;149;40
79;223;19
398;964;47
456;616;30
869;400;2
882;417;8
224;427;10
277;165;20
795;696;47
771;285;42
613;973;30
632;438;26
40;514;50
584;462;41
571;69;14
717;215;11
207;885;35
925;75;30
310;487;5
385;415;32
159;705;30
357;954;35
729;96;2
216;147;48
512;941;47
299;26;47
314;438;13
866;215;38
633;510;38
121;454;6
722;323;11
86;227;19
157;992;34
284;620;7
122;322;14
298;66;42
37;748;19
370;589;38
938;243;33
679;158;17
225;886;19
210;919;37
363;961;18
36;224;22
72;664;16
607;662;29
509;742;5
959;796;11
982;735;6
592;177;40
516;632;16
523;921;27
661;513;47
838;623;45
755;450;10
81;71;33
979;769;23
59;754;46
923;505;27
599;738;23
987;791;4
116;748;5
6;778;8
70;483;40
791;592;10
675;613;44
948;68;5
516;887;50
754;367;38
52;950;5
175;783;1
926;616;48
996;190;31
354;455;34
707;370;35
264;791;10
503;268;8
357;293;30
62;817;25
964;243;24
326;179;26
347;503;30
709;995;50
92;748;1
380;990;46
320;623;47
743;55;25
957;481;36
290;597;49
114;5;10
492;494;19
57;265;25
521;997;17
742;127;4
230;153;9
528;5;10
127;640;21
585;644;31
945;144;26
379;219;47
103;101;34
476;855;27

