500
11906
3000
10;96
88;21
44;50
59;44
52;17
62;30
64;56
6;53
82;36
18;92
80;50
56;16
90;7
52;69
43;78
54;33
42;18
12;73
30;33
17;88
6;49
77;57
95;90
82;17
17;93
12;34
48;20
67;3
32;85
73;69
40;57
27;75
28;39
92;46
54;62
66;3
3;34
49;15
92;90
18;94
15;22
61;19
73;21
5;80
17;49
6;5
39;4
57;7
8;30
46;56
45;9
51;54
67;30
4;59
33;69
87;11
29;61
64;32
54;65
51;18
100;19
95;21
66;12
95;70
97;29
32;40
89;33
14;13
25;19
32;24
92;38
67;9
63;68
35;71
79;93
20;86
35;71
19;74
71;8
46;16
63;2
88;28
63;22
22;75
26;7
10;24
3;66
65;51
24;85
44;2
84;13
64;8
66;25
96;58
44;28
4;8
8;35
39;98
100;81
7;61
29;51
98;43
44;64
69;30
4;42
71;92
97;16
35;19
54;9
40;15
11;97
51;15
17;90
96;21
42;77
46;51
74;91
99;35
37;13
35;2
32;76
70;61
93;86
58;20
62;70
32;36
66;94
74;9
57;12
94;9
47;42
1;45
11;59
70;9
84;80
48;66
59;35
23;29
6;15
64;23
47;58
7;81
31;24
82;13
57;13
12;34
57;33
83;14
89;19
19;22
99;57
63;67
99;96
19;72
35;48
29;31
5;87
55;94
13;86
17;48
28;9
75;49
42;21
41;62
27;95
78;53
89;1
21;57
13;76
26;15
97;13
82;29
71;42
26;56
15;88
53;21
55;32
99;52
92;27
21;47
39;67
43;38
17;91
100;63
3;54
76;52
94;5
62;49
78;3
57;5
71;59
78;30
1;38
27;77
45;74
50;47
41;83
97;41
49;95
42;31
89;73
53;97
79;68
81;90
61;15
56;3
24;14
86;97
64;98
73;35
3;58
80;98
6;86
62;26
84;42
46;62
50;69
48;1
16;43
23;73
33;32
59;41
9;54
35;70
56;42
83;94
36;32
83;26
9;82
52;82
41;60
61;83
47;89
50;56
97;81
17;62
89;90
25;55
24;38
20;62
90;13
26;2
35;75
28;77
67;93
43;71
58;71
45;52
63;51
15;78
62;86
46;28
49;31
79;9
60;14
21;93
62;42
93;31
84;76
62;31
20;64
25;3
38;2
97;5
79;17
74;60
71;63
98;76
27;82
85;27
89;3
43;35
27;42
74;46
50;82
98;37
47;15
8;85
49;42
30;96
50;24
13;4
17;31
42;94
64;35
3;90
71;17
5;43
97;42
91;25
87;74
34;35
44;38
89;77
75;85
13;94
33;40
94;44
14;7
52;1
31;53
96;40
98;30
63;9
97;64
65;50
90;23
32;53
20;25
4;87
92;46
51;22
15;98
46;19
7;18
99;58
6;66
13;91
74;12
30;47
71;89
92;20
31;29
84;90
55;12
93;71
60;86
76;62
37;60
57;57
17;97
40;28
33;32
71;58
63;83
25;23
14;5
40;15
10;89
84;79
36;3
3;70
47;44
86;67
10;6
14;6
46;87
85;85
85;48
3;73
1;86
76;58
67;3
68;39
46;42
86;28
96;46
59;3
61;73
51;53
43;94
66;62
87;28
52;63
1;86
76;88
100;53
7;55
49;1
65;13
17;88
25;44
46;40
61;41
58;12
46;71
64;51
85;22
29;85
60;38
22;6
68;16
28;17
15;95
85;70
47;99
34;96
17;84
83;71
5;58
26;29
27;86
32;85
27;52
58;17
94;31
96;12
1;39
81;69
99;70
10;73
86;79
49;85
23;95
62;89
87;33
29;65
11;10
59;27
8;2
40;40
64;66
62;36
44;71
75;69
7;11
69;40
2;4
62;84
46;22
96;36
66;39
71;3
56;58
74;7
87;27
53;87
5;59
65;42
80;43
38;50
47;44
41;61
18;46
13;76
34;9
4;26
23;54
48;28
61;15
93;31
54;59
31;94
45;13
8;38
84;19
14;76
28;2
11;98
59;41
62;66
75;24
47;48
78;88
53;19
39;100
19;64
63;35
9;47
73;93
71;47
99;99
28;33
41;28
26;13
77;66
54;25
46;66
21;42
43;76
100;29
84;18
69;14
98;65
6;1
76;14
27;67
10;72
98;47
35;96
71;39
39;3
39;77
46;52
64;88
89;58
38;44
95;49
74;69
13;79
32;13
30;49
16;72
85;16
21;10
80;6
62;52
3;58
62;47
95;33
87;26;8
266;11;47
492;417;43
121;306;33
270;489;7
494;465;31
272;73;48
241;78;4
90;108;29
202;159;6
158;2;20
280;20;34
460;379;17
149;467;8
478;175;37
305;432;24
391;225;26
74;87;20
100;276;35
395;4;13
470;479;42
63;279;19
235;92;27
482;141;28
483;308;21
358;33;31
8;189;11
272;124;22
397;288;33
422;386;2
186;209;28
189;155;48
293;327;29
263;50;40
21;479;12
359;435;44
83;242;41
58;64;19
462;496;7
272;453;42
323;341;16
312;139;34
458;456;4
488;384;41
451;28;24
381;289;10
31;186;49
227;146;4
488;184;6
141;317;39
497;407;9
193;256;12
48;145;13
423;33;10
470;446;26
282;132;34
35;263;10
38;134;20
428;375;31
149;462;44
391;62;14
306;396;9
24;262;14
199;126;29
107;199;47
287;231;17
75;52;33
248;485;32
436;157;3
426;304;25
243;40;27
19;231;7
346;292;35
73;185;5
1;326;25
4;381;5
302;262;47
492;415;30
213;201;12
480;69;20
5;260;32
206;109;9
335;399;42
9;178;39
156;168;6
257;310;9
160;388;33
463;284;26
160;146;33
311;232;38
29;196;16
315;309;40
193;43;49
162;297;6
373;454;34
478;245;43
251;346;48
295;292;25
150;450;44
242;267;36
50;458;36
268;148;35
442;314;31
58;224;49
86;402;4
384;65;48
255;265;5
427;318;29
395;37;16
164;336;27
364;192;10
296;130;9
447;53;42
224;70;49
229;459;22
427;160;1
423;95;19
315;21;16
490;93;50
98;400;21
36;65;18
328;362;34
364;148;46
106;338;14
89;136;28
370;154;43
49;40;26
242;419;40
318;177;16
251;432;41
61;326;29
15;323;4
488;455;5
449;30;10
42;189;22
488;59;3
281;305;43
206;352;6
333;145;1
345;435;39
256;499;32
54;13;37
104;440;14
43;413;23
450;52;4
355;148;36
32;415;15
319;157;18
276;163;34
306;175;24
236;461;12
191;29;29
148;336;31
5;333;27
292;263;50
166;358;8
290;37;50
205;158;26
100;252;13
42;185;38
340;226;31
98;67;7
448;304;37
109;72;13
427;18;19
33;136;42
397;237;26
190;428;50
157;223;42
350;405;43
35;310;41
71;260;34
285;126;18
134;226;4
462;372;41
232;257;38
13;172;50
72;235;49
3;422;30
346;333;4
219;492;44
77;152;23
258;25;34
1;58;19
127;455;24
335;319;18
466;353;20
63;275;20
345;229;27
21;64;9
482;291;14
475;386;15
308;415;29
456;137;21
341;136;3
51;50;50
65;59;43
132;170;15
218;471;36
260;124;26
103;355;7
40;484;46
268;300;25
327;401;5
132;51;1
84;211;31
76;217;40
436;330;16
142;329;26
451;492;42
304;246;18
486;40;42
340;106;17
414;112;5
345;396;44
65;60;23
375;387;39
201;326;12
34;130;43
58;235;5
497;405;41
412;71;30
271;401;36
185;303;37
431;35;40
145;499;24
141;94;18
66;260;32
432;472;10
137;2;35
457;451;29
45;39;23
403;309;4
177;426;38
369;2;48
235;246;25
395;401;49
336;292;42
63;434;5
50;146;9
139;479;42
395;82;41
435;193;23
173;277;6
224;208;41
268;362;27
455;135;40
307;334;23
258;102;16
375;37;1
258;469;24
494;248;3
430;425;41
239;268;48
400;37;34
447;163;17
357;422;26
62;224;27
142;162;7
468;372;44
88;450;1
258;154;33
113;471;49
306;176;40
121;298;21
424;242;44
93;94;11
26;283;8
445;349;35
206;188;49
419;220;42
468;434;4
369;318;19
80;369;35
105;256;23
346;106;43
130;283;27
475;175;21
1;24;20
254;181;16
298;33;32
197;424;44
67;276;17
296;108;42
395;187;28
391;267;30
198;159;5
226;397;2
439;209;43
144;499;19
203;193;8
351;44;1
289;463;25
412;105;34
250;368;36
220;68;36
58;80;34
28;239;32
36;440;39
411;299;35
305;357;38
140;402;36
483;60;7
319;358;45
407;377;7
317;387;7
421;130;30
62;302;33
34;79;33
8;30;30
495;449;32
344;282;18
278;416;42
65;469;50
401;81;48
92;307;36
310;315;33
233;319;14
310;327;47
282;406;13
419;316;13
118;39;42
361;31;21
319;472;35
376;41;7
425;245;27
474;94;23
241;493;9
470;368;22
308;152;41
21;433;18
316;186;24
135;40;13
11;480;20
98;496;22
335;72;47
411;267;28
16;330;43
35;413;40
232;442;32
487;434;38
33;345;21
18;154;27
214;288;47
162;446;31
444;221;34
500;70;43
177;2;7
414;66;8
290;338;39
368;419;43
350;35;17
17;133;13
344;18;30
495;451;36
117;312;2
64;54;39
166;379;12
488;207;12
452;3;38
442;498;49
269;246;31
460;103;6
474;432;11
274;430;26
307;1;14
299;446;5
16;166;7
390;53;38
478;99;15
265;391;29
260;464;34
425;415;13
441;117;33
165;359;17
2;480;10
45;493;39
136;46;8
51;84;42
56;442;14
79;340;43
195;472;35
393;130;21
300;77;44
68;424;36
299;206;24
83;249;21
462;75;34
409;184;26
306;214;9
293;36;47
377;387;11
277;262;34
277;63;40
459;386;12
344;24;9
178;358;2
67;292;30
284;18;18
267;371;12
378;364;50
336;56;12
240;88;49
186;72;25
191;454;45
151;314;32
63;267;13
314;453;50
458;419;14
46;270;43
90;342;47
434;60;10
290;444;16
1;426;24
65;69;11
143;323;13
236;197;43
258;443;50
172;117;19
1;276;17
404;84;27
241;24;3
87;191;7
44;167;15
191;62;45
423;184;37
322;342;15
411;475;19
180;333;25
489;376;40
2;111;38
399;456;22
193;147;13
311;352;9
497;3;42
473;23;21
482;309;19
359;152;44
489;288;25
299;434;15
12;325;31
16;412;32
55;272;48
177;287;50
101;498;8
151;116;38
188;219;13
360;340;20
353;489;32
406;225;17
245;68;3
439;37;18
57;237;20
408;212;10
496;440;48
410;232;38
88;167;45
9;338;23
91;128;24
284;322;17
94;309;42
73;461;4
281;499;26
246;318;38
73;183;22
317;413;42
177;497;41
200;4;4
252;166;43
350;21;20
65;35;34
164;249;7
340;439;42
281;309;4
92;217;49
190;126;27
10;169;31
214;132;31
313;264;50
322;450;22
429;308;17
326;486;21
280;234;29
284;180;34
370;231;45
438;404;35
350;464;1
377;285;4
234;235;4
233;411;40
83;53;13
2;13;39
398;85;23
4;436;25
304;319;46
477;12;18
325;170;39
99;65;40
370;122;21
47;457;36
203;472;18
220;70;34
342;296;12
49;484;8
201;365;6
144;50;47
218;116;28
254;237;13
138;245;11
18;5;15
393;367;26
87;273;2
265;260;17
8;326;18
372;265;10
333;4;34
356;48;23
402;429;42
361;114;13
233;124;28
206;116;9
209;445;34
248;116;3
134;102;43
357;298;30
116;253;19
180;165;43
204;31;15
452;251;11
51;177;1
88;417;19
281;191;42
99;311;35
121;27;38
101;170;23
60;297;16
419;441;5
393;83;42
237;113;41
374;71;15
26;473;8
249;260;6
377;154;12
81;386;42
481;478;40
349;485;42
227;440;6
220;137;50
170;44;38
487;429;50
54;34;17
265;344;11
429;389;27
177;276;3
239;166;18
332;167;5
14;349;44
493;378;20
358;496;16
216;329;45
36;359;20
189;233;37
195;124;44
240;19;3
325;347;20
30;316;48
375;80;18
300;434;15
43;387;9
179;67;9
411;244;12
220;471;46
343;341;28
251;43;12
316;12;45
287;41;3
385;268;18
71;290;13
308;5;29
26;20;47
396;378;34
99;259;41
237;161;30
497;276;45
116;315;6
464;164;28
212;320;37
278;241;21
170;328;12
83;377;20
229;188;21
440;155;35
307;42;44
70;463;12
139;181;26
443;199;29
233;195;38
315;337;45
290;14;20
94;174;34
71;271;29
94;235;1
486;317;9
246;53;35
417;352;28
299;253;50
34;321;42
118;81;3
237;235;9
378;182;16
21;466;3
293;92;23
273;307;38
76;299;3
87;266;16
420;334;21
145;116;43
14;322;34
143;406;19
362;99;23
276;170;46
418;17;35
50;281;39
97;30;13
455;344;1
481;317;5
235;169;45
377;415;20
467;376;1
35;343;21
370;101;37
357;56;38
437;256;26
242;174;42
376;491;37
63;6;22
447;159;26
379;194;43
52;97;23
482;160;24
425;43;4
200;461;45
445;83;30
362;382;4
366;471;42
123;485;50
51;133;48
198;36;46
386;121;18
64;82;32
316;332;50
146;469;8
313;493;14
425;390;3
228;76;15
142;240;24
326;362;37
458;31;21
269;471;18
100;398;49
426;381;28
500;1;4
429;104;14
58;130;45
320;300;25
444;109;11
370;175;50
450;433;5
422;141;30
305;286;5
281;353;3
142;261;43
414;205;13
483;223;38
195;358;33
309;165;25
162;73;18
156;41;10
197;354;24
461;432;12
162;291;14
188;240;17
74;194;24
284;40;47
213;249;26
417;148;18
321;162;14
91;498;3
318;223;3
287;253;43
455;376;19
286;407;50
12;154;4
334;331;44
188;214;41
200;398;34
87;500;7
48;285;48
373;478;19
261;19;8
446;165;19
482;252;9
383;43;4
486;43;5
350;307;28
200;489;1
223;261;39
114;441;46
282;404;1
498;234;1
18;432;22
285;292;45
28;343;9
234;295;29
335;19;36
287;207;10
486;476;35
37;77;2
490;96;29
182;81;23
47;343;15
418;325;38
314;317;38
253;221;13
340;400;25
90;274;43
232;373;13
173;450;30
259;139;45
138;377;44
491;14;21
166;412;36
346;460;9
250;202;25
56;347;40
355;274;1
350;398;36
489;245;19
50;311;35
498;108;22
219;252;49
354;276;48
287;281;15
87;430;29
292;140;33
445;408;8
174;494;50
260;363;31
500;304;7
227;67;3
194;482;16
212;200;36
199;3;22
419;272;6
121;22;44
421;140;45
228;267;15
107;386;44
385;312;26
187;156;41
213;213;40
91;234;2
107;68;1
134;173;7
184;453;3
414;172;46
230;294;11
104;319;21
378;263;11
152;282;49
191;243;11
65;50;42
153;143;40
51;336;3
156;164;12
312;487;39
471;266;7
281;317;6
163;86;14
304;320;1
62;470;12
251;271;16
432;95;21
167;193;49
158;253;14
92;353;29
419;11;18
375;27;21
51;229;28
437;142;36
236;89;40
338;252;37
35;275;15
465;330;4
59;449;15
340;334;3
494;18;33
405;181;5
444;414;25
105;432;24
86;371;40
118;76;49
199;347;27
184;334;4
249;376;4
23;227;7
160;423;45
361;1;17
245;74;16
419;414;10
253;327;32
122;303;24
241;317;41
440;40;12
365;49;17
317;253;9
258;331;18
406;222;49
38;147;9
42;367;19
150;459;12
495;110;24
177;389;45
51;166;38
284;472;1
3;55;38
222;404;32
394;213;10
266;434;47
3;221;34
83;324;43
382;14;14
26;386;40
339;178;33
92;421;4
103;261;27
78;131;35
74;376;49
388;479;8
392;334;21
210;164;38
359;210;22
448;404;50
95;7;50
241;389;33
198;150;50
1;123;25
205;441;29
213;341;38
165;381;21
293;466;2
135;156;45
46;206;27
193;198;6
147;128;45
353;50;19
285;481;11
468;250;17
480;365;45
41;293;36
261;201;28
241;444;26
430;168;50
60;126;15
74;372;16
455;305;38
207;365;41
257;42;9
122;340;17
219;11;16
339;3;17
375;332;28
478;316;46
409;347;12
407;189;13
63;137;47
250;274;32
330;446;14
355;32;31
319;215;32
107;272;45
432;235;49
220;149;41
294;13;9
308;425;32
124;71;44
146;297;25
91;161;24
384;258;10
14;374;10
244;60;49
262;459;48
142;427;46
434;122;16
497;162;1
367;416;12
113;9;15
217;270;43
203;306;38
27;216;42
238;308;30
254;349;2
365;146;19
194;401;47
185;143;36
16;242;38
77;284;43
380;424;27
236;90;17
59;45;43
367;309;8
10;396;10
217;48;11
251;231;2
222;262;17
451;432;35
135;468;2
80;410;40
155;241;38
136;491;8
55;365;10
8;188;22
277;342;49
423;400;26
214;369;28
246;206;27
67;312;12
260;182;16
119;294;25
404;192;26
389;232;46
234;125;24
396;212;26
248;236;28
302;99;14
145;160;14
19;426;44
370;284;23
294;361;24
282;296;14
94;325;16
443;91;27
301;337;44
172;333;14
295;288;6
382;256;12
324;288;31
301;307;43
218;229;15
70;326;12
373;367;23
17;463;29
296;485;19
315;268;38
329;452;9
222;125;11
370;202;23
83;99;2
5;171;27
476;111;25
186;356;10
458;329;13
379;309;36
464;422;15
474;227;23
2;361;9
384;216;14
419;90;25
305;459;4
74;79;9
117;148;49
122;200;26
500;232;4
449;253;43
360;418;3
313;122;28
45;449;20
36;7;19
396;318;4
438;279;33
370;328;33
7;387;49
195;175;42
2;475;19
157;255;26
183;442;9
348;97;23
470;247;6
156;139;29
311;250;2
436;68;39
335;282;49
237;133;43
191;136;24
485;315;36
471;406;43
88;432;26
426;151;41
329;382;34
160;421;48
121;158;10
184;243;44
177;74;24
484;469;49
340;5;23
376;220;37
94;256;41
221;115;35
396;137;21
45;410;44
22;165;50
16;142;27
158;377;41
75;78;33
7;267;36
474;133;38
397;411;33
157;360;27
477;163;6
74;241;35
133;443;30
142;55;38
210;17;33
91;123;36
124;70;13
458;219;45
160;469;39
277;193;37
472;237;24
142;222;49
208;221;17
458;229;32
453;420;45
30;185;28
51;227;14
167;254;24
369;33;38
479;315;27
269;19;37
383;421;25
24;282;32
295;377;10
495;447;49
391;230;33
387;194;31
476;217;45
36;480;29
466;5;15
4;320;21
144;114;8
387;154;2
109;24;46
383;376;34
384;292;43
403;461;21
411;139;1
248;82;16
212;341;34
303;158;48
469;340;50
110;78;40
226;255;48
229;432;50
332;153;7
228;3;33
59;121;31
375;342;24
200;67;7
304;78;19
70;150;42
10;302;14
414;184;34
193;430;25
205;209;50
156;310;37
244;353;28
205;132;10
366;372;39
16;116;1
325;331;20
95;52;11
147;347;18
232;80;6
44;161;36
450;375;33
402;212;16
319;277;39
348;104;4
468;333;11
88;229;19
41;357;10
433;35;32
31;260;24
58;402;24
293;170;1
43;361;31
435;127;13
229;386;50
381;471;5
468;136;24
469;270;50
251;194;38
53;496;27
158;407;12
431;146;32
258;273;26
382;260;39
54;500;30
180;296;10
322;218;31
441;25;23
3;320;14
279;59;50
312;455;7
337;358;42
483;109;12
84;311;32
457;459;44
470;219;33
488;247;1
300;307;17
14;268;29
425;202;30
113;39;21
251;70;50
33;439;4
46;269;10
355;209;18
436;277;29
392;133;1
284;300;22
350;404;14
284;128;4
331;354;5
272;316;43
201;413;4
3;128;45
211;113;24
455;55;50
446;221;40
316;463;8
19;48;24
22;192;9
320;227;41
108;167;6
244;495;33
226;119;23
35;286;25
387;468;41
236;108;48
360;17;23
406;467;3
199;403;34
153;312;29
60;72;36
366;164;37
47;229;35
133;251;2
68;150;23
199;121;42
376;236;25
253;311;8
179;325;6
277;42;10
404;179;2
320;47;2
380;214;17
252;325;9
308;137;27
406;303;32
155;105;20
305;59;21
325;42;16
2;440;37
108;389;41
57;229;29
215;273;44
409;363;30
364;29;43
78;277;25
488;412;7
385;36;42
169;405;28
190;325;31
306;99;45
257;176;41
398;122;25
217;138;37
96;174;43
150;381;13
286;203;11
417;270;10
5;117;40
351;132;35
351;493;12
401;419;50
256;93;50
441;69;12
79;311;32
412;464;14
341;426;28
153;310;6
62;39;46
220;494;39
73;99;34
155;283;13
435;493;13
35;272;19
252;147;19
125;371;22
117;138;30
437;144;11
387;479;24
497;432;10
215;52;7
193;278;31
477;420;17
448;492;7
180;265;14
58;368;35
257;339;12
429;255;11
485;333;47
166;104;48
158;499;37
350;318;10
140;358;15
102;475;41
43;232;36
398;426;23
439;123;42
457;374;35
57;94;37
196;206;21
351;465;5
171;338;15
21;336;29
395;419;43
422;231;23
202;182;50
408;232;19
431;402;20
315;197;29
164;120;48
335;456;4
292;164;16
311;492;6
431;330;1
66;443;45
214;122;46
386;300;7
383;18;16
333;439;45
418;1;41
278;327;25
42;97;50
320;174;38
495;248;20
237;46;3
90;94;36
383;371;36
45;93;37
294;470;7
147;54;41
338;23;40
355;282;1
492;382;33
484;416;26
355;141;6
268;265;12
191;8;10
241;67;47
271;208;40
425;8;46
373;342;38
444;429;17
192;432;30
101;278;36
433;390;12
429;120;36
413;429;19
214;423;23
55;361;26
451;372;10
440;472;16
277;430;31
179;209;23
428;290;19
239;390;49
281;133;45
68;322;32
112;104;4
442;83;47
1;103;39
265;1;43
23;298;6
402;400;3
71;95;2
416;326;9
38;305;25
75;21;50
456;281;33
155;471;15
225;376;12
141;151;31
427;41;48
327;60;5
167;343;40
384;318;37
10;292;42
285;177;14
178;236;26
373;348;29
137;434;9
156;263;48
81;18;48
54;378;38
237;187;48
277;288;42
369;317;28
59;355;34
225;162;18
401;311;41
408;104;10
247;95;41
437;404;16
281;464;42
49;390;47
285;221;38
87;63;29
145;156;23
181;420;15
363;385;14
368;290;33
138;285;40
262;344;11
486;438;31
188;402;3
251;329;7
327;350;42
197;8;44
42;491;2
251;65;32
8;252;8
191;402;27
298;388;20
12;125;48
288;116;39
144;379;4
68;16;34
236;215;27
408;146;45
99;310;26
18;205;4
37;291;50
495;156;3
315;232;32
271;372;5
156;314;43
137;39;45
73;50;36
12;476;50
215;333;41
497;332;13
409;317;7
396;174;10
37;97;14
383;40;18
153;491;32
316;58;15
70;19;9
67;322;16
6;456;30
252;138;38
415;351;21
416;53;16
163;141;4
37;351;16
40;420;25
277;426;30
61;229;30
448;265;45
17;127;14
14;492;6
497;121;47
356;93;34
272;227;6
252;2;43
197;467;24
500;187;3
246;492;8
264;403;42
297;126;9
119;170;35
422;175;40
200;60;15
284;183;2
410;339;34
33;384;49
383;252;43
275;45;10
323;72;49
51;439;31
323;94;20
401;91;11
273;79;15
113;246;30
189;471;15
495;225;18
303;365;44
205;400;12
241;384;11
63;249;39
226;371;23
471;316;36
11;486;2
156;370;46
65;255;11
326;373;49
428;412;12
284;188;29
171;391;35
493;478;10
215;133;38
3;251;48
377;349;31
197;251;8
161;463;34
192;166;5
314;112;18
128;23;13
500;80;36
342;423;40
216;66;39
175;205;2
493;136;17
177;464;48
365;220;18
461;104;28
209;331;44
92;21;31
286;218;5
337;350;22
237;417;41
139;78;6
132;388;11
59;445;9
286;468;1
53;269;37
108;402;47
286;474;13
7;47;39
280;380;50
383;171;11
445;9;34
122;26;11
277;397;23
284;15;42
201;258;8
487;94;21
164;99;40
326;179;40
475;333;14
128;343;3
101;493;10
365;466;24
171;108;49
251;15;38
352;238;31
487;454;15
389;490;17
102;257;50
70;496;48
465;132;26
304;272;33
408;412;3
317;462;31
476;141;27
497;228;39
313;31;47
328;33;20
119;382;39
349;167;33
251;259;7
365;483;20
482;83;11
75;100;24
205;168;29
175;75;42
85;256;35
258;155;25
42;36;40
179;361;8
228;361;19
119;479;2
179;217;36
43;242;29
307;265;34
444;96;19
85;66;3
490;229;16
251;57;45
412;369;1
193;86;39
63;120;3
374;463;50
478;451;9
170;373;50
261;454;36
216;54;31
142;348;32
334;116;34
224;266;3
267;446;22
206;162;29
254;416;25
451;317;18
490;253;31
139;432;45
307;218;9
142;25;21
227;252;3
304;350;35
326;174;21
371;189;16
470;465;34
136;429;39
104;450;4
96;370;26
181;389;43
184;177;5
460;67;25
87;461;33
297;242;33
44;244;41
386;332;46
107;499;47
496;279;43
351;421;25
327;75;19
487;261;22
490;296;12
73;338;8
455;409;46
434;481;5
430;333;16
466;228;22
79;193;24
206;93;7
281;348;11
85;404;15
142;340;49
477;248;30
135;427;36
23;126;33
4;120;39
266;131;38
78;411;19
409;198;3
328;23;39
313;174;49
116;179;40
149;243;4
430;415;46
263;369;10
205;421;33
242;89;20
405;197;33
381;237;41
153;424;23
63;47;6
128;151;7
307;341;37
316;158;17
399;106;41
265;256;7
181;76;47
356;264;33
155;57;34
331;234;13
106;441;43
189;357;21
164;132;22
132;254;34
225;75;23
64;377;3
311;181;4
186;201;24
14;291;20
326;172;47
7;255;18
203;363;38
337;81;21
416;402;34
138;222;47
441;134;34
478;182;12
227;105;3
345;144;11
109;428;23
161;80;5
489;333;11
438;34;48
440;137;37
25;272;47
496;248;32
396;230;7
229;353;1
368;192;36
391;401;17
320;377;21
323;247;20
177;470;20
389;101;2
218;49;10
141;310;10
143;117;15
40;126;49
391;410;7
205;205;6
428;147;18
186;371;9
180;273;23
440;139;25
188;64;37
43;343;11
345;299;28
264;96;37
459;434;11
423;74;25
7;237;38
476;278;46
329;316;11
225;380;44
3;456;12
45;299;13
16;427;33
475;113;9
363;120;30
119;180;42
139;279;31
440;204;2
236;500;27
176;500;42
80;339;42
283;403;4
463;391;49
81;170;5
363;33;15
411;321;31
44;262;5
404;320;37
178;169;42
345;26;46
453;11;48
227;341;13
108;436;27
213;132;50
64;103;32
424;423;4
481;488;27
493;174;26
215;204;8
289;266;37
393;176;41
159;274;40
322;461;24
102;174;43
38;295;17
377;369;13
155;342;42
290;319;7
481;254;48
228;467;6
151;367;27
387;259;28
16;90;24
479;317;36
365;226;21
26;290;22
333;15;49
251;342;23
75;63;25
423;257;19
406;441;1
21;278;3
384;425;32
349;65;32
257;381;27
10;290;7
484;33;16
196;442;21
86;432;23
430;341;33
297;401;13
36;217;15
228;336;22
191;393;48
408;499;48
426;496;3
409;478;21
486;374;47
208;202;45
194;380;24
16;137;20
198;12;35
63;172;42
482;294;46
500;242;25
221;408;19
462;257;44
263;366;42
276;341;43
108;129;48
439;226;26
78;24;40
310;499;21
457;141;14
482;389;49
59;157;17
367;221;39
8;426;43
312;398;7
338;410;30
176;90;26
200;41;29
78;250;8
111;89;35
379;115;3
313;4;2
447;119;29
348;475;19
333;21;31
390;142;39
395;432;46
82;448;49
306;45;16
210;403;38
144;92;7
44;88;44
151;64;12
117;234;38
477;497;39
86;454;8
228;66;17
177;493;11
269;12;34
438;143;41
331;364;2
216;325;18
141;162;22
429;274;6
393;2;8
463;32;46
460;57;4
252;43;1
390;342;40
23;377;48
309;324;23
323;318;2
89;253;25
387;489;14
201;139;48
116;270;3
1;439;35
179;110;34
84;307;50
101;72;16
279;330;10
108;387;1
471;226;9
273;455;2
411;415;43
391;471;46
491;340;31
213;33;38
386;485;9
468;260;48
496;225;31
6;135;49
21;299;34
156;146;33
299;339;20
474;129;32
75;345;39
463;41;40
292;166;41
53;186;50
297;406;30
443;319;39
209;376;13
17;49;25
332;207;48
467;232;27
8;300;30
132;138;42
88;175;36
335;274;30
325;406;19
230;141;16
106;73;23
327;52;24
100;348;47
68;302;45
337;432;33
43;406;30
277;402;37
190;24;19
411;208;15
79;313;47
303;290;4
453;225;50
369;249;30
367;291;16
269;54;36
91;474;20
178;356;19
215;331;37
216;127;2
470;280;25
299;261;14
396;303;21
170;135;48
464;22;1
487;337;31
457;206;32
236;16;22
261;378;22
418;181;1
161;320;37
384;168;35
388;39;27
77;83;44
387;241;28
369;477;10
20;82;26
8;481;37
337;403;22
379;197;48
223;222;30
41;178;42
15;221;29
126;363;4
138;314;43
172;42;15
347;314;41
448;469;36
296;385;41
289;362;25
396;499;33
105;260;27
398;487;12
156;240;11
483;197;49
458;5;35
232;114;32
85;155;41
438;205;27
318;35;16
458;452;30
254;283;22
477;328;6
432;143;45
341;39;40
115;153;7
443;462;35
28;282;48
224;118;29
164;43;38
394;382;48
306;241;29
324;82;26
358;288;45
98;379;3
226;50;17
451;299;3
387;399;4
330;414;41
150;496;10
397;464;34
194;338;43
175;445;19
449;158;18
64;351;4
133;46;15
191;480;25
4;277;50
239;59;23
290;406;19
346;348;27
143;473;12
307;172;13
325;281;40
380;307;20
2;327;25
461;482;36
487;273;34
242;68;4
132;161;29
479;188;18
260;38;42
266;381;47
433;334;17
466;456;48
124;117;35
342;471;13
436;29;18
241;462;34
128;426;28
125;179;4
167;125;31
89;377;46
312;120;15
26;33;30
295;395;24
396;134;27
49;92;9
110;347;11
108;279;48
48;300;21
140;164;17
57;432;6
494;368;41
409;94;37
206;376;12
445;358;34
363;204;1
175;228;21
495;16;41
252;274;47
144;405;11
211;22;7
219;156;24
415;234;40
78;88;19
464;439;11
380;264;16
83;35;48
346;79;23
182;197;16
145;323;17
195;378;30
366;353;28
360;466;5
117;311;7
9;33;50
75;397;20
219;219;12
128;176;2
72;281;43
389;203;2
163;485;34
367;367;31
463;454;45
1;165;7
369;157;11
146;398;39
16;20;38
157;374;16
382;225;12
455;106;5
287;498;42
91;194;43
260;144;16
54;88;41
305;81;16
113;465;16
500;178;16
353;346;33
98;137;15
367;64;10
379;161;3
10;421;10
132;143;48
13;237;45
163;152;41
356;142;20
349;450;46
200;278;46
359;329;28
381;164;25
404;401;41
236;314;37
295;223;10
76;149;18
5;414;29
42;218;22
421;116;33
285;288;24
493;152;33
39;232;25
311;17;40
250;370;47
485;191;28
219;456;43
240;319;32
128;358;8
417;47;22
243;186;22
124;52;36
149;149;48
404;221;50
353;26;20
61;134;8
139;116;31
50;404;10
416;186;9
133;303;14
29;205;31
120;147;1
325;150;14
178;139;15
367;208;34
346;214;45
280;314;24
475;242;17
430;325;31
116;356;50
254;54;6
285;96;5
414;223;19
178;222;37
75;45;41
290;273;39
445;250;14
230;426;28
66;306;37
229;158;33
289;158;18
107;456;12
69;316;49
391;271;33
19;42;22
52;32;10
436;467;35
154;20;21
417;356;20
94;306;27
111;290;30
10;330;25
462;386;22
135;20;12
49;305;50
321;309;10
499;118;47
190;499;41
73;128;30
180;249;7
264;67;24
498;200;38
359;482;11
284;134;23
311;75;43
367;18;24
198;390;29
48;303;2
144;121;6
218;344;12
202;283;37
319;214;30
421;259;40
246;201;25
350;56;44
315;152;11
159;270;27
384;473;33
364;222;38
285;74;47
111;21;49
223;478;14
328;91;4
465;117;45
62;164;32
141;296;48
52;136;27
194;291;42
473;254;13
137;359;5
170;336;3
302;302;19
98;147;11
360;370;49
103;268;49
311;443;18
493;227;33
115;438;46
15;67;36
79;376;38
290;385;41
44;172;42
121;466;29
394;126;49
283;451;23
38;184;47
155;333;11
403;278;46
321;442;2
336;147;1
55;406;39
456;383;31
173;391;40
126;373;33
333;275;4
154;134;31
81;192;1
86;180;17
498;399;48
46;59;45
97;426;3
9;252;24
437;49;3
134;240;7
177;72;49
301;368;7
229;341;21
154;200;31
493;354;39
80;334;18
378;293;40
61;261;2
24;56;16
423;247;23
285;448;48
243;369;1
292;41;30
133;346;9
316;382;39
317;408;12
7;332;34
184;432;37
227;43;11
148;183;18
325;361;12
234;348;33
70;173;42
65;282;10
270;99;40
306;469;19
279;306;5
262;233;10
264;161;48
290;170;14
211;280;8
490;228;7
81;495;37
384;450;8
361;389;6
478;309;14
125;183;2
344;429;3
119;219;32
479;250;40
107;144;2
24;457;39
418;495;3
465;408;21
422;229;1
3;46;42
98;358;34
326;148;49
293;334;15
245;34;16
214;344;24
204;269;1
84;320;8
105;474;18
486;318;7
293;335;33
30;203;36
266;491;45
459;21;13
141;440;44
272;201;28
200;432;3
492;49;6
135;136;29
34;51;49
334;211;37
235;83;5
341;471;23
266;483;27
248;451;13
410;174;14
249;303;36
486;89;39
226;114;29
220;8;31
468;191;14
52;479;38
300;217;26
92;58;48
298;244;1
453;360;46
179;78;29
322;459;25
421;298;43
402;164;6
22;4;28
386;194;25
364;63;2
500;378;38
274;362;14
366;448;26
103;81;45
418;148;25
11;346;25
287;451;21
480;54;17
37;433;28
454;413;26
112;465;8
170;494;15
428;82;47
292;269;26
294;429;22
215;396;23
150;9;11
202;54;16
432;228;11
49;374;49
153;118;15
1;230;30
303;305;35
356;447;35
446;412;40
317;284;25
302;139;32
426;414;5
351;153;31
33;460;15
104;161;33
440;163;16
201;66;43
453;175;19
181;296;24
114;315;36
275;216;50
165;50;35
231;473;47
401;114;37
366;206;10
129;170;22
78;264;37
209;46;25
472;345;46
292;258;16
318;430;43
292;77;46
180;449;45
458;484;7
131;295;24
8;181;1
191;456;43
141;305;42
265;484;21
416;216;1
87;336;21
282;156;34
194;491;10
313;257;12
161;4;50
329;169;6
55;411;28
32;335;37
338;234;41
214;276;29
288;137;41
396;300;41
261;492;8
406;333;47
188;11;33
467;432;13
91;18;1
203;222;12
434;380;50
153;374;15
324;85;18
265;487;46
203;247;22
386;271;27
378;105;44
265;461;25
288;314;26
230;471;39
39;266;31
445;210;38
108;287;16
431;293;31
39;218;25
220;493;33
317;153;31
204;160;22
48;292;29
69;152;3
345;93;8
358;36;1
327;93;30
446;22;9
75;172;38
2;255;34
180;398;33
346;246;7
275;457;47
271;329;33
154;237;15
435;2;2
87;431;35
45;54;18
241;154;12
82;121;2
144;153;5
463;231;5
238;103;12
325;67;48
207;171;41
488;264;31
324;194;50
79;105;44
199;205;18
256;317;8
157;337;49
463;440;22
241;176;26
18;65;28
314;320;23
160;173;17
147;103;19
331;296;15
122;54;28
366;363;24
202;346;30
2;373;48
159;463;39
353;418;5
283;51;2
409;132;40
344;381;26
458;222;37
144;391;4
471;467;26
221;26;49
213;131;5
21;62;45
39;100;11
202;14;39
99;282;45
18;98;7
234;485;1
288;111;4
363;139;40
348;132;27
99;479;15
111;72;48
304;126;41
121;145;21
482;311;47
86;367;11
333;338;23
430;391;15
36;159;13
313;300;42
270;327;46
403;456;43
324;236;2
237;83;6
194;295;43
335;108;44
273;366;43
279;182;45
94;476;1
44;217;29
128;201;32
447;320;14
380;365;30
438;112;45
134;60;33
475;478;15
43;275;23
320;147;27
474;16;35
302;228;6
244;414;39
313;333;12
269;160;20
146;101;31
149;485;3
155;108;48
103;51;25
115;96;14
150;43;1
417;154;31
330;42;17
178;94;22
483;344;28
358;371;16
258;341;36
25;180;33
466;440;45
416;472;2
208;317;26
318;478;31
58;487;38
223;56;25
96;476;2
229;263;5
105;402;34
433;167;19
2;272;37
204;216;2
13;378;10
363;239;41
121;338;33
322;496;3
101;288;38
86;411;19
371;112;17
365;442;29
20;441;50
284;381;29
353;338;9
350;379;23
2;240;15
362;397;36
384;119;9
461;391;34
418;53;32
464;360;13
405;263;47
6;374;20
212;41;4
308;495;22
437;456;50
398;332;6
159;464;2
466;175;8
16;286;13
64;405;25
156;267;21
80;273;10
176;76;18
389;356;40
150;148;31
287;243;8
379;195;19
134;484;15
451;415;39
443;118;17
278;234;49
422;149;46
201;39;30
81;417;8
38;207;25
27;332;15
190;54;11
227;36;5
120;157;17
379;401;10
97;106;31
493;5;39
116;290;10
224;346;17
145;149;1
332;156;32
179;413;31
223;5;16
352;2;31
452;205;18
351;436;30
224;18;50
109;485;17
34;478;28
91;224;29
251;319;22
436;151;19
174;106;41
17;4;35
273;379;50
65;487;47
382;300;48
220;350;20
306;447;11
444;458;12
282;51;21
289;393;21
286;427;41
100;9;27
122;70;50
221;436;2
171;202;8
298;130;27
96;315;36
87;382;24
473;14;12
322;385;33
485;425;14
44;154;39
419;450;38
52;224;35
234;3;29
166;276;2
483;458;27
455;43;20
106;197;19
370;283;12
116;322;5
76;226;46
57;384;50
384;315;23
6;276;13
308;470;23
93;359;50
273;291;39
155;20;45
8;420;22
64;337;22
45;371;4
167;151;48
271;167;48
279;359;11
97;151;48
239;403;38
89;17;18
121;299;49
135;246;16
144;144;39
53;89;7
296;383;37
231;203;3
326;171;45
453;73;43
54;182;21
140;142;32
259;131;16
281;376;38
462;500;49
422;476;48
295;366;16
396;384;21
404;146;18
228;37;14
275;336;31
336;93;8
411;84;44
202;475;38
201;417;6
382;482;32
395;86;21
202;462;11
346;311;22
49;45;35
17;106;43
69;353;2
167;204;26
85;239;29
72;477;50
280;228;2
180;217;35
277;169;13
274;72;24
42;302;36
102;166;34
458;416;25
182;64;50
346;217;39
443;342;17
334;299;41
348;378;2
143;46;26
117;282;1
256;483;33
18;25;38
203;309;30
472;497;46
293;348;39
178;33;6
434;129;42
136;31;23
144;432;13
165;393;47
315;147;27
31;468;9
177;93;47
357;115;29
88;457;33
83;341;35
66;307;12
164;199;16
405;222;12
342;163;29
463;262;33
9;293;30
15;58;23
412;479;14
219;424;10
382;455;7
8;63;12
255;461;45
27;264;24
343;458;12
10;318;3
448;176;31
304;293;4
28;53;9
419;152;35
216;245;6
330;50;5
263;333;49
445;364;44
30;302;8
305;476;30
448;209;29
150;480;4
317;84;9
58;124;29
452;338;23
464;239;23
489;12;1
287;376;45
31;114;31
31;201;46
394;333;5
464;460;30
56;264;40
204;202;11
108;181;1
222;101;42
107;97;9
320;209;19
354;333;48
170;225;37
5;86;28
242;482;8
193;443;20
450;6;10
140;207;2
298;94;26
494;263;24
109;29;5
482;35;1
57;227;50
315;22;41
97;352;47
21;366;11
18;420;40
299;12;15
279;12;19
453;232;24
35;163;38
13;404;35
129;177;30
240;362;48
415;459;37
24;302;27
51;260;12
201;231;4
437;29;11
117;153;15
418;19;29
316;374;37
253;144;7
15;226;32
91;245;46
494;456;36
259;308;28
464;93;19
80;196;47
64;194;13
333;139;44
64;430;23
67;31;32
203;184;50
135;143;2
343;419;20
428;123;13
233;480;13
26;192;44
450;157;25
354;75;14
19;131;4
499;480;47
114;408;3
79;131;14
29;59;11
116;351;3
141;478;1
89;312;45
199;424;7
8;77;26
46;15;39
213;92;15
204;448;32
427;301;14
428;322;29
459;375;34
409;282;1
401;34;26
183;384;4
353;35;6
92;311;11
186;268;49
298;166;47
86;145;26
180;167;11
340;300;33
401;51;31
299;223;14
390;379;17
133;445;25
395;331;31
236;355;35
125;305;11
68;388;14
121;294;31
469;212;4
13;110;35
333;420;47
412;481;32
191;443;15
309;157;35
248;39;18
254;325;46
260;276;34
43;20;28
465;38;46
466;201;1
132;311;33
419;123;37
425;160;22
79;286;26
495;112;13
217;82;27
276;129;35
35;326;1
191;441;9
379;278;12
418;338;35
129;412;43
56;411;42
38;250;44
4;467;7
247;440;19
267;308;47
428;300;45
142;428;50
208;314;10
298;389;4
361;287;15
340;342;36
293;383;38
72;326;1
158;441;34
247;277;47
373;185;5
392;161;22
147;370;24
483;281;10
240;473;21
130;323;28
490;77;44
128;30;46
76;6;4
250;298;38
487;478;48
150;330;31
73;144;45
44;205;31
30;242;33
334;174;13
347;139;21
100;258;49
144;336;30
283;257;50
270;263;28
468;449;41
385;336;42
262;348;17
227;445;47
481;174;22
138;278;27
318;303;27
411;44;50
217;273;5
363;237;43
328;77;5
72;461;20
498;427;24
478;348;39
460;289;21
432;403;38
410;325;12
179;208;41
34;134;33
291;93;14
382;195;11
175;405;11
301;117;24
60;251;13
229;438;34
130;209;19
199;355;10
291;397;35
238;242;20
493;316;47
95;330;3
281;414;24
66;172;9
299;207;26
371;416;25
344;13;1
159;33;21
226;496;21
173;300;9
446;310;3
258;364;1
21;175;22
209;165;31
388;270;38
243;493;32
258;375;15
432;43;35
241;138;33
22;356;16
266;359;12
440;432;30
423;32;19
211;66;39
5;176;46
119;172;32
294;444;24
215;499;16
240;97;33
163;110;45
290;148;50
256;447;7
277;309;38
193;396;39
55;338;37
386;400;33
36;444;33
40;283;28
311;370;21
98;300;20
294;120;29
65;318;50
455;119;49
67;221;36
335;493;8
24;342;45
382;264;18
10;109;33
1;8;43
151;356;48
337;372;15
434;217;30
454;281;5
135;158;10
325;196;38
331;65;31
290;475;27
293;361;26
314;216;35
286;249;27
221;270;3
247;347;2
288;263;7
66;373;26
413;482;6
114;419;8
345;67;27
99;13;31
265;121;26
225;56;16
78;48;39
135;313;37
202;238;36
141;127;24
203;289;6
339;320;45
211;210;23
316;406;40
359;418;4
415;58;50
65;281;31
364;218;16
88;242;13
332;288;24
118;351;37
296;276;17
461;276;40
102;352;15
431;204;10
497;43;47
353;428;15
385;422;45
466;119;2
281;320;39
339;43;20
6;491;40
340;16;36
182;154;24
23;21;43
186;393;10
11;95;45
296;418;39
323;405;16
264;425;15
203;451;12
390;93;28
115;284;10
108;491;7
306;51;2
84;394;1
410;306;5
156;380;35
368;182;44
285;236;41
436;222;6
314;121;19
363;358;35
127;467;41
63;439;4
182;171;1
439;282;13
371;18;43
491;74;44
230;272;50
248;241;18
442;310;15
317;334;40
55;343;41
179;264;27
237;424;38
455;137;35
157;119;23
376;280;3
50;252;24
377;137;47
434;285;10
45;132;41
294;399;21
337;306;8
26;358;31
260;475;32
384;283;49
295;239;19
44;27;49
401;71;5
17;277;44
52;53;15
422;201;2
275;72;2
50;59;6
88;99;25
471;272;25
175;2;21
493;71;47
289;82;5
151;250;46
426;113;35
183;14;40
403;355;11
269;206;17
316;240;45
85;335;37
89;364;4
301;48;22
174;51;33
325;64;8
308;159;45
149;407;31
65;235;47
170;113;38
235;211;9
472;168;16
354;290;15
399;434;4
165;284;20
333;276;31
259;355;8
257;449;17
331;270;15
192;403;29
248;5;36
376;497;28
44;174;17
258;339;44
222;445;25
101;408;7
418;172;39
389;307;2
245;234;19
53;414;31
125;199;16
71;451;44
269;233;45
99;291;42
464;487;26
41;102;48
193;85;18
240;375;13

