500
12905
3000
5;44
95;91
97;75
19;14
33;63
9;76
18;38
5;63
6;68
33;53
65;23
1;94
52;60
44;52
32;91
90;17
76;61
18;99
39;93
65;80
61;72
50;43
53;6
57;79
89;7
35;71
80;50
27;76
32;93
79;60
35;6
67;36
55;27
83;65
3;54
64;87
42;39
68;10
31;2
87;42
98;60
83;10
5;46
76;33
55;66
1;50
16;15
99;7
91;52
19;97
32;69
40;51
33;95
31;68
19;33
23;86
15;59
9;53
63;19
40;45
31;2
38;62
16;86
27;82
13;42
80;37
38;20
73;12
26;52
3;94
21;17
100;29
22;37
73;90
52;44
82;65
63;26
15;35
42;27
47;97
83;17
37;23
39;34
18;74
62;3
93;60
38;20
23;38
72;93
64;74
76;43
28;63
91;21
83;11
24;66
78;85
19;84
34;63
36;70
52;50
71;19
20;25
26;88
12;49
66;100
57;48
92;58
36;5
83;67
18;91
46;55
62;72
47;59
24;3
87;93
75;83
15;17
16;2
48;23
47;38
55;77
76;14
91;26
10;94
35;45
84;98
9;10
57;4
5;83
94;32
100;76
35;13
60;24
74;63
17;2
79;81
18;65
57;49
90;76
96;2
71;14
90;10
73;34
64;64
3;91
40;61
30;89
31;40
83;96
9;16
80;1
26;59
49;30
77;32
5;82
80;81
87;83
71;51
81;65
98;16
95;68
30;28
94;53
20;64
49;90
89;24
50;40
74;18
30;11
7;88
47;77
19;35
55;75
31;31
1;21
41;92
7;69
97;70
87;44
54;25
68;41
46;87
14;7
76;20
59;77
52;5
44;5
45;41
79;95
71;56
26;59
27;97
13;67
36;83
30;10
81;88
70;46
5;35
17;37
59;32
11;15
26;74
77;77
58;25
47;17
62;54
20;35
81;69
48;24
87;82
95;74
65;40
38;92
69;62
95;80
69;86
5;46
79;52
6;47
98;41
91;80
48;83
18;26
87;2
40;35
63;72
80;74
29;72
91;3
18;24
82;67
84;99
15;88
86;15
94;98
92;52
39;17
25;37
93;50
32;67
36;81
3;52
16;81
14;58
27;32
29;99
53;61
49;25
20;48
84;98
90;25
97;10
35;34
22;88
60;15
10;64
58;88
87;83
49;70
52;6
72;54
9;89
50;79
96;82
56;87
16;78
1;82
5;43
43;23
46;82
7;47
95;1
85;16
35;93
23;75
19;18
88;74
66;38
5;66
84;28
15;4
70;71
12;59
3;48
68;11
33;17
8;97
68;14
85;8
84;94
47;78
98;27
14;79
96;99
19;60
58;93
80;64
82;56
10;86
37;71
12;22
15;21
57;93
60;68
10;40
25;81
81;40
67;94
6;46
88;72
100;14
50;92
65;46
89;42
60;57
33;10
100;9
33;71
98;54
61;41
88;1
14;55
40;73
92;54
96;14
49;65
39;44
32;53
97;2
29;5
61;33
36;8
48;35
82;15
24;14
37;99
43;46
88;23
49;45
70;59
63;39
63;1
33;86
68;69
92;25
1;92
78;30
78;49
33;48
83;5
98;99
61;89
95;19
65;6
59;76
96;53
81;82
14;49
85;95
69;18
78;62
78;76
3;64
38;9
9;49
2;72
77;54
9;35
56;5
83;48
90;22
96;40
53;70
31;77
23;81
1;66
67;26
22;85
63;98
25;60
46;46
1;49
48;47
61;53
86;99
30;25
12;3
92;93
95;39
1;56
33;51
78;20
67;20
48;30
46;30
47;79
38;93
12;68
44;14
80;4
53;46
68;48
58;7
57;46
3;62
69;71
56;88
72;24
86;60
96;8
57;95
4;5
98;52
53;32
97;63
87;86
73;13
59;21
27;45
79;45
53;87
89;33
15;74
77;14
49;87
19;2
76;12
28;41
31;51
94;90
18;90
62;5
66;25
95;42
72;39
1;9
9;28
19;55
39;71
91;98
38;52
88;14
74;31
34;33
12;69
74;97
12;55
93;28
68;77
66;61
84;99
24;58
3;23
22;25
75;72
48;1
90;96
91;34
15;34
72;76
68;46
33;82
10;46
55;75
15;21
34;86
33;86
32;72
3;72
95;95
5;73
93;49
97;58
12;90
72;78
96;83
77;95
16;85
92;86
38;38
52;26
66;35
83;69
33;83
89;50
65;56
33;22
65;48
79;30
20;11
21;63
66;8
37;95
10;66
39;9
96;97
93;99
94;78
67;62
79;20
349;57;22
1;448;23
483;409;31
77;358;33
201;113;50
473;318;27
467;176;11
365;50;49
195;400;37
256;308;14
333;25;22
246;356;3
433;372;12
28;89;24
290;384;21
248;24;36
43;262;19
8;51;31
63;389;38
214;132;26
271;21;37
488;332;22
73;145;19
457;459;47
112;242;49
427;152;24
139;127;31
32;167;1
136;320;31
368;111;1
397;455;10
486;413;42
6;184;38
205;428;34
294;225;47
492;437;15
483;97;39
25;404;36
454;368;35
306;414;38
100;207;38
432;238;13
265;13;38
129;236;43
261;458;34
450;396;7
80;351;21
423;482;47
313;411;38
305;215;4
403;65;9
235;192;7
250;399;29
116;37;1
202;12;35
459;273;44
72;440;42
124;35;27
433;127;48
112;234;39
66;104;50
257;294;34
74;100;11
145;249;23
317;307;21
294;491;3
473;324;14
217;269;42
249;141;41
159;331;16
95;335;15
64;436;43
111;410;40
241;257;35
24;240;17
172;169;21
471;463;21
344;374;12
427;332;43
433;240;39
124;139;25
273;52;13
437;158;22
78;379;24
1;15;24
405;484;19
102;283;17
372;494;50
428;19;2
412;498;5
448;7;22
422;190;38
272;161;11
299;391;7
146;353;5
450;413;2
162;167;28
101;76;22
364;470;5
495;478;5
226;109;31
400;217;32
441;346;48
407;345;23
270;268;39
34;10;42
266;432;5
84;452;50
333;372;41
405;88;2
263;240;19
456;304;34
446;126;47
156;325;16
376;177;9
182;372;30
383;450;21
6;245;43
189;495;9
176;208;9
487;179;14
185;292;34
64;131;3
243;432;49
123;151;42
406;252;6
420;101;15
233;336;46
234;271;12
20;269;26
499;488;20
439;219;22
111;13;15
446;352;45
37;411;29
255;191;49
419;231;30
51;393;12
388;420;38
77;140;30
260;187;28
105;193;31
383;113;35
123;345;48
425;95;21
398;208;44
310;429;23
261;252;17
375;134;48
312;113;46
341;440;7
467;282;28
313;398;9
232;451;5
73;460;7
282;36;22
159;119;5
246;200;9
225;374;16
251;189;30
19;237;25
140;24;38
398;134;2
401;153;24
204;41;47
284;176;33
358;287;34
312;155;2
405;472;40
167;438;20
492;77;34
430;74;39
207;202;46
85;117;8
156;396;35
414;431;5
241;363;22
163;311;7
470;358;14
320;415;14
120;161;23
69;195;34
383;150;25
353;264;40
446;198;46
253;9;27
440;218;44
381;285;15
307;416;18
364;276;25
232;186;27
378;10;49
175;438;39
141;150;31
194;218;18
252;487;25
236;429;31
239;99;18
261;61;21
398;106;47
477;74;42
216;244;47
143;129;28
176;205;27
73;468;7
396;93;32
293;309;22
329;246;34
189;214;17
435;114;17
488;205;15
267;296;16
467;466;20
385;327;2
37;393;34
339;250;24
59;51;18
24;367;19
23;331;10
290;79;24
397;62;21
464;390;25
266;243;3
8;366;30
90;489;25
138;14;40
421;310;22
121;138;41
13;354;45
114;191;49
485;287;28
118;198;37
422;467;17
220;45;17
153;87;1
279;490;12
297;37;8
131;236;35
246;196;7
164;221;40
468;147;19
466;359;16
71;345;25
273;208;34
484;29;49
99;213;43
275;224;8
79;216;5
131;291;37
249;424;39
95;377;14
281;83;30
47;1;20
53;237;8
195;123;12
136;41;19
446;172;43
485;342;32
468;2;45
51;462;20
297;95;33
386;419;22
295;200;49
59;49;4
352;131;18
113;315;46
62;264;17
455;48;31
456;89;20
309;386;26
169;25;24
11;310;5
429;455;39
7;204;41
225;215;30
263;74;5
326;118;4
31;122;36
388;33;21
239;118;18
302;408;18
183;94;49
152;448;22
91;269;7
42;257;5
195;481;35
46;415;6
410;135;19
185;240;16
69;400;22
156;253;45
380;417;29
309;87;25
438;148;33
139;336;6
369;353;40
399;416;6
13;223;22
246;443;34
487;93;48
94;328;43
242;123;16
459;491;38
195;56;5
313;282;30
96;334;42
333;82;14
497;278;43
139;234;11
229;13;31
329;307;36
346;364;40
300;106;3
172;291;19
130;187;25
228;128;10
249;410;3
102;86;14
263;228;25
222;216;3
442;336;44
329;241;12
379;135;7
293;174;16
25;8;25
422;432;42
296;438;33
84;448;35
76;288;38
193;420;25
14;421;15
15;305;9
226;230;2
419;416;3
99;500;17
155;215;8
114;251;3
63;33;29
83;11;2
374;173;3
157;391;38
191;75;16
313;485;40
268;498;47
398;299;3
379;156;16
474;102;24
116;373;11
58;105;10
319;481;14
299;196;7
56;388;27
498;21;50
15;185;24
106;229;41
349;275;4
325;414;41
235;145;30
82;299;23
184;61;28
157;435;5
309;319;38
144;1;47
45;309;8
210;152;41
47;296;48
254;190;37
154;83;7
483;135;23
10;317;25
423;361;43
279;347;25
289;479;31
338;338;33
29;332;31
374;256;40
183;389;46
247;105;26
234;122;9
214;283;22
63;300;1
374;21;8
382;40;24
417;23;28
260;423;22
245;207;39
70;454;33
22;136;39
92;335;10
432;27;26
210;264;32
421;75;17
213;483;36
149;29;11
101;471;31
255;256;9
40;233;9
379;239;44
99;231;19
235;56;13
8;34;19
391;221;48
337;368;31
255;87;33
47;285;39
364;296;31
220;245;43
422;334;34
323;224;13
214;53;29
43;442;22
123;231;16
329;225;24
466;267;2
119;79;18
383;445;11
52;194;49
448;369;45
493;351;43
13;494;43
331;248;17
57;212;21
296;235;42
96;228;9
413;406;18
465;196;39
246;312;35
441;491;9
165;365;48
454;1;44
103;473;40
7;398;38
382;95;42
475;407;12
357;57;21
279;70;35
158;301;15
292;468;6
431;42;36
234;269;31
331;466;37
422;121;28
210;490;40
494;480;27
344;311;18
347;77;8
390;131;24
44;186;15
30;93;32
360;237;37
17;407;2
402;201;33
418;350;38
263;118;41
467;369;32
383;354;13
435;212;3
320;476;12
125;107;29
352;466;22
469;456;45
160;251;14
249;113;24
415;113;42
432;359;27
378;65;30
155;27;11
379;187;18
88;51;31
291;99;34
457;472;5
292;363;40
430;233;15
416;270;15
389;127;4
392;143;9
196;274;19
218;169;29
408;67;30
91;398;35
106;468;44
177;168;25
360;18;16
388;212;7
221;36;42
434;168;13
380;30;25
296;383;46
346;286;40
264;375;50
100;133;20
320;68;6
399;74;10
454;156;5
63;215;17
212;301;12
158;29;10
484;88;8
19;187;43
447;211;36
67;288;40
116;304;42
183;163;17
386;337;44
128;317;14
428;61;14
474;312;6
277;7;20
148;402;33
370;378;49
381;255;40
200;77;20
57;125;40
123;469;9
184;165;15
384;423;14
263;358;29
361;139;8
426;242;9
434;490;29
230;124;13
128;131;40
213;389;33
65;186;43
228;255;27
27;9;50
221;92;18
44;434;24
281;314;30
317;207;44
389;212;13
118;374;8
259;230;4
99;423;21
197;195;24
255;283;12
225;415;15
30;453;22
167;250;47
304;37;10
437;208;6
347;441;46
288;70;12
483;239;11
138;438;21
242;182;30
188;459;3
153;199;29
497;128;42
424;161;2
54;445;6
1;407;27
208;198;31
187;389;30
81;67;26
181;268;48
4;212;35
72;157;29
1;153;18
439;214;9
57;264;41
205;226;34
345;154;47
326;303;47
269;192;32
162;100;32
148;66;1
82;91;5
106;4;27
462;168;26
362;448;45
467;454;5
114;92;42
114;177;1
317;76;18
274;191;36
442;277;6
499;261;9
304;100;37
175;498;41
7;416;26
483;23;28
278;134;48
134;471;28
211;229;14
197;112;10
336;431;46
487;279;37
456;123;25
36;273;38
322;388;6
351;413;10
488;429;47
259;138;31
55;282;12
451;322;46
218;232;44
266;445;8
439;248;12
194;149;21
20;192;21
321;463;3
91;477;21
78;458;49
14;314;31
430;141;36
480;361;46
363;182;22
131;87;9
119;406;30
105;97;21
181;392;17
495;59;29
422;43;50
227;62;5
179;116;19
274;255;22
284;364;1
435;364;33
257;482;50
188;473;39
408;263;8
475;212;49
466;322;11
442;39;14
488;435;41
133;272;24
401;383;7
340;21;19
462;236;47
142;338;24
249;88;34
400;67;47
302;70;22
211;240;23
102;335;50
56;264;9
253;100;33
398;308;36
459;133;32
328;152;11
335;78;47
227;103;29
203;247;12
484;23;42
494;271;37
266;41;19
172;253;27
389;66;4
69;441;37
470;63;22
325;120;15
79;259;17
60;347;46
28;457;29
349;322;23
434;85;16
286;26;7
303;256;7
497;350;27
289;266;27
450;323;33
383;245;47
104;117;30
193;74;29
471;425;26
205;268;25
306;41;4
155;139;2
490;223;11
226;358;19
358;325;16
407;36;10
102;14;12
407;465;28
328;326;32
221;459;37
352;37;45
34;406;50
151;277;49
272;27;15
222;121;12
378;435;43
273;29;40
181;27;26
341;416;34
462;208;21
149;320;23
241;225;48
322;354;17
72;387;20
331;339;42
241;448;25
101;448;32
332;103;40
146;156;28
5;268;49
342;429;32
349;25;29
71;64;34
460;92;24
14;278;42
428;175;42
318;349;2
306;470;39
454;165;5
329;240;40
17;493;11
134;499;46
259;295;4
366;65;19
23;233;43
219;362;12
237;44;22
122;369;44
163;378;31
335;408;43
351;484;42
459;471;12
82;193;10
224;277;27
500;411;36
230;154;18
467;353;39
108;457;6
240;78;10
411;488;14
130;490;41
434;461;28
393;284;5
397;149;49
117;71;33
473;93;32
276;376;45
237;58;31
46;115;13
350;104;35
73;135;13
406;132;23
363;307;35
64;7;43
309;86;50
148;344;15
122;67;19
252;413;1
444;236;7
151;453;42
500;147;26
437;493;38
437;463;29
418;341;3
329;262;26
237;210;44
234;81;46
307;128;9
131;52;27
294;27;4
171;308;14
107;54;47
226;293;10
350;346;3
63;1;5
404;114;7
421;294;27
374;208;16
22;219;15
114;103;7
436;203;45
226;254;45
46;119;39
247;7;50
345;116;16
474;298;8
304;485;8
175;203;24
481;277;32
250;492;47
241;194;15
339;488;15
128;97;8
124;376;47
479;333;10
339;52;49
197;464;21
387;150;18
379;128;22
103;244;37
298;449;45
95;411;11
406;111;45
427;1;28
487;114;30
488;423;46
483;495;34
107;377;9
429;79;46
429;435;23
439;9;33
9;22;2
150;130;4
338;459;4
480;200;38
196;306;24
48;329;34
390;420;31
300;278;43
46;138;35
223;66;39
398;370;46
256;163;16
245;285;18
176;247;8
183;346;14
413;235;40
472;201;25
408;439;49
375;276;31
127;33;7
71;482;6
495;277;28
185;483;43
491;305;33
322;118;7
58;420;45
219;160;9
235;39;8
335;453;36
84;297;27
187;17;45
401;439;10
239;445;4
193;451;41
189;340;16
97;332;43
128;366;11
351;426;34
336;33;24
238;29;17
63;345;34
466;44;16
430;186;44
179;380;6
274;18;34
63;308;12
11;113;31
335;462;13
113;317;48
458;50;45
86;499;5
166;212;42
298;446;6
47;366;49
449;96;32
396;36;11
12;377;31
283;230;46
187;226;10
137;172;3
328;106;6
91;164;16
147;68;30
26;235;17
135;264;28
193;328;7
53;448;25
443;390;14
432;393;43
486;27;46
187;65;35
428;366;47
318;35;1
413;136;46
149;276;46
415;492;7
282;66;15
330;353;31
295;50;46
70;15;25
487;91;25
399;190;45
398;360;9
26;187;32
275;248;18
425;135;31
486;229;19
328;110;14
218;154;50
426;167;39
135;360;50
9;355;43
218;204;16
8;129;49
19;234;41
89;363;42
117;129;4
465;295;45
241;28;12
458;348;41
420;373;43
122;257;13
315;216;38
284;29;41
69;89;43
179;213;11
279;373;36
419;76;45
225;470;12
480;449;22
24;389;46
92;112;39
17;404;27
243;83;3
45;33;9
313;419;23
293;288;16
405;489;24
1;412;32
98;385;23
215;24;8
495;88;46
221;243;38
213;291;38
101;143;4
186;438;23
288;385;34
74;397;46
146;185;28
415;265;17
117;443;48
400;18;24
383;301;11
6;83;31
213;6;22
29;498;14
18;166;33
181;309;19
52;332;9
393;232;42
338;332;20
282;140;42
45;250;32
79;487;30
251;332;35
382;441;20
53;41;7
387;383;45
497;495;3
484;6;1
141;216;25
101;392;11
263;419;30
182;245;50
168;366;26
403;69;47
136;184;7
118;50;13
196;207;33
246;47;42
485;363;5
166;389;9
285;490;45
303;313;47
215;65;46
346;30;33
145;262;45
224;414;40
109;175;4
208;318;39
376;250;30
106;467;9
63;337;35
51;94;5
171;60;6
158;279;50
205;426;23
383;367;13
160;73;25
234;224;41
475;88;49
229;29;29
72;97;48
234;418;32
174;269;19
166;65;23
280;457;37
291;308;10
388;77;39
295;270;37
431;105;5
179;199;39
86;229;40
157;5;12
149;412;15
196;109;37
374;122;32
11;32;28
74;246;39
103;295;33
412;496;8
146;153;27
243;274;5
361;217;40
222;162;34
187;223;39
277;45;46
117;267;26
44;183;4
44;487;30
12;376;41
244;141;9
230;378;26
464;74;22
86;142;33
446;405;47
85;348;18
369;26;31
205;57;11
251;85;37
397;476;45
430;448;2
112;435;13
191;23;50
341;464;18
494;291;46
54;69;2
345;70;1
260;75;45
213;28;44
139;482;4
417;432;22
452;34;12
217;453;26
300;27;7
3;498;28
103;288;24
448;31;4
244;285;27
235;375;10
407;375;43
47;371;23
53;407;25
400;188;33
94;65;7
112;72;2
22;72;3
311;153;6
122;286;49
35;385;8
420;495;24
231;152;43
22;487;43
500;297;13
224;74;45
307;4;10
255;104;9
382;70;28
62;198;6
480;475;18
94;394;27
69;194;21
325;319;13
487;288;32
238;4;16
218;110;36
4;177;24
268;85;13
438;120;1
116;456;41
399;183;12
394;421;10
209;456;8
303;216;36
495;469;31
423;479;2
371;395;11
293;148;1
129;343;1
392;59;2
48;270;43
66;326;10
329;179;25
381;89;41
435;407;23
250;223;3
172;123;1
443;424;31
485;136;42
94;166;50
3;443;41
458;415;41
40;186;34
279;110;13
360;391;43
22;248;47
116;368;45
34;129;48
180;102;43
323;391;5
337;16;50
40;482;26
331;187;2
106;331;26
327;145;41
154;246;47
100;445;49
328;484;40
394;479;42
482;328;8
22;113;18
440;75;3
456;158;43
6;351;34
404;336;3
84;443;41
342;196;1
154;496;32
325;333;38
369;190;2
126;241;26
15;140;11
433;116;6
151;417;30
14;57;18
28;224;12
495;64;49
237;443;3
277;211;14
429;3;25
290;5;46
307;470;35
452;430;27
74;24;32
485;474;5
259;164;18
379;386;3
128;175;23
138;435;12
55;362;15
151;229;1
251;204;8
324;49;22
235;469;7
323;96;49
90;407;36
188;171;13
6;279;41
458;187;32
250;308;4
225;130;10
489;84;44
374;360;43
80;475;29
399;177;35
50;405;44
435;75;29
365;287;13
37;399;25
351;411;36
159;219;21
423;483;8
206;229;12
472;268;29
21;25;24
338;366;18
498;137;8
6;115;33
413;63;20
276;92;24
43;137;2
214;110;17
307;147;16
128;267;18
231;264;24
167;172;26
97;138;8
375;188;50
445;411;3
400;463;3
68;184;25
25;179;9
52;72;16
498;420;46
230;390;19
162;349;25
141;439;11
225;86;32
473;336;26
331;397;37
200;297;36
13;108;41
28;225;50
305;195;12
398;485;39
133;322;13
183;41;4
82;456;13
442;434;12
332;307;43
426;30;38
280;92;40
425;201;20
24;353;6
35;82;7
439;322;25
493;85;3
401;307;1
476;236;18
458;18;5
479;173;25
343;21;20
60;174;26
1;52;41
177;371;36
388;231;5
15;352;34
218;168;45
225;50;18
53;476;19
255;472;36
269;28;13
242;376;13
20;238;19
136;402;35
25;263;43
197;398;24
349;163;20
322;456;30
287;377;8
33;44;48
473;246;28
144;10;17
29;363;38
77;422;3
38;106;47
77;397;44
107;452;2
133;266;19
24;443;41
424;349;11
421;344;23
235;7;1
7;311;40
396;265;5
68;431;47
226;140;17
19;9;7
128;404;43
360;457;35
209;39;18
86;191;31
447;318;7
94;34;33
300;57;46
155;106;14
336;105;13
38;445;17
293;122;1
76;463;11
482;9;2
60;403;19
424;381;33
298;111;22
299;266;11
355;167;14
108;414;33
364;251;42
223;204;6
104;312;47
91;69;20
414;458;28
128;386;10
240;208;28
17;235;31
100;208;7
281;353;23
142;83;29
70;265;1
23;158;23
264;493;43
65;91;39
441;380;47
477;108;2
481;469;9
133;95;3
69;88;34
273;235;32
356;435;15
30;58;26
380;305;46
127;476;2
323;83;42
49;376;46
355;428;30
433;262;49
262;409;16
263;433;4
321;432;41
227;184;10
276;455;50
324;314;45
50;443;35
176;89;23
424;253;9
32;141;28
256;205;37
372;50;23
468;88;8
86;200;37
175;208;23
16;362;18
333;486;15
94;101;31
102;54;32
386;313;29
340;291;25
414;485;28
230;85;23
247;380;44
445;353;21
429;67;14
302;235;36
367;52;38
323;146;22
358;188;28
213;15;49
461;178;48
109;271;3
308;38;6
325;284;9
444;55;48
252;382;43
484;230;8
188;422;17
299;257;27
97;197;4
341;275;30
281;3;15
371;475;9
233;50;9
108;213;15
456;110;39
256;125;11
228;179;8
335;19;17
372;239;36
332;405;8
140;46;38
239;350;19
3;407;5
87;362;28
159;79;21
198;286;10
396;465;35
271;294;43
328;446;33
68;54;50
329;231;30
140;279;11
95;171;12
211;384;40
75;454;4
62;178;7
279;433;17
198;231;1
408;164;26
67;214;49
150;303;39
106;231;50
31;111;4
484;480;27
388;447;12
192;455;14
363;87;32
468;12;21
445;49;2
499;205;40
93;341;23
207;211;37
57;32;9
234;150;39
400;280;25
238;207;29
205;359;3
423;477;25
369;202;4
64;389;2
53;331;50
176;451;47
253;2;33
5;402;29
188;225;32
487;47;33
454;43;49
1;80;17
212;418;2
117;465;22
209;138;39
489;54;20
197;499;23
398;136;26
91;141;8
250;451;4
187;406;27
50;18;12
397;222;16
323;351;5
384;223;45
324;256;28
444;312;17
435;224;18
178;43;11
69;330;15
392;191;5
332;180;1
98;230;7
18;350;6
65;163;33
354;433;14
201;139;38
456;419;38
382;499;12
247;488;45
170;98;14
75;44;24
491;395;38
210;439;43
332;439;19
27;211;5
75;295;13
144;325;9
47;434;44
401;430;16
417;42;47
140;21;35
42;137;17
285;188;26
279;434;33
292;90;36
86;2;48
71;109;33
159;113;2
368;391;38
146;58;10
214;88;48
252;416;10
68;219;7
174;486;5
219;86;26
211;484;36
359;385;36
100;59;1
393;464;40
251;275;31
99;395;2
355;58;4
455;147;10
442;45;7
378;376;11
454;321;2
203;449;23
332;32;9
221;274;11
410;371;3
395;72;37
135;245;32
291;314;21
110;497;42
296;286;12
244;273;20
125;305;47
35;216;31
92;265;12
231;318;27
495;91;22
234;313;20
460;23;26
57;295;25
269;317;7
333;291;21
177;292;38
58;14;28
56;274;5
484;380;48
16;269;32
322;248;41
435;390;11
2;485;22
123;106;16
202;169;8
245;489;43
327;135;21
258;433;40
352;476;44
121;399;4
411;373;42
469;438;30
181;186;5
198;225;25
335;126;35
495;119;29
160;92;6
417;314;3
77;375;21
319;38;17
251;39;11
82;483;36
445;7;23
196;7;7
484;207;12
204;6;47
18;461;5
309;246;4
75;342;47
469;404;3
293;498;20
346;365;13
169;100;8
257;221;43
402;433;33
145;415;46
274;130;14
284;49;30
364;30;50
370;410;14
494;337;20
259;268;24
337;197;38
305;4;24
488;32;14
195;97;13
372;51;38
67;482;10
196;36;40
56;83;42
380;362;40
388;68;32
108;36;10
308;240;11
31;197;9
206;297;33
286;220;48
283;47;15
348;11;24
457;348;1
393;495;45
196;278;16
237;417;29
316;289;38
378;356;10
55;418;43
272;420;20
312;330;8
289;331;22
191;20;36
281;461;3
484;284;36
297;129;26
203;152;13
13;200;26
7;250;33
212;402;47
320;368;23
263;16;21
266;9;41
128;363;3
217;330;48
17;304;37
466;327;17
456;19;33
290;196;30
257;55;48
367;86;43
20;361;6
455;454;17
242;94;6
333;1;27
214;476;41
130;202;19
433;387;33
239;235;26
340;398;18
61;412;36
473;108;14
201;243;17
182;435;39
234;419;34
108;301;21
475;188;33
12;481;29
474;361;45
412;294;46
431;356;24
437;82;26
8;259;15
311;77;2
369;97;11
349;63;4
463;469;44
378;248;31
474;33;5
365;156;10
282;69;18
176;261;30
441;312;21
392;371;10
343;462;2
221;264;29
85;406;44
193;246;38
92;500;32
129;119;15
210;355;39
15;290;33
146;111;4
194;118;37
289;347;33
399;163;24
494;319;43
435;240;13
154;403;21
31;169;3
408;64;23
134;352;46
63;225;44
221;37;46
125;156;43
56;212;38
114;303;12
183;311;10
248;126;11
51;243;27
25;59;39
382;22;13
200;458;11
318;3;49
98;284;4
425;402;36
202;236;41
325;14;27
236;237;32
390;341;13
463;19;44
496;20;48
29;434;7
40;278;19
377;470;5
83;494;48
137;167;18
4;214;42
446;179;19
400;171;16
327;481;9
155;140;50
467;420;35
381;151;46
202;390;19
84;370;50
243;416;6
239;60;45
472;139;8
464;54;48
254;37;35
13;283;24
308;112;16
420;419;26
439;282;33
490;386;13
34;303;7
52;162;2
102;55;24
322;89;50
409;36;40
346;312;42
445;157;3
60;483;23
176;463;14
464;322;37
278;76;9
432;147;37
379;67;27
185;248;31
220;169;40
144;455;20
265;469;38
392;327;24
106;252;11
265;28;40
426;99;2
41;346;48
429;47;19
433;293;20
351;491;49
225;244;37
218;422;40
485;333;22
94;309;1
93;119;43
192;140;37
205;288;23
261;465;30
426;29;37
130;163;11
358;417;36
298;461;39
168;416;48
88;143;29
232;375;13
352;192;34
114;273;35
209;71;4
189;479;50
339;208;12
119;198;25
310;405;31
390;477;7
378;369;20
63;466;40
452;290;27
105;211;38
59;291;27
372;141;11
183;187;37
435;330;36
359;245;26
87;359;11
297;45;28
75;181;13
390;327;44
59;193;19
464;401;45
491;422;9
357;386;17
464;9;27
249;471;12
442;204;49
319;479;46
168;267;8
207;348;48
416;54;41
271;12;10
19;124;1
383;218;46
375;45;13
303;210;21
345;283;6
97;172;15
241;425;47
244;467;12
384;448;36
254;221;24
316;111;11
224;98;7
493;115;30
350;23;1
373;355;1
402;153;6
229;319;34
77;455;22
418;79;49
168;454;14
460;66;21
286;61;39
266;308;9
220;187;45
217;202;1
148;133;39
327;416;30
388;336;46
419;498;18
40;236;33
215;138;18
475;416;49
365;183;13
169;170;27
358;44;16
397;469;38
69;365;28
275;321;46
243;259;3
354;142;19
273;82;16
469;414;37
210;46;50
219;227;12
249;129;4
300;363;14
254;413;41
428;447;1
149;439;10
381;451;11
39;237;3
61;141;27
87;193;20
198;292;28
99;161;43
175;317;36
225;91;1
338;481;35
174;487;30
103;407;5
232;295;10
166;410;46
102;147;27
421;296;10
142;460;29
68;192;35
296;379;38
45;445;31
247;103;42
80;225;23
181;291;6
334;98;42
176;482;43
238;320;43
350;12;12
188;492;33
393;183;48
313;266;28
139;323;37
97;347;40
205;92;14
395;406;16
367;251;17
220;288;45
232;72;17
314;90;16
254;269;40
341;343;43
349;155;44
396;124;31
291;369;5
369;34;25
14;211;14
72;343;29
141;147;36
321;210;47
122;451;6
319;203;17
44;100;26
399;26;40
6;110;25
135;25;23
444;237;10
81;302;40
196;316;7
434;202;8
414;228;25
36;101;44
384;312;23
474;116;17
315;195;26
420;311;6
219;163;30
31;425;28
190;322;8
160;242;23
335;283;2
73;153;47
115;172;31
156;39;46
395;488;2
231;158;17
360;295;39
427;38;20
154;157;15
178;315;39
173;402;10
92;461;22
380;313;7
67;86;17
297;164;42
327;106;32
20;304;45
90;338;18
337;90;37
87;27;26
418;360;8
43;485;36
265;52;26
24;197;46
274;282;48
159;310;47
172;408;9
91;126;39
356;295;38
455;35;34
492;439;50
240;345;13
200;395;47
102;391;49
302;101;45
53;417;1
408;109;28
306;350;25
282;371;23
255;288;11
151;82;41
244;16;36
290;13;38
53;246;18
99;7;45
5;75;50
16;32;45
142;319;38
237;275;21
238;346;49
464;84;46
275;187;40
227;498;10
241;34;7
477;257;27
51;154;40
495;405;34
343;110;19
138;216;47
285;124;35
483;223;12
187;444;7
494;185;19
20;273;29
449;90;18
166;447;42
216;40;14
376;263;26
69;219;46
63;383;17
500;199;13
191;238;23
489;278;45
278;2;41
349;368;49
233;371;14
419;327;46
324;254;17
3;283;19
332;43;21
74;281;43
393;273;23
97;264;3
97;287;28
192;339;37
246;305;12
264;183;4
269;60;14
137;363;9
403;119;10
312;80;38
355;104;23
397;131;50
90;368;13
208;394;4
203;53;22
172;346;39
442;233;14
469;220;43
140;371;17
454;191;34
327;228;3
128;12;43
30;81;16
482;351;6
178;363;33
173;180;30
384;122;29
471;433;41
349;142;44
72;122;47
133;221;26
458;36;44
21;78;20
370;80;5
309;91;39
492;352;26
428;473;25
121;53;4
276;16;13
473;305;45
494;433;11
181;195;28
450;456;31
436;351;12
499;358;17
263;353;33
103;294;26
469;101;5
93;110;2
99;2;14
105;441;29
425;476;50
132;66;37
469;221;18
426;482;14
331;265;20
422;333;22
198;222;18
372;315;20
99;456;5
384;73;8
43;395;32
184;187;19
241;131;8
239;182;13
203;123;49
338;84;31
51;81;37
204;106;30
45;35;15
205;349;46
69;252;4
446;292;7
411;451;17
317;398;27
451;224;50
39;227;36
83;364;8
158;385;31
39;161;21
114;239;29
377;480;42
26;2;34
164;152;25
230;481;10
298;206;30
231;490;24
56;149;8
334;212;11
314;7;21
402;215;7
106;396;3
352;459;28
401;83;13
499;482;13
16;173;31
154;484;19
393;178;27
148;388;19
71;229;46
438;63;36
3;217;24
168;207;16
76;84;11
102;307;33
305;80;8
446;28;22
251;379;38
207;25;14
15;456;27
203;470;50
94;385;16
28;355;12
328;431;7
217;147;20
411;203;11
347;281;3
49;263;27
16;112;5
355;155;14
401;243;34
481;264;32
207;474;19
430;47;4
210;27;49
287;12;9
209;304;43
449;206;33
35;302;48
184;252;10
75;232;31
156;291;20
492;17;23
310;398;26
315;270;43
150;338;29
491;14;21
410;161;40
103;53;11
4;233;44
75;388;40
150;28;6
212;187;14
255;170;29
172;83;15
406;210;49
21;72;1
430;312;50
439;187;40
340;153;38
79;224;36
58;432;44
345;310;9
122;232;50
490;462;1
439;266;41
400;309;16
436;153;49
203;392;7
14;52;20
468;450;49
298;229;14
255;192;19
428;45;6
270;206;14
226;212;49
315;374;8
412;376;45
147;51;23
414;465;16
460;452;39
152;70;39
136;462;19
132;231;32
451;443;12
1;291;6
490;341;7
454;39;35
367;117;15
9;116;44
213;36;26
37;261;14
428;50;43
311;14;28
145;1;40
101;490;46
271;209;42
86;431;47
487;439;48
385;404;11
336;392;29
366;255;35
211;20;26
497;282;29
427;301;47
357;67;6
316;227;13
429;227;40
323;357;26
494;353;40
454;365;19
177;49;7
66;437;37
361;376;44
321;231;3
221;166;38
253;391;16
282;246;49
330;457;5
396;14;31
393;167;27
363;100;47
125;443;47
156;174;37
254;441;16
10;162;27
367;38;36
456;408;6
87;176;32
81;125;29
106;463;19
145;356;11
472;334;20
270;166;27
365;7;10
105;408;48
95;60;38
495;123;32
54;494;5
209;223;44
136;75;50
171;4;46
228;436;26
374;414;25
206;118;9
105;467;44
141;278;26
116;384;32
387;68;42
253;124;18
6;42;11
424;384;42
465;431;13
257;446;4
369;488;17
204;135;44
333;35;49
363;391;32
423;456;46
393;104;12
132;380;12
8;206;31
269;80;8
346;368;20
56;178;7
114;362;5
447;238;23
488;250;23
440;7;7
337;243;22
53;350;9
310;226;44
443;106;13
335;232;36
464;344;3
163;61;6
401;16;16
198;117;17
280;84;47
258;434;21
177;256;4
93;193;27
105;34;22
49;127;30
359;187;1
310;102;41
405;422;23
336;461;12
76;11;39
191;152;50
399;268;20
367;182;33
193;326;36
100;486;16
133;463;1
267;151;44
116;426;46
145;179;29
73;55;5
376;260;39
185;263;43
394;480;20
249;233;1
208;419;5
381;449;23
334;133;25
94;470;38
225;500;37
147;248;36
305;106;50
162;91;38
64;416;26
303;125;45
37;270;10
42;195;14
270;339;39
214;18;12
467;229;43
260;155;9
196;296;34
147;9;50
38;214;21
225;328;4
328;79;37
122;93;28
55;299;43
187;382;34
180;153;37
303;221;44
323;305;15
333;256;24
417;435;22
295;450;47
295;148;4
325;425;12
181;357;1
27;72;13
467;304;39
48;328;26
65;277;7
282;177;3
157;359;21
406;245;46
343;256;47
213;426;27
236;354;44
476;303;40
100;165;15
86;23;1
493;66;16
66;490;35
446;433;29
89;134;28
147;380;36
273;456;26
169;204;47
357;329;39
31;273;50
371;30;23
339;136;38
93;217;18
148;347;34
442;99;27
336;400;32
463;172;42
421;188;5
158;144;8
181;378;17
179;323;45
288;20;15
369;289;7
467;144;20
27;313;4
37;363;17
369;336;8
487;185;36
165;333;32
103;135;12
248;5;40
43;213;42
458;96;29
467;116;38
114;13;3
338;212;31
461;412;1
351;123;6
383;134;23
303;258;42
371;184;17
453;47;27
27;404;23
273;410;45
215;243;50
331;96;11
96;426;28
68;241;29
118;376;11
246;189;4
180;468;36
339;86;20
285;175;15
486;433;28
109;28;39
469;10;7
428;398;50
50;452;13
63;174;22
260;156;34
260;28;19
419;482;23
456;29;13
499;8;40
271;282;27
116;220;25
354;42;23
355;191;26
233;415;3
243;156;7
272;105;49
409;143;21
332;31;26
396;301;17
435;304;6
40;107;19
191;184;27
110;238;12
345;426;28
427;159;48
10;252;42
146;198;11
343;404;34
150;244;7
440;105;50
405;173;27
471;482;47
174;471;24
290;252;47
83;368;22
480;63;5
161;377;8
324;25;10
471;321;37
2;69;49
329;12;34
404;106;8
151;421;41
295;429;30
94;31;18
424;291;26
478;369;6
16;378;36
404;407;50
162;139;33
423;334;19
320;372;28
68;469;36
70;218;30
76;217;8
103;388;47
217;300;30
219;398;36
125;72;35
215;454;38
104;364;26
423;285;40
451;267;21
372;67;43
300;257;13
117;332;5
422;496;35
479;178;41
451;311;19
160;329;19
138;131;4
123;115;13
329;222;12
419;87;32
143;113;9
343;469;1
80;146;32
267;459;42
187;104;47
91;417;41
34;325;7
130;116;32
408;27;14
478;75;15
336;402;20
390;259;23
372;36;45
21;366;29
147;278;30
349;13;37
257;428;27
390;368;39
64;193;11
497;359;31
411;319;17
92;211;13
169;215;17
80;288;2
427;221;6
403;97;4
327;331;33
54;29;25
185;182;38
404;148;47
91;243;28
41;161;14
104;425;49
397;337;24
40;183;21
304;475;35
391;140;22
282;146;39
170;183;24
343;68;30
299;456;27
50;117;10
63;40;9
243;458;38
30;398;37
458;95;44
60;37;8
112;275;24
292;12;45
174;388;20
316;304;25
185;97;20
366;206;14
462;150;36
233;100;49
370;81;31
145;159;35
459;280;30
457;30;6
411;341;15
176;71;50
286;154;19
302;282;40
481;238;7
6;271;28
99;135;22
63;3;35
497;443;5
447;168;19
331;22;5
296;19;10
290;184;46
265;323;10
467;458;34
172;177;2
53;239;29
302;302;7
145;5;39
62;231;25
60;109;41
470;36;30
250;320;45
293;167;5
292;369;5
135;186;27
326;134;33
454;65;2
191;398;22
354;109;48
432;383;14
185;119;33
105;171;10
148;109;11
482;204;5
127;12;4
472;240;9
401;428;5
212;400;26
395;172;37
266;63;49
215;408;50
306;173;34
51;478;11
59;53;9
175;95;28
428;233;3
90;317;10
177;367;6
290;169;20
41;365;33
9;33;21
248;210;4
298;460;37
372;314;17
111;181;49
133;103;34
490;45;48
366;407;31
138;169;24
55;348;14
20;363;21
247;434;33
140;441;48
55;305;1
239;180;10
149;65;26
242;237;24
96;66;25
397;151;32
458;297;5
417;254;31
483;95;50
108;109;17
410;159;20
119;371;26
258;353;47
452;253;14
83;327;48
381;97;37
84;303;23
285;367;34
142;219;2
177;337;8
96;78;35
92;369;35
376;385;22
452;268;4
484;342;2
190;417;38
169;497;22
126;413;26
240;292;23
426;98;25
413;241;31
82;484;25
478;268;40
186;291;22
27;289;15
360;390;48
62;206;29
19;69;28
452;416;5
463;187;4
289;421;28
288;232;47
196;210;29
409;80;13
182;85;16
366;412;9
292;120;31
262;485;12
400;329;32
487;455;27
14;424;24
198;283;15
318;336;47
434;309;35
441;492;42
109;35;5
456;445;22
321;324;28
331;357;3
21;171;34
46;418;14
391;382;12
9;222;34
346;341;44
319;266;16
418;444;39
363;245;37
173;421;49
288;51;29
85;105;12
193;275;39
215;291;31
3;470;13
467;148;5
134;274;41
122;495;5
103;351;4
479;291;13
36;450;48
355;231;35
326;450;5
472;133;1
105;433;3
47;176;26
203;12;13
306;271;11
437;77;17
95;176;27
18;23;38
227;163;10
397;454;46
387;382;40
62;187;4
440;270;17
220;249;12
47;55;2
229;241;12
108;293;26
32;443;38
189;410;39
431;459;6
259;40;45
372;114;1
367;379;16
425;24;46
136;242;29
484;378;32
44;471;14
392;436;37
324;257;42
423;8;26
348;334;43
122;397;34
352;243;16
8;435;9
339;176;49
260;170;48
465;217;44
227;418;44
417;48;17
137;210;50
40;411;13
439;344;30
251;451;45
421;6;48
373;421;19
221;414;43
413;231;11
320;320;17
423;283;11
186;90;40
65;30;18
418;244;27
47;169;17
426;340;42
78;30;22
160;405;2
74;368;8
203;248;33
210;338;50
373;136;31
188;149;6
293;22;12
211;19;44
406;129;39
5;80;25
481;103;23
185;432;7
193;292;49
86;177;42
335;82;5
329;26;49
93;446;34
67;9;28
447;485;12
113;204;12
375;454;1
302;203;30
148;304;30
270;192;19
427;280;27
299;164;12
266;480;17
23;42;10
138;317;11
326;263;20
494;200;8
76;173;35
212;71;48
363;488;5
50;138;35
164;48;46
279;275;38
317;160;14
188;366;16
339;343;19
284;389;35
71;338;42
283;225;15
81;409;18
333;223;6
447;457;28
492;240;44
180;75;42
80;119;36
392;366;38
351;30;46
472;399;8
94;131;44
70;293;28
414;464;2
457;327;20
132;72;20
224;357;34
154;279;18
149;354;42
473;9;16
219;264;43
375;478;18
426;181;35
292;280;2
108;298;10
350;204;12
287;393;45
84;186;50
103;463;36
18;340;39
62;468;38
319;276;27
67;268;20
72;144;7
311;240;2
35;20;3
493;75;8
434;363;48
492;365;31
296;134;12
57;480;19
385;448;40
238;93;6
92;70;1
358;174;32
240;286;43
170;38;34
298;291;34
30;418;32
404;480;9
56;435;28
49;219;30
126;490;34
59;29;17
94;198;2
357;383;1
112;221;9
173;385;19
85;262;32
120;444;7
132;311;41
342;151;28
324;114;11
422;351;49
41;185;50
186;290;6
130;168;25
346;229;5
327;244;36
54;37;44
133;78;27
24;187;19
465;479;18
186;317;22
134;452;41
480;495;35
37;377;40
278;401;33
180;202;36
483;110;32
422;160;7
457;262;24
90;419;32
404;126;2
374;236;36
373;8;18
332;198;8
389;113;3
371;435;13
350;144;23
444;480;8
114;230;50
195;179;23
456;307;8
414;279;20
341;363;45
339;70;50
214;76;43
500;301;41
383;320;3
312;106;43
32;74;19
291;482;46
44;447;15
440;101;31
428;294;12
367;387;30
7;480;29
31;449;8
354;182;17
153;301;20
428;272;44
161;329;45
1;281;41
120;255;37
63;213;10
104;92;30
430;390;27
315;202;35
382;240;2
383;99;28
244;144;21
241;471;46
134;174;16
382;102;45
5;208;20
136;411;21
143;102;22
374;358;15
329;386;41
116;243;35
195;449;9
109;473;49
102;30;26
372;277;35
329;117;21
38;431;5
188;262;40
375;168;15
179;139;38
322;326;49
7;21;4
311;444;22
434;103;29
219;263;27
214;308;43
108;466;41
498;374;30
27;301;19
227;306;4
33;24;17
151;303;40
486;378;1
13;387;39
131;456;22
365;71;38
365;329;17
209;448;29
229;100;48
203;220;1
383;54;11
458;42;24
281;469;41
361;254;10
409;309;47
274;473;26
417;272;8
425;498;35
214;148;35
249;28;30
98;242;27
104;328;21
45;124;7
29;302;8
110;22;42
65;252;7
375;444;3
61;92;2
187;225;22
291;129;6
387;312;26
97;240;33
373;289;17
92;84;13
54;362;18
357;239;3
115;102;1
13;208;11
372;495;50
127;438;6
30;320;19
187;296;9
389;370;31
63;142;22
256;285;7
242;156;50
185;409;4
296;93;32
101;450;19
385;2;9
222;333;24
231;91;37
184;318;47
100;101;32
475;220;36
340;482;19
491;210;50
249;131;44
123;217;7
405;114;6
385;53;22
140;496;9
281;359;49
171;123;13
333;433;28
386;387;17
276;72;43
251;362;48
25;443;7
146;498;27
299;362;39
335;147;45
325;30;26
129;264;2
66;146;19
360;167;37
463;365;14
125;235;11
380;238;16
465;375;35
141;44;4
77;286;39
74;237;42
78;204;44
239;177;45
31;421;31
89;53;28
491;443;18
305;132;22
287;207;49
499;337;3
56;421;44
24;372;5
24;285;15
404;369;14
498;357;28
484;417;13
422;472;42
180;447;18
284;406;29
213;497;9
255;202;12
254;180;11
428;176;25
379;95;11
374;487;13
40;264;39
352;407;19
433;179;3
297;298;49
369;115;30
197;359;22
323;242;48
215;167;1
16;406;23
452;463;19
396;29;32
324;295;5
479;486;19
364;420;10
286;334;31
182;136;50
425;147;36
348;130;5
16;351;32
264;84;27
378;468;29
190;134;43
379;121;9
13;261;12
107;76;20
273;372;13
109;69;39
478;378;38
314;346;14
204;368;22
103;498;37
253;28;45
393;467;12
347;88;10
271;402;33
136;285;26
203;276;29
208;104;43
169;442;2
246;302;11

