1000
24751
6000
45;11
9;58
81;21
76;52
8;92
81;73
61;62
72;27
37;97
8;83
55;12
78;54
6;47
35;56
58;81
38;40
21;13
77;84
76;9
95;60
15;98
16;39
73;8
48;63
41;71
86;21
55;28
98;72
79;37
62;94
26;40
3;74
90;67
6;6
19;13
37;9
63;14
13;6
10;36
18;3
33;18
52;88
5;74
76;72
97;23
63;31
57;63
7;19
25;5
54;60
22;31
37;26
23;55
45;69
100;79
66;69
12;9
6;58
2;76
85;3
56;93
88;6
59;94
94;23
14;68
27;70
53;2
44;44
73;38
44;66
39;51
71;52
59;61
4;5
93;28
32;48
75;74
38;56
68;21
45;58
24;40
59;3
52;1
28;89
90;86
82;99
92;62
97;52
54;69
98;42
9;72
94;43
50;66
53;9
37;80
64;52
80;32
84;52
55;2
97;83
22;20
67;80
45;6
61;14
68;54
80;68
64;87
2;61
7;63
24;29
72;39
98;42
66;41
15;9
71;68
21;2
24;75
95;7
84;25
66;5
86;67
21;17
85;21
49;17
76;26
93;19
39;14
87;71
89;78
84;26
71;2
59;56
49;76
70;34
84;14
68;97
8;22
15;95
5;21
2;67
29;1
7;33
9;9
24;24
62;35
39;15
30;50
28;91
60;78
39;31
5;56
92;91
85;87
32;87
78;1
25;28
76;48
17;89
10;80
92;87
17;34
96;87
98;3
78;94
83;54
40;51
19;25
45;38
90;55
18;45
26;72
63;18
15;46
53;31
82;35
3;2
61;96
51;67
3;85
49;25
63;64
55;33
42;32
84;14
3;66
91;32
39;86
39;88
63;72
9;33
30;94
18;45
31;4
44;19
71;56
92;57
63;59
89;96
27;12
92;31
99;63
20;81
67;23
1;27
79;57
18;5
92;94
12;94
86;75
86;35
75;23
87;89
29;35
15;23
88;55
58;6
95;98
13;24
13;18
98;40
16;10
49;5
90;61
98;43
48;96
51;78
64;64
43;17
74;50
99;63
67;64
60;66
51;80
90;9
62;37
90;16
69;70
28;19
55;56
7;79
87;41
93;6
61;46
63;82
57;93
42;44
39;15
1;11
18;1
59;28
28;99
100;62
96;78
40;35
35;12
96;54
31;70
66;81
38;65
95;15
55;42
92;9
60;96
46;22
61;36
72;24
12;96
96;19
51;34
1;35
70;75
68;1
5;20
12;76
11;85
48;24
92;45
41;72
54;43
78;1
71;42
96;39
55;100
10;18
18;97
10;77
12;95
63;15
21;42
32;58
40;46
77;65
64;93
20;83
86;11
30;86
38;94
13;59
80;19
39;43
22;55
73;54
54;30
14;36
99;17
94;17
93;64
51;15
10;83
31;35
82;90
60;89
80;77
74;12
31;66
91;38
39;77
9;42
98;77
4;57
50;1
22;75
11;56
29;77
98;66
13;60
36;47
35;84
25;42
86;16
32;31
53;92
77;15
77;13
42;93
21;68
31;41
68;93
89;100
32;75
34;19
53;73
3;74
12;13
58;50
10;77
91;3
53;91
7;56
35;50
9;68
6;91
61;37
52;6
59;89
11;49
96;29
28;8
87;11
94;7
11;52
91;40
17;90
59;62
30;80
5;82
39;4
19;86
70;26
17;100
45;55
58;32
53;85
39;47
20;23
46;31
64;17
35;81
12;16
9;38
22;60
56;49
65;44
26;55
91;40
29;29
47;26
30;67
32;75
36;47
79;44
83;16
4;4
91;16
30;98
68;97
22;4
8;51
5;99
66;76
55;2
86;14
37;27
50;75
2;53
80;59
82;39
29;78
40;18
7;89
70;66
94;38
63;7
65;88
17;87
4;20
64;49
94;83
44;52
78;54
83;18
91;89
7;80
65;9
19;19
54;31
12;45
66;37
68;6
79;55
79;11
34;100
67;40
31;100
14;26
7;26
70;100
29;51
53;27
58;82
46;14
82;99
64;71
5;18
18;56
78;9
89;50
15;67
91;28
46;80
29;1
81;62
56;51
38;74
36;44
1;91
73;51
66;85
91;97
90;14
25;46
38;22
26;38
12;69
29;84
35;37
72;30
30;67
45;61
94;42
48;44
9;51
75;43
6;12
47;5
41;56
1;23
7;6
87;14
16;70
61;85
55;32
71;71
1;91
76;19
64;30
13;89
62;19
97;50
25;86
54;65
3;33
25;44
32;84
54;6
56;30
91;86
7;100
74;94
23;36
90;11
54;44
40;76
21;57
51;35
100;37
23;75
11;31
90;61
35;29
44;26
63;42
98;28
70;8
66;33
30;54
46;41
30;38
99;2
17;40
61;83
44;82
74;65
34;68
71;12
94;97
30;61
69;77
54;59
7;63
9;74
38;27
34;48
93;93
64;29
75;8
30;89
87;16
55;77
11;76
17;52
18;72
35;81
47;96
21;62
98;62
29;15
53;69
52;17
40;68
18;83
74;70
98;14
34;25
46;65
27;89
36;51
76;22
19;21
85;14
97;81
66;5
73;70
98;15
60;55
93;77
57;90
10;52
19;61
1;67
80;63
5;49
3;61
34;54
78;93
73;71
3;57
37;28
9;1
66;54
51;75
57;70
1;16
36;5
71;55
56;43
88;69
57;31
35;15
77;81
76;29
61;79
10;74
9;38
13;74
35;25
13;44
72;92
74;19
15;22
54;67
87;37
1;70
12;67
56;1
5;83
66;93
73;6
23;87
35;29
70;28
77;52
2;99
38;75
25;73
76;65
18;74
41;69
57;45
13;82
57;86
50;4
10;77
43;41
46;88
72;39
34;30
18;35
33;55
11;54
57;52
78;21
49;55
32;2
79;4
28;59
31;11
27;11
66;21
22;51
26;59
54;80
59;14
85;74
71;49
38;19
78;22
13;2
27;59
19;85
80;22
78;42
54;51
10;57
5;2
43;9
84;13
18;94
12;59
67;78
19;73
37;16
92;65
46;24
30;69
45;66
38;7
95;11
5;51
18;15
11;66
12;69
39;80
40;39
25;33
62;78
51;77
58;78
3;91
61;44
32;10
63;33
35;94
85;83
53;2
58;82
4;22
57;77
65;16
75;72
78;48
74;11
100;44
95;17
27;99
60;69
25;2
14;26
85;5
18;49
18;5
63;41
77;70
45;57
4;24
13;69
15;63
10;75
85;4
22;48
21;9
29;44
95;36
40;32
58;11
90;78
19;55
78;78
52;54
80;79
12;41
73;82
5;4
74;88
68;78
72;20
23;52
84;63
83;85
2;92
53;100
88;64
17;97
49;50
3;95
39;33
23;58
74;79
58;90
11;26
58;21
13;17
27;90
100;96
80;52
32;10
11;40
84;85
88;10
21;73
17;39
5;10
50;28
10;23
68;9
44;63
22;37
50;35
44;78
61;91
60;65
90;90
34;59
15;60
75;67
78;43
82;99
42;38
60;87
67;99
94;73
61;37
45;43
20;70
94;56
52;50
20;13
8;55
47;25
44;58
55;47
32;44
98;68
59;42
7;70
14;67
64;2
7;83
87;7
82;33
69;52
20;71
84;28
37;42
95;58
16;65
4;15
75;79
22;92
64;89
80;5
51;54
26;88
5;21
84;32
39;25
98;46
13;17
99;45
27;15
61;46
34;3
89;19
66;93
24;97
63;79
43;25
90;86
29;7
100;72
15;67
95;42
79;98
12;16
62;81
64;2
97;5
38;100
7;58
35;18
50;69
59;5
51;26
91;65
83;3
31;75
48;71
57;32
86;100
65;5
60;83
38;71
35;87
61;10
98;4
28;54
34;38
13;49
89;39
42;64
98;49
7;94
97;33
79;43
82;24
86;79
19;20
23;65
71;72
62;7
13;42
51;28
6;98
91;37
68;48
63;35
85;55
35;10
84;16
79;18
43;58
54;90
4;87
36;21
58;72
14;94
1;96
74;93
10;51
8;85
1;26
6;81
96;98
43;57
30;5
10;30
17;30
50;30
30;29
58;15
78;24
56;8
45;73
82;45
20;35
45;23
88;9
14;91
43;98
48;53
70;56
21;15
20;68
32;80
71;66
15;23
45;14
48;91
82;26
24;36
21;68
97;77
21;84
97;25
63;7
21;62
1;80
82;41
73;64
75;31
80;17
60;24
6;79
99;97
4;6
10;5
70;77
5;42
67;36
41;87
46;2
62;10
83;17
30;83
31;54
52;79
20;2
36;3
33;72
37;26
99;62
29;2
30;97
92;47
51;88
64;37
26;97
60;27
87;84
85;86
1;58
82;41
80;2
93;60
90;83
8;24
86;49
36;33
48;58
90;91
76;13
28;22
26;89
99;41
10;17
98;62
57;97
70;48
32;53
98;71
34;69
82;89
82;24
73;95
35;31
44;22
95;78
62;88
6;51
73;10
60;51
15;55
70;9
19;52
48;74
30;80
51;67
99;20
50;90
7;39
92;24
73;60
16;16
46;69
86;85
97;40
12;86
99;21
69;87
65;10
967;609;47
466;991;39
502;729;37
552;757;17
368;272;18
78;558;36
836;373;6
185;204;4
159;83;49
875;300;34
813;588;38
695;151;46
89;903;23
949;365;7
537;349;22
1;30;44
698;1;20
614;374;1
504;240;8
898;979;26
109;874;20
588;236;20
556;884;9
961;315;49
228;542;23
890;286;16
97;135;10
345;761;2
891;767;35
147;577;6
803;390;35
834;593;2
214;487;46
944;991;7
461;107;49
926;111;16
844;507;28
290;444;12
257;62;2
897;857;22
296;316;30
627;126;41
225;876;40
265;272;50
747;71;35
526;126;48
425;188;39
252;950;39
361;941;5
358;961;9
7;833;1
151;789;42
262;373;4
308;653;21
552;137;2
899;36;7
395;366;34
618;217;33
872;379;41
50;678;12
786;393;30
988;486;44
246;350;45
440;17;9
866;812;14
574;923;41
953;382;46
437;912;36
929;426;33
872;504;44
147;225;43
263;942;44
132;238;8
373;105;12
954;647;31
861;632;1
557;431;29
195;974;10
101;465;33
879;389;48
658;950;27
421;180;20
1;200;28
258;116;45
973;931;19
203;947;23
847;501;12
408;747;31
860;110;35
163;957;10
145;760;7
740;560;28
406;633;4
544;142;31
274;290;19
715;406;50
655;291;15
352;125;33
168;661;49
327;286;5
801;25;19
355;335;27
879;706;11
126;367;27
529;574;21
615;195;46
859;458;37
768;555;38
43;666;31
777;951;46
705;782;9
438;615;14
642;239;6
165;565;8
474;833;17
999;687;33
62;559;49
174;178;38
678;958;24
964;212;39
195;329;20
656;164;25
73;675;20
331;723;49
683;779;42
355;455;9
989;740;6
553;12;15
89;770;37
778;724;41
604;76;8
593;619;19
531;909;15
152;637;22
392;286;17
539;55;20
602;88;18
772;656;14
521;441;12
750;45;45
583;373;34
931;390;1
362;753;48
414;288;27
85;213;40
707;528;45
344;514;19
617;615;24
470;749;23
488;566;43
560;951;1
91;19;18
460;228;1
311;229;45
332;976;42
531;643;7
886;945;15
440;859;22
826;346;38
734;342;1
356;819;39
280;481;31
458;736;15
343;157;36
104;416;20
203;333;11
370;399;33
400;67;12
514;632;6
648;995;40
159;399;37
555;74;29
375;162;3
966;543;34
90;660;29
514;451;17
110;796;32
796;576;28
661;60;41
237;9;35
753;201;23
894;787;34
177;203;38
626;675;50
459;979;24
179;489;39
421;282;47
584;108;41
979;497;47
339;768;24
165;742;6
564;649;23
116;243;50
398;514;19
253;700;46
877;519;15
950;616;7
31;69;35
33;418;32
939;326;28
518;9;44
23;720;47
626;944;14
154;974;32
327;111;13
125;853;10
599;109;29
302;564;21
971;128;47
906;193;50
309;70;10
679;10;12
593;856;29
411;28;5
861;184;10
668;288;46
572;666;27
296;190;37
593;70;45
373;763;7
932;774;41
793;784;17
666;398;8
225;937;32
100;261;25
328;643;18
570;85;1
310;85;6
377;153;25
585;424;34
257;187;46
575;501;43
347;112;38
437;572;24
646;313;24
841;142;13
922;264;6
789;550;2
652;998;13
46;825;10
903;604;17
475;320;24
270;881;4
795;484;46
365;405;5
628;687;2
840;265;37
190;8;15
378;405;29
290;592;24
652;231;17
879;738;29
295;797;21
998;752;29
566;868;45
304;529;6
882;311;8
98;839;9
373;319;21
159;27;42
924;85;44
244;97;42
142;358;12
977;844;43
851;169;32
157;282;15
294;38;30
410;84;25
908;719;14
449;453;36
245;853;35
71;620;13
237;806;38
866;200;18
778;420;22
725;869;11
390;164;21
861;934;11
135;177;10
738;101;36
731;959;1
557;977;49
897;578;33
754;791;7
472;808;26
853;572;34
459;662;46
517;102;5
168;171;46
752;666;3
617;637;46
60;966;29
971;162;16
428;590;41
21;335;41
204;238;7
587;504;2
341;798;26
319;538;50
553;542;34
138;890;11
654;877;35
302;405;22
676;754;10
595;192;20
954;829;8
221;137;48
264;664;8
218;74;23
985;279;32
108;702;50
558;628;12
226;605;41
533;528;26
477;595;9
658;117;35
610;669;21
139;88;18
511;55;35
845;91;26
732;358;8
350;169;16
387;492;40
673;32;26
91;619;32
95;833;44
264;483;29
580;265;39
647;169;47
616;221;44
941;218;10
636;487;36
159;396;28
320;164;30
363;65;35
633;342;44
979;207;13
801;956;39
5;68;24
801;369;25
357;705;35
724;884;23
133;355;16
174;512;50
754;251;17
662;566;19
828;893;18
842;968;15
385;864;5
627;744;27
981;794;41
683;341;36
920;196;22
496;455;22
86;271;37
258;391;29
655;413;27
406;207;6
125;364;3
821;414;10
899;735;29
970;443;36
716;945;25
733;67;9
88;74;7
826;4;14
313;7;49
883;461;24
954;150;36
457;848;2
316;938;12
12;837;3
537;104;9
259;234;18
149;12;9
76;22;43
400;621;3
404;897;1
41;28;30
903;469;37
858;875;43
66;832;15
825;181;39
467;408;21
929;152;4
514;616;34
272;211;35
674;390;13
539;739;48
480;693;25
783;359;34
724;916;2
306;311;18
599;18;4
359;867;17
297;559;17
584;510;42
256;338;5
42;890;23
693;187;43
964;587;2
640;318;19
510;542;50
181;246;19
165;576;5
642;725;17
688;589;25
6;18;32
360;175;13
571;645;43
505;853;44
245;358;47
168;12;39
619;636;20
23;35;34
961;528;39
939;264;47
968;161;6
483;155;47
222;241;9
28;465;14
654;629;22
74;481;49
980;821;28
10;717;25
820;336;27
986;78;2
844;373;42
627;454;32
239;755;5
44;621;25
907;499;33
605;96;26
945;585;44
993;901;27
335;554;23
218;79;21
532;25;48
554;841;33
927;479;2
559;740;8
71;589;49
879;635;20
192;640;45
416;414;39
11;815;3
684;911;37
74;648;43
786;950;14
775;614;9
67;452;39
146;500;33
630;483;41
655;92;21
18;284;9
385;645;31
62;773;2
403;609;50
75;851;10
914;427;26
822;861;26
691;161;24
106;46;6
177;634;33
521;746;42
96;86;37
174;971;25
136;788;45
822;496;3
501;474;41
95;334;37
227;802;25
935;457;36
684;821;7
641;715;50
628;328;9
565;862;10
125;967;46
226;335;16
633;941;16
202;847;46
545;89;44
358;513;29
386;372;19
627;934;4
405;45;36
788;798;38
767;682;22
177;562;17
289;920;11
780;145;31
351;748;37
964;352;49
231;793;48
176;256;27
172;132;3
604;669;46
696;840;22
764;419;34
98;16;49
269;751;10
786;716;45
356;527;23
983;559;36
189;506;33
118;378;30
904;985;14
524;161;47
235;782;29
830;790;25
63;686;8
635;450;27
55;158;8
395;392;13
837;639;9
937;867;41
249;684;13
492;54;24
474;249;21
995;398;4
481;105;7
354;153;28
274;962;9
206;316;45
786;898;10
264;367;6
34;311;38
823;500;40
986;596;32
999;115;43
301;977;6
514;962;21
929;336;2
71;91;48
651;272;27
262;193;33
84;850;36
225;783;15
635;736;39
53;943;43
279;212;17
738;489;43
102;216;41
914;684;38
988;729;17
874;271;25
663;433;17
700;679;3
868;868;37
937;250;49
834;347;31
312;917;12
208;894;4
498;753;50
144;274;24
556;383;25
315;735;3
657;214;12
21;807;6
790;223;47
166;205;3
880;284;49
262;659;1
59;366;41
697;856;27
775;131;28
842;189;17
436;477;33
210;287;43
850;200;13
428;501;37
475;502;11
372;915;47
483;949;33
819;441;21
124;103;42
175;506;40
888;249;32
118;260;17
103;555;1
223;503;35
367;844;42
999;118;7
626;237;17
179;413;30
381;531;44
515;630;3
517;913;14
355;859;9
751;636;27
795;796;37
430;217;7
934;234;24
495;878;31
3;618;42
43;992;41
70;98;50
967;463;20
212;802;42
237;143;24
114;43;13
651;978;40
160;907;35
778;155;3
671;216;5
520;972;23
154;589;41
652;87;45
467;686;31
442;138;27
127;51;2
566;963;47
30;979;33
683;674;41
461;304;36
422;336;24
510;890;28
184;364;26
879;737;24
596;670;2
583;227;14
965;220;15
930;498;20
513;853;3
476;728;16
72;470;23
439;828;9
988;605;49
478;362;14
18;117;19
397;91;14
174;626;1
79;923;40
97;688;10
378;358;25
685;960;14
315;510;44
499;355;19
495;72;36
735;799;43
547;585;8
685;199;26
406;859;44
165;275;6
94;763;9
537;46;18
912;307;49
271;394;34
333;200;2
309;823;39
535;256;11
895;427;28
930;58;15
424;617;4
293;13;43
917;616;41
398;90;7
87;694;15
215;213;32
27;256;25
245;669;3
757;175;37
498;621;40
930;451;10
871;819;38
25;839;14
24;308;3
10;19;14
292;801;38
689;670;49
911;86;20
807;292;17
244;78;36
523;683;30
318;296;11
7;167;47
674;955;23
356;566;42
117;941;21
25;777;30
644;764;50
281;344;24
264;271;11
864;355;40
953;84;11
787;233;49
320;289;39
654;733;26
646;390;49
704;285;33
438;888;47
811;469;20
678;926;26
547;186;42
197;266;3
533;318;39
452;62;33
997;506;13
555;238;2
835;911;6
207;605;38
869;233;36
692;923;18
810;745;45
899;955;15
130;603;40
316;885;49
513;316;34
303;16;13
17;316;16
342;545;28
145;823;35
623;314;2
361;36;31
846;449;45
692;890;43
63;253;42
971;958;16
671;978;5
462;34;46
217;830;24
767;173;29
17;162;14
530;976;43
621;625;24
217;498;18
588;687;17
860;718;33
340;498;19
546;102;25
282;483;34
581;175;19
464;359;49
259;839;21
980;891;39
972;299;35
722;410;32
916;954;34
139;838;4
535;124;24
800;516;26
579;21;22
65;434;7
225;888;25
82;286;1
55;78;34
52;938;39
119;948;41
984;434;15
723;693;30
70;196;3
267;537;44
531;583;32
648;674;35
324;638;27
906;405;36
423;851;16
323;603;50
113;640;13
850;776;41
633;929;31
85;710;38
207;212;37
363;402;21
649;434;49
96;870;6
402;538;22
711;782;2
382;344;7
735;164;27
304;800;39
253;805;50
793;53;23
262;397;20
881;78;33
143;66;45
328;915;34
225;411;22
303;767;44
356;741;7
777;110;47
328;154;20
290;339;26
673;270;1
896;917;32
295;264;20
939;137;39
248;704;10
255;758;45
795;689;19
346;273;27
763;504;12
904;512;13
696;446;16
391;208;7
179;481;27
576;938;36
256;977;27
554;708;38
209;213;35
819;96;4
197;926;47
239;663;26
94;562;28
735;495;13
783;168;3
210;768;48
919;631;45
751;551;22
505;902;12
146;868;10
792;409;23
30;838;27
926;353;40
317;875;3
194;950;20
332;260;31
896;676;34
129;14;6
128;982;1
313;72;15
800;848;39
994;839;21
739;577;39
597;946;28
841;963;3
869;209;26
975;233;22
689;307;28
214;787;19
440;621;22
333;669;1
877;336;44
644;323;46
412;406;19
840;407;27
773;205;4
986;938;37
688;795;39
323;987;12
337;948;1
436;267;14
587;196;25
319;845;35
321;44;9
311;590;4
853;120;17
252;869;15
315;391;46
687;586;36
875;242;50
462;489;25
666;109;44
748;324;46
38;460;17
863;344;1
580;133;44
698;696;15
566;635;34
252;959;22
607;218;47
831;322;15
289;417;46
864;162;47
447;794;23
807;344;27
866;250;32
101;968;23
472;66;9
778;135;15
351;181;42
25;931;14
508;503;48
263;415;46
588;884;46
573;683;13
560;590;50
298;597;12
917;766;9
122;775;37
881;219;39
616;677;49
404;297;15
869;743;49
925;703;47
283;937;23
96;541;11
474;241;33
617;571;17
609;425;41
118;131;33
422;486;19
206;810;14
414;112;5
607;205;25
204;287;22
799;99;31
361;320;9
342;182;29
281;874;26
387;613;43
68;330;27
972;17;33
180;115;6
770;283;20
973;893;35
241;655;41
558;305;5
127;855;13
89;842;5
209;914;11
352;959;23
113;908;16
23;593;29
33;214;23
138;475;29
679;668;17
482;490;33
982;359;40
520;439;23
695;817;4
728;579;8
984;700;44
712;666;41
131;823;42
944;754;9
336;515;22
631;481;13
824;47;46
472;7;47
99;910;16
210;887;22
730;7;29
59;705;29
129;955;44
985;423;38
856;294;29
881;410;4
999;585;34
477;962;35
57;108;46
553;856;43
286;798;34
507;98;30
713;958;31
9;914;1
686;229;15
969;737;6
635;23;37
613;653;50
74;108;26
734;959;13
868;795;11
613;90;44
882;851;49
239;959;10
377;806;42
832;924;21
407;488;32
308;396;2
285;842;6
734;80;12
10;861;47
706;302;15
380;758;32
28;199;21
658;250;30
866;426;25
345;809;32
978;704;49
360;658;27
274;400;14
933;965;6
654;855;6
358;243;28
931;100;49
520;374;32
735;459;15
62;6;46
878;533;38
463;116;26
938;81;4
623;900;44
947;404;44
314;104;43
909;36;20
903;761;12
420;714;47
67;530;8
696;944;4
672;995;18
764;495;6
305;380;5
643;205;5
239;551;35
174;861;15
147;407;45
104;865;1
461;513;31
4;628;22
255;767;15
750;989;22
73;638;45
159;871;32
345;812;42
223;761;27
293;623;47
477;668;17
185;502;8
391;52;3
245;196;25
299;665;48
933;397;13
705;3;43
807;11;49
471;98;23
813;139;11
72;42;7
412;932;15
825;399;21
949;512;41
623;888;14
878;307;23
823;123;45
324;482;48
181;340;43
962;897;32
931;96;45
635;918;28
785;733;36
606;279;32
674;367;36
481;590;23
246;935;45
4;864;5
627;749;40
754;680;27
907;641;47
116;130;14
321;736;16
456;56;31
66;139;41
1;345;45
918;431;18
786;42;34
51;788;14
706;504;33
13;639;49
665;847;26
365;498;44
298;605;50
931;786;10
336;706;30
72;306;11
674;488;8
707;938;29
923;167;23
473;47;19
402;999;40
188;556;26
944;104;3
931;959;37
255;650;28
1000;241;2
90;149;45
631;136;40
615;38;46
730;814;19
748;982;47
168;545;20
120;376;14
940;20;26
906;223;12
286;500;33
223;888;24
900;427;15
18;592;42
349;706;48
573;967;8
978;184;10
985;519;12
960;807;16
820;542;34
319;877;14
659;780;23
568;995;10
336;469;49
612;728;26
698;399;19
211;458;18
866;781;35
149;804;2
383;129;27
75;587;11
902;259;48
874;172;7
997;493;24
412;332;10
60;970;24
177;687;22
554;298;37
889;919;39
900;492;20
458;846;49
721;720;10
213;677;42
419;844;2
456;105;25
499;3;41
945;535;49
987;171;15
976;600;10
187;503;50
791;309;9
936;245;19
872;326;13
24;345;29
753;328;20
85;103;21
302;664;36
549;687;26
158;290;36
357;592;3
731;44;17
379;445;36
507;725;19
646;273;33
19;885;21
328;20;7
323;16;21
96;722;28
132;452;24
561;993;19
427;573;46
980;443;11
871;48;33
874;966;33
267;311;4
201;732;45
518;470;11
758;7;33
85;257;42
880;977;9
236;109;42
106;764;19
692;577;3
488;845;20
155;441;45
795;87;12
777;803;18
156;370;40
781;856;9
328;523;18
239;234;44
552;787;6
657;553;32
929;528;9
1;225;20
443;110;40
937;656;13
734;214;12
45;655;17
239;633;48
357;639;43
668;269;35
872;592;12
757;616;15
823;472;15
618;333;9
990;16;37
524;305;16
339;669;18
410;696;35
196;795;20
841;892;5
810;345;8
50;297;23
187;767;50
832;42;17
979;848;8
273;824;28
347;786;48
649;529;17
309;858;14
367;277;16
34;71;28
671;249;20
180;262;6
997;742;8
376;99;8
370;847;25
566;113;44
315;334;9
825;838;49
965;876;31
514;550;41
960;802;44
78;565;50
378;856;16
462;288;25
59;346;21
416;692;5
506;216;13
339;179;50
65;42;24
113;288;36
537;449;13
350;377;7
663;43;40
242;626;11
502;833;3
156;25;7
726;482;46
435;783;23
89;241;18
50;171;27
766;251;9
619;805;20
718;360;39
711;559;23
322;819;47
276;423;14
38;519;14
72;555;23
723;688;29
329;921;5
165;197;31
151;100;30
688;278;21
135;983;4
295;903;9
200;260;39
531;840;42
350;254;14
693;614;13
769;50;1
935;584;43
603;126;35
716;980;30
388;161;25
173;357;13
3;151;18
4;388;46
387;775;14
693;751;43
725;152;4
870;797;36
191;990;20
505;545;33
293;463;5
392;140;19
359;832;16
829;594;3
401;513;3
139;339;12
49;548;46
698;553;36
634;891;2
293;482;47
623;373;23
985;740;8
729;561;3
568;976;5
496;538;4
460;724;46
75;763;29
617;189;22
145;768;22
825;464;39
67;152;39
30;169;8
423;413;6
751;867;17
346;489;32
143;321;41
107;447;39
939;308;33
6;47;20
494;83;46
938;409;42
908;842;34
116;921;41
354;671;25
910;286;16
681;881;10
579;126;46
30;111;28
262;974;11
196;916;29
223;256;13
55;501;28
286;333;28
943;384;13
887;953;7
970;176;1
68;36;16
908;513;26
36;775;14
748;875;50
143;281;27
266;620;27
838;225;17
140;227;42
37;680;6
963;706;9
692;309;44
403;394;30
400;579;9
915;261;50
584;802;38
613;477;7
901;998;29
451;538;47
685;96;21
584;742;21
315;147;22
346;130;27
591;560;26
554;375;13
747;197;50
301;573;31
293;686;24
911;244;14
153;777;35
717;501;18
661;449;16
656;323;25
190;943;7
198;244;23
309;388;43
368;451;28
856;863;40
935;930;1
417;71;12
641;438;23
344;719;43
324;309;47
989;599;20
924;29;19
463;105;9
578;22;15
369;900;50
341;599;30
902;362;3
754;150;11
900;512;10
446;782;18
423;390;3
606;643;17
664;212;33
907;230;39
36;615;50
617;401;48
944;614;21
363;730;44
875;36;19
943;881;42
448;599;19
582;260;14
539;279;46
805;976;23
561;705;36
562;633;6
160;472;27
564;804;5
599;421;1
457;624;22
422;718;30
486;409;29
489;394;36
414;846;10
132;108;16
67;651;42
28;672;21
500;294;18
111;961;29
621;585;46
141;532;40
71;770;15
417;656;23
918;214;24
945;734;28
981;648;3
213;438;19
260;980;45
156;478;49
277;587;39
785;35;3
882;118;2
642;462;41
193;896;15
888;816;7
511;377;14
341;496;19
534;426;47
201;799;32
836;247;38
483;447;5
928;435;34
593;881;39
405;481;2
747;530;49
540;407;21
610;361;18
851;272;42
981;356;10
118;102;14
661;310;34
80;343;27
379;673;17
169;558;34
602;999;3
793;624;20
480;699;3
805;227;34
682;927;15
922;40;32
708;42;12
586;692;23
22;745;16
930;553;34
641;905;10
444;819;15
223;109;16
990;380;1
796;229;6
512;416;42
594;168;38
835;263;19
315;489;36
603;700;5
574;859;9
22;385;19
136;268;15
259;357;32
797;603;18
157;905;8
896;699;34
341;971;20
652;399;23
895;877;1
643;114;26
614;998;6
600;62;7
640;269;5
568;869;8
406;849;7
470;262;13
127;620;42
348;109;43
614;751;12
14;49;43
506;486;6
359;230;8
507;240;48
725;835;4
728;140;43
836;197;45
804;225;29
428;320;25
662;312;31
259;126;15
77;822;8
721;898;42
219;926;18
564;811;6
87;885;11
801;654;11
686;185;2
538;41;18
599;864;16
568;774;16
895;583;14
769;516;15
763;534;22
678;833;38
914;281;24
926;626;33
940;71;4
839;751;31
375;33;33
34;628;47
141;954;7
342;434;20
198;537;45
562;552;17
402;164;25
574;646;35
368;197;43
367;516;3
141;544;26
997;850;13
9;582;29
189;788;46
427;62;17
654;64;30
353;436;33
482;420;46
379;505;28
827;678;13
313;798;20
413;353;47
943;850;9
333;720;14
66;191;32
616;218;28
363;10;4
49;789;49
913;200;34
580;644;40
723;896;17
831;733;45
422;853;30
824;938;47
251;911;19
713;709;43
395;342;23
5;515;46
774;531;44
206;866;45
34;460;15
921;765;14
656;89;29
689;538;7
959;605;40
183;350;7
207;928;31
873;953;22
468;685;47
567;699;19
189;119;29
543;56;1
19;978;14
311;177;34
641;492;39
999;824;50
525;907;18
757;985;45
908;887;48
556;365;36
409;318;43
624;376;16
584;921;5
836;878;12
688;412;4
610;596;36
283;780;6
452;456;33
525;577;14
37;339;20
130;104;24
48;875;14
498;924;39
63;852;2
609;88;16
179;165;16
637;929;4
75;792;48
287;207;27
102;483;26
912;527;5
334;899;39
311;218;16
640;335;12
399;899;35
803;148;47
66;611;4
554;452;26
140;647;49
332;116;48
808;911;48
972;357;6
335;390;41
996;251;15
822;38;23
976;708;34
913;952;39
742;453;12
458;157;20
434;686;5
23;374;3
124;971;7
226;112;22
930;572;37
555;570;8
533;630;20
99;33;9
447;30;28
950;598;27
255;678;3
542;240;29
33;41;6
401;806;26
316;865;33
446;126;42
762;623;3
218;67;41
581;902;11
421;515;35
361;310;15
140;94;45
488;472;21
364;424;40
684;409;26
486;262;12
310;152;30
785;394;42
864;635;35
294;663;20
126;18;50
52;556;37
903;148;26
966;769;7
616;985;11
27;335;19
927;770;34
899;49;16
823;511;28
772;912;12
313;609;8
142;983;48
342;44;13
441;999;2
574;894;2
188;645;48
285;344;7
181;912;21
33;765;12
784;607;12
761;811;1
822;488;8
890;163;14
671;548;41
174;568;47
628;893;23
992;22;37
275;857;31
633;730;48
406;914;47
592;169;18
401;413;25
991;847;4
444;78;36
496;740;15
725;485;24
891;816;50
47;408;42
106;297;1
365;198;20
80;650;24
966;114;35
575;858;3
483;722;10
932;518;8
194;351;16
832;143;50
915;472;41
93;532;1
922;50;10
250;659;41
308;851;2
555;431;37
105;637;50
551;47;2
531;662;8
865;457;30
635;842;42
965;759;23
90;546;47
794;55;31
1000;722;20
437;272;43
991;493;8
12;847;20
240;896;17
200;108;46
401;752;14
507;620;7
629;168;41
528;989;13
157;284;7
261;244;20
750;458;12
954;470;24
350;353;9
989;680;47
983;837;35
325;687;25
691;252;6
391;43;45
879;170;27
969;720;27
666;867;35
488;150;40
395;334;18
589;813;13
530;23;34
462;103;44
239;68;9
862;272;21
590;718;8
51;161;44
83;533;47
984;718;38
708;939;22
154;38;6
722;628;7
468;863;50
461;860;14
971;361;45
646;747;33
454;673;10
799;783;33
497;464;14
640;548;48
880;496;27
182;713;9
358;935;45
212;925;50
975;332;44
385;860;22
24;398;45
177;363;31
721;357;50
807;3;21
570;956;9
863;385;45
785;459;49
346;500;45
953;709;45
730;485;43
807;6;44
780;369;46
346;38;44
395;248;41
736;364;13
453;212;42
988;393;8
751;488;24
615;226;4
862;407;19
399;755;28
40;636;28
326;227;34
418;27;16
887;252;45
612;148;27
501;734;34
865;397;10
243;722;32
507;720;21
895;20;41
763;956;16
316;409;46
958;312;26
135;143;5
447;461;9
617;488;44
37;555;16
117;688;24
598;431;41
233;267;25
269;347;2
903;472;28
337;769;28
533;806;35
832;841;31
108;931;31
800;372;21
627;479;7
21;704;24
191;515;1
324;206;32
189;336;11
725;973;8
465;550;32
737;640;10
120;150;38
491;670;9
47;645;27
788;591;49
538;929;2
758;536;2
650;681;1
901;350;14
988;624;15
829;827;13
133;666;5
834;637;13
358;896;30
638;58;49
993;511;46
400;746;9
240;721;43
972;294;26
171;845;19
654;277;29
364;301;40
900;320;17
287;381;41
392;186;41
577;790;18
971;781;50
661;93;2
972;302;6
516;210;43
631;675;44
145;194;24
933;140;34
552;870;41
592;219;19
473;632;49
18;441;2
252;597;11
842;944;43
23;359;38
186;131;47
364;620;39
849;149;42
966;842;41
815;920;26
457;252;5
16;851;9
608;758;45
116;610;45
802;699;44
783;560;39
557;45;43
172;640;36
420;351;50
975;172;28
80;885;28
976;223;30
214;759;13
293;885;29
460;537;11
645;952;48
350;208;33
304;835;28
851;491;47
112;858;33
816;281;45
503;518;6
598;91;16
351;791;27
478;724;20
428;756;12
672;808;10
374;453;29
681;394;12
590;919;34
965;682;10
914;210;1
694;89;9
351;500;17
864;64;46
477;810;9
684;989;22
978;263;1
585;683;12
687;533;50
594;624;12
191;666;16
69;79;34
302;680;16
910;631;24
989;645;43
727;411;8
378;670;18
17;916;47
828;911;7
179;341;36
503;623;34
511;273;42
509;227;1
403;156;44
551;278;38
779;888;12
384;671;2
459;370;25
124;608;42
351;916;46
153;255;44
447;581;44
360;56;46
529;931;30
294;919;17
987;890;30
896;871;33
946;811;20
833;638;17
74;541;18
787;656;19
217;493;48
702;822;38
152;464;43
675;873;24
605;883;11
265;552;42
946;759;43
535;861;14
608;834;34
790;445;45
158;261;4
493;935;50
303;108;4
190;551;34
300;102;40
647;840;23
591;357;4
177;655;40
690;753;20
696;489;11
906;168;9
581;776;2
471;664;13
843;268;10
327;925;36
987;185;16
951;999;21
569;796;39
768;537;18
537;737;48
477;574;20
413;293;14
813;666;50
513;731;15
231;908;47
526;237;40
479;94;30
597;914;50
666;561;5
96;657;27
23;983;33
644;231;20
326;38;29
231;589;35
558;645;10
132;277;30
196;629;31
873;234;13
806;664;17
373;678;43
771;968;10
512;11;6
582;801;5
655;846;15
114;79;19
881;779;12
411;492;12
177;854;13
767;171;5
692;366;28
130;292;31
782;868;26
981;361;11
912;439;16
458;955;9
5;39;5
4;21;43
801;529;43
295;172;31
252;567;1
579;172;39
577;454;33
171;839;11
73;729;8
968;805;30
889;773;8
830;136;16
765;929;28
63;780;7
275;17;2
572;293;24
271;656;47
352;115;25
398;531;49
382;171;24
50;126;38
499;887;38
133;337;17
185;164;27
563;954;46
191;715;9
388;216;10
195;55;35
435;140;2
799;340;25
191;124;15
573;539;17
652;700;6
325;897;39
961;304;24
779;345;48
394;932;41
632;94;33
887;729;45
207;142;18
744;953;6
952;533;9
375;500;39
467;554;47
837;295;50
667;384;40
600;695;1
38;656;48
122;699;20
535;135;21
487;186;36
859;555;41
639;842;26
803;275;34
918;72;44
207;656;37
250;730;24
621;527;8
904;293;22
428;620;45
983;937;14
200;703;22
689;735;40
395;199;20
21;548;30
810;783;28
789;449;31
748;884;40
502;481;39
924;236;6
807;383;32
846;529;14
722;258;29
116;918;12
843;533;33
183;716;33
665;782;16
964;354;49
383;828;21
28;953;28
107;183;38
502;956;7
733;114;47
716;17;35
329;589;11
759;283;21
756;629;9
791;101;50
126;301;32
285;846;21
749;932;28
429;953;19
904;494;41
374;532;9
578;186;7
13;580;11
975;281;5
49;281;30
789;747;4
448;283;3
710;676;41
71;631;12
288;934;46
491;841;19
348;662;25
336;855;34
975;155;6
119;16;14
571;36;49
724;54;6
687;7;30
943;680;16
264;365;19
83;784;49
180;196;21
150;987;23
437;854;9
298;575;49
488;181;41
726;255;39
526;522;44
94;960;27
492;717;49
374;621;7
6;375;45
632;694;18
217;964;2
205;107;38
325;187;9
849;214;24
418;934;20
552;278;5
996;809;3
456;508;35
453;101;24
253;384;32
839;835;40
722;568;32
369;75;13
599;585;7
960;889;7
97;501;13
17;131;12
583;463;45
117;577;32
986;146;12
354;969;35
385;553;42
678;900;33
854;740;44
997;158;1
286;315;47
370;358;8
838;163;26
818;836;14
701;168;31
695;971;10
374;578;49
455;841;5
923;189;9
397;256;30
706;103;47
910;68;38
505;834;36
51;103;41
277;603;47
465;969;49
828;492;23
395;112;21
426;595;27
875;473;50
222;531;33
692;83;22
396;322;48
508;922;28
299;706;48
107;819;38
888;53;26
808;22;40
279;888;37
973;989;27
906;425;14
525;143;37
299;882;36
469;319;23
739;540;20
280;527;48
446;379;10
718;45;43
377;950;19
946;725;21
984;986;2
524;981;26
385;106;26
724;308;11
178;150;40
237;386;45
136;998;8
85;277;41
603;505;12
551;462;8
167;204;4
715;388;36
13;221;40
637;681;41
28;108;18
686;959;45
100;719;26
338;630;21
164;447;45
253;778;35
830;776;48
41;734;35
974;921;23
187;553;14
991;242;7
568;877;29
18;932;5
658;908;16
20;893;16
104;208;30
56;188;5
954;630;40
576;974;37
187;241;47
70;427;3
311;552;35
892;64;1
698;794;31
656;723;23
356;575;18
631;171;9
689;750;32
667;738;5
151;286;3
302;574;41
64;310;10
285;214;5
819;118;25
902;682;10
327;479;35
403;998;48
388;562;20
197;660;14
550;473;6
590;313;16
547;903;37
903;342;46
824;235;30
431;719;12
926;567;22
652;883;1
147;314;36
750;705;4
179;398;12
759;429;34
557;353;34
330;558;47
665;878;11
674;245;15
181;603;31
955;661;42
731;204;20
878;759;39
845;964;9
171;337;45
186;21;16
215;984;45
49;31;45
994;877;19
710;746;44
324;813;36
429;281;7
129;828;25
329;49;30
797;97;14
688;963;21
358;724;46
552;909;11
838;522;26
736;77;2
405;184;46
999;821;9
73;984;6
737;718;32
223;360;36
296;489;32
496;884;6
167;696;29
196;535;43
576;904;40
840;961;13
780;57;27
51;400;40
830;167;12
178;274;42
240;189;34
794;820;17
568;140;30
883;736;47
739;232;38
465;964;50
596;720;22
356;773;22
65;336;11
393;182;27
448;18;28
868;450;5
914;175;29
578;287;45
823;928;42
698;754;49
612;623;10
553;53;19
121;400;17
463;89;37
319;159;16
359;662;21
814;116;26
609;909;39
996;482;41
670;90;5
607;868;18
922;128;12
514;559;49
70;568;41
968;365;13
192;302;42
581;436;28
437;945;30
246;198;23
966;593;11
540;380;22
117;167;34
561;915;26
832;615;28
958;1000;33
102;523;35
261;653;27
50;715;46
518;797;10
596;52;17
381;402;3
833;494;19
590;768;25
809;109;4
659;746;42
737;978;6
690;198;30
464;827;50
924;614;8
352;868;45
508;426;27
778;676;10
117;509;39
242;515;4
598;595;36
934;105;31
275;177;18
944;317;37
152;291;23
878;777;42
565;792;15
927;369;46
514;515;23
872;216;44
165;422;29
921;142;24
961;143;38
565;958;42
428;923;2
778;153;10
622;826;17
242;940;13
420;623;11
314;428;20
800;311;48
897;384;25
263;879;6
83;491;48
524;365;2
379;657;32
469;138;32
512;9;36
243;629;11
933;238;37
172;964;40
178;695;6
761;362;16
332;496;47
648;326;30
366;717;46
238;973;50
302;840;50
307;385;2
759;233;14
196;451;2
822;995;14
239;798;41
301;389;17
232;901;2
99;257;17
470;907;28
192;630;3
718;763;22
262;364;14
387;859;23
884;816;37
557;220;9
839;950;10
377;595;39
497;589;25
915;843;42
682;213;27
223;277;12
294;861;14
932;69;8
851;611;10
836;848;6
634;587;31
877;174;41
356;529;27
787;711;2
795;580;36
752;575;36
844;463;29
522;945;40
671;460;23
966;15;37
665;395;1
790;809;10
443;855;44
147;687;5
494;175;3
158;6;40
204;25;30
493;164;30
634;667;7
86;580;43
582;81;4
693;835;34
207;629;1
405;357;7
371;452;29
837;259;49
490;420;24
274;848;35
348;60;8
487;268;6
829;481;42
724;33;3
614;373;20
873;71;42
170;967;29
892;804;9
98;690;39
749;255;12
706;44;2
575;441;47
702;216;34
392;177;5
81;439;50
787;184;39
849;899;48
208;92;4
969;588;17
646;286;10
535;783;39
95;909;41
353;571;11
946;548;6
698;838;13
149;994;31
633;176;38
364;103;36
728;633;50
795;360;30
572;827;11
659;496;26
687;289;26
51;579;25
801;888;18
853;209;43
619;652;46
283;442;15
679;801;14
301;538;49
663;300;45
408;341;9
364;584;30
272;390;29
280;35;41
136;948;49
585;834;20
383;926;37
225;923;16
769;102;34
221;229;24
358;977;29
908;681;31
854;138;42
988;275;35
794;446;25
559;330;20
847;333;36
803;975;35
938;239;24
446;669;27
488;481;6
153;85;37
20;394;33
603;279;2
19;14;19
852;103;33
336;142;50
87;341;4
32;296;19
974;770;6
681;200;12
875;939;13
620;37;9
860;671;33
862;480;25
232;27;9
349;745;23
819;470;7
968;860;10
952;770;9
211;968;22
566;758;30
814;47;23
839;348;5
387;255;31
23;543;14
525;335;28
537;351;28
631;824;40
520;977;36
651;529;35
449;300;23
552;392;31
782;646;7
794;802;3
443;10;7
867;887;35
810;107;45
32;989;48
911;132;21
722;948;1
565;269;37
612;754;21
451;898;2
938;250;1
366;862;47
925;682;50
235;141;26
827;603;20
922;279;2
885;981;17
992;100;19
84;199;15
48;960;23
379;597;5
443;523;5
405;297;12
943;220;9
933;555;17
532;114;43
927;22;21
326;689;35
259;378;50
836;260;7
407;307;5
774;491;18
200;924;41
435;29;40
287;736;48
179;185;20
582;342;43
958;74;35
277;150;38
795;438;47
161;709;33
320;264;16
110;673;50
378;905;28
901;405;45
93;486;26
10;218;31
584;639;45
63;908;39
664;606;48
71;314;3
703;630;25
869;555;21
159;834;41
959;285;45
446;53;3
949;1000;2
613;436;29
447;170;17
374;670;26
707;183;1
888;461;9
854;782;5
754;268;31
511;254;4
701;829;16
879;353;12
604;854;11
826;767;42
472;366;23
436;921;14
914;287;30
971;776;13
872;589;24
1000;124;37
711;672;31
786;502;48
832;534;44
312;730;21
469;492;48
833;866;11
191;855;29
679;575;7
432;503;1
372;688;2
235;934;46
565;27;8
815;283;42
964;270;37
64;241;22
816;847;11
308;513;38
568;458;22
385;693;28
581;750;33
468;928;10
630;458;17
910;348;40
671;985;39
484;810;38
292;28;33
269;499;19
20;377;6
164;847;41
545;675;24
296;402;42
49;259;39
845;653;50
984;287;8
191;595;6
793;601;8
31;739;6
733;511;1
539;962;33
632;27;23
873;788;30
17;342;13
560;3;25
781;880;21
590;409;2
856;199;2
510;690;32
262;524;43
761;487;21
627;31;46
803;108;29
909;902;19
708;975;14
584;45;29
671;163;10
552;397;32
563;964;1
309;232;23
557;135;10
766;751;28
896;62;6
332;166;30
249;968;49
180;967;26
587;197;2
297;117;48
84;506;11
544;226;22
640;921;5
775;568;20
425;416;15
852;766;23
4;334;48
986;280;44
922;601;25
27;847;13
470;124;23
942;636;42
427;512;24
914;846;37
518;276;48
401;142;45
181;511;28
381;807;11
798;628;35
688;507;14
227;886;47
985;984;22
776;7;40
511;122;20
971;175;41
35;233;40
367;908;5
961;722;43
573;776;4
191;186;26
302;581;16
194;601;17
909;867;40
703;942;18
836;931;4
859;125;32
81;293;21
549;904;14
186;786;19
235;603;24
251;590;19
491;754;42
369;377;41
404;617;22
177;339;38
417;397;15
393;508;20
974;246;13
538;607;9
394;116;22
812;121;9
291;559;27
571;457;1
99;755;13
849;196;21
359;446;28
688;867;31
777;364;16
469;831;35
571;780;31
86;504;20
918;162;48
173;793;27
397;622;20
436;256;33
161;974;26
406;721;44
78;532;44
217;579;20
23;638;33
254;144;34
978;949;18
408;95;10
961;558;13
293;33;14
845;631;44
352;631;41
796;334;14
628;678;19
567;539;36
24;648;30
527;882;48
286;808;36
981;5;39
62;674;4
253;624;14
228;499;22
698;985;13
544;472;6
87;812;25
338;363;49
890;274;16
948;173;43
780;750;27
872;727;23
442;613;7
362;645;10
296;941;43
867;857;50
471;939;19
441;341;43
791;429;50
323;711;3
800;396;34
751;255;7
157;707;27
62;145;17
794;991;46
625;284;24
747;722;33
674;31;11
799;950;9
401;399;27
128;365;10
801;222;16
522;951;18
31;212;15
578;428;1
268;120;30
547;406;13
880;434;41
783;851;13
859;958;46
75;447;10
260;571;38
797;805;5
836;250;33
932;1000;43
987;286;20
34;351;43
535;677;8
552;796;41
158;230;16
120;553;46
531;849;29
923;475;26
419;458;19
9;725;22
942;780;19
145;353;17
964;805;19
599;563;21
50;549;44
164;137;20
33;961;50
816;831;2
583;434;13
74;531;13
919;98;29
63;15;20
343;442;2
628;590;44
991;662;21
339;489;45
218;368;22
112;909;23
684;192;31
188;478;10
976;821;5
570;727;2
26;544;29
772;401;1
110;676;23
459;10;1
584;325;45
946;164;38
862;614;34
384;500;19
515;53;22
561;1000;10
815;260;38
573;919;21
657;44;32
854;454;35
285;851;38
275;480;18
999;338;17
191;175;43
630;106;10
12;931;12
783;255;40
231;44;42
57;872;23
278;350;3
882;889;28
270;75;15
500;769;34
701;799;40
718;942;39
134;647;30
841;839;37
516;779;19
860;492;40
824;435;6
933;862;29
539;966;18
456;237;42
750;467;7
654;409;36
347;345;12
886;672;29
906;719;43
616;273;6
991;756;9
598;51;14
668;853;33
563;188;36
978;489;48
892;788;37
218;217;26
91;154;27
871;489;14
255;326;48
681;204;43
422;748;7
133;990;43
948;856;3
560;518;49
443;374;29
888;502;37
454;41;11
404;594;43
572;587;8
244;360;30
244;15;50
358;493;6
113;560;47
804;981;41
815;654;19
785;338;46
398;353;16
280;133;20
22;510;22
977;653;40
844;216;1
21;524;31
8;381;15
509;18;15
713;69;38
286;456;14
750;915;36
342;978;35
884;168;1
792;545;8
3;4;49
488;929;33
984;218;31
99;700;17
697;8;33
694;119;2
435;890;29
451;309;49
129;829;33
715;977;45
203;4;31
886;112;20
311;662;44
195;452;48
933;132;24
568;740;12
927;172;2
176;253;8
131;417;26
626;276;26
968;890;6
449;832;5
264;829;16
457;954;18
83;543;48
421;875;31
282;297;9
715;721;21
536;780;14
206;493;31
316;822;16
827;325;31
950;988;1
226;593;20
990;718;20
124;787;11
934;763;9
475;466;45
818;898;6
556;553;33
763;807;40
334;778;26
293;462;38
672;329;50
951;539;5
41;851;33
279;255;48
397;486;42
637;226;3
271;177;35
368;205;44
150;633;27
494;176;40
894;209;19
305;436;10
353;746;10
315;564;43
968;867;33
947;732;32
572;943;5
878;841;33
742;352;27
839;457;32
956;220;5
622;899;19
337;439;10
481;453;32
69;719;19
573;894;50
179;882;47
363;994;41
797;229;28
519;274;9
955;224;2
451;277;12
891;933;4
866;275;8
246;823;16
34;101;47
742;367;23
452;85;27
817;664;7
33;737;48
791;706;46
382;4;13
652;15;42
513;176;39
679;352;5
987;888;3
625;814;43
495;810;9
141;528;14
805;839;22
179;908;16
288;293;47
295;663;26
164;997;20
442;879;12
600;723;33
674;843;50
932;966;20
347;156;24
786;886;6
220;357;41
122;795;36
28;415;35
140;14;44
150;889;45
755;410;38
782;972;21
297;378;30
806;284;32
217;792;6
820;432;36
355;322;41
114;793;50
147;466;4
320;236;7
965;574;13
785;865;21
392;369;9
966;536;41
490;408;1
251;671;33
343;290;31
792;80;44
621;421;18
521;860;15
919;901;42
689;342;2
156;778;26
150;645;4
606;941;8
390;443;4
650;802;49
860;662;24
8;846;13
166;787;11
409;516;18
899;81;27
462;493;10
131;381;5
242;161;43
531;376;42
952;312;20
402;620;22
90;3;17
523;60;40
616;102;40
437;837;3
561;154;30
674;33;28
646;289;46
400;365;13
641;57;21
442;263;28
642;271;43
521;814;7
432;734;46
484;103;37
961;527;46
849;254;5
979;400;2
630;159;7
711;857;15
432;285;30
897;681;44
256;339;29
108;174;34
189;681;20
368;731;39
494;673;28
263;382;10
411;631;18
487;639;38
688;552;19
813;456;45
448;96;23
472;689;34
253;733;35
140;436;15
551;118;27
329;336;16
189;563;18
632;780;15
494;242;29
439;858;33
445;902;26
784;296;9
739;83;6
86;797;42
453;403;31
783;136;37
352;989;31
440;592;38
941;150;42
531;124;32
965;795;48
521;496;16
494;680;32
851;808;15
293;227;4
836;783;40
356;477;15
458;722;7
97;238;45
765;72;24
449;175;50
515;69;3
506;48;27
147;318;3
596;561;20
808;432;6
539;338;34
969;435;22
208;371;5
659;31;4
763;177;23
784;853;14
281;806;27
591;714;29
880;962;20
459;187;6
784;612;5
356;20;1
296;406;37
440;942;43
480;278;24
526;28;18
498;324;14
767;299;45
209;490;18
201;663;19
569;863;45
722;613;25
240;560;41
164;974;2
633;637;30
400;536;41
362;681;25
102;698;23
227;744;16
415;896;13
901;180;16
793;846;22
540;950;5
700;297;7
662;6;35
426;237;20
282;8;10
361;584;9
777;12;23
706;82;44
174;937;2
347;791;14
274;487;29
981;118;27
630;188;21
462;751;33
818;435;29
581;611;15
202;98;25
527;46;25
237;821;8
265;207;20
999;104;14
293;272;45
967;216;44
999;92;20
944;761;12
188;586;49
263;947;24
900;172;23
1000;565;30
270;786;8
987;906;43
52;682;18
150;389;17
352;564;39
939;535;34
706;419;25
672;682;44
589;270;44
466;308;23
318;346;47
937;65;1
658;259;40
533;663;24
870;331;30
493;134;12
31;285;45
352;369;11
74;223;22
665;114;5
69;260;45
5;387;9
888;373;10
625;890;25
170;900;1
445;408;30
385;698;50
233;861;19
333;484;45
483;400;45
383;663;37
781;330;31
543;945;37
915;847;2
363;8;13
637;772;17
103;49;17
226;90;49
855;20;7
409;667;20
257;412;48
31;90;36
925;72;45
907;713;25
692;773;33
807;336;17
754;942;34
75;397;46
294;399;6
333;828;23
547;226;38
291;127;35
989;955;13
735;251;5
810;877;45
427;897;41
508;430;50
373;635;2
565;370;50
336;703;34
431;856;9
940;533;38
771;246;7
230;250;11
747;176;29
945;919;9
700;524;27
6;615;18
175;91;28
753;228;36
165;797;36
993;951;26
856;316;30
5;778;44
629;526;15
266;859;6
613;271;26
162;503;9
342;204;37
690;470;13
655;566;24
54;696;28
427;426;30
749;535;32
419;501;20
30;990;16
922;730;31
323;825;40
311;249;22
596;630;28
815;842;23
602;465;25
214;219;41
37;693;1
134;709;39
807;995;13
816;843;45
960;590;2
674;730;7
788;585;42
466;848;23
635;56;32
751;490;39
667;810;21
191;212;43
607;40;47
872;698;22
281;84;21
177;629;32
308;199;6
854;976;25
615;878;15
295;288;32
358;297;20
110;474;19
122;411;13
995;110;28
926;386;14
277;809;3
635;135;37
472;185;30
149;822;40
859;964;40
786;831;25
45;528;22
986;797;41
786;561;29
763;801;23
306;974;8
381;583;36
34;718;24
739;40;10
733;90;6
492;771;42
98;950;26
772;169;25
673;120;43
130;520;34
412;174;25
877;839;9
75;661;12
487;821;12
125;63;2
550;63;32
865;376;13
546;226;25
696;877;33
463;34;23
193;564;14
571;299;23
951;782;9
32;925;44
698;578;21
588;869;45
878;222;50
68;158;3
178;701;8
943;96;33
331;470;15
800;214;46
940;286;18
891;608;20
182;932;19
447;405;30
125;878;23
728;608;44
561;181;7
352;79;29
258;362;47
465;597;47
924;824;38
112;281;45
593;169;4
929;108;40
368;940;39
130;719;5
242;490;25
717;577;13
430;585;43
694;150;33
664;601;37
881;292;21
955;923;5
414;969;13
577;953;3
958;616;8
426;74;30
140;698;16
943;164;41
561;90;36
999;663;38
800;183;2
2;62;27
359;339;22
787;481;15
605;775;39
364;928;2
411;556;10
401;5;30
323;848;24
831;840;42
585;77;1
948;355;8
600;206;17
397;310;10
332;840;17
259;196;4
129;529;16
453;858;49
860;576;49
554;985;40
453;308;12
182;43;42
12;273;43
654;295;25
857;662;8
658;369;1
279;691;33
429;438;9
303;847;11
930;154;23
762;88;34
784;521;16
751;17;32
937;730;14
812;782;22
22;63;26
600;456;49
423;779;30
577;594;9
70;519;15
801;472;44
339;293;32
758;370;6
177;546;10
649;25;42
773;416;24
78;86;39
641;770;3
349;705;4
846;597;4
563;916;48
2;369;11
152;119;17
621;851;11
512;766;37
340;564;15
788;592;47
185;854;15
82;946;38
418;405;19
40;448;7
277;27;34
287;93;25
426;903;17
99;503;50
852;758;18
662;587;3
706;523;37
309;789;21
602;141;39
78;766;4
563;953;39
29;531;27
155;974;38
771;906;42
613;715;35
749;71;1
691;531;12
234;458;34
543;19;4
747;364;14
954;734;22
637;849;18
369;924;23
569;820;1
699;56;38
49;608;46
848;542;38
941;491;44
792;389;34
412;489;6
509;98;29
67;474;21
957;794;3
532;565;48
435;429;14
54;197;7
63;543;12
339;399;5
843;298;17
854;457;17
96;736;3
262;709;45
549;847;43
948;925;47
58;309;42
540;679;40
542;33;32
274;364;19
28;242;12
115;734;5
753;171;37
414;972;28
892;258;38
14;324;7
667;24;26
614;527;5
138;613;4
947;867;15
983;554;34
238;636;7
750;25;13
688;539;5
442;603;16
284;1000;33
286;972;3
197;397;23
573;721;20
509;647;22
247;320;49
461;806;42
541;782;23
441;529;44
975;737;7
605;250;15
392;84;7
306;539;8
684;384;21
966;142;13
310;247;5
387;875;34
324;802;6
759;569;13
946;549;45
732;767;48
585;219;3
35;351;47
604;560;23
666;899;44
535;645;29
818;538;44
444;923;5
980;517;38
676;574;15
163;302;19
62;307;3
904;728;33
604;878;32
6;464;37
412;844;17
612;473;1
800;661;29
480;612;27
492;780;26
281;881;20
698;531;33
191;354;47
63;909;22
43;39;10
246;186;39
989;363;47
163;443;5
292;17;2
335;319;13
481;76;42
431;949;42
439;704;40
452;439;43
528;135;37
49;168;19
737;37;50
782;461;15
354;577;4
565;758;25
850;652;41
48;64;41
297;605;31
99;446;29
706;35;30
3;305;8
532;931;27
221;61;14
479;215;22
172;699;6
401;533;9
725;337;27
947;108;30
876;300;3
776;711;15
896;677;33
826;791;31
827;248;30
188;394;32
408;960;15
866;530;50
313;645;33
869;621;17
91;80;8
60;675;44
161;929;13
984;951;42
724;740;31
216;81;42
59;945;25
639;133;49
732;631;44
478;60;49
188;131;10
511;712;22
950;176;14
815;772;19
257;649;15
156;309;41
977;926;39
49;101;19
779;693;12
618;591;2
986;119;21
98;758;46
700;752;43
628;705;12
789;830;20
432;349;22
176;799;9
226;354;24
160;449;44
597;40;43
158;855;33
4;802;39
7;852;36
789;902;36
656;437;8
387;584;20
74;98;10
330;77;49
197;745;3
973;665;28
722;153;31
832;581;47
467;605;20
949;988;15
769;761;41
684;898;39
634;959;46
789;587;33
647;344;26
331;679;44
99;304;42
249;372;24
386;158;12
585;62;42
512;815;24
834;204;48
358;728;22
128;149;16
940;390;22
699;757;33
458;899;50
641;179;15
818;471;8
844;190;39
740;759;20
803;569;25
915;628;11
472;928;49
419;789;37
703;644;5
857;521;32
805;633;8
131;335;20
837;703;28
288;808;23
9;464;17
510;91;36
381;126;21
436;416;28
699;937;46
341;171;13
957;901;27
316;257;3
181;514;30
175;268;8
203;344;47
902;688;19
396;555;48
530;337;9
183;644;3
220;234;5
249;93;44
389;444;46
416;291;49
727;473;19
550;64;48
344;286;14
478;759;20
41;312;49
399;254;11
645;211;37
533;986;36
960;178;2
396;210;46
694;54;42
735;414;34
687;95;21
321;665;49
280;517;30
337;32;6
939;107;5
647;514;46
299;566;8
458;511;8
462;134;26
669;535;22
3;551;22
422;962;24
108;958;20
594;199;38
654;649;43
750;934;28
532;711;42
773;820;35
674;886;31
810;748;44
143;361;5
596;4;30
546;324;14
451;392;45
418;334;31
406;367;45
82;625;40
35;431;45
657;639;37
741;260;9
187;93;4
38;296;37
567;707;7
558;852;12
969;342;45
89;377;11
226;463;22
324;105;34
228;885;20
201;416;29
515;345;19
755;801;40
694;316;2
810;497;50
716;457;49
835;686;27
776;452;48
659;537;45
654;498;19
122;487;33
25;657;15
324;286;48
572;111;34
354;133;29
317;576;15
658;776;23
712;89;38
440;93;24
526;913;18
330;912;18
378;909;49
294;318;17
825;6;2
906;52;1
992;531;6
384;575;47
760;373;30
406;141;32
365;930;32
58;687;37
863;306;11
519;701;15
129;112;4
467;466;41
766;333;22
446;704;15
178;14;42
506;196;9
42;235;35
950;438;27
909;16;50
742;516;25
720;136;25
664;434;50
796;915;42
987;415;21
103;80;27
400;522;24
749;199;17
352;727;20
849;190;16
646;59;43
516;517;13
333;616;24
526;638;50
840;689;38
773;99;17
89;870;14
837;549;10
611;320;14
57;258;7
418;325;23
584;777;47
753;306;8
323;1;35
445;853;39
34;434;2
437;278;22
711;490;26
653;336;21
384;735;18
546;473;2
199;276;27
816;811;11
234;988;25
314;748;23
698;873;19
772;791;39
677;457;32
762;265;48
339;662;30
144;466;38
566;870;31
155;899;43
875;553;26
526;701;36
341;337;26
396;786;23
619;301;14
991;492;5
907;682;18
476;968;19
969;450;31
559;693;3
354;101;33
597;507;31
917;760;3
47;198;16
383;655;45
474;575;25
687;250;39
88;54;36
959;876;1
722;863;49
856;768;40
116;863;37
972;196;15
869;872;17
451;533;17
952;519;5
970;837;45
227;138;26
759;432;13
110;185;8
250;819;23
565;900;14
571;639;19
919;755;18
634;699;14
931;203;25
686;774;46
252;37;1
951;399;49
445;112;8
753;398;39
333;436;10
97;428;20
774;99;6
202;536;33
275;785;37
625;879;15
627;375;28
799;521;27
296;315;38
305;998;39
458;163;29
356;944;9
342;365;34
17;521;10
622;802;15
378;388;13
220;812;45
98;825;47
599;513;9
773;666;34
916;288;6
433;665;38
671;291;10
26;626;38
345;528;30
888;242;19
698;409;48
38;94;40
901;145;11
273;76;31
366;202;50
882;206;36
129;993;35
400;743;31
720;558;44
94;179;31
468;6;2
410;946;21
90;516;10
344;953;47
876;721;23
630;786;21
871;186;48
746;312;25
158;962;26
201;975;9
52;145;4
827;994;46
209;169;1
987;785;46
633;503;47
808;644;49
70;997;32
502;706;25
801;319;34
682;422;43
86;101;19
855;993;44
827;260;29
88;786;20
665;219;45
206;192;49
779;115;14
39;839;17
854;256;2
536;450;13
321;446;44
813;168;35
851;369;48
132;525;26
261;949;44
829;973;37
611;681;2
539;672;41
21;64;41
716;68;34
343;841;41
721;737;16
332;360;3
26;644;3
515;10;28
825;463;24
823;517;27
484;840;27
998;914;37
342;695;28
566;457;14
638;140;8
797;964;47
396;172;19
565;289;5
805;774;32
798;817;37
118;800;24
485;172;2
994;250;37
844;164;40
177;98;4
195;220;32
658;763;8
235;436;30
797;443;15
251;970;1
771;178;34
442;538;29
356;825;40
58;191;3
216;438;48
168;418;42
812;774;34
526;846;15
69;864;30
908;542;11
615;534;41
779;702;41
150;936;1
189;293;50
939;716;30
788;252;48
360;305;25
939;762;20
484;793;5
115;277;2
531;477;43
224;465;8
198;528;44
431;857;5
591;781;27
959;347;49
975;969;43
768;940;3
131;136;16
16;594;46
857;671;32
929;22;5
709;430;23
901;912;22
429;592;11
657;363;38
962;401;19
964;666;22
500;433;27
127;790;8
535;873;49
945;498;11
344;956;23
1;839;48
592;553;8
335;937;49
352;367;49
664;948;35
829;434;22
651;355;29
578;538;37
667;164;40
101;811;44
309;740;2
1;269;9
469;991;35
290;75;50
20;80;11
158;139;23
629;745;31
715;36;34
949;744;45
707;199;13
761;822;10
879;108;1
544;944;26
283;642;45
680;656;33
87;42;45
47;221;17
326;246;5
442;652;22
348;138;43
877;43;10
273;955;9
548;580;18
784;383;18
543;739;15
635;267;5
781;990;28
193;27;46
689;780;15
842;516;8
999;194;8
758;613;27
399;864;40
933;82;50
884;1000;27
69;815;12
518;407;2
235;301;39
678;232;48
549;954;22
295;449;24
624;103;26
354;325;34
54;383;11
424;668;23
641;906;49
593;154;2
73;604;45
271;838;12
94;706;32
395;125;24
234;25;42
51;779;19
109;567;41
818;776;41
696;684;6
121;135;13
334;933;49
199;804;23
406;616;5
361;250;47
213;258;44
356;166;36
3;649;33
508;794;15
655;290;34
455;478;9
361;644;11
25;499;18
351;70;11
265;122;30
20;225;33
797;103;15
814;349;38
951;129;25
739;518;4
977;108;21
717;275;20
198;617;19
479;991;26
151;515;36
266;544;16
601;400;5
952;581;37
165;369;7
454;742;14
995;680;18
406;87;44
251;141;43
859;757;41
255;529;18
546;681;20
143;985;38
90;251;46
380;939;3
451;531;35
635;713;49
233;75;6
940;473;45
92;812;3
867;189;16
305;542;46
859;554;20
649;712;5
74;472;48
235;604;18
254;247;26
173;787;3
640;972;45
361;507;22
111;83;39
34;492;36
106;348;10
555;516;41
646;769;50
403;865;15
701;361;38
39;51;20
190;478;28
69;834;49
578;790;1
255;919;43
433;772;32
250;619;19
340;815;8
599;840;26
53;937;1
107;543;6
538;54;42
578;160;17
761;618;45
753;545;18
471;322;13
320;818;12
265;727;35
479;172;12
399;334;43
567;799;44
684;404;39
767;459;28
300;978;18
11;856;10
152;641;29
30;660;2
678;345;27
179;892;22
348;119;4
30;845;14
544;80;13
289;923;38
628;23;2
591;17;47
959;615;3
174;627;4
42;1;15
82;460;9
398;926;35
880;263;15
776;270;39
667;82;40
388;22;37
680;343;25
266;147;37
906;23;12
934;42;43
933;498;19
529;59;50
829;680;32
864;561;8
87;39;36
651;823;39
228;543;44
158;586;17
545;779;15
879;676;20
537;381;43
566;213;12
573;58;46
971;297;33
69;671;50
295;276;44
58;157;35
232;813;2
247;51;24
206;466;6
698;690;14
139;39;34
75;773;41
938;594;30
926;15;24
896;238;6
939;97;29
296;372;7
998;863;28
858;163;15
692;296;16
546;544;33
312;58;2
550;192;39
874;934;25
191;905;18
127;725;10
728;885;37
915;519;29
775;633;36
775;715;32
743;957;40
232;14;28
985;954;36
701;735;40
414;624;46
535;651;38
635;580;25
21;220;27
385;714;31
830;160;5
349;505;15
580;227;43
33;450;30
185;943;34
322;165;45
708;545;8
477;677;46
28;187;14
621;403;35
870;787;27
199;97;34
941;640;12
324;339;4
650;224;19
663;886;2
656;689;22
523;911;29
802;905;49
55;911;27
21;726;35
408;837;26
958;431;25
195;935;40
446;14;23
119;678;23
241;529;49
323;431;37
90;183;45
361;748;42
657;640;25
304;205;19
935;144;26
758;466;47
588;186;43
160;759;28
27;89;3
452;29;20
758;703;33
575;837;5
595;320;39
51;600;41
48;803;13
243;805;40
332;527;25
990;373;44
43;217;2
619;744;35
119;342;46
952;407;32
634;200;39
421;378;7
738;417;4
897;619;15
542;149;1
713;904;31
872;55;13
188;143;46
380;677;23
942;202;28
298;944;37
183;226;17
681;909;35
928;177;38
438;977;35
477;435;18
974;912;35
76;451;5
989;534;9
299;166;35
400;37;1
657;737;9
339;315;37
94;535;21
895;99;13
420;506;12
279;361;39
590;26;40
110;369;48
655;873;32
442;121;17
889;339;47
522;934;25
709;298;36
996;479;14
438;761;39
452;578;10
486;218;18
849;133;2
140;344;34
594;127;11
435;237;15
515;321;36
159;362;21
611;600;8
726;906;26
128;733;4
542;574;9
399;436;48
216;617;38
364;651;40
741;711;28
280;541;33
609;530;16
962;901;28
15;38;32
372;805;32
433;368;24
957;263;50
920;565;1
902;725;28
918;453;5
538;1;47
519;230;32
861;802;18
217;361;21
930;497;5
580;272;35
157;467;30
846;963;32
243;332;21
951;802;4
462;428;35
264;982;46
141;680;49
449;523;6
437;156;29
81;577;40
270;745;41
698;80;45
490;47;25
817;98;26
699;496;12
82;769;31
151;798;34
824;104;44
19;724;31
484;304;50
832;282;36
958;186;47
322;608;20
997;167;14
68;824;28
47;120;2
543;700;50
467;773;7
863;544;27
395;277;43
498;127;27
754;301;14
99;686;23
779;319;15
989;665;42
824;155;41
426;162;7
703;540;41
671;910;5
88;44;46
122;732;46
140;937;32
103;7;26
780;561;39
804;823;31
771;858;32
283;618;17
219;856;12
970;607;29
853;632;32
614;785;26
763;55;26
972;261;36
626;795;45
151;136;32
833;853;38
46;143;40
303;221;46
156;943;15
284;431;36
657;918;17
512;543;25
618;192;21
449;916;4
27;72;16
387;171;28
231;450;16
592;366;27
293;660;35
195;302;42
23;275;39
707;14;34
632;805;33
806;977;32
999;611;10
175;867;41
412;134;41
670;468;47
985;69;42
708;214;44
957;228;23
795;807;26
709;888;9
503;525;42
172;137;39
225;798;34
777;228;42
896;658;21
975;173;15
981;583;47
453;664;42
742;751;32
869;345;40
786;682;33
101;999;5
30;17;18
857;572;30
866;428;30
316;971;34
755;295;39
89;918;27
624;345;15
361;113;24
296;973;14
107;43;20
930;781;36
481;363;2
481;545;6
948;336;5
228;231;45
577;932;26
729;625;20
526;449;4
366;722;4
902;798;49
92;943;39
972;124;9
567;71;26
435;279;23
85;466;21
700;295;26
699;563;24
590;546;17
579;603;16
1000;612;45
143;554;35
448;201;27
789;569;6
682;846;45
541;183;13
528;487;31
981;25;38
443;68;5
226;24;25
690;820;29
577;29;6
176;755;32
229;313;8
657;746;50
693;312;11
289;648;47
322;156;23
94;412;14
205;436;8
270;267;20
284;787;5
940;565;26
575;416;27
680;608;38
920;571;9
210;102;20
37;418;50
864;416;34
285;174;41
532;800;11
545;332;9
142;109;19
930;852;3
943;1;5
330;566;37
913;586;28
920;14;3
527;628;21
379;344;10
568;417;11
933;640;29
910;81;22
891;483;22
362;759;30
434;201;25
891;251;39
432;363;27
695;811;36
276;633;30
493;64;18
117;715;13
643;677;20
895;967;26
683;466;24
235;957;25
163;690;9
40;621;9
210;540;47
468;572;22
807;331;16
32;898;40
986;288;24
819;145;3
91;750;37
846;955;44
525;948;20
232;902;34
843;317;16
261;829;3
592;450;17
162;723;44
462;3;3
673;755;34
890;57;20
438;589;35
782;240;40
564;124;50
173;823;33
122;78;3
854;793;18
946;221;23
941;906;40
648;443;6
275;442;27
695;554;29
332;186;44
819;406;6
923;434;18
886;814;49
774;750;21
806;655;34
208;540;39
404;789;42
14;980;22
755;36;33
313;340;26
407;894;42
116;76;21
499;666;21
587;539;9
710;718;24
65;9;44
766;732;24
503;456;6
102;471;45
615;49;50
268;372;15
782;176;37
960;376;2
878;106;19
133;321;27
600;374;27
113;366;27
514;18;22
461;472;4
501;647;30
911;818;45
554;407;35
213;981;29
643;911;15
430;539;49
704;797;42
112;520;25
486;731;42
668;737;39
602;283;38
510;993;48
1;170;9
635;860;2
789;837;48
420;440;15
215;731;43
1000;210;23
736;961;11
253;432;48
794;817;25
262;538;42
697;990;47
409;783;12
55;739;1
661;850;7
743;662;15
19;612;30
812;176;24
916;881;28
332;325;46
496;284;48
63;239;1
574;650;43
542;274;33
923;690;13
293;708;41
666;975;14
594;187;47
277;34;3
564;550;29
803;414;42
292;206;35
617;793;36
518;709;13
382;514;15
590;667;32
229;563;44
578;80;31
915;464;28
612;853;4
212;889;38
792;476;49
995;252;49
945;983;50
825;839;48
690;153;5
984;928;32
81;45;36
117;967;28
193;974;10
563;185;33
547;936;47
969;684;9
467;652;39
1000;102;17
561;355;32
511;142;34
927;192;2
620;966;22
887;948;23
562;366;1
27;209;3
134;636;3
869;571;30
854;238;37
11;322;22
460;898;38
657;750;28
65;423;3
405;713;5
405;504;46
221;6;17
152;463;3
254;133;41
837;831;3
434;139;4
991;910;30
971;853;24
166;463;50
471;434;25
888;597;37
949;853;36
586;393;48
890;871;40
715;163;50
748;356;35
398;73;36
888;278;20
390;700;14
918;304;26
609;92;50
83;221;6
748;583;18
325;874;8
290;242;48
264;244;5
424;980;36
379;853;3
711;784;17
891;228;34
237;319;42
619;162;41
99;726;1
473;534;8
62;301;4
269;559;5
368;896;33
241;643;14
207;665;44
710;69;29
475;970;26
927;858;16
334;850;32
858;856;36
829;253;20
869;31;32
363;844;46
350;177;14
309;656;37
591;119;6
508;977;45
574;455;16
228;925;14
283;296;44
670;163;44
264;868;40
226;882;33
587;614;15
781;879;39
987;619;50
133;9;42
535;697;7
380;705;5
512;31;42
119;573;26
715;858;36
424;631;14
436;767;49
239;97;17
65;397;29
158;148;50
815;932;27
385;262;3
979;241;3
748;307;44
604;772;41
936;449;48
57;67;41
821;637;8
197;433;20
530;807;21
962;833;26
50;978;47
507;654;37
98;635;44
557;348;11
799;787;50
978;745;11
144;764;28
216;556;49
543;776;45
680;104;48
266;887;26
139;479;41
921;188;27
791;282;24
358;222;48
843;834;49
637;456;19
408;408;25
974;892;14
800;795;30
994;958;13
166;487;3
169;666;37
95;147;43
48;989;45
254;769;24
281;775;44
996;752;35
38;846;32
536;225;43
5;681;10
166;53;2
903;181;40
8;58;49
549;401;11
852;312;18
838;419;1
870;771;18
476;956;16
589;895;32
827;975;40
708;433;4
454;660;27
125;462;4
984;485;1
503;904;34
312;37;23
227;361;13
517;822;38
437;383;18
349;68;37
840;634;1
68;71;29
709;432;43
123;259;42
281;391;45
10;486;36
532;498;34
913;280;4
885;194;28
643;790;46
932;195;12
116;763;30
689;781;23
673;387;1
632;549;35
711;879;40
240;473;40
665;1000;27
987;979;38
308;624;23
736;618;28
330;949;3
871;272;6
546;227;43
207;555;35
387;534;33
569;45;26
211;964;33
317;976;32
167;199;31
442;116;46
537;418;15
26;677;36
936;755;12
434;239;41
206;446;47
424;594;47
126;619;17
326;390;42
118;89;17
75;503;47
450;964;14
505;633;20
171;643;29
252;587;6
219;952;31
198;451;25
460;408;43
620;28;15
772;222;44
748;182;50
506;685;45
197;412;24
617;325;6
587;801;25
903;985;38
821;720;28
532;12;9
35;171;14
740;352;1
251;860;23
800;925;44
925;795;3
711;361;17
363;719;31
170;103;21
18;357;28
870;192;48
166;584;18
567;801;24
960;803;41
788;886;2
10;395;46
646;748;48
251;94;44
398;860;8
497;4;26
386;137;6
8;752;25
561;904;39
61;101;49
92;745;9
285;384;41
483;543;37
88;702;1
723;892;10
269;576;16
899;761;7
570;138;5
737;369;10
640;454;45
471;930;45
59;961;30
748;940;2
368;542;3
138;981;27
151;38;38
190;989;8
487;417;37
647;444;7
417;950;48
410;140;11
677;588;35
494;659;50
744;26;5
531;289;14
246;991;38
304;884;44
862;787;36
362;306;42
608;504;37
89;491;19
575;936;13
619;54;26
386;580;50
27;865;22
885;102;34
333;222;3
121;730;11
994;303;49
722;165;11
469;74;43
429;612;42
960;761;4
663;745;18
391;849;18
361;754;29
6;979;14
121;380;22
360;146;26
679;21;31
365;960;21
955;807;44
474;399;42
218;789;40
424;397;15
742;560;32
309;561;47
655;8;11
911;413;3
877;196;44
886;630;49
355;880;39
665;478;29
109;65;15
511;111;20
536;119;49
333;769;47
113;104;7
51;93;27
99;833;29
703;255;49
346;884;45
309;555;7
709;198;42
307;136;8
221;258;9
60;687;32
146;292;24
960;573;15
398;799;28
148;602;23
878;805;27
948;806;30
458;136;11
500;327;41
771;922;11
982;583;24
706;585;7
632;615;25
824;300;29
405;899;40
500;628;11
819;10;43
69;930;21
316;684;32
603;332;39
979;713;36
818;812;33
823;361;18
886;430;44
745;96;12
446;843;42
765;469;5
787;729;33
412;91;34
268;26;31
327;872;2
816;771;41
271;887;44
793;649;8
135;537;36
407;447;50
87;75;14
337;580;15
276;415;12
164;888;34
893;205;22
272;849;14
761;47;29
816;320;15
87;996;2
621;422;14
301;905;7
946;764;11
559;113;27
542;77;30
419;992;10
269;496;49
620;286;43
601;407;47
578;561;4
84;87;6
640;411;41
821;822;18
214;957;28
295;492;32
499;694;10
606;120;33
910;278;19
348;547;44
39;319;36
916;635;5
758;965;41
908;627;45
755;927;16
749;620;7
321;577;10
633;564;33
540;659;50
570;661;44
480;831;4
161;346;41
182;375;35
343;88;15
749;905;47
884;441;12
938;472;45
524;320;41
795;991;6
127;444;4
702;460;6
579;380;36
914;781;17
564;822;26
903;521;14
501;544;8
831;657;36
663;42;29
227;376;45
763;723;5
217;512;11
670;781;26
891;661;6
263;317;38
727;107;30
333;450;49
238;350;13
965;401;11
845;355;41
645;590;10
672;661;17
433;988;39
510;310;21
224;771;19
649;370;4
958;658;1
723;237;35
282;737;38
922;184;38
736;606;36
546;29;37
606;6;38
665;571;11
895;454;12
963;894;25
26;799;6
853;973;42
649;785;42
596;187;43
530;951;14
13;467;34
307;448;18
589;494;24
974;893;6
338;80;25
420;465;18
566;327;30
376;403;21
789;916;41
53;891;42
205;697;7
181;25;8
83;161;19
57;122;11
389;665;50
414;145;6
748;419;40
941;868;47
376;781;3
34;292;12
530;139;15
637;44;4
381;413;23
435;497;6
583;280;29
659;835;14
806;344;46
427;479;41
631;217;42
964;78;43
504;478;14
482;664;11
212;682;39
585;722;1
622;997;47
751;406;23
767;924;37
72;3;37
199;59;48
972;30;16
164;973;44
765;943;8
54;345;39
687;596;6
366;994;46
73;916;29
631;504;38
722;823;16
434;561;45
984;883;39
107;446;12
631;491;32
373;967;48
313;500;14
211;985;37
962;398;50
635;926;34
886;737;16
387;577;32
144;426;26
530;236;20
896;335;12
429;434;3
211;794;7
354;990;42
896;994;49
549;253;44
408;807;39
916;659;19
520;91;4
271;502;41
671;623;32
852;548;15
417;505;26
939;544;38
688;138;45
116;504;33
870;82;25
641;310;24
678;89;46
726;886;4
375;117;49
734;228;7
45;813;6
318;36;7
288;317;50
754;634;45
959;337;47
490;252;34
880;492;43
28;337;25
909;276;40
88;37;2
846;873;7
349;223;14
184;422;2
266;399;32
110;839;40
445;85;13
886;813;50
768;160;49
131;189;15
940;760;11
753;443;6
2;947;23
933;947;27
776;196;30
787;87;41
720;376;23
937;920;7
887;989;41
174;158;46
200;510;26
320;237;15
121;817;28
271;142;14
419;581;3
888;837;29
428;608;18
995;733;31
853;520;17
544;908;7
413;628;5
865;435;5
248;807;15
544;561;10
367;499;22
814;106;5
92;913;25
526;554;35
986;722;1
383;335;16
813;688;10
11;499;33
874;844;15
712;335;15
801;831;1
396;170;17
778;81;12
971;223;16
988;990;11
85;33;34
493;474;43
285;313;41
618;110;9
968;625;34
247;585;43
298;880;18
241;112;37
885;576;39
541;94;14
392;39;40
920;606;33
618;904;24
87;405;29
993;211;37
776;629;22
546;779;44
871;108;50
81;563;13
581;602;23
218;782;11
392;448;17
182;104;17
585;704;48
646;681;24
77;832;44
375;206;7
414;163;35
115;57;26
828;961;10
381;774;7
550;943;20
559;834;39
566;833;7
159;527;22
849;361;31
475;420;18
709;720;39
17;864;18
882;687;34
785;601;39
297;625;26
811;411;29
510;540;45
889;929;12
48;888;2
256;256;47
163;970;24
142;371;18
953;748;12
892;460;18
233;347;20
750;423;40
60;923;21
104;254;17
759;18;33
31;604;11
913;846;31
666;453;39
893;740;21
206;987;39
195;882;17
293;104;10
481;341;38
361;63;40
447;838;42
759;195;3
128;316;24
141;267;20
22;259;17
73;394;31
588;976;41
818;686;28
124;925;30
537;916;24
252;235;30
242;804;29
227;217;30
347;910;8
324;76;44
18;844;28
713;224;31
829;562;49
411;498;14
144;18;49
970;520;2
529;163;42
107;308;42
651;512;32
634;82;44
605;479;18
249;150;37
8;110;6
578;199;14
750;961;49
201;829;18
665;916;29
669;868;29
795;769;45
212;115;3
169;512;22
199;461;11
430;721;50
49;829;27
83;384;33
962;702;34
428;334;49
214;570;3
697;734;16
925;469;22
405;65;28
834;525;25
73;211;32
547;668;37
103;616;14
968;883;44
610;913;14
860;50;21
60;836;14
993;641;15
397;673;30
323;978;21
412;744;6
951;100;21
343;478;20
525;596;9
741;853;35
994;643;37
307;140;17
986;976;26
430;206;11
833;841;6
860;368;27
843;946;10
498;635;37
935;780;30
145;982;38
870;504;1
970;686;46
735;162;46
490;993;49
121;151;43
947;76;29
678;915;49
367;827;31
634;347;41
558;202;25
316;58;30
697;242;43
201;974;47
414;814;44
774;844;46
793;810;30
122;49;9
683;77;16
43;770;48
965;885;45
537;78;9
485;575;9
496;283;48
825;628;26
179;710;23
940;589;35
171;363;30
370;360;47
110;119;45
748;539;34
113;575;15
662;178;21
358;390;47
166;887;19
44;722;36
201;691;13
436;947;31
712;29;15
557;593;23
457;281;46
4;155;40
478;621;35
714;921;40
737;271;10
274;463;17
946;627;45
148;227;27
643;888;15
978;834;10
726;218;4
632;773;44
735;40;18
777;648;20
971;221;23
344;89;8
833;919;47
852;210;32
689;994;49
685;724;24
975;307;36
597;703;33
630;348;7
507;412;11
776;288;39
972;205;44
867;949;50
849;747;21
457;903;20
313;750;29
652;35;30
442;225;38
628;454;5
731;684;27
79;975;18
870;270;3
229;73;39
461;552;28
361;208;17
392;975;32
790;34;48
137;161;20
299;305;27
985;28;31
882;262;23
490;41;47
957;26;49
222;722;4
313;880;38
513;290;2
428;704;43
295;429;42
443;566;11
820;236;21
946;318;35
515;894;16
150;609;11
375;197;12
121;332;42
743;233;7
604;338;46
970;996;36
630;108;21
590;902;20
965;241;28
481;716;20
555;42;34
910;792;27
194;777;24
888;657;6
371;106;34
211;157;6
849;552;4
336;793;43
134;284;41
23;876;26
830;440;14
314;904;20
572;937;34
214;291;47
424;936;27
307;692;36
149;394;43
253;304;31
947;357;41
288;936;22
137;182;31
254;934;36
764;83;50
561;895;4
543;454;22
690;957;48
990;220;10
774;386;47
138;677;27
428;496;23
772;992;20
997;330;33
606;328;23
927;992;18
246;49;21
197;601;17
240;582;28
893;486;15
160;3;30
738;738;26
620;907;37
69;7;49
357;470;4
277;688;18
232;935;9
847;1000;33
498;961;32
367;76;21
614;79;27
637;874;29
815;612;13
547;760;1
152;909;17
297;927;23
712;17;21
493;32;43
125;400;10
686;43;14
817;208;9
354;992;36
424;202;8
589;142;3
736;740;37
638;136;43
337;874;30
111;534;13
188;222;19
180;235;41
723;150;48
264;786;4
315;93;10
142;103;9
773;448;47
703;90;22
617;751;15
657;479;42
837;105;32
808;891;33
771;880;20
484;187;23
934;382;8
690;223;14
523;446;19
45;705;30
379;702;38
371;673;47
766;101;17
848;228;46
420;877;6
597;678;11
752;309;23
222;202;21
983;936;43
829;960;50
81;637;48
653;635;44
552;782;7
135;405;33
897;963;45
418;957;23
537;495;15
120;805;45
6;314;41
455;901;4
846;188;10
233;409;36
726;7;46
963;519;45
431;243;22
300;800;47
687;202;14
189;230;12
521;997;4
446;915;27
435;917;8
108;543;28
279;166;6
1000;568;22
746;219;14
583;919;8
138;592;38
810;868;14
831;991;25
76;876;5
424;12;30
206;106;22
147;510;28
391;689;46
577;998;18
645;514;16
432;843;41
705;690;15
261;741;49
505;923;19
53;511;46
843;919;23
98;556;33
304;121;50
521;618;4
765;294;7
563;728;38
49;114;27
371;226;14
698;230;23
909;923;29
988;686;24
83;325;50
270;441;6
796;248;14
367;734;22
126;716;9
265;509;12
873;689;23
969;169;20
186;938;27
393;690;40
773;176;36
834;76;28
792;315;9
950;608;17
36;975;31
438;132;15
7;998;2
163;132;11
279;304;14
85;79;31
644;642;50
87;741;46
575;437;29
949;140;1
277;294;41
459;677;21
89;966;26
801;428;10
590;646;24
111;543;31
307;945;49
754;453;35
175;313;31
134;26;10
259;685;29
995;794;18
608;95;5
30;288;24
455;39;16
563;113;46
714;448;16
332;974;39
573;286;8
507;458;14
404;231;49
581;863;32
305;650;13
238;1000;50
7;325;20
800;855;38
990;783;13
800;327;26
350;185;13
199;369;11
378;961;17
823;137;27
253;525;25
277;822;34
225;568;40
646;733;21
354;83;34
93;604;17
880;253;9
626;246;12
938;134;20
952;290;15
193;52;15
538;373;49
28;29;18
352;172;27
224;394;6
746;962;48
304;3;42
732;287;10
176;869;12
158;97;43
616;655;33
336;303;30
805;44;43
285;891;9
735;155;15
953;374;46
587;170;41
222;793;30
559;46;37
638;649;34
275;980;24
459;733;41
37;54;22
478;84;1
518;720;8
185;132;11
328;823;11
103;213;47
603;676;22
234;768;29
695;712;22
641;724;49
69;175;20
495;74;42
217;272;26
270;691;49
509;599;24
677;244;42
798;661;21
413;761;26
494;479;17
939;876;15
955;789;44
67;712;41
663;740;8
77;140;23
220;291;36
694;39;45
667;932;6
608;166;12
11;711;23
343;346;45
699;75;17
741;658;16
378;998;28
181;482;41
110;221;18
164;861;39
588;674;18
726;229;14
449;547;1
120;518;38
856;175;10
995;480;28
621;769;36
15;430;44
71;864;42
613;686;10
951;914;50
979;438;44
137;511;27
486;389;25
948;579;14
400;355;29
127;564;23
659;772;38
460;972;6
15;791;1
50;890;31
144;458;25
230;744;25
519;55;18
574;640;19
799;700;9
355;374;19
258;17;49
424;710;9
607;913;32
820;35;22
112;293;4
526;275;21
813;899;13
785;986;35
259;583;50
119;762;11
125;199;40
35;938;43
671;464;2
453;849;19
868;632;46
613;571;20
788;642;25
350;398;41
996;919;35
373;423;35
867;443;21
777;696;22
739;807;7
129;802;34
66;761;32
270;47;43
473;484;7
622;950;41
541;252;3
350;456;20
620;827;40
682;853;6
554;122;20
881;912;11
961;876;30
354;115;35
80;77;41
918;476;38
441;52;12
542;504;27
188;927;27
325;193;31
710;143;14
920;488;16
457;214;2
80;389;13
921;34;8
309;279;43
602;627;26
415;882;48
337;14;39
499;932;30
614;236;9
858;628;38
402;233;34
17;88;13
457;298;8
161;471;45
440;214;4
581;339;31
618;710;26
168;744;19
614;444;24
327;76;46
581;261;39
749;493;17
48;755;36
707;131;44
423;355;49
403;738;42
729;914;33
452;246;38
64;444;37
265;714;8
482;406;17
756;980;25
185;414;49
835;743;47
72;668;44
865;256;29
515;867;37
105;287;22
257;456;10
890;926;28
880;547;10
374;468;18
243;558;10
144;779;32
137;575;19
937;271;11
448;372;18
248;741;6
52;120;43
575;482;36
946;90;22
500;495;10
33;558;13
521;200;41
135;234;13
34;390;35
161;773;47
681;82;36
58;593;4
702;453;13
811;866;43
191;248;9
134;495;5
881;498;1
700;341;10
945;393;45
399;643;11
212;147;39
433;607;34
353;200;50
151;767;6
342;921;11
346;739;21
944;444;34
170;18;20
184;239;46
22;978;22
200;203;41
702;220;46
34;391;28
727;638;38
319;627;43
971;563;45
800;801;1
57;912;21
607;510;40
291;828;27
179;670;16
226;664;3
470;957;28
256;308;31
1;109;47
523;360;39
253;527;19
980;414;20
525;189;33
159;472;19
489;905;31
58;300;34
17;715;41
433;809;22
584;615;9
586;601;44
474;696;46
821;751;50
227;801;45
727;967;16
28;423;16
956;902;47
798;647;14
825;684;4
173;468;11
134;119;21
397;218;49
292;647;45
296;425;22
269;418;31
264;429;46
342;606;47
984;58;1
5;8;22
411;650;31
846;229;14
910;337;47
961;973;7
149;177;32
393;221;37
704;372;5
120;128;40
34;531;7
711;998;29
591;675;46
895;935;31
199;797;7
867;435;46
180;398;10
368;659;7
602;335;48
240;865;45
863;876;42
559;228;23
364;595;30
7;691;42
253;15;4
533;970;46
428;130;33
573;229;23
460;787;44
853;408;12
377;115;18
18;426;45
165;814;24
788;454;35
620;852;49
173;109;45
349;755;35
975;690;30
124;969;20
514;358;17
481;580;7
942;181;22
736;222;31
503;650;44
645;717;16
905;588;20
5;497;15
723;874;20
830;842;16
195;128;9
351;622;16
755;363;36
255;177;31
699;188;34
345;357;33
272;890;41
795;367;11
108;401;23
24;414;30
719;35;8
637;253;39
787;631;21
189;946;14
941;109;26
555;54;46
493;144;28
856;704;42
37;642;38
955;751;13
194;454;7
832;904;8
294;285;45
702;298;4
402;380;41
824;224;31
349;741;34
209;1000;31
986;921;20
388;513;11
355;703;28
490;89;34
723;728;39
121;69;34
107;737;35
471;370;6
296;597;30
403;519;3
132;617;48
521;932;44
818;482;39
144;663;35
711;268;27
143;564;19
106;279;46
891;17;9
116;891;20
151;148;16
954;704;16
356;417;23
158;176;7
743;324;28
752;576;38
579;461;17
225;111;40
346;565;21

