1000
25472
6000
74;69
90;33
56;75
65;35
95;34
35;21
25;79
70;38
94;49
90;85
94;14
65;25
31;58
54;38
41;64
51;88
31;46
90;24
27;83
82;72
10;44
12;52
10;63
68;87
28;4
99;47
94;75
8;56
86;87
54;64
61;77
38;21
60;44
36;30
65;33
100;75
66;73
100;91
2;58
29;4
13;15
52;14
27;56
34;1
48;21
68;37
47;71
97;40
21;17
17;71
77;22
15;47
99;52
99;43
42;25
55;38
11;38
97;74
32;97
11;68
49;91
54;100
6;7
83;46
17;47
47;19
76;77
15;46
64;6
30;42
5;27
15;88
19;25
90;15
9;6
46;76
44;94
37;65
31;76
77;46
2;23
20;14
73;62
3;92
19;84
39;10
40;76
61;39
21;15
84;49
7;48
88;82
75;22
50;64
65;11
87;33
75;61
95;56
80;49
44;86
67;83
44;49
58;21
56;39
25;89
69;60
77;74
81;21
61;39
63;61
92;6
57;66
83;32
36;73
66;30
14;88
95;42
92;85
52;12
45;31
35;31
87;56
15;48
97;90
77;85
6;76
17;87
90;26
3;22
52;42
86;50
16;45
73;27
14;72
13;15
47;100
55;53
25;69
14;14
55;60
89;11
86;33
15;21
3;36
36;73
73;53
17;64
51;33
35;88
45;48
93;90
27;21
16;86
7;28
37;45
55;96
87;14
76;56
62;73
23;57
20;42
85;19
42;41
14;62
86;3
14;79
5;75
25;2
60;32
1;79
81;40
79;74
12;98
18;57
3;18
3;37
76;85
46;32
57;12
39;9
86;8
34;23
56;88
53;100
13;73
79;15
85;63
89;81
72;59
97;96
86;92
67;38
96;69
18;68
43;41
7;44
55;97
54;35
43;72
70;71
97;58
98;72
46;19
17;61
27;32
22;54
81;43
3;31
96;15
68;80
24;36
81;3
17;60
85;74
61;24
13;46
66;86
61;71
23;23
21;79
93;66
32;25
87;31
10;98
79;99
97;38
70;9
27;93
88;54
67;66
38;51
9;42
69;59
31;26
40;7
19;87
2;97
91;66
93;21
57;11
79;49
91;19
79;53
26;83
96;51
100;14
27;73
39;94
71;51
62;59
50;24
87;64
38;29
47;61
57;73
35;28
27;1
28;52
39;67
73;53
9;27
72;18
19;6
87;39
70;31
13;20
68;32
55;58
16;30
96;7
23;37
33;50
66;86
30;71
41;72
6;17
2;13
31;81
19;70
96;37
22;59
61;62
91;81
97;46
2;3
19;54
97;83
3;3
65;53
67;66
57;2
26;42
97;3
74;37
90;50
47;22
97;82
28;42
78;39
73;96
62;81
30;15
34;38
40;79
29;42
90;39
72;83
64;6
28;67
35;69
76;13
4;53
2;62
64;54
53;40
24;99
10;76
43;51
15;66
65;5
40;5
35;20
89;22
66;5
81;69
64;73
66;4
79;96
45;37
40;40
49;58
62;52
44;12
49;36
50;100
14;70
63;93
99;31
76;92
29;80
10;3
76;85
95;70
11;43
89;32
91;95
93;84
7;18
57;12
60;80
59;50
26;21
86;76
32;94
94;80
68;55
36;59
83;13
56;27
72;15
72;98
95;94
98;27
30;82
9;73
24;33
29;98
59;31
1;64
12;76
18;82
72;65
11;87
58;1
80;63
80;84
76;89
68;67
47;21
96;71
12;39
94;77
56;48
22;31
32;42
74;44
29;50
45;46
67;60
7;21
75;54
89;29
14;35
8;88
80;16
45;98
78;18
20;54
16;51
14;14
66;93
78;56
54;5
86;3
80;61
44;37
46;9
91;27
59;89
25;59
74;20
36;98
83;30
52;98
58;63
65;91
25;23
84;95
42;82
60;100
25;65
75;53
8;39
96;17
97;23
85;75
68;51
34;80
38;70
17;31
34;12
75;87
16;90
64;56
64;93
39;80
96;71
22;85
2;25
10;43
25;60
18;72
7;75
94;64
41;51
39;79
59;94
89;42
58;79
10;81
56;98
6;100
60;12
61;5
83;13
5;91
11;90
79;53
94;95
53;85
10;49
58;49
81;42
79;23
20;86
99;25
55;14
18;87
68;96
98;70
72;93
99;82
14;23
16;60
81;64
7;99
71;28
26;12
69;59
85;14
87;30
86;80
48;32
35;38
25;22
70;66
71;65
89;75
52;40
2;64
33;48
60;79
66;75
8;26
78;30
54;80
81;4
67;42
32;1
56;16
100;96
78;50
59;87
78;7
40;64
79;93
54;85
91;77
64;24
50;86
100;13
7;73
67;28
66;23
90;91
66;94
43;100
32;38
33;65
44;73
73;37
97;51
86;71
9;44
58;65
70;72
44;30
76;32
81;98
31;55
66;40
57;47
51;23
94;99
35;14
4;18
21;17
74;6
51;96
13;20
90;11
3;36
26;56
32;33
3;98
22;49
17;67
40;100
88;1
83;59
41;70
22;69
42;85
68;22
85;78
48;75
76;1
17;25
28;12
40;22
33;91
52;31
46;29
44;68
50;41
67;87
94;70
49;8
25;61
90;75
23;20
70;14
18;93
49;57
84;37
52;40
6;87
55;53
37;88
49;44
33;52
27;4
50;81
30;35
26;41
93;85
89;66
90;99
47;17
37;99
50;79
7;1
56;84
81;9
15;30
10;88
8;10
97;28
42;55
21;75
25;36
63;12
64;13
97;26
67;94
98;87
53;14
98;5
69;30
9;96
32;39
68;15
97;55
91;33
49;69
85;40
26;79
22;44
83;28
39;62
17;88
89;89
13;35
36;31
39;27
19;22
3;61
90;85
26;31
100;97
96;49
51;45
29;58
28;9
90;95
60;4
99;6
53;89
51;1
18;60
4;29
60;95
28;98
62;27
25;81
64;14
58;97
34;38
34;73
55;95
86;31
75;76
71;89
74;87
18;80
8;88
1;50
14;87
88;73
41;85
76;59
79;46
47;61
91;60
97;12
62;7
79;42
92;16
42;53
44;55
71;96
66;77
91;79
55;54
78;31
38;38
60;87
29;95
44;35
34;7
37;82
82;11
27;82
57;11
97;10
56;26
49;58
43;74
84;63
1;97
42;10
83;95
22;21
43;96
20;69
95;78
52;48
13;60
32;91
16;79
14;12
100;22
8;53
60;85
81;37
26;70
17;48
29;3
44;87
27;52
3;62
49;6
100;58
24;6
34;31
49;84
26;42
26;12
13;69
28;22
25;56
93;34
38;17
56;51
39;51
35;81
82;51
68;26
75;39
68;34
40;8
98;11
61;54
77;40
23;39
40;70
30;73
11;2
6;27
79;22
14;10
58;46
53;31
10;47
55;13
52;42
26;41
89;80
74;10
85;46
51;94
84;21
27;24
70;36
60;72
39;33
63;40
40;14
11;2
77;40
85;10
60;99
9;67
54;98
19;94
86;27
43;18
59;22
79;52
80;41
20;43
83;51
33;37
25;83
28;64
30;70
49;3
4;30
84;85
71;49
11;92
36;81
6;35
7;37
20;47
3;38
27;72
28;25
76;36
33;4
80;81
40;88
63;12
8;45
8;43
70;18
69;50
8;53
50;6
21;48
52;19
37;9
8;68
14;94
63;67
13;49
56;98
88;31
11;8
77;98
20;29
67;9
63;81
96;16
7;66
52;84
37;37
85;64
40;94
88;19
79;76
16;46
64;66
46;75
4;37
49;11
72;72
36;77
23;69
90;72
98;11
26;7
21;53
79;13
22;78
87;36
5;51
1;51
31;90
73;27
80;49
74;22
57;62
78;27
22;62
53;78
58;38
11;97
65;42
4;38
27;45
43;92
59;62
82;72
37;65
26;55
26;9
51;65
74;6
44;70
9;63
81;31
47;14
49;97
69;29
58;1
90;73
96;95
70;35
23;17
54;43
45;40
89;44
12;74
96;57
12;87
66;14
14;53
50;19
74;92
89;22
63;4
15;49
13;34
82;15
34;58
56;44
45;54
75;76
21;4
46;57
47;69
26;17
68;70
38;49
15;49
93;97
26;46
11;62
22;93
31;54
92;75
44;36
100;32
66;99
95;26
4;9
81;45
97;9
32;24
28;17
71;65
20;78
83;66
1;30
73;59
93;28
30;44
88;24
3;58
31;34
4;26
31;37
25;38
10;33
77;21
3;42
83;4
36;20
66;42
77;51
84;84
64;100
55;69
91;35
100;89
58;89
10;67
62;42
48;29
79;35
31;36
75;92
11;69
16;44
83;77
44;76
67;46
19;40
7;78
62;34
43;61
35;27
96;97
34;50
29;30
15;25
78;72
73;24
14;32
3;70
18;95
34;18
20;98
40;2
30;63
52;31
84;17
42;66
14;83
82;55
45;64
61;72
50;63
4;13
57;42
26;98
20;7
69;87
57;35
13;67
24;64
25;16
34;26
51;12
32;87
94;33
20;71
95;43
19;96
5;43
79;78
42;48
84;51
8;62
74;86
76;66
33;34
26;33
98;67
530;230;2
760;419;17
802;152;33
740;158;44
263;630;28
657;397;33
238;906;26
219;129;34
167;153;50
215;522;24
660;761;44
972;721;30
909;509;24
651;914;27
313;683;25
155;988;11
716;656;18
316;371;9
348;348;13
778;454;2
766;39;45
715;853;5
875;77;24
131;77;17
672;655;10
130;364;25
461;431;41
735;88;47
976;705;41
151;984;26
677;333;19
93;660;8
253;66;8
125;628;3
14;664;9
70;836;49
866;408;30
186;362;42
920;701;32
885;100;3
486;664;43
651;544;40
239;354;43
475;985;34
227;548;26
460;537;42
987;278;50
544;783;43
209;834;49
916;674;25
761;118;23
526;40;44
14;359;7
438;440;14
836;868;14
487;389;38
324;842;35
699;699;10
88;627;1
142;547;20
167;196;36
587;481;28
668;70;33
331;973;46
546;205;25
235;161;25
451;878;22
519;945;42
653;329;42
921;90;6
670;323;20
711;912;45
237;625;8
243;688;12
224;411;46
669;327;35
105;342;17
342;986;23
567;246;43
738;644;13
852;104;27
163;747;30
339;251;23
983;782;14
92;325;12
997;820;35
846;820;27
746;285;5
982;548;3
789;42;27
560;37;13
998;322;32
883;920;7
135;106;40
324;314;27
90;724;7
964;825;24
142;845;2
195;86;24
859;120;16
861;670;11
739;281;5
404;368;37
854;467;34
313;455;49
324;22;47
965;329;26
29;126;35
338;311;41
495;418;26
434;906;49
842;694;15
163;702;9
430;618;34
520;641;29
377;269;39
917;156;11
708;373;21
454;242;32
32;577;22
874;273;23
831;959;42
528;314;38
193;665;16
105;552;18
383;999;4
280;991;36
479;975;38
951;508;10
243;861;35
43;932;23
863;181;46
446;523;50
51;412;10
52;937;9
357;528;14
597;766;31
600;280;8
448;600;24
975;978;11
363;746;49
305;459;35
559;635;46
239;560;1
825;440;14
831;194;34
3;802;22
249;952;16
180;64;4
377;784;4
207;608;38
852;462;5
340;565;8
314;588;32
533;350;7
68;970;13
973;377;20
454;316;36
741;968;36
942;176;34
311;49;43
189;869;16
983;11;38
53;637;17
267;522;21
111;165;7
693;745;47
65;482;9
221;402;1
653;736;35
247;396;48
279;648;34
944;404;31
89;835;18
402;783;28
778;831;18
83;642;37
324;872;47
719;658;40
465;972;9
182;39;9
46;79;25
853;612;24
802;934;42
697;372;33
604;438;12
244;988;42
964;900;33
218;183;19
138;501;35
422;785;11
498;797;7
360;955;22
128;48;15
843;928;32
2;948;3
577;538;38
577;570;7
192;180;46
373;255;48
173;287;46
775;826;40
780;200;15
537;140;50
5;256;31
514;365;38
632;104;36
322;280;42
195;384;49
793;312;8
185;183;21
926;348;45
815;930;31
936;888;2
93;170;34
791;149;10
355;810;8
48;144;21
511;130;31
883;128;38
645;13;11
509;783;16
704;470;24
519;208;35
991;320;21
656;339;9
187;871;5
867;853;31
932;581;46
766;382;44
723;759;24
646;841;34
825;257;1
664;339;34
652;625;28
97;616;30
189;539;23
426;797;20
309;397;23
177;421;42
951;607;9
896;685;49
782;35;20
781;749;14
355;784;20
75;14;22
986;524;21
903;217;18
840;891;16
218;399;43
603;330;48
687;92;11
961;807;19
28;660;39
222;172;37
219;702;1
951;539;36
282;650;29
986;52;30
298;460;8
55;568;45
49;285;31
794;636;14
7;589;38
869;164;32
694;527;11
195;756;13
123;387;33
101;368;34
651;15;46
483;423;14
467;419;30
370;993;2
503;740;44
176;819;37
920;682;24
589;578;18
3;693;25
673;296;20
893;213;44
595;499;12
567;847;14
124;905;38
930;940;39
83;898;11
370;82;25
724;694;34
135;363;10
851;127;38
545;264;8
822;19;8
949;805;14
295;414;25
456;747;34
664;762;49
93;47;5
470;556;34
917;962;39
437;82;27
451;494;13
440;468;10
450;504;35
448;796;49
885;286;4
688;427;28
289;745;22
380;411;46
805;375;27
978;807;13
467;241;3
989;810;1
918;572;22
208;254;38
97;923;9
110;770;16
754;66;24
367;282;37
621;556;30
367;737;47
577;363;50
985;554;28
169;626;2
802;423;34
110;765;25
104;571;36
717;468;13
409;490;2
884;483;18
118;574;10
583;199;1
630;266;37
653;559;22
115;186;31
299;410;11
568;335;21
2;242;43
69;49;48
571;895;6
838;295;50
694;913;23
333;577;1
952;903;40
915;252;13
189;244;11
19;160;45
271;56;5
701;843;41
306;101;29
369;914;37
775;598;21
218;743;38
301;522;25
813;631;14
943;156;40
305;365;12
242;496;32
629;252;46
405;597;40
722;489;7
607;341;7
115;124;33
818;483;29
554;894;14
5;930;47
26;495;23
242;867;8
462;84;11
799;539;4
949;592;3
7;899;12
962;930;35
969;115;4
827;492;28
438;738;24
989;100;11
327;31;3
33;29;41
50;418;25
397;174;35
453;878;28
900;671;45
325;412;40
554;862;35
774;476;39
313;234;27
206;497;16
152;785;16
934;817;8
979;797;15
332;56;21
174;700;33
850;777;22
344;683;16
209;777;6
381;363;34
311;545;19
217;278;18
186;94;11
902;160;43
696;868;9
164;130;43
835;377;34
532;298;1
672;377;29
280;5;48
457;245;47
434;37;1
583;643;28
788;562;40
352;908;34
833;240;28
553;571;5
189;36;5
379;371;20
474;698;2
993;980;41
474;862;2
306;966;17
836;654;4
397;884;24
77;321;6
574;603;36
345;639;17
506;595;48
729;911;39
32;615;1
146;701;29
224;763;34
363;436;25
641;519;38
933;14;2
968;291;22
247;892;1
619;788;41
248;881;37
569;16;19
127;303;36
212;902;25
531;955;50
650;874;46
962;497;35
580;396;14
959;429;28
745;400;14
335;102;9
101;613;7
790;285;39
401;64;30
69;529;30
903;206;13
695;994;31
154;398;36
233;213;27
166;273;13
640;868;21
35;855;28
987;356;13
508;439;21
415;568;18
642;257;5
741;797;19
505;682;40
590;602;25
851;858;40
376;115;3
177;177;36
665;659;19
182;588;46
965;263;32
109;912;8
550;563;45
451;609;43
38;551;17
210;723;39
858;920;27
600;199;11
647;592;26
630;504;23
347;861;19
123;554;34
325;966;32
762;454;7
582;983;7
507;450;2
257;668;34
721;558;50
446;241;50
688;472;40
1000;567;48
448;709;12
678;904;27
34;633;30
50;788;10
614;155;11
493;248;43
790;407;27
925;913;23
147;91;8
765;6;29
405;399;48
310;993;42
638;983;16
911;848;14
575;900;35
60;352;38
870;327;32
29;711;30
708;631;32
201;311;20
435;207;28
964;853;26
723;272;11
998;329;37
574;66;2
693;530;12
594;260;7
113;555;1
475;47;7
688;881;13
221;196;34
550;234;42
64;38;2
949;640;32
188;591;35
679;213;39
86;543;17
503;653;2
21;820;26
881;484;48
660;967;26
846;124;5
385;479;33
509;144;49
436;968;47
553;558;8
281;751;49
400;697;2
597;380;2
485;196;38
608;369;15
224;910;43
440;654;38
702;849;2
443;188;8
876;814;21
623;246;1
424;599;3
533;257;8
526;77;20
440;774;38
833;416;30
512;741;3
255;562;35
928;718;4
550;525;6
813;982;22
400;733;31
835;904;20
80;484;43
891;390;1
48;614;13
545;41;29
578;914;42
573;736;41
759;944;20
826;117;33
776;409;44
38;262;27
311;804;47
922;486;2
430;492;19
256;219;28
833;266;19
177;561;25
620;662;44
922;251;38
35;417;43
298;797;45
395;217;26
151;580;5
948;527;24
748;225;1
478;715;30
546;320;29
41;204;5
205;648;27
582;603;35
527;466;17
560;264;46
194;500;36
226;633;44
333;650;38
183;709;8
164;781;25
611;916;20
871;685;24
160;871;35
54;20;5
225;918;46
802;492;23
547;302;22
506;200;34
165;851;9
192;41;47
872;102;16
529;260;43
282;255;3
138;529;45
231;774;2
162;964;37
313;485;21
92;746;22
63;20;11
450;691;26
202;629;14
193;314;16
943;178;25
458;474;14
457;101;21
279;15;20
540;729;15
927;14;27
971;889;28
550;722;34
608;939;6
667;438;3
998;270;25
522;554;25
43;742;33
946;632;48
935;648;3
175;615;39
906;748;46
359;215;25
924;332;6
348;598;33
584;647;47
686;988;16
165;176;37
967;18;11
397;513;37
803;998;40
80;207;38
575;974;14
666;25;11
751;631;20
833;554;33
881;757;45
198;602;3
659;765;24
643;33;24
858;483;10
464;861;48
822;746;25
79;679;50
27;19;47
305;206;2
818;417;36
935;627;2
290;68;9
285;939;22
563;453;48
343;971;46
796;562;8
702;632;7
79;199;34
591;517;14
95;574;8
502;648;20
386;748;20
976;798;13
846;66;30
864;910;1
185;576;13
603;747;34
878;28;46
306;338;26
455;99;3
96;854;45
405;438;1
728;510;2
605;120;13
480;257;4
250;183;24
119;279;14
682;284;15
873;991;22
695;456;14
293;576;33
459;633;31
490;321;45
370;550;4
186;98;6
685;799;38
835;372;5
115;128;13
165;632;49
446;411;34
348;768;10
583;918;31
758;182;47
490;519;12
712;651;16
627;221;45
747;409;22
313;422;31
853;525;42
116;425;18
58;922;50
790;459;12
74;710;40
354;809;50
802;675;29
827;837;13
908;850;48
29;969;39
190;156;42
657;257;9
717;845;28
311;551;10
80;71;12
988;411;18
363;370;30
8;413;10
389;334;36
819;162;14
730;6;5
1;223;44
602;638;4
846;736;9
190;833;42
831;297;29
908;597;18
377;395;2
216;390;13
841;879;35
301;575;45
806;300;32
523;16;17
341;745;45
967;773;23
559;225;24
483;477;38
900;801;8
201;630;48
193;273;45
619;824;49
61;428;29
345;807;49
317;283;12
720;350;44
510;795;5
406;94;28
216;835;5
502;915;32
199;908;40
19;300;10
571;371;34
142;469;1
977;105;6
298;216;47
365;266;21
681;814;18
891;771;22
995;64;41
669;763;3
53;432;7
509;819;16
351;778;1
196;805;11
274;226;3
293;422;28
125;296;48
391;443;25
280;863;6
21;404;30
736;738;34
611;535;16
768;78;15
656;517;18
635;629;33
258;288;28
389;125;18
313;967;15
107;800;30
595;453;39
822;79;15
563;727;43
448;247;19
7;76;43
171;877;36
151;939;11
127;769;7
342;356;11
392;354;3
583;449;50
15;619;25
536;364;29
418;590;6
410;895;12
374;263;17
431;470;26
988;365;29
280;887;5
487;183;25
2;531;36
429;521;50
636;605;2
451;10;35
998;628;5
57;242;44
88;783;11
753;849;47
566;603;33
753;326;22
956;209;2
515;819;10
538;508;11
545;612;43
136;995;14
39;148;14
204;859;3
37;267;44
321;169;1
607;316;8
5;811;24
705;144;23
944;950;8
325;756;46
631;800;45
547;29;42
252;381;12
471;890;6
340;74;8
270;765;22
954;469;12
571;565;4
332;783;18
892;622;26
507;39;5
118;268;10
109;108;12
424;926;16
507;558;35
191;384;43
499;968;6
63;22;28
522;195;25
35;146;23
984;636;14
985;548;37
202;571;25
229;63;4
381;659;47
289;898;20
704;431;39
548;575;48
463;554;21
54;173;39
80;39;13
337;796;50
845;925;17
148;201;36
377;467;14
84;255;30
358;918;43
596;128;46
695;830;38
866;135;31
401;218;17
844;314;17
822;544;37
597;914;21
948;186;46
818;447;41
107;391;24
424;453;37
527;547;23
979;407;18
551;75;35
606;153;16
417;147;35
612;116;47
173;156;50
470;98;46
160;896;33
91;934;3
674;361;7
964;868;14
175;599;33
948;412;29
372;935;44
735;881;43
912;213;12
403;468;27
746;883;50
403;603;14
626;654;28
946;280;31
523;45;8
859;424;26
444;88;17
446;233;44
146;42;34
773;594;10
24;235;25
524;904;12
206;966;4
241;5;3
211;264;23
208;691;10
640;67;37
2;707;41
964;255;3
861;481;4
213;604;16
223;254;13
397;916;1
355;811;26
522;177;48
81;443;12
264;715;5
208;91;9
106;439;3
850;126;41
449;4;40
902;914;3
23;592;15
642;669;35
259;346;2
210;391;26
816;996;14
954;502;16
448;64;32
627;650;29
481;703;36
828;795;19
208;911;19
231;37;46
630;548;29
814;324;17
127;322;50
665;384;8
493;974;8
773;913;35
318;267;4
22;527;42
407;263;11
343;986;37
918;15;45
214;200;45
899;369;33
561;125;50
476;500;45
360;886;38
447;561;3
240;867;4
92;428;20
198;828;48
236;787;8
828;792;41
669;890;49
696;831;7
942;505;31
223;230;12
757;858;18
100;101;2
12;5;15
236;93;7
587;494;42
145;970;27
90;733;4
507;49;13
71;995;12
693;374;29
817;765;4
48;728;19
735;762;30
772;712;46
791;295;23
756;174;43
143;139;40
584;574;29
273;568;34
404;399;18
765;836;13
416;844;50
194;404;47
470;553;32
527;368;7
769;813;43
118;425;20
811;491;32
739;820;12
337;218;50
600;416;47
567;398;15
882;235;4
633;453;32
76;287;49
764;550;19
49;594;12
146;289;7
578;812;32
877;445;15
693;486;12
176;609;24
448;780;33
255;581;35
849;945;23
515;411;48
651;969;40
362;336;5
278;708;26
117;256;35
309;166;13
998;775;20
333;658;34
958;67;45
160;2;36
215;413;21
65;985;28
818;252;13
212;97;13
1000;803;3
345;955;9
843;552;42
461;705;19
778;863;10
728;999;10
572;771;35
929;850;1
118;87;27
957;477;17
986;438;1
601;243;19
989;799;30
239;421;10
7;399;10
388;908;42
473;180;15
319;249;33
605;937;2
868;107;43
535;983;2
112;97;42
760;786;15
177;437;18
701;433;35
857;419;36
368;739;33
729;292;36
199;925;43
474;716;44
474;578;12
914;823;39
90;317;38
596;430;2
363;178;34
823;771;49
194;651;23
138;342;48
769;316;22
462;756;2
893;104;10
582;146;14
69;575;1
91;503;21
308;530;13
238;421;47
552;562;8
5;944;24
922;887;26
989;216;6
321;754;28
111;843;42
620;119;1
653;30;48
745;126;21
266;490;33
197;157;24
665;563;32
388;151;25
215;297;10
684;423;11
705;569;7
340;53;31
313;393;23
67;684;2
150;96;26
803;437;2
31;720;14
957;626;32
877;320;36
109;326;40
39;793;1
500;419;3
953;101;36
872;626;36
550;813;45
109;324;24
552;671;18
249;649;25
317;94;14
690;797;36
231;372;30
268;281;20
263;436;42
708;72;35
449;212;29
576;753;28
566;558;21
274;665;13
314;487;8
93;172;39
804;687;26
57;348;5
225;318;28
643;483;14
109;394;44
968;452;31
436;540;48
848;211;50
42;588;42
239;345;34
77;560;28
70;157;7
753;205;45
29;586;14
906;417;45
582;508;39
896;690;31
613;96;17
818;438;1
381;176;42
641;586;4
324;467;27
986;656;43
626;745;5
272;746;38
536;174;39
127;765;21
145;783;11
736;720;2
599;799;42
14;803;44
800;710;20
100;737;32
114;650;35
487;805;20
483;422;45
651;671;9
205;931;35
680;743;10
798;328;8
227;323;18
861;298;50
29;10;41
126;813;47
558;299;29
46;450;2
124;771;44
181;640;28
307;576;18
735;682;35
847;709;26
376;667;12
596;719;3
395;797;4
442;192;9
239;390;32
949;418;36
886;614;24
644;878;18
752;676;37
725;130;35
490;204;43
818;225;42
368;288;6
869;187;43
492;388;46
671;300;39
344;100;34
190;380;45
662;483;23
879;860;7
200;913;18
320;850;1
179;187;30
442;681;4
883;202;19
356;312;39
273;54;50
933;190;4
54;642;17
12;45;7
560;959;16
284;521;6
887;638;6
546;218;33
933;991;10
396;857;11
542;310;50
420;87;45
298;291;1
148;91;30
306;636;13
791;169;46
133;731;43
35;623;1
26;638;3
617;146;12
186;566;9
564;693;49
119;16;48
42;420;14
159;42;20
141;527;34
803;769;42
195;372;1
827;432;11
111;547;9
184;736;18
807;952;31
548;916;1
352;238;7
816;784;18
983;188;34
746;330;49
60;983;37
116;997;9
199;471;31
516;581;2
578;286;44
716;338;32
623;84;45
567;874;50
306;880;5
73;891;43
668;112;28
461;817;14
995;345;14
130;77;23
677;456;35
985;997;25
610;77;36
506;381;11
587;196;21
572;250;46
31;5;45
211;749;5
113;964;29
107;675;8
89;890;20
401;379;18
17;222;36
561;702;6
945;32;42
733;651;45
399;265;40
348;167;33
68;649;12
669;317;38
560;873;44
782;298;50
865;387;32
460;137;36
994;535;1
377;469;46
979;600;32
219;877;46
960;468;6
534;723;39
648;762;23
812;81;40
53;931;9
451;851;26
151;689;3
631;721;4
542;216;2
657;247;28
639;65;40
731;673;23
741;481;5
55;866;25
172;35;32
59;391;21
320;871;32
284;447;28
770;410;24
674;360;12
927;899;5
503;60;33
588;816;33
871;765;13
477;307;42
342;461;45
867;388;17
331;891;40
652;18;12
114;321;39
59;318;25
605;969;13
276;203;12
316;982;30
139;53;37
173;397;26
303;487;25
956;59;40
217;127;30
886;723;44
305;495;45
843;16;24
944;936;32
805;204;45
730;808;30
626;826;33
672;928;2
32;118;9
396;409;26
613;288;35
834;687;24
650;14;40
905;640;32
74;980;50
863;219;19
563;414;9
910;228;6
59;600;11
45;298;23
588;677;50
510;484;16
339;198;22
157;546;36
9;986;28
611;693;29
581;426;50
812;997;42
721;148;41
335;658;37
183;296;39
500;618;12
415;466;41
378;996;10
101;5;10
686;687;36
883;466;9
320;289;12
666;259;23
830;338;11
483;8;44
154;761;20
721;222;31
579;454;23
251;325;21
262;364;12
305;685;28
585;26;30
701;946;13
149;281;32
654;270;44
781;277;30
571;95;50
872;824;25
428;906;30
509;605;22
639;660;40
711;687;38
214;441;18
202;622;45
300;907;16
263;362;32
916;571;38
884;808;40
894;89;20
742;747;27
387;740;26
752;673;47
764;960;15
813;274;45
158;90;25
248;145;15
151;97;19
971;279;12
954;101;31
222;76;39
475;851;35
57;723;49
279;11;38
55;546;12
987;963;40
302;757;17
305;69;40
648;449;28
442;15;35
744;457;28
694;675;33
904;892;49
52;691;10
588;747;43
402;616;47
506;700;46
939;663;22
651;658;39
718;274;11
741;372;37
774;475;31
355;288;38
711;802;16
963;898;39
188;824;27
655;246;3
602;539;20
698;954;11
295;357;3
266;317;27
613;218;12
818;404;30
365;691;34
254;295;36
480;449;48
59;861;43
552;525;11
197;429;21
34;545;4
754;755;38
237;871;43
977;699;7
976;203;25
904;873;34
274;842;7
94;534;30
511;74;27
720;322;49
498;258;33
104;470;33
426;296;14
308;362;3
979;957;27
955;646;3
911;242;27
834;600;45
143;616;3
391;97;46
179;618;20
816;927;11
399;415;11
901;624;50
22;592;46
593;395;32
628;537;29
770;718;8
257;61;20
634;96;18
112;117;17
565;581;30
323;117;1
751;534;38
850;781;32
568;570;33
411;239;29
843;753;5
967;222;12
136;820;9
648;283;48
784;541;32
620;90;39
138;834;30
411;56;8
667;310;50
257;66;22
523;163;9
957;185;34
483;28;21
496;699;13
883;815;28
61;258;37
62;485;12
532;68;4
415;444;49
681;84;41
32;717;48
701;913;2
584;603;16
494;321;45
761;264;9
760;559;35
908;161;31
914;437;11
306;807;50
899;628;42
744;451;47
878;747;34
772;328;46
295;867;25
80;640;13
656;792;39
253;368;12
167;377;20
132;251;25
270;72;25
480;484;22
373;432;33
391;409;48
175;194;38
727;501;41
644;685;27
334;885;49
203;953;28
560;336;37
745;479;48
115;620;33
42;1;42
978;989;32
452;375;24
204;507;41
850;547;39
131;815;38
570;319;24
341;429;6
810;774;42
551;698;6
189;417;37
653;760;25
579;27;32
847;803;40
924;692;43
304;128;9
269;477;43
379;864;31
21;837;12
906;4;7
447;74;45
854;48;40
850;824;11
483;509;24
352;753;17
669;68;39
735;834;19
829;558;37
106;306;31
867;669;45
42;190;11
894;525;7
182;475;4
700;551;24
516;88;31
307;505;7
266;197;7
556;370;33
93;768;48
475;964;28
382;723;36
164;370;26
460;246;26
940;192;30
510;483;31
376;428;47
740;566;2
637;790;44
386;364;8
184;768;41
211;169;37
913;418;33
224;803;48
369;189;24
980;633;3
27;331;28
387;811;11
279;992;49
909;151;33
27;470;34
589;152;41
490;678;31
795;922;28
709;523;14
279;39;10
402;216;38
34;582;13
81;73;33
977;108;47
800;262;42
58;191;50
803;171;31
172;185;47
123;163;47
852;201;14
641;316;39
804;991;30
299;696;14
274;637;33
316;695;25
699;267;4
174;333;19
389;114;7
276;839;17
544;408;7
21;337;14
496;485;34
987;190;46
486;83;17
650;243;46
170;606;29
973;258;45
888;72;25
689;664;42
25;202;14
322;370;32
698;152;24
47;12;30
723;487;20
40;263;12
851;309;3
644;197;18
271;679;14
482;438;25
135;131;25
344;667;9
720;804;37
262;42;22
464;747;10
797;836;31
962;132;34
463;991;32
428;510;34
58;994;20
862;154;46
983;321;44
761;331;49
895;695;15
800;425;45
375;372;34
420;830;6
74;345;22
809;485;31
877;221;4
233;230;46
212;296;22
887;64;12
66;446;3
636;211;44
856;446;33
640;974;20
255;423;2
126;2;14
482;981;25
15;430;43
546;257;47
994;637;47
937;675;48
37;205;12
409;741;24
983;346;39
161;842;22
361;528;48
971;681;45
712;536;33
159;300;4
763;198;4
575;803;19
359;937;26
233;868;6
571;408;45
226;623;20
984;335;11
18;471;11
39;671;2
482;395;7
329;14;23
367;904;34
801;281;21
329;682;11
495;523;19
185;763;35
592;639;24
279;214;35
627;544;10
696;465;16
750;333;5
416;831;41
635;708;4
904;105;24
863;111;42
366;41;20
829;178;3
498;592;34
186;669;19
732;851;22
989;725;30
474;271;14
48;667;25
687;514;44
663;678;43
649;506;23
266;704;5
754;244;35
752;507;20
879;56;27
600;760;34
462;560;33
575;948;37
734;358;6
660;568;47
539;451;49
761;340;26
541;478;46
926;102;16
262;407;34
289;938;50
664;556;38
864;971;47
72;405;39
653;195;8
193;257;47
866;510;29
744;475;18
389;285;31
110;488;45
777;662;46
381;623;48
318;257;13
375;310;36
577;628;49
92;761;12
557;109;2
842;342;30
843;498;28
329;22;4
143;237;23
500;561;8
632;708;10
45;417;17
989;588;33
214;444;48
971;418;34
931;669;33
372;451;14
985;796;20
669;688;7
112;39;3
793;326;33
848;756;28
770;842;38
390;783;17
948;31;41
658;86;29
26;199;24
627;790;17
971;121;19
584;952;24
571;544;19
284;737;20
991;850;28
305;717;30
858;677;30
649;996;41
852;340;41
584;652;1
897;61;15
125;59;32
737;529;27
246;382;2
338;248;23
99;49;13
463;618;22
418;888;14
26;675;19
983;804;7
62;716;13
313;64;27
954;63;35
71;456;26
626;471;3
811;44;17
111;351;25
333;809;39
660;555;24
765;69;8
754;980;11
780;582;44
964;896;25
437;498;29
50;143;3
436;47;1
852;817;46
885;993;19
742;290;43
642;327;22
905;974;49
623;992;25
360;683;49
640;917;49
890;276;36
249;738;22
99;598;23
781;388;8
90;522;11
821;988;13
357;102;13
50;44;48
841;385;5
568;111;20
593;481;36
361;608;41
438;168;16
14;759;29
260;325;13
715;391;50
369;395;18
702;777;27
831;731;16
462;479;20
700;879;32
839;436;48
709;174;47
312;388;17
729;956;12
951;574;43
618;567;42
732;487;16
935;302;31
611;718;35
756;545;26
943;945;36
902;729;29
24;601;44
23;300;19
583;487;29
745;232;2
301;430;22
865;328;17
79;832;44
395;792;45
395;156;47
181;809;21
42;523;6
929;247;48
603;963;7
867;401;17
755;948;39
639;796;22
403;343;38
941;190;45
494;702;19
830;698;31
412;968;11
837;242;50
118;779;28
690;230;19
890;343;13
722;377;14
402;358;50
706;122;41
545;595;39
530;178;49
390;755;24
361;396;1
688;416;12
354;285;22
251;733;45
457;631;22
502;416;50
993;613;43
644;749;47
622;989;11
830;68;12
948;923;16
125;83;17
752;726;36
808;659;1
762;239;22
208;829;45
138;849;30
902;747;11
376;915;12
447;62;46
167;477;48
158;732;3
567;902;5
960;481;36
524;556;1
787;408;38
186;962;39
801;259;23
448;612;7
819;609;11
877;147;32
113;222;11
39;282;34
949;563;4
728;69;18
631;466;26
142;629;41
586;736;50
113;697;48
283;815;37
848;107;16
4;546;43
1000;187;18
262;54;48
759;923;1
143;442;43
12;434;43
704;374;14
198;527;36
563;175;31
43;493;25
917;859;18
810;388;21
651;995;24
616;207;29
739;785;14
817;521;10
694;543;49
94;712;38
652;479;47
778;489;38
615;453;33
946;736;15
636;351;17
740;422;43
219;205;40
764;184;47
431;2;29
307;324;1
750;985;43
478;879;4
465;194;3
475;798;17
162;539;40
502;237;48
90;639;45
385;120;23
222;198;27
814;839;17
589;539;16
487;265;15
47;266;43
884;145;32
573;106;15
908;739;13
766;680;19
700;145;45
892;777;24
614;962;10
710;813;3
553;742;31
744;880;20
935;814;24
840;339;8
299;444;21
611;899;7
388;541;20
925;827;1
915;730;29
390;594;5
420;153;41
79;831;26
395;11;29
618;265;50
253;915;48
236;643;39
601;22;32
388;699;8
82;242;2
968;146;11
603;466;43
284;704;21
897;995;34
86;822;11
757;121;19
858;589;10
56;958;8
964;593;1
117;208;48
437;11;14
303;121;50
768;8;16
848;936;34
784;689;23
56;181;5
994;592;3
230;84;48
273;28;27
195;226;20
999;504;5
113;576;50
248;557;26
766;128;36
384;733;47
956;595;16
370;97;15
337;269;26
917;85;14
935;32;35
953;684;3
127;869;42
138;954;44
47;95;34
553;672;7
880;82;45
60;359;14
570;787;8
841;435;11
923;984;10
527;353;31
713;911;45
419;868;39
40;613;10
888;604;49
719;802;7
56;222;36
364;403;42
650;630;44
966;852;36
76;262;35
605;2;39
31;737;34
802;213;42
650;631;29
853;53;24
797;409;21
229;617;25
213;638;8
259;224;45
514;989;24
290;33;6
988;808;26
236;69;46
486;890;8
262;521;41
928;872;44
128;113;14
732;74;44
937;961;19
589;629;41
104;855;26
236;52;3
539;555;14
578;936;25
870;775;30
657;692;4
722;841;6
165;828;49
693;795;6
906;211;7
744;944;22
94;119;43
950;680;4
127;737;6
233;20;3
495;805;43
900;132;7
770;750;3
187;961;50
135;252;19
566;665;2
783;280;25
199;148;29
802;762;6
740;334;43
817;462;29
445;860;43
53;860;30
349;725;28
675;339;16
124;537;26
282;569;8
780;229;43
168;101;8
837;195;48
547;318;4
536;229;35
716;375;33
450;382;36
327;731;19
704;577;37
591;443;33
853;497;35
714;720;16
796;685;21
92;243;1
340;130;27
47;905;32
643;376;50
729;393;22
860;791;44
496;556;29
655;810;47
522;389;2
317;319;35
91;459;35
456;394;17
247;734;14
420;543;4
555;801;22
556;29;12
777;302;31
445;106;2
675;928;41
406;674;42
154;824;17
138;696;17
132;115;3
624;355;12
26;138;20
27;896;8
895;670;7
518;54;6
143;345;6
571;993;14
806;351;45
537;960;44
437;797;36
484;946;33
884;984;47
28;459;5
403;274;32
407;842;24
612;931;41
535;774;13
775;544;7
764;594;7
167;586;9
246;370;9
808;617;3
193;431;4
686;706;15
229;677;21
393;796;28
137;724;19
632;2;2
938;518;41
943;314;4
732;509;2
749;996;21
606;88;3
896;429;33
261;214;2
392;288;22
210;716;33
132;80;34
997;619;14
196;104;12
563;415;47
568;367;31
811;97;37
44;597;41
890;123;12
502;163;35
78;218;10
942;909;37
490;408;13
97;450;6
896;431;31
847;426;49
828;73;42
312;654;50
987;778;49
863;990;10
59;24;39
987;107;40
495;520;7
928;309;37
298;313;31
878;468;35
523;684;12
566;339;11
802;28;14
156;45;45
439;788;47
551;337;19
778;938;12
143;90;5
569;168;3
710;86;10
267;979;22
318;500;46
22;803;4
256;411;46
852;430;30
292;379;41
138;51;31
534;678;5
909;621;38
919;858;46
480;562;31
447;742;28
1000;284;23
684;593;23
476;568;30
353;12;13
394;844;37
350;892;22
141;126;28
652;307;2
303;16;3
894;825;7
512;208;19
276;582;28
4;867;17
474;616;35
664;775;49
257;871;28
670;411;5
661;100;44
225;802;8
645;352;19
952;407;36
800;518;27
915;112;26
274;537;28
764;704;9
500;337;39
260;939;22
757;481;5
615;495;32
293;960;16
989;395;24
658;618;45
479;380;35
67;644;31
878;381;35
997;357;24
809;166;34
366;458;40
686;128;2
867;972;23
795;220;25
598;2;10
586;691;15
947;669;40
825;326;2
542;427;13
446;142;6
165;52;39
620;200;44
827;763;33
809;754;18
453;313;20
165;101;25
950;875;1
690;358;18
492;48;13
183;453;42
419;199;32
48;801;4
947;503;13
587;339;38
69;60;18
679;110;34
997;738;35
181;669;46
271;994;14
998;872;11
752;258;12
469;985;29
920;609;44
973;954;5
655;180;48
865;976;12
987;65;16
291;314;45
512;845;43
118;234;24
657;403;4
717;275;15
389;747;38
118;717;22
517;684;25
531;965;46
922;838;34
372;11;14
299;783;15
93;99;10
298;221;4
659;32;46
461;842;30
874;751;18
189;748;11
252;645;49
283;490;31
904;877;38
138;898;32
431;909;22
765;713;17
678;938;1
933;58;17
74;353;45
719;646;21
406;728;9
838;735;24
885;393;46
433;540;23
961;320;48
774;650;33
935;321;16
657;714;44
659;523;4
39;311;23
474;502;9
679;434;12
164;862;19
23;67;17
337;820;25
460;311;29
120;505;27
712;370;47
810;118;3
766;574;31
310;579;22
535;844;39
56;601;8
116;374;48
700;485;26
167;95;25
176;813;46
306;323;30
435;609;5
665;670;29
828;306;36
872;508;22
895;677;43
915;441;14
260;779;25
756;420;40
278;177;13
904;553;32
922;359;22
41;442;49
318;894;36
731;894;48
909;243;2
105;778;33
761;587;23
986;588;20
339;446;30
680;533;50
211;148;39
251;771;35
506;575;44
248;657;28
941;441;19
689;468;11
163;661;38
448;26;14
332;436;43
608;45;43
266;352;15
488;317;28
102;480;41
766;183;37
657;607;22
978;638;25
121;577;48
288;928;49
152;434;5
768;192;41
516;317;23
286;123;11
693;300;3
310;419;17
845;378;47
522;617;46
868;532;32
787;714;34
601;592;45
287;329;11
336;187;2
85;407;26
423;306;45
197;33;16
636;988;4
938;906;50
620;608;25
420;154;43
447;1000;49
966;811;1
991;964;26
644;634;45
717;12;37
414;241;50
173;703;45
781;20;46
386;145;46
751;354;40
328;424;36
457;523;6
625;558;3
60;883;43
545;265;31
220;532;23
387;493;44
731;834;45
125;366;49
916;305;10
587;24;6
739;93;32
691;674;10
985;66;32
717;55;6
836;527;20
132;728;17
451;647;5
838;736;16
498;57;13
356;611;16
380;737;25
302;403;22
840;315;45
278;738;20
442;480;4
10;360;48
790;150;41
245;964;46
266;61;2
510;814;9
359;402;35
5;980;48
659;600;50
391;530;41
569;185;41
1;721;4
917;589;37
254;737;17
897;206;22
573;709;24
293;303;8
528;699;1
875;920;31
132;912;31
95;551;36
3;997;33
675;184;45
341;152;28
808;590;39
890;834;26
227;186;19
527;416;44
302;543;35
977;750;7
754;976;39
548;394;42
101;241;2
435;441;31
501;833;27
714;946;24
921;288;7
328;179;28
52;16;33
325;416;39
242;44;33
173;881;50
548;808;23
1000;18;48
183;274;12
35;579;46
365;141;15
668;244;9
866;847;18
857;552;11
143;910;48
920;157;30
589;843;8
21;753;13
670;582;3
422;735;9
176;482;24
380;126;6
631;666;50
599;995;7
23;15;47
11;327;14
614;52;45
53;167;25
611;562;32
790;234;27
902;13;43
959;661;15
92;177;13
85;164;39
132;161;37
179;161;39
241;571;34
582;319;35
912;292;26
228;62;34
990;191;22
445;409;49
729;874;9
571;934;27
887;452;18
232;532;23
604;948;19
370;525;15
422;627;30
479;702;44
282;14;19
972;169;41
294;655;40
649;238;44
187;180;13
753;464;15
162;805;5
1000;905;36
106;629;24
782;198;29
583;807;50
918;831;3
870;455;35
378;337;45
313;810;10
728;38;47
530;193;25
451;931;2
174;632;37
32;857;22
546;296;36
119;947;46
652;545;20
25;301;25
99;801;19
432;825;29
633;939;47
187;74;45
222;885;6
759;300;22
366;345;29
102;138;14
185;234;27
258;50;22
807;769;32
131;48;4
130;549;26
337;971;47
516;381;31
293;855;41
609;29;3
282;954;15
196;387;6
582;213;9
233;179;25
589;234;12
972;369;48
846;275;18
474;597;14
234;961;11
579;593;28
286;986;45
422;257;45
719;844;43
984;395;31
515;125;26
246;742;48
230;647;33
738;504;36
453;566;46
369;782;27
59;782;27
770;467;32
254;743;49
321;871;48
108;333;34
768;731;50
23;760;3
337;121;11
714;905;11
976;468;8
246;86;4
663;945;47
549;641;43
600;708;12
268;535;7
538;572;45
941;12;30
1000;169;47
587;848;50
464;615;16
882;544;48
269;336;19
196;79;35
783;418;35
773;941;37
931;242;23
949;907;25
502;469;18
945;756;43
374;719;29
9;285;13
48;314;28
634;552;12
125;557;5
762;347;13
452;410;27
22;663;2
579;82;18
681;280;33
876;627;32
754;932;12
802;85;23
454;850;13
8;846;11
843;964;36
925;532;7
195;441;49
630;502;31
837;844;20
625;671;24
866;280;48
496;252;30
314;564;42
737;978;10
190;115;9
315;824;8
856;554;24
731;592;49
46;628;3
447;378;50
37;389;38
483;396;10
677;163;34
480;550;8
920;28;23
675;753;47
879;64;46
432;277;32
613;323;9
245;90;17
46;679;33
222;624;23
411;658;29
127;772;19
434;896;22
408;982;8
793;482;22
520;656;39
318;408;6
729;143;44
715;908;9
268;94;32
799;481;32
135;689;42
715;704;1
505;771;36
647;819;6
131;743;21
203;39;46
196;267;26
304;924;32
46;537;41
431;878;13
196;210;11
596;658;41
700;949;17
304;448;26
665;485;21
312;179;31
680;493;28
196;230;16
594;902;39
504;62;24
461;971;42
194;702;24
402;526;24
925;378;14
940;31;46
850;765;32
814;19;6
787;464;17
910;976;4
377;450;45
92;762;7
183;398;35
776;896;31
163;361;2
290;518;17
621;121;30
745;881;16
273;278;39
527;103;32
869;118;22
218;667;42
613;246;48
786;464;31
634;692;23
159;135;30
739;52;47
762;248;36
536;143;24
784;732;32
454;708;2
373;651;50
426;840;26
778;916;30
375;102;33
812;525;1
46;443;38
442;386;46
81;939;19
845;180;37
330;575;37
204;401;41
389;831;12
790;338;2
926;23;46
581;339;41
624;312;34
795;92;41
511;875;40
222;390;10
400;593;31
826;37;2
331;103;19
121;60;38
298;385;3
11;679;22
313;837;43
979;387;22
696;699;35
605;925;15
931;560;29
565;62;41
167;626;10
76;413;45
913;616;31
419;144;15
202;301;20
780;856;29
238;372;19
86;74;50
784;392;34
129;320;33
552;677;1
636;858;5
7;579;17
975;144;43
197;433;9
414;246;39
789;189;40
327;901;11
161;896;31
399;14;20
607;534;36
808;666;33
412;919;1
422;551;7
154;32;8
230;633;22
26;358;34
104;389;3
983;824;11
321;125;18
211;184;25
387;465;16
195;814;8
685;691;7
953;431;21
330;384;34
364;637;42
809;841;38
641;537;23
400;165;37
640;896;10
798;774;46
672;43;36
789;917;11
702;579;28
806;561;37
823;264;22
674;145;34
407;282;14
975;501;7
891;598;29
322;786;32
303;266;4
659;177;18
11;134;13
334;653;25
109;881;22
757;766;1
461;663;11
883;142;19
650;635;23
442;9;20
611;365;3
996;401;37
294;395;12
257;121;11
207;387;12
886;443;18
453;203;45
185;601;32
863;330;19
285;968;5
752;225;11
990;6;21
346;533;36
250;935;49
488;431;7
16;868;17
647;528;4
173;639;21
184;666;30
232;208;16
392;478;8
597;496;47
471;254;46
788;761;48
774;992;19
967;737;45
661;179;2
495;458;17
722;890;8
318;872;34
475;351;14
24;718;32
875;497;47
418;262;36
22;80;36
799;378;19
126;924;22
466;978;31
656;142;11
116;110;32
968;679;26
902;287;3
493;971;32
216;617;6
842;81;19
97;380;15
791;631;22
771;856;4
288;573;41
867;439;35
118;56;25
405;147;27
191;423;1
268;422;17
625;310;12
873;172;50
866;613;31
668;667;10
393;244;7
540;365;6
336;709;5
590;394;19
976;801;4
604;573;7
446;574;50
197;282;14
62;847;42
44;471;28
131;351;36
95;405;34
739;659;12
677;983;17
541;541;32
661;845;8
294;786;43
431;802;40
86;33;6
452;460;35
817;828;35
748;665;23
203;486;3
589;94;35
391;10;5
974;857;14
386;552;17
256;990;25
675;251;9
360;378;16
590;208;6
680;403;10
806;484;26
1000;267;18
954;884;33
879;207;5
885;541;45
925;383;20
783;277;24
338;979;14
685;64;18
644;230;6
427;809;12
863;313;37
204;52;34
645;770;23
775;423;46
137;271;29
462;711;24
506;220;20
924;594;25
318;860;27
248;553;38
200;338;2
690;597;50
287;665;46
781;541;24
167;288;10
726;429;13
39;838;41
635;754;29
180;456;6
662;684;36
351;46;47
16;736;37
223;784;29
195;682;30
893;161;36
574;686;32
54;903;46
243;887;28
476;358;45
873;919;18
201;587;5
354;13;1
110;819;27
401;84;40
648;842;9
332;281;10
174;857;4
760;780;7
495;939;2
79;472;45
346;808;29
178;313;30
18;456;20
970;782;49
758;211;26
548;468;10
683;698;37
766;602;17
10;352;1
283;496;9
521;698;19
22;23;49
269;936;13
795;507;36
476;688;26
304;724;29
203;406;19
512;671;12
556;146;19
351;139;12
401;495;30
108;185;49
984;850;30
986;623;28
257;165;42
157;537;17
946;372;40
590;943;50
128;792;4
490;392;15
800;27;20
36;535;9
773;291;1
298;567;12
430;927;35
560;103;34
644;944;18
498;916;17
112;821;14
398;300;33
224;777;12
449;535;38
988;204;47
554;523;50
454;699;8
866;673;36
620;735;40
820;860;38
13;272;48
341;30;22
346;60;33
165;36;4
364;384;48
698;961;17
181;24;13
874;379;41
860;84;38
220;654;16
1000;868;41
634;372;23
27;360;34
358;533;22
522;344;38
966;516;21
442;971;20
221;649;29
985;483;9
894;162;23
486;77;25
225;136;31
704;180;11
283;390;17
370;669;23
857;900;37
832;201;25
526;397;8
222;838;8
25;504;13
787;850;42
955;352;50
472;628;5
59;862;38
356;608;7
506;837;9
360;687;37
424;116;5
747;23;16
707;438;25
410;92;14
58;583;47
565;821;47
860;718;5
899;620;48
520;431;10
745;199;4
322;730;23
718;907;33
885;618;28
909;943;5
809;156;31
952;710;19
229;340;45
352;340;16
137;796;22
119;336;18
181;84;17
449;509;12
445;696;14
105;2;45
574;241;21
701;851;27
946;332;25
592;838;35
477;755;35
238;131;45
786;355;31
203;248;45
322;118;50
123;235;32
871;249;36
68;1000;19
365;772;38
920;783;14
613;664;25
653;979;49
648;675;24
323;470;12
20;718;50
327;206;40
344;736;50
437;361;4
470;469;20
451;30;25
403;87;21
162;419;49
161;814;41
434;441;24
428;918;47
861;882;33
147;109;32
459;611;8
541;816;37
924;898;41
488;298;10
615;161;26
453;441;13
89;946;8
856;158;26
204;578;44
117;893;4
846;830;19
552;79;2
492;837;19
941;5;27
106;579;20
867;945;27
769;37;1
213;527;20
573;890;39
361;450;20
648;697;1
542;537;17
677;477;46
989;785;43
23;48;11
959;659;48
285;918;37
796;107;7
373;97;17
675;222;1
704;893;34
328;442;50
788;824;18
321;164;26
62;520;10
45;356;16
846;755;22
340;845;34
874;389;22
675;429;13
257;948;39
625;867;43
71;499;15
473;434;5
528;898;41
960;67;46
718;952;47
770;586;4
968;568;32
802;641;6
109;276;31
337;329;13
411;894;18
473;631;2
959;467;7
951;19;41
965;62;13
246;250;27
339;481;22
581;682;7
305;342;28
340;473;39
283;342;44
349;646;11
759;860;24
931;971;28
123;881;31
602;920;12
556;367;36
407;332;37
43;537;26
799;674;25
438;690;45
31;203;30
490;215;30
717;757;46
715;707;9
874;235;24
464;41;3
382;303;16
325;841;43
988;517;19
870;264;11
230;232;23
524;915;16
687;574;36
574;497;24
641;185;48
408;957;16
661;810;18
306;384;30
567;753;33
681;414;43
811;77;50
579;561;13
372;4;23
246;716;48
519;177;2
455;441;47
900;746;25
863;888;26
123;609;47
271;19;22
394;152;31
831;773;34
906;370;35
443;429;9
169;926;45
401;820;30
40;897;9
195;409;44
493;515;22
903;909;49
181;624;41
631;987;27
31;587;32
235;930;5
189;361;24
336;406;13
989;56;6
408;174;41
501;776;36
255;403;45
204;243;38
970;556;23
130;938;21
18;257;45
405;347;36
131;555;25
335;573;39
566;173;27
953;586;21
867;490;31
57;60;38
319;308;32
855;827;29
119;970;44
527;338;27
864;263;44
438;961;28
12;248;32
85;421;49
302;111;29
843;146;3
126;502;27
21;10;8
46;974;29
496;562;37
74;422;30
698;15;19
342;183;5
528;612;2
394;834;42
865;84;26
137;147;30
891;51;27
15;226;35
821;236;47
947;112;44
810;806;46
377;331;41
878;928;27
101;135;26
480;625;2
979;889;7
806;203;3
962;729;36
907;744;14
50;561;3
274;504;9
335;486;8
414;454;30
364;317;31
785;816;5
705;10;11
676;340;50
566;549;19
771;425;37
975;493;50
188;92;5
239;806;15
831;657;29
681;943;48
948;605;41
25;755;20
97;576;4
304;750;30
75;152;47
637;781;49
368;316;21
172;589;35
367;961;28
319;519;29
700;906;47
63;225;30
783;762;31
987;595;33
79;3;33
678;447;13
31;250;18
823;669;9
793;581;31
765;55;25
492;116;6
914;352;35
761;1;8
564;442;5
115;557;24
209;81;36
560;92;46
613;53;17
270;232;5
169;489;38
59;635;20
358;86;28
415;651;36
58;25;2
240;417;9
657;608;36
769;663;18
111;894;40
495;949;20
536;407;23
431;194;27
11;468;26
632;131;47
10;270;44
244;11;16
306;879;14
386;591;39
205;365;35
834;369;30
946;100;20
419;209;26
608;672;5
830;840;18
997;527;29
635;969;7
519;651;5
185;578;22
414;151;39
810;239;31
913;153;6
579;6;17
916;805;18
842;534;38
961;315;10
577;840;4
903;282;44
87;534;22
335;198;25
286;636;4
525;830;26
18;323;27
387;76;49
485;944;49
889;516;4
156;407;34
502;724;20
653;21;20
264;204;19
103;648;35
116;61;18
550;522;29
488;538;23
152;334;27
618;22;11
304;478;7
318;786;37
809;829;22
536;416;8
652;488;38
371;606;7
67;898;38
675;572;31
66;741;24
12;46;2
552;516;11
426;89;35
491;788;29
724;607;30
734;554;39
51;421;31
384;273;34
320;975;29
839;468;35
186;461;8
407;453;39
541;733;23
941;376;42
581;679;35
894;479;13
793;582;20
362;755;4
847;684;11
464;354;8
564;498;30
573;248;20
575;283;13
997;298;23
929;101;17
817;65;33
76;856;46
103;291;49
198;82;44
855;688;4
591;547;9
920;88;13
125;19;24
131;602;21
197;676;40
312;533;49
502;852;32
43;777;30
104;995;14
99;282;42
603;846;44
531;571;37
833;166;32
391;14;27
174;640;25
966;571;16
261;379;24
851;811;34
849;312;3
455;59;39
1;997;49
796;395;45
938;592;10
766;195;42
195;452;33
410;39;26
931;324;25
765;298;24
102;701;33
440;808;49
667;56;24
905;119;33
313;32;13
128;372;3
811;711;50
429;75;37
445;887;39
133;614;25
744;806;36
594;398;13
778;147;37
19;627;5
409;447;13
571;532;19
294;202;41
114;877;6
917;58;28
388;340;34
433;5;48
337;550;47
796;168;9
114;972;48
87;453;10
126;283;35
935;24;22
326;611;4
554;173;38
65;506;14
789;34;8
451;875;32
579;67;5
465;457;36
981;874;7
878;881;5
318;552;23
7;997;27
722;445;27
588;764;35
488;646;38
806;60;33
735;40;8
854;335;14
350;633;34
29;559;27
175;86;34
833;596;8
754;318;9
148;664;36
696;80;48
131;703;10
709;247;2
403;796;5
869;936;30
352;579;49
44;792;18
113;461;40
454;103;10
761;907;42
464;675;35
928;454;22
454;693;32
733;440;43
7;63;5
86;724;16
328;158;41
897;332;7
856;647;10
551;622;26
574;594;27
931;600;15
263;103;34
207;297;46
526;214;28
236;15;25
598;441;31
836;963;3
458;359;11
643;862;28
28;477;26
705;538;46
603;502;17
846;703;5
901;294;24
637;720;13
546;613;2
907;483;42
797;329;38
546;85;36
4;759;19
276;409;22
314;184;4
59;361;38
337;751;7
961;118;9
877;100;11
29;236;1
809;520;4
135;34;45
157;633;11
918;188;15
106;970;8
165;283;27
857;643;45
268;355;16
945;292;12
215;313;29
1000;862;45
349;611;25
948;517;22
644;391;3
254;963;15
996;623;24
89;142;33
138;42;50
429;494;23
788;991;38
638;178;29
608;593;29
654;68;47
797;879;47
244;663;26
539;816;37
859;857;44
442;252;20
25;601;6
58;215;5
616;821;41
11;426;14
675;840;49
992;75;45
392;579;6
212;592;19
568;690;28
616;697;48
448;860;15
885;455;8
44;147;44
718;14;47
779;858;1
794;77;16
223;242;37
29;638;10
34;595;19
894;678;38
618;331;19
833;652;37
427;828;40
404;557;4
59;936;22
970;558;7
254;839;19
603;928;27
57;75;17
366;779;30
681;566;15
180;210;45
339;275;15
266;36;33
788;307;18
202;498;39
906;922;8
621;975;5
463;374;44
758;266;20
823;272;19
609;490;16
216;458;19
957;922;15
823;687;4
150;908;35
945;829;30
512;163;16
594;812;4
133;575;31
471;994;39
975;529;50
578;909;36
102;722;48
830;36;23
521;400;31
577;596;30
70;923;31
161;946;6
236;608;5
19;415;15
530;8;15
941;993;32
517;3;5
498;907;46
1000;294;49
61;227;34
115;3;29
895;396;15
400;810;3
641;242;19
173;698;7
382;850;1
199;541;27
488;672;28
598;994;40
162;531;22
691;492;22
846;279;40
498;259;24
408;992;32
89;693;13
751;344;5
111;163;29
623;822;27
159;69;4
306;667;18
178;928;30
228;554;37
430;470;20
321;906;26
227;890;45
148;81;3
264;38;10
381;666;40
95;20;44
937;578;19
161;153;20
607;151;23
105;322;42
111;658;40
989;393;48
609;475;26
374;317;33
592;211;3
383;452;29
260;818;6
907;721;23
268;953;48
114;130;5
643;245;33
484;825;34
44;90;21
974;274;50
246;770;41
386;257;21
493;1000;27
112;250;37
793;549;50
81;777;40
177;181;26
358;811;8
731;613;35
21;538;30
24;411;9
629;663;38
779;389;31
919;209;16
558;22;17
353;83;5
389;877;50
905;721;42
902;551;43
945;390;13
932;108;3
155;279;40
347;936;45
61;443;17
903;325;7
216;21;41
847;710;46
277;642;31
462;75;25
705;432;18
604;406;49
815;370;26
239;827;43
181;342;44
735;608;31
717;763;30
393;261;8
131;663;17
245;50;26
753;872;44
555;150;27
557;117;40
661;90;10
101;617;1
733;245;32
145;574;36
876;914;19
403;21;26
660;352;27
431;545;29
135;398;33
644;538;21
337;691;12
442;787;22
716;895;13
655;971;1
930;9;44
199;630;21
42;656;27
194;949;14
791;413;42
923;442;6
665;698;11
823;183;13
92;14;34
866;650;15
306;501;45
38;271;31
468;645;22
898;340;13
603;870;43
197;233;50
416;917;26
764;386;7
741;190;12
671;919;3
73;287;40
31;795;18
516;21;45
512;396;19
117;13;26
190;147;7
778;430;5
447;369;4
908;510;3
457;275;6
385;971;17
118;538;50
740;610;13
729;637;14
867;704;24
220;318;1
936;676;15
477;647;27
488;685;13
657;37;36
137;738;49
411;125;35
330;57;27
72;504;49
333;207;31
858;363;11
604;482;26
297;785;33
332;855;18
584;100;20
219;374;24
123;335;10
306;532;24
752;903;16
901;461;34
913;288;50
984;680;16
608;472;19
136;164;47
623;301;50
812;833;40
624;796;17
609;965;30
171;75;5
393;31;2
502;279;8
550;355;2
930;89;29
125;51;4
368;32;28
260;448;48
427;840;18
385;364;10
77;525;23
883;549;4
442;588;8
763;216;21
496;627;30
373;494;27
580;770;19
743;36;43
522;878;24
807;223;36
843;547;6
171;538;31
730;310;46
855;943;25
550;549;33
65;893;13
60;946;26
340;672;8
368;481;20
119;883;33
116;118;45
515;976;12
850;552;7
754;255;14
526;799;14
718;855;35
927;975;28
41;1;20
308;239;42
272;125;20
827;538;22
541;740;9
107;939;26
468;920;1
240;901;31
718;618;14
809;321;48
436;319;35
982;150;47
481;375;47
703;839;23
190;454;31
901;95;14
53;824;49
423;967;23
25;774;40
233;79;38
332;631;43
883;822;43
974;952;10
858;89;22
470;693;9
690;636;17
554;511;22
702;453;49
89;643;42
631;613;27
439;799;21
724;179;43
772;206;42
97;53;48
387;942;21
559;367;17
170;494;20
296;258;26
906;413;23
541;311;50
396;290;39
51;738;45
85;747;29
754;160;28
711;667;30
771;653;39
452;382;21
221;966;9
820;738;20
707;333;12
72;919;43
37;923;19
630;688;44
831;162;15
522;442;14
752;503;38
541;170;2
214;2;9
928;974;23
218;447;48
209;925;30
294;485;48
838;831;17
78;241;46
490;357;42
962;366;10
121;910;31
610;404;40
668;285;47
658;397;50
695;201;23
812;221;38
663;91;38
824;681;24
508;653;19
996;556;10
476;787;46
979;187;7
526;724;17
342;790;16
756;557;24
705;869;27
168;613;19
831;595;17
274;325;4
670;17;25
740;103;41
280;265;30
56;982;3
363;77;16
442;642;21
354;489;35
942;315;8
533;707;14
574;282;36
167;493;2
431;51;36
628;791;22
190;472;15
793;564;43
950;407;16
925;402;44
513;768;35
211;196;10
869;306;1
900;931;25
140;9;2
201;598;42
701;948;22
193;180;22
407;948;6
574;753;4
593;628;2
710;643;50
557;636;4
378;165;33
157;722;7
666;470;45
609;870;32
100;337;20
67;974;11
750;193;48
220;477;49
859;71;8
486;591;44
586;588;24
403;117;2
164;27;11
167;234;35
403;444;44
622;370;36
143;315;27
988;878;8
395;955;46
100;613;22
76;640;18
257;618;9
893;44;4
826;571;31
389;931;43
222;291;17
963;806;27
611;634;49
479;284;27
575;724;18
318;898;32
586;384;49
930;837;36
786;387;7
393;919;32
932;985;44
386;923;37
114;77;19
331;689;11
729;925;13
112;325;50
426;870;1
552;730;20
529;180;34
296;358;11
662;305;22
202;592;20
372;224;14
897;965;35
427;528;46
65;334;28
770;653;3
268;949;29
590;871;35
661;623;1
850;927;28
475;110;41
914;594;37
940;684;47
551;761;13
399;234;27
98;720;13
660;558;14
628;493;10
132;957;9
662;508;16
374;895;34
481;61;38
196;325;48
90;279;27
693;106;28
950;941;30
213;880;2
345;621;9
139;578;33
629;307;9
905;779;21
216;786;47
238;568;9
325;108;37
386;295;14
679;695;34
156;822;13
321;68;3
351;366;12
274;902;29
376;336;10
592;154;30
231;28;29
149;566;36
656;730;25
333;173;16
952;657;4
214;709;12
149;916;38
880;335;25
283;235;22
236;256;4
574;257;25
324;910;7
15;697;2
277;161;25
993;983;34
904;57;19
119;219;29
956;470;38
199;809;24
890;629;24
162;758;40
601;545;37
955;951;27
557;555;3
46;188;23
523;384;12
103;399;7
556;365;44
505;440;44
32;322;29
988;572;42
183;198;36
885;519;42
812;883;29
955;52;33
187;804;25
687;307;48
767;85;1
205;975;13
103;179;12
563;562;41
97;981;18
659;691;43
810;87;42
639;852;33
800;7;4
235;37;17
784;797;26
146;150;39
824;633;49
612;966;21
559;675;43
325;354;29
984;786;8
50;904;26
891;391;41
62;820;38
39;429;41
694;407;39
195;503;25
98;447;49
733;337;8
906;333;26
123;173;38
833;438;4
773;128;18
304;461;33
801;607;47
607;92;17
904;684;4
153;807;25
144;462;24
826;272;46
168;610;23
303;779;43
254;887;38
941;254;35
192;834;10
877;993;39
658;543;16
711;596;8
635;549;21
384;986;15
391;860;48
217;124;33
217;223;29
212;880;18
581;987;35
751;488;44
562;767;41
441;90;47
713;84;23
940;358;44
482;522;50
541;216;39
583;780;35
597;438;18
615;795;17
488;180;30
184;735;27
477;726;9
721;916;47
46;294;42
512;284;23
36;419;29
645;951;4
631;731;14
991;386;45
274;182;22
471;958;5
881;450;48
474;840;50
952;809;12
307;753;33
903;893;25
229;698;9
750;533;11
976;118;41
234;175;19
24;927;1
151;121;42
937;380;36
133;543;11
115;951;16
776;465;14
480;248;15
663;440;19
640;554;4
81;881;26
600;241;13
33;922;36
715;19;21
763;949;50
566;639;14
630;746;31
776;163;32
601;454;38
620;846;38
146;707;25
817;441;9
658;203;15
763;434;16
763;631;30
779;670;35
26;793;6
140;827;46
260;237;2
989;415;16
513;505;2
362;592;42
408;56;20
163;716;20
35;133;12
63;273;35
931;448;24
247;22;42
104;669;37
900;520;1
143;420;13
316;134;21
383;778;7
854;301;41
525;717;36
910;773;45
260;91;7
149;335;4
998;633;40
424;810;37
240;173;34
885;598;26
98;977;8
554;520;48
767;946;5
342;451;18
225;375;30
714;770;27
624;575;26
700;697;11
697;456;11
654;900;41
827;106;30
459;382;47
283;902;18
376;464;17
975;691;16
431;259;5
227;330;34
451;386;12
31;820;33
968;798;3
738;342;43
347;785;25
303;907;15
932;304;25
290;504;49
250;314;50
816;813;10
943;575;37
174;265;36
829;378;18
212;78;26
221;88;49
564;797;33
46;745;25
159;59;32
119;97;10
104;342;30
482;334;36
644;561;39
483;722;22
317;577;30
339;843;45
976;110;41
806;647;47
395;625;19
785;909;14
775;486;3
885;348;14
896;969;2
914;911;42
592;449;42
233;572;7
308;180;40
865;237;39
22;776;20
839;119;22
942;624;18
235;153;41
885;856;18
271;807;26
356;401;40
620;843;32
822;837;14
652;86;20
459;642;3
545;186;13
400;432;8
570;223;12
996;942;47
224;57;35
948;828;34
462;462;2
463;861;27
874;680;8
756;634;38
822;78;7
559;537;20
370;401;13
633;878;37
361;358;7
625;519;26
142;531;41
87;337;45
376;384;10
82;578;9
946;199;4
958;381;40
876;767;37
324;683;5
364;28;35
543;416;1
489;491;27
693;972;7
714;649;48
288;816;3
592;75;38
668;796;30
40;351;49
21;133;26
562;335;33
745;317;28
783;705;36
212;485;39
959;905;23
649;64;32
345;593;31
692;162;16
350;910;27
779;178;32
455;928;19
754;262;42
815;285;44
849;503;18
283;561;10
849;855;5
228;524;40
966;604;41
146;170;27
117;494;5
61;75;9
1;610;47
762;89;18
107;553;4
394;575;29
75;798;9
74;288;11
295;321;45
851;228;48
499;126;6
416;509;47
435;111;17
900;30;14
940;365;10
268;352;22
760;512;3
667;381;6
791;279;24
794;801;8
515;616;38
947;508;35
947;928;23
453;661;12
662;203;35
955;686;47
341;950;50
311;429;33
81;239;14
207;309;46
534;222;38
934;332;33
597;958;50
711;15;1
224;524;3
169;235;21
420;288;46
726;686;45
572;731;50
184;995;37
807;861;3
363;492;16
100;732;44
147;166;34
517;577;35
99;608;39
888;532;4
449;10;10
820;265;34
903;129;12
543;942;13
97;996;39
77;994;42
904;764;33
11;343;11
951;245;39
386;897;26
185;76;50
145;423;18
468;467;35
340;285;28
629;159;20
661;756;39
1000;319;33
787;234;49
279;384;23
942;234;17
876;846;33
807;656;37
672;158;15
523;624;48
473;878;46
108;832;41
490;199;6
938;139;37
125;256;13
823;735;17
939;993;28
576;261;1
300;973;29
491;19;40
765;22;25
219;272;15
740;614;43
239;43;1
362;827;6
248;899;39
841;715;43
896;988;14
173;348;36
609;927;25
783;16;1
365;998;38
283;382;12
166;411;30
223;103;14
299;958;48
719;82;25
375;763;48
545;662;8
751;621;29
181;946;9
476;495;17
216;879;27
722;126;9
94;946;5
562;871;9
620;126;50
118;181;26
81;37;20
130;948;30
377;362;13
491;508;24
419;666;26
159;225;38
981;459;22
405;111;36
541;35;33
644;120;39
127;453;11
108;800;30
203;489;6
544;801;25
788;734;15
976;885;29
212;598;7
576;909;7
484;466;3
177;878;18
589;255;46
926;505;17
962;752;2
520;411;24
792;957;30
379;525;22
97;144;17
909;819;46
73;880;38
423;91;3
250;164;24
109;296;6
681;960;35
66;452;36
170;72;27
774;198;6
35;9;21
736;246;18
225;856;49
201;707;17
836;665;2
501;634;12
958;652;5
716;272;11
855;263;36
131;138;2
935;323;40
786;743;38
69;147;46
412;7;38
445;513;47
313;973;3
259;173;6
609;344;14
924;222;39
871;711;24
758;629;3
669;190;43
64;14;36
801;666;10
17;22;10
870;924;7
212;414;23
104;547;46
606;806;24
874;51;35
125;649;39
178;454;32
931;197;48
202;107;11
540;983;12
217;154;11
739;176;16
790;333;23
171;17;25
765;843;26
781;6;27
475;930;30
31;734;38
26;264;25
671;14;49
949;851;7
319;656;13
47;776;34
673;477;34
411;726;5
823;164;15
850;980;42
204;278;5
618;68;34
650;976;9
33;455;19
75;21;48
350;305;29
212;714;31
61;346;7
927;116;14
509;458;13
825;199;48
589;725;46
721;435;47
506;926;49
9;960;39
383;86;33
675;686;48
437;72;47
93;967;50
473;104;41
675;967;21
261;263;35
289;664;35
310;243;22
830;476;27
304;330;44
959;395;33
91;139;15
533;475;10
698;467;26
37;494;31
233;143;29
806;697;23
802;247;22
827;217;43
924;919;41
369;91;4
939;407;20
109;690;11
49;282;40
134;883;6
7;863;30
424;815;44
527;570;46
352;331;19
142;480;16
332;113;3
796;990;13
201;743;28
204;396;23
941;198;23
775;523;26
385;228;46
825;262;39
607;248;23
837;823;38
323;510;16
739;379;3
148;66;45
981;194;21
239;711;44
543;481;22
796;586;6
246;426;14
398;516;2
684;331;41
474;128;32
16;499;39
54;97;16
729;86;2
718;309;5
599;128;10
434;76;2
573;19;16
867;128;31
227;114;32
52;430;47
997;265;9
534;906;38
837;43;23
378;541;50
252;134;20
409;753;44
500;735;20
874;71;37
691;491;34
498;523;9
637;511;19
28;553;35
24;282;29
460;433;11
16;138;41
475;837;16
356;180;43
353;179;10
142;865;24
528;441;11
133;843;14
713;163;31
560;710;18
483;476;7
410;769;1
795;41;32
939;346;36
751;251;34
845;875;25
774;991;38
383;457;19
497;593;33
611;486;25
580;278;43
198;467;43
260;13;11
688;428;40
75;238;35
210;48;49
700;813;26
543;371;24
728;547;8
551;376;44
988;623;21
94;554;48
489;115;15
791;742;7
183;696;44
974;521;29
879;469;17
732;648;50
776;829;18
192;148;7
53;4;19
496;517;18
871;431;27
571;36;5
961;258;21
24;562;34
561;420;9
571;130;26
637;303;43
502;210;48
866;743;22
308;105;10
937;393;12
29;392;14
833;937;4
661;519;34
432;351;19
390;915;21
528;513;21
920;16;33
252;766;45
441;879;35
15;830;45
710;568;27
673;869;28
960;283;48
453;869;34
544;194;17
370;141;1
45;619;26
370;597;34
115;248;12
387;563;19
308;543;48
192;51;36
931;290;32
610;333;20
84;451;1
593;349;6
908;678;2
171;345;9
636;93;26
252;80;5
577;384;14
267;88;16
831;294;28
653;270;33
116;305;9
965;412;45
693;847;23
715;920;25
227;88;23
127;822;40
74;400;32
782;863;40
542;59;12
902;740;24
114;183;19
416;517;48
511;781;28
429;22;10
579;83;14
748;152;16
541;811;34
527;36;48
375;399;15
580;34;4
605;127;37
790;703;7
92;916;50
917;440;20
743;790;41
692;163;15
498;759;35
830;429;30
713;974;18
423;877;17
953;361;34
694;59;30
27;887;36
481;269;40
989;628;4
956;534;30
72;731;16
956;290;40
943;123;24
433;228;24
740;485;45
825;506;49
440;157;44
897;491;28
591;828;35
942;805;1
190;851;3
72;608;33
103;877;22
339;300;22
780;318;25
892;613;42
15;892;37
990;491;26
858;991;19
929;668;38
956;611;20
233;407;49
359;886;25
293;679;8
594;732;4
779;668;28
908;907;8
785;183;13
799;972;36
748;836;29
575;158;44
712;501;7
877;519;26
372;73;46
123;187;39
802;826;22
512;835;19
327;379;50
629;430;20
516;931;35
399;563;27
406;229;42
474;830;24
80;908;49
831;434;4
757;930;31
828;681;9
259;974;20
938;896;26
805;860;36
36;861;10
232;132;2
807;541;30
413;412;10
355;438;1
359;127;11
883;969;44
490;245;25
33;225;25
834;755;1
332;813;9
344;226;5
927;620;25
758;769;17
893;473;2
636;528;37
416;832;2
393;460;15
381;625;25
736;590;8
987;340;17
829;799;39
954;877;36
9;552;3
996;615;46
393;363;13
171;869;6
481;747;12
200;385;40
855;224;39
443;399;21
396;987;48
104;335;42
918;226;9
889;446;9
946;920;22
830;578;22
749;307;46
563;208;19
288;310;4
643;842;45
938;304;23
898;379;8
539;707;24
1;853;15
334;292;22
857;283;2
811;683;26
93;6;50
191;340;32
287;518;5
581;467;33
216;405;45
844;328;35
402;499;25
768;456;36
990;433;17
431;500;44
546;702;49
684;241;8
115;350;5
677;765;27
449;372;21
905;880;1
537;113;29
29;593;19
915;431;7
27;500;1
187;990;47
833;437;41
395;181;7
325;474;37
213;450;2
263;746;18
162;570;48
857;483;7
85;624;9
756;987;33
101;149;46
133;370;14
933;157;18
994;519;41
705;72;44
737;8;9
23;128;43
784;382;37
94;417;1
851;965;23
877;178;19
975;291;35
709;421;34
683;157;30
179;140;33
501;285;18
160;27;43
595;821;44
451;710;15
465;995;28
205;110;30
87;530;5
716;84;9
671;43;3
854;52;5
212;132;2
254;268;6
453;879;1
864;196;38
163;860;35
987;420;49
710;556;41
173;631;16
378;598;19
450;294;5
441;223;15
633;29;19
280;509;25
146;612;22
71;101;24
864;587;21
400;385;32
559;685;2
142;909;50
187;834;34
852;223;10
118;341;42
707;605;14
915;266;13
161;261;23
840;663;31
715;433;7
838;678;40
700;754;49
385;952;39
741;49;44
474;318;21
451;491;45
466;565;50
314;276;4
187;35;22
822;144;38
714;761;30
586;387;40
831;362;42
512;6;41
683;558;36
893;304;44
970;512;23
7;934;26
56;726;32
435;213;35
316;550;18
229;84;40
123;542;30
256;73;41
446;338;29
130;610;15
772;391;48
295;724;16
532;299;3
679;890;8
454;810;41
418;275;46
164;966;39
176;115;40
812;79;36
540;318;10
869;977;40
206;163;31
288;360;42
179;551;20
196;940;46
184;412;5
676;240;45
6;109;30
329;703;19
405;803;49
401;682;43
359;495;3
575;84;9
431;713;17
243;120;34
580;179;39
305;122;27
310;373;48
119;299;19
40;277;8
688;19;29
47;753;27
37;473;8
345;269;50
946;315;16
97;729;30
991;927;7
358;41;7
221;805;39
51;923;29
195;131;10
143;409;37
545;196;24
477;256;20
365;917;21
137;601;10
835;467;44
64;778;47
621;835;39
325;600;32
806;633;46
99;686;23
840;911;48
107;423;42
950;893;7
732;930;5
250;806;1
816;469;46
877;698;1
585;344;50
423;455;27
282;94;2
599;703;33
321;696;18
866;413;16
180;12;18
409;790;11
563;629;5
31;866;37
730;582;4
860;383;38
602;854;2
131;785;5
387;621;17
192;929;42
274;798;13
676;951;38
318;36;22
908;852;6
859;318;46
650;383;28
331;207;15
395;77;1
63;742;27
324;912;38
886;956;28
585;343;47
763;91;50
550;396;47
458;686;3
971;435;22
640;691;2
64;174;42
137;360;38
405;644;33
196;796;8
786;368;32
52;78;31
54;82;20
393;435;22
802;392;9
963;102;22
142;649;22
296;593;43
248;670;42
322;989;3
224;20;27
594;960;18
664;539;37
782;567;14
491;148;11
316;460;17
71;200;34
652;814;1
587;999;8
734;614;23
521;633;44
629;687;27
55;210;21
974;94;46
895;401;15
560;360;34
824;272;50
12;397;21
106;910;18
103;285;45
379;184;6
246;670;46
957;29;50
980;713;15
886;727;22
124;492;27
637;559;37
999;813;5
545;975;47
781;92;24
842;967;39
236;363;9
849;900;9
79;884;42
543;52;5
43;997;38
896;753;33
519;642;30
820;81;33
762;906;44
330;113;22
739;559;10
761;719;35
734;111;27
861;378;45
395;111;49
721;572;6
439;495;18
821;372;8
440;344;4
832;29;11
697;423;21
354;152;27
821;995;34
11;686;16
719;991;39
744;365;28
17;106;18
883;986;21
339;49;35
506;420;21
647;560;31
54;14;48
145;464;37
723;20;9
364;695;9
203;783;21
146;21;19
2;880;20
646;777;6
687;796;13
196;699;44
824;956;17
30;749;23
344;437;20
375;757;1
664;479;26
20;909;30
957;506;8
556;337;49
515;563;3
152;65;5
889;632;37
743;60;18
206;985;44
161;491;14
747;30;47
195;466;36
369;80;15
430;559;33
386;438;34
357;592;19
734;773;46
353;822;41
994;830;21
369;159;13
404;524;36
147;159;32
390;813;38
458;335;24
630;269;45
425;217;20
962;459;45
694;758;7
772;523;9
390;672;6
534;49;30
878;340;35
4;582;3
587;914;35
40;783;12
179;477;6
429;201;12
833;630;34
103;292;30
684;490;17
338;246;50
846;986;44
967;15;40
413;708;8
535;886;42
813;575;29
566;381;42
234;261;10
962;133;5
223;754;25
683;627;11
578;790;6
607;210;37
799;584;35
325;42;24
24;31;43
73;301;15
500;838;3
871;106;39
107;727;27
706;802;16
7;131;9
167;590;29
501;872;7
86;818;43
868;252;19
77;63;30
121;397;45
993;881;15
301;819;36
742;628;42
309;67;27
58;923;15
945;100;8
989;351;26
936;234;46
340;105;28
227;533;2
11;411;4
799;575;36
897;856;48
998;288;29
587;729;13
479;55;9
442;728;46
686;287;41
660;409;27
263;497;38
390;290;37
378;771;8
524;477;27
847;409;45
389;356;18
957;747;12
358;457;8
937;301;3
204;357;16
992;566;13
96;814;47
842;289;50
993;747;7
835;613;18
294;213;9
187;844;12
517;324;48
976;664;36
264;511;19
605;165;19
588;901;18
36;597;4
349;975;4
791;730;11
394;499;31
120;523;23
933;910;45
528;851;25
427;903;47
271;311;12
421;698;43
994;946;41
320;342;5
172;536;6
326;80;27
227;830;41
597;698;36
592;109;9
814;471;36
442;730;27
454;954;8
637;256;4
975;379;22
891;835;29
618;354;43
642;355;32
107;571;33
49;966;26
127;176;44
828;392;29
482;344;9
134;312;25
628;835;27
197;150;48
27;546;7
329;320;27
798;665;16
20;23;8
463;680;23
84;151;8
666;188;11
617;247;47
124;940;2
1000;193;19
489;753;24
339;519;50
405;489;8
535;716;32
513;799;39
496;838;42
959;59;28
540;470;9
47;567;37
216;697;21
791;281;30
394;859;40
106;61;47
727;201;19
520;929;37
134;564;25
3;666;29
589;58;18
153;345;18
763;76;23
744;28;29
636;11;6
987;773;37
282;357;26
815;476;47
125;960;25
569;745;13
388;792;5
983;835;9
591;806;36
921;309;28
580;1;33
786;594;44
149;38;36
935;808;4
780;66;14
710;587;16
891;74;35
25;364;26
571;567;4
611;40;43
70;501;49
670;436;10
633;215;40
206;751;34
605;99;47
960;300;39
745;130;34
852;975;39
576;161;2
657;189;27
1000;966;5
810;484;36
611;240;8
899;555;11
135;669;6
408;762;50
430;730;43
607;909;36
490;570;12
534;1000;50
860;231;49
872;176;10
899;464;46
422;979;33
703;657;7
720;217;42
168;171;26
1;165;46
525;394;44
224;725;4
844;553;42
69;593;16
729;264;42
31;464;38
269;705;11
779;221;37
33;854;12
232;166;38
299;173;16
271;908;38
783;35;25
254;665;8
81;82;32
351;949;11
630;488;3
820;327;15
995;84;11
190;69;41
75;857;1
470;455;8
955;120;33
907;382;47
422;919;42
60;729;14
696;466;36
826;457;34
932;692;21
589;607;27
653;373;10
204;526;49
72;260;39
19;329;9
954;942;11
503;686;34
462;664;36
250;262;14
211;138;13
830;878;23
780;189;25
738;240;41
567;251;49
680;378;16
645;576;9
506;780;8
436;870;32
770;167;9
645;143;27
434;759;46
493;458;9
89;730;3
721;12;34
971;543;33
986;553;13
462;497;3
330;748;45
936;777;21
754;424;43
927;371;15
625;103;10
924;156;4
317;292;29
133;460;17
746;618;47
717;250;32
499;771;44
544;424;39
373;90;11
356;394;49
457;430;32
912;667;44
834;863;18
472;625;45
966;876;46
609;720;25
287;264;13
811;288;18
475;290;34
865;95;36
305;665;12
808;565;6
882;95;18
940;216;39
662;619;45
215;469;14
139;946;3
366;414;27
678;979;4
24;780;40
510;107;41
880;869;40
997;31;20
542;362;13
978;502;23
698;762;22
335;448;45
498;91;37
377;675;33
967;518;8
295;25;24
529;450;18
646;114;33
215;334;26
885;358;32
919;306;40
901;196;9
495;11;2
379;689;8
826;273;16
661;933;32
363;217;10
20;895;40
603;706;40
788;757;14
523;422;36
888;199;5
406;303;30
551;597;36
164;641;33
607;451;22
355;745;6
268;54;17
6;508;18
168;735;36
596;573;47
231;357;50
892;88;48
894;127;20
711;347;39
45;338;5
554;996;16
151;383;23
325;421;35
617;511;14
695;33;13
90;26;33
352;818;4
193;14;30
433;869;21
476;84;17
883;165;30
595;739;25
424;219;40
693;731;40
987;309;13
770;976;31
43;387;41
485;953;7
691;923;44
687;655;28
200;339;41
262;613;28
869;435;16
542;561;7
72;217;7
245;408;29
980;24;49
382;981;34
711;604;4
130;708;1
725;368;6
860;484;44
802;918;32
776;151;46
966;920;14
589;361;23
338;377;43
938;670;6
862;92;29
862;478;2
405;867;22
388;837;38
388;415;47
82;569;35
116;743;42
682;355;17
731;146;33
824;196;9
359;530;11
697;115;12
218;988;19
270;523;9
821;135;40
263;814;13
522;782;36
766;16;7
185;936;16
376;268;7
56;296;11
108;371;34
415;88;41
647;834;44
619;412;34
248;37;20
101;922;39
590;190;45
694;878;26
751;995;42
869;568;7
235;406;38
806;286;12
129;583;26
622;985;4
680;943;17
575;363;36
70;834;46
947;811;42
703;370;12
625;781;47
426;53;10
532;760;9
159;58;42
160;990;9
465;190;29
209;897;44
15;761;21
335;621;4
465;528;16
229;380;48
605;304;2
54;224;33
636;26;28
280;578;44
306;21;30
370;404;31
583;146;25
710;434;6
60;72;18
947;475;2
114;450;33
411;220;45
905;439;39
483;331;34
52;47;3
872;19;13
652;176;16
426;197;31
674;570;47
840;146;16
159;261;19
774;874;6
204;840;47
708;809;30
557;161;32
687;725;29
300;420;19
446;37;39
345;490;6
888;662;41
124;59;8
17;298;36
631;376;43
793;620;14
987;775;45
349;981;36
542;250;44
937;276;35
900;565;5
161;323;23
856;112;24
40;52;50
123;993;13
450;799;40
302;699;46
818;678;11
253;905;38
536;4;6
812;66;28
51;903;22
440;680;50
110;910;7
168;756;25
658;471;14
53;553;42
237;742;4
332;134;25
131;352;1
808;647;7
849;45;17
496;83;7
778;47;2
184;141;21
60;911;44
108;241;27
597;358;36
715;550;39
287;708;46
610;913;6
755;411;3
730;432;5
820;916;16
737;236;46
150;389;42
108;831;16
377;769;24
287;540;49
847;385;44
393;257;8
756;106;44
988;790;28
556;242;23
327;481;18
929;515;35
203;993;37
105;95;12
130;251;7
909;859;4
611;797;32
585;262;5
165;604;46
4;527;42
372;425;17
543;62;17
342;219;16
485;914;12
981;554;44
38;87;15
554;255;9
953;388;38
800;104;33
326;366;12
878;998;22
353;184;11
446;945;10
558;207;31
331;882;13
901;210;15
646;915;21
919;797;44
1000;468;24
476;428;50
163;642;31
265;730;31
59;912;21
394;731;12
668;557;32
904;772;16
183;901;21
257;37;1
602;435;13
703;38;20
333;907;29
687;533;43
327;718;30
135;149;25
283;278;7
383;451;30
560;664;49
298;902;50
618;151;24
379;516;38
551;905;10
800;512;21
816;275;36
966;147;50
40;986;35
803;307;17
194;572;30
88;986;9
334;107;18
727;262;5
884;771;4
555;24;46
825;305;48
10;357;45
872;367;42
298;799;24
959;443;40
545;847;26
608;512;3
896;330;48
380;619;23
363;3;3
105;621;40
862;953;9
718;969;22
672;986;5
461;373;11
605;889;5
170;755;28
26;197;5
276;41;36
3;924;13
245;824;25
213;852;32
351;927;17
507;913;24
568;235;39
705;752;26
482;633;28
389;833;43
556;877;20
676;901;8
412;892;24
668;223;36
797;531;47
261;976;47
405;830;3
854;554;22
230;102;49
579;793;42
196;1000;10
397;673;11
41;633;2
541;686;45
619;522;22
348;42;6
113;253;23
740;988;48
105;684;17
829;288;4
494;335;29
531;26;1
531;608;25
86;200;30
109;835;23
799;300;10
71;885;40
796;703;3
218;625;9
618;384;12
358;24;6
879;179;45
922;189;38
538;201;16
700;172;32
709;876;29
665;5;28
359;582;49
6;712;23
755;510;6
29;3;17
58;966;15
679;680;26
309;901;5
750;690;32
553;523;40
136;605;36
805;172;19
499;964;8
103;360;24
587;422;45
226;83;24
889;849;15
953;104;44
116;784;19
104;867;34
426;804;49
964;60;31
604;290;47
333;49;23
961;184;39
163;593;30
410;490;12
171;20;13
582;527;49
445;156;12
63;788;3
777;875;22
394;514;35
420;603;5
621;538;48
476;912;48
88;372;10
776;498;15
485;109;40
202;730;19
790;753;8
370;566;20
283;506;3
959;643;44
407;292;18
294;457;10
15;688;19
80;590;1
15;821;27
848;299;5
258;630;26
52;723;46
146;729;45
328;50;2
722;922;19
506;593;47
377;419;15
832;326;10
514;245;16
197;296;23
579;511;3
426;355;3
658;115;47
244;281;31
611;15;18
848;611;42
720;831;30
38;28;35
84;815;14
707;656;36
570;435;46
338;637;41
198;539;39
174;340;40
272;309;15
956;346;1
411;927;50
828;140;1
745;406;27
906;949;6
859;838;5
124;743;16
297;821;23
438;354;6
152;580;38
21;567;19
372;249;37
615;893;22
936;950;33
965;35;5
908;796;16
456;570;5
549;18;35
20;369;43
114;67;32
538;978;35
154;832;44
246;619;12
75;107;35
428;845;41
612;854;47
878;76;41
673;510;16
711;457;32
66;739;34
655;415;40
780;531;13
648;895;45
730;131;27
589;877;38
749;36;21
326;37;11
386;1;34
984;449;3
126;105;8
100;133;3
321;971;48
169;858;31
480;507;12
832;65;38
864;46;47
805;316;15
49;931;17
809;208;27
264;314;28
743;411;7
825;434;39
822;328;23
600;608;33
227;317;6
177;570;20
459;33;26
627;343;12
766;84;45
136;714;23
423;643;30
637;478;9
769;309;11
578;823;32
432;629;42
441;379;9
93;960;18
902;774;48
623;114;6
704;969;49
337;308;41
476;902;1
759;873;9
183;728;15
967;861;29
841;987;8
641;728;41
13;887;10
93;421;26
399;623;47
971;869;37
568;236;41
688;781;35
964;18;24
806;65;47
196;523;20
435;31;47
702;448;13
414;115;14
175;852;27
541;586;23
489;666;17
244;718;42
428;215;5
610;857;31
407;389;44
711;311;44
442;11;17
977;840;14
962;119;21
817;87;20
24;955;14
859;243;8
455;153;17
413;360;28
488;65;31
299;501;28
842;471;41
438;38;36
133;788;50
569;523;37
393;619;26
962;428;15
106;972;35
801;507;18
543;591;32
797;65;47
408;431;4
370;316;29
423;498;4
114;38;3
916;523;19
777;835;1
314;691;28
988;95;25
139;11;44
188;263;41
782;826;2
754;3;26
435;166;32
364;225;27
980;820;21
424;400;8
735;779;17
522;452;37
268;437;33
754;727;15
14;937;38
66;926;31
963;72;4
610;266;19
773;960;48
756;955;49
908;754;35
144;870;22
121;496;8
558;127;5
831;763;38
745;845;16
876;976;48
759;35;10
899;832;49
180;711;9
950;634;12
997;889;14
241;256;9
645;237;5
101;923;13
635;80;5
397;451;17
894;18;49
994;633;44
351;409;14
968;817;27
265;812;26
777;738;32
663;342;28
417;9;14
175;587;47
231;115;5
488;445;13
428;945;1
904;244;43
869;666;24
235;323;13
138;260;36
192;167;5
865;992;16
189;724;45
400;811;39
818;211;18
556;615;32
723;80;4
380;891;27
12;739;10
862;60;45
983;367;28
793;728;50
783;634;7
527;921;44
3;78;15
675;772;7

