500
12657
3000
27;91
45;75
83;90
4;73
18;6
29;61
88;8
68;37
50;37
27;83
53;88
10;57
97;83
71;14
19;36
24;3
99;3
72;83
24;5
47;30
21;67
9;24
97;69
3;26
39;2
91;70
13;28
94;87
87;50
87;89
61;63
26;38
69;83
62;55
42;64
40;42
55;77
42;32
88;63
89;52
65;5
84;47
36;59
10;59
43;29
90;22
23;9
77;72
75;11
67;74
63;80
64;75
34;41
88;4
66;98
86;23
52;95
7;36
2;41
33;81
38;86
75;46
22;99
28;77
36;98
96;76
61;40
9;67
49;81
69;45
59;31
74;23
84;94
75;88
49;13
73;49
50;82
90;28
73;72
25;13
77;14
64;93
73;45
56;3
80;27
63;21
58;14
32;80
61;55
36;56
83;92
76;34
5;86
96;5
33;9
7;39
56;82
76;5
42;90
57;15
8;77
10;54
16;50
50;57
44;83
7;94
5;61
100;1
86;8
96;99
10;77
1;69
51;66
75;57
53;4
20;26
43;48
1;88
89;12
98;79
87;12
43;29
78;4
59;86
69;66
23;16
76;21
93;37
44;34
97;24
26;94
4;78
3;73
80;49
72;71
2;50
80;7
85;1
27;83
90;17
70;2
32;76
62;49
61;56
61;26
3;55
80;1
23;89
14;39
32;59
2;27
92;66
94;37
40;83
64;51
33;97
73;46
8;45
84;56
46;13
57;78
76;49
12;49
48;24
50;17
28;65
31;30
13;78
9;84
32;61
84;15
28;24
27;17
41;97
76;86
96;85
8;53
29;70
58;1
34;18
2;25
53;44
38;13
41;35
41;50
46;6
20;40
3;24
63;74
42;43
72;32
31;89
18;57
85;50
97;37
34;73
94;97
6;15
96;39
76;93
7;49
29;35
48;97
2;14
80;79
92;87
21;94
99;22
100;82
68;61
50;59
33;63
11;39
27;10
28;26
82;36
13;95
54;34
43;39
9;49
12;62
86;38
54;39
80;71
93;18
75;52
77;24
37;37
27;50
77;33
88;38
55;36
65;62
68;18
6;45
67;27
98;89
37;99
4;95
50;7
100;2
90;70
1;18
67;27
16;89
24;64
98;96
95;100
90;8
67;43
69;33
46;82
95;27
55;42
3;68
40;21
7;38
83;36
55;97
7;60
93;82
62;84
38;99
5;17
8;20
8;13
95;75
48;3
93;28
71;15
82;79
100;74
77;94
32;72
35;16
77;86
30;88
45;24
29;92
27;7
99;41
38;77
49;12
63;62
70;56
30;11
38;71
60;94
75;30
37;100
80;36
81;31
27;23
57;73
23;15
27;46
3;77
62;42
39;92
65;42
100;6
83;81
11;5
42;44
19;42
65;48
67;52
46;92
96;99
77;93
40;99
6;45
17;35
31;9
12;70
59;20
45;24
63;70
12;12
28;82
55;3
72;94
72;77
94;61
42;8
61;26
39;80
61;78
67;51
74;28
9;90
69;37
60;61
89;28
90;73
67;34
17;47
71;72
62;66
40;57
19;33
49;40
20;71
26;99
43;20
86;85
14;13
63;30
30;33
61;5
77;39
7;25
55;27
81;61
82;60
23;17
85;48
35;45
1;44
54;93
52;100
75;91
26;79
89;10
61;32
44;72
24;44
96;63
52;52
82;13
32;82
24;49
59;36
68;99
96;78
93;87
26;22
6;75
18;27
95;88
14;6
21;70
32;24
66;27
4;84
51;29
99;25
20;65
57;61
82;45
50;70
87;99
13;62
98;8
13;94
97;59
94;23
13;29
96;36
85;30
100;44
96;88
68;69
49;45
68;3
88;39
26;87
87;27
62;88
43;38
21;63
30;76
64;95
87;91
30;11
93;53
42;5
75;46
34;69
84;40
42;47
39;34
81;66
71;84
39;60
98;69
11;51
72;31
84;18
3;24
64;30
65;69
44;53
66;88
55;45
21;35
53;79
26;29
51;82
34;86
98;10
66;86
62;37
81;31
18;56
6;50
50;21
35;57
9;34
73;44
48;22
64;62
95;44
42;88
67;72
91;12
78;10
48;76
56;90
51;85
62;6
67;31
93;83
21;79
61;66
67;8
84;28
20;77
58;14
61;76
62;71
35;87
51;80
75;43
78;81
36;30
1;30
67;78
69;81
1;57
56;99
32;32
65;42
7;20
53;97
18;51
68;60
27;32
49;52
80;75
76;43
9;48
17;69
1;68
34;10
25;13
54;20
97;2
48;9
60;10
344;281;19
179;121;32
21;276;44
142;130;19
73;371;20
223;252;47
481;295;13
50;466;1
179;208;1
56;272;50
298;376;48
19;156;24
368;450;32
154;401;38
453;72;37
414;487;47
153;240;20
253;237;21
320;81;10
373;469;37
218;472;7
82;487;15
445;132;13
440;150;2
343;260;44
300;6;10
400;212;18
325;241;38
355;478;7
245;188;36
500;214;10
152;13;27
443;140;9
153;278;27
273;340;33
185;84;40
270;212;1
489;105;22
493;380;42
230;335;12
315;178;38
66;368;3
377;53;41
193;218;8
485;47;45
312;317;11
104;1;48
214;429;4
101;198;29
373;242;12
36;462;11
487;240;23
51;262;41
418;67;8
128;344;34
293;428;48
91;79;25
261;341;9
38;124;30
104;88;48
435;219;45
447;478;42
121;63;36
24;383;27
311;148;6
134;175;21
263;102;13
269;471;17
272;291;26
443;270;4
346;453;18
64;440;38
54;177;16
76;402;38
425;388;19
488;111;12
429;206;10
348;260;28
423;469;47
105;151;49
296;116;26
453;46;14
463;353;32
357;202;27
250;341;5
52;343;44
83;450;23
417;499;49
273;16;28
417;301;42
343;169;46
426;107;7
324;499;14
406;172;10
97;337;22
76;47;11
400;350;3
481;143;1
491;147;33
261;427;49
24;353;15
341;294;20
62;259;35
183;177;3
226;91;14
77;243;38
454;9;15
496;428;11
230;79;49
472;394;21
15;165;19
51;263;8
478;48;34
402;399;35
463;416;5
80;190;10
192;85;40
261;226;6
309;363;34
358;89;20
182;323;18
459;337;5
236;105;5
323;287;50
269;103;45
128;394;35
254;175;44
103;417;15
474;444;37
422;492;19
310;283;36
340;90;3
110;14;41
430;282;46
154;210;45
75;434;9
59;163;41
405;436;24
402;141;24
3;49;30
319;397;50
47;296;38
335;443;1
136;60;28
191;98;42
155;72;13
63;13;31
473;61;40
339;205;29
332;18;35
141;333;33
473;169;31
204;349;15
331;266;45
429;296;49
173;266;27
98;439;44
165;415;45
496;197;36
99;289;40
238;161;34
451;127;36
30;480;7
329;113;16
16;312;13
65;185;16
256;340;45
172;277;44
390;2;9
312;253;31
425;342;9
468;277;41
181;79;50
213;307;42
446;350;11
498;251;34
117;71;11
215;434;23
391;11;17
29;211;25
324;282;39
245;383;21
325;439;41
290;109;16
31;180;28
369;30;45
393;441;15
188;14;30
212;195;34
489;154;16
427;328;32
36;162;39
445;97;27
369;182;13
192;354;38
255;43;33
26;15;18
233;128;37
86;314;43
1;165;47
131;412;24
149;268;29
142;310;16
436;115;17
45;108;26
166;378;45
196;408;32
34;482;45
55;254;36
184;484;28
206;43;28
160;393;26
374;405;35
331;396;14
412;419;24
150;455;44
241;304;11
231;167;10
273;95;26
477;21;49
51;83;27
352;279;32
127;404;34
199;149;24
250;458;6
98;431;26
148;332;16
301;221;44
60;120;39
138;192;50
240;355;4
426;361;37
414;301;17
211;353;6
355;254;28
465;274;2
441;447;9
13;84;9
401;141;39
79;392;16
150;343;44
328;124;43
334;363;32
318;244;35
458;269;41
120;442;14
24;50;40
333;215;15
115;340;45
492;460;17
428;52;38
295;24;32
167;431;37
401;65;17
31;358;17
432;452;4
361;26;45
97;244;10
350;359;17
5;384;35
146;433;19
362;380;34
70;305;44
425;17;23
414;117;41
494;456;43
50;65;12
89;72;20
148;320;21
324;209;16
92;278;20
26;25;14
129;446;6
225;196;37
290;244;38
79;48;42
145;410;15
268;72;4
310;198;35
145;118;49
132;338;40
396;44;33
78;377;12
484;495;2
135;88;42
341;309;48
381;140;15
237;142;36
43;318;14
83;3;10
371;206;9
270;91;13
196;54;36
483;493;5
427;179;31
403;493;45
220;423;22
378;53;47
135;172;25
317;239;46
214;472;26
316;442;3
290;185;16
41;101;5
273;295;13
98;418;45
307;321;5
358;248;18
489;325;27
53;375;1
250;437;20
253;335;29
185;109;38
131;429;48
423;441;47
339;270;35
137;26;4
408;266;9
91;272;31
265;400;48
456;287;34
54;282;23
410;387;15
311;20;50
98;334;6
105;319;14
276;230;16
230;226;34
71;169;38
336;69;31
412;259;37
169;236;22
395;10;41
132;463;42
363;336;41
291;448;50
473;285;38
467;364;41
451;228;40
257;257;31
236;177;33
297;118;39
439;58;1
298;234;15
26;212;47
50;34;41
448;406;34
472;44;3
272;116;15
25;17;34
154;209;37
113;488;43
263;423;28
52;435;30
395;452;34
38;449;12
280;309;22
382;45;22
293;16;23
17;323;14
179;337;2
298;290;50
311;137;1
417;447;27
139;490;11
361;119;25
243;362;19
113;267;38
94;446;26
168;44;48
280;322;13
74;272;23
77;330;3
92;151;23
23;245;37
22;204;27
366;44;28
247;91;37
68;193;38
14;414;11
136;30;12
93;62;41
1;279;5
399;457;4
97;119;50
335;448;3
239;373;33
41;352;19
386;96;33
120;344;21
186;407;39
445;40;8
310;109;8
402;345;42
171;431;45
205;487;37
142;437;14
251;143;10
82;119;32
462;257;25
16;252;9
329;177;29
305;250;47
82;402;7
55;25;2
248;238;23
268;446;34
265;40;30
193;278;22
144;175;27
355;317;40
475;320;33
281;256;45
103;135;12
414;234;5
158;187;12
233;295;12
89;144;27
313;71;3
433;357;42
73;262;47
207;175;25
298;421;46
193;337;4
273;495;22
446;323;44
456;321;50
149;414;2
116;363;22
194;306;13
355;363;33
75;247;46
498;373;46
403;226;37
163;17;46
322;22;31
384;62;41
471;392;50
327;473;19
349;350;49
148;460;43
184;44;14
381;139;5
385;406;17
343;371;3
129;259;16
95;426;49
435;234;10
12;174;14
345;258;31
453;42;26
259;462;9
323;219;23
65;411;16
343;392;1
173;223;4
147;316;9
472;322;35
267;43;18
149;470;3
313;146;1
281;116;7
111;230;45
267;255;9
356;91;7
172;9;7
5;255;36
152;255;19
459;259;47
133;376;12
436;83;24
321;134;34
227;115;33
71;341;11
83;47;20
469;263;34
350;443;37
489;264;9
313;283;1
5;387;46
193;254;37
396;232;36
220;150;6
137;313;28
125;72;50
4;179;6
303;247;28
110;213;8
273;44;48
108;75;20
367;4;6
89;384;17
261;401;3
220;195;30
482;13;49
126;487;5
367;235;12
262;241;15
15;247;40
293;32;10
231;442;26
123;91;32
374;282;19
2;233;10
377;151;5
477;222;32
468;456;8
307;93;22
142;303;11
143;386;3
392;486;29
413;89;8
481;66;10
404;489;3
240;482;26
372;371;50
371;209;4
24;379;48
23;35;35
328;303;13
138;151;13
476;499;36
32;192;19
284;387;43
164;321;4
417;152;40
468;146;12
309;387;24
335;413;22
156;234;20
225;310;38
101;22;40
450;15;18
129;201;41
178;452;22
410;190;19
90;360;49
195;351;40
324;79;47
279;414;1
176;267;36
228;450;46
267;330;19
422;425;25
299;449;33
230;401;23
459;187;41
108;396;45
321;236;25
222;421;20
430;34;6
477;130;48
116;325;10
285;240;1
7;165;8
80;249;46
162;264;35
466;6;23
336;15;24
207;29;32
295;13;37
238;88;21
436;220;38
444;249;19
475;469;31
363;289;9
40;248;5
341;281;42
219;394;11
407;312;14
124;360;26
301;470;43
50;148;22
92;412;12
44;474;3
168;413;24
384;9;25
435;408;38
5;148;28
152;496;39
292;460;24
22;275;18
314;258;25
384;253;32
115;322;36
476;436;42
462;177;22
155;472;41
199;53;9
315;71;19
260;243;5
149;283;11
364;67;39
345;346;3
399;236;21
313;28;1
130;464;26
252;91;12
256;226;20
458;274;32
48;73;50
443;225;34
243;50;15
137;467;8
401;29;39
31;403;33
429;104;19
116;423;6
276;484;32
290;189;1
148;458;49
238;2;46
146;458;12
428;457;44
365;221;48
66;92;17
260;497;32
288;109;45
87;80;30
202;361;43
104;157;40
250;59;31
158;98;21
450;396;30
333;211;7
111;222;47
402;455;46
130;320;45
38;453;14
185;277;30
398;46;43
261;2;19
440;56;3
370;410;50
357;230;3
3;12;40
73;278;33
396;376;12
59;360;44
29;339;8
421;195;4
251;402;31
198;469;27
301;372;11
216;208;49
155;216;25
256;441;33
289;411;45
446;404;8
444;41;2
178;476;35
38;104;32
91;135;8
73;103;9
426;312;31
498;464;44
115;473;2
58;359;29
414;124;36
42;378;13
477;431;32
426;392;49
53;341;4
498;88;8
336;481;40
256;327;3
359;228;14
358;116;27
322;28;26
124;394;35
294;384;30
192;103;4
90;218;38
362;394;49
242;289;6
252;60;15
343;137;36
116;163;37
391;13;16
344;271;49
386;454;16
167;186;33
393;183;16
469;165;16
53;344;12
468;330;19
226;494;38
6;216;44
81;360;4
412;349;30
182;49;28
8;271;29
470;67;7
266;306;50
418;69;11
162;381;26
435;418;27
69;176;29
467;131;29
120;200;18
21;38;24
450;341;30
217;145;40
348;205;31
485;373;28
119;445;4
141;229;31
161;198;16
469;446;8
247;447;23
393;85;27
340;83;19
152;386;45
334;398;44
426;97;4
156;307;42
86;3;27
321;369;33
300;194;22
125;27;44
436;314;41
207;48;37
282;476;20
85;254;14
457;420;3
166;75;15
329;40;6
225;407;50
266;433;21
57;181;19
83;144;46
432;187;16
116;29;20
343;259;49
53;464;38
426;56;10
430;184;49
27;7;44
350;417;2
90;380;26
416;454;23
335;424;40
308;266;21
244;59;47
79;381;11
34;47;4
128;240;40
79;203;2
7;484;44
450;496;9
414;146;20
344;401;34
3;161;32
246;384;3
494;237;28
494;406;26
150;94;28
425;154;8
34;305;9
162;388;24
292;200;24
452;310;14
3;55;3
97;331;6
480;396;7
179;57;10
82;72;39
352;496;45
203;431;37
168;228;20
49;31;28
236;128;5
410;250;11
193;185;13
202;366;29
321;44;9
23;308;26
116;267;31
16;130;17
126;397;5
50;444;15
271;470;40
466;245;48
282;55;9
251;346;44
157;169;5
459;154;33
385;170;25
497;110;32
436;20;34
349;184;41
477;347;25
222;112;25
175;255;10
225;231;15
368;198;28
366;340;4
226;310;26
324;177;13
397;490;48
113;246;2
248;400;19
158;245;6
371;368;7
205;89;15
476;46;47
260;231;7
26;125;15
106;205;3
474;333;26
65;39;11
328;409;15
153;10;30
150;15;42
168;479;16
492;479;5
303;106;17
189;15;3
456;280;39
339;363;14
466;23;10
23;356;7
221;313;42
235;93;16
391;317;8
285;181;40
459;321;40
301;169;32
156;192;21
19;471;23
427;411;35
226;373;12
134;61;35
74;211;8
453;232;13
343;393;37
135;19;32
497;136;44
58;11;20
499;18;35
325;129;48
382;256;20
439;204;27
439;302;34
82;423;2
397;80;3
402;292;32
80;484;40
412;267;31
292;382;48
189;402;24
320;385;27
157;210;19
10;95;2
159;413;25
371;133;33
440;167;23
46;194;8
496;297;20
264;20;20
412;192;8
11;271;41
174;282;10
89;365;11
30;99;15
138;274;2
423;247;6
420;434;43
118;129;10
184;219;35
307;64;32
257;195;13
166;64;27
71;430;33
418;337;3
302;489;43
390;250;28
296;297;39
94;21;8
453;7;16
157;90;47
284;46;49
414;202;7
212;143;16
50;362;42
488;60;24
235;134;8
253;439;11
437;178;43
406;327;24
5;202;23
218;127;28
172;113;37
497;328;4
31;251;24
378;339;33
196;18;40
48;139;16
315;411;42
154;270;47
348;18;42
144;118;32
239;45;49
497;249;30
301;34;30
442;246;32
84;330;14
106;111;12
445;369;46
169;152;41
484;153;19
71;343;35
256;496;27
500;309;2
295;183;22
377;275;7
90;224;13
285;426;40
318;91;17
181;490;31
105;332;21
304;133;25
384;461;35
350;146;49
170;458;42
176;420;35
460;313;50
121;404;14
334;24;10
89;180;50
383;319;4
415;193;19
41;99;32
206;495;19
349;430;17
17;292;43
24;422;6
398;5;23
172;219;25
149;161;22
259;143;9
387;223;21
266;418;5
360;338;31
310;259;26
60;487;43
131;54;8
479;475;49
408;88;7
305;142;5
400;318;43
275;62;30
115;329;11
457;244;29
84;471;4
373;59;29
231;301;12
328;203;14
55;354;43
26;129;31
469;65;20
478;311;10
458;46;21
466;248;15
433;41;1
363;54;40
357;176;38
163;90;24
21;462;42
54;333;45
443;416;17
264;37;35
382;329;2
449;162;50
140;305;7
372;259;20
45;264;5
490;182;49
348;88;1
237;28;33
219;190;12
183;132;39
261;495;39
30;352;29
488;258;34
316;349;46
384;299;18
164;67;20
396;267;45
462;461;50
300;92;18
117;447;12
13;189;3
196;438;46
316;86;34
279;26;15
256;91;7
314;468;4
351;33;14
336;442;4
351;60;13
199;70;28
377;122;14
451;326;13
148;437;4
409;33;39
200;157;8
391;150;7
109;425;46
443;28;2
409;247;34
172;62;6
407;238;13
210;171;20
170;148;5
215;164;33
17;247;49
156;448;15
461;310;34
111;440;22
338;157;3
390;151;32
307;142;24
383;334;29
435;279;36
279;365;27
95;432;45
95;43;26
380;46;27
419;198;25
17;405;20
282;409;48
49;404;41
18;237;20
448;213;1
497;98;16
401;90;6
48;423;6
262;127;19
251;344;43
178;31;17
225;253;50
385;230;46
122;303;38
312;466;46
17;38;5
232;41;46
35;385;2
402;470;24
41;135;6
207;70;5
17;33;42
209;17;43
456;442;14
174;89;9
465;33;3
206;171;20
464;69;39
55;85;10
364;361;38
314;270;45
41;95;26
420;32;15
279;18;49
25;319;13
84;294;38
254;257;2
78;412;7
81;460;9
93;261;17
453;403;4
488;43;20
204;175;7
113;146;48
180;137;15
295;7;48
74;22;14
85;283;28
192;464;23
76;394;12
401;450;27
219;305;10
444;190;25
494;230;42
210;87;42
267;273;2
24;237;46
292;305;18
333;53;22
430;144;50
467;303;31
489;293;29
365;330;9
206;63;9
273;174;19
481;6;35
427;247;17
204;148;4
418;475;6
98;246;44
138;225;18
314;144;15
37;242;49
485;427;19
463;89;36
493;73;49
436;121;49
126;381;50
131;404;12
271;489;31
420;313;15
154;263;15
264;225;18
36;152;21
190;374;42
460;157;29
454;65;29
404;380;49
416;230;1
81;448;4
335;218;22
474;403;20
291;185;31
446;68;4
199;448;19
365;53;26
338;24;4
475;316;31
491;153;34
473;29;25
93;477;32
281;20;28
116;43;36
475;69;4
28;320;11
24;240;39
400;132;29
105;298;5
446;492;38
220;493;49
47;166;4
164;190;9
66;140;28
226;316;1
29;329;12
280;182;4
120;412;11
64;384;33
249;442;16
380;469;14
27;47;2
474;58;11
302;7;16
228;134;32
174;376;12
147;296;6
218;313;7
500;485;28
297;330;12
276;79;39
167;317;14
290;385;11
310;202;32
252;309;43
234;203;46
32;138;27
232;16;27
274;174;40
96;465;33
28;175;35
38;497;38
220;488;31
188;49;21
256;136;42
172;376;9
408;97;15
123;281;46
302;384;27
67;287;8
1;373;27
346;232;30
450;249;20
75;129;30
332;254;21
93;486;1
155;302;48
54;414;8
121;300;45
378;433;16
493;103;34
317;308;25
42;352;5
6;301;39
88;49;2
74;6;26
395;305;31
197;321;28
301;12;6
245;30;6
335;280;35
89;139;48
270;365;2
148;412;17
307;252;3
127;125;34
280;37;15
274;190;20
244;390;13
466;214;37
227;84;48
275;47;26
124;84;47
81;382;18
25;269;48
314;464;33
375;465;38
424;70;11
56;170;46
101;237;17
431;193;2
220;456;41
310;127;19
127;397;48
483;191;50
476;66;50
143;376;24
141;129;21
228;200;33
368;73;24
306;100;44
313;80;36
191;403;8
164;486;24
197;34;16
327;201;45
416;300;12
303;242;3
375;159;35
178;277;5
294;162;43
137;223;35
431;150;7
16;472;23
424;183;47
231;495;29
167;363;2
15;99;50
486;60;35
15;84;27
147;387;34
216;428;21
18;170;30
240;154;37
457;106;1
397;246;23
5;276;38
92;198;15
451;123;25
303;107;17
178;15;15
360;151;5
220;92;10
246;268;31
241;471;5
102;383;22
247;342;5
88;313;6
319;161;2
402;331;34
489;449;5
10;174;39
142;442;25
474;49;2
41;177;37
58;422;20
17;328;36
480;496;44
91;169;7
39;51;7
19;368;15
146;34;14
223;93;10
294;455;9
413;247;4
225;226;25
17;178;43
393;22;12
14;166;13
52;292;17
175;158;49
147;8;7
386;121;1
248;67;44
314;414;9
343;187;6
239;288;42
461;141;11
364;496;1
203;230;14
409;313;24
232;422;24
110;450;26
293;189;14
388;266;49
84;75;24
378;378;4
300;298;11
287;98;2
314;149;38
13;451;5
405;412;15
353;20;12
157;43;48
373;342;49
193;276;36
284;362;11
118;336;2
134;122;48
363;402;10
499;145;35
492;316;31
306;297;22
18;434;48
17;89;41
155;49;3
321;396;6
396;242;23
187;241;24
498;261;18
376;274;48
9;115;21
354;234;17
26;188;16
395;445;18
172;409;38
495;157;43
414;104;39
403;458;34
380;298;4
221;7;9
254;373;40
1;241;7
63;126;35
68;325;3
17;165;32
47;121;14
193;326;19
280;192;19
125;208;43
9;150;18
297;200;43
217;488;27
433;297;25
400;189;8
365;283;11
295;356;50
313;132;47
386;372;42
211;124;37
262;486;31
343;372;33
371;452;36
187;167;13
427;314;39
122;254;42
457;123;2
201;305;11
407;384;7
264;336;18
155;96;28
202;278;28
41;144;35
181;212;2
3;394;6
119;420;5
343;481;36
258;224;49
85;241;42
461;232;6
221;22;29
340;262;13
421;385;37
138;380;19
274;94;7
347;390;7
377;375;14
88;295;18
301;298;17
324;37;7
348;207;32
214;403;15
76;1;16
307;170;8
215;448;17
448;181;15
156;91;43
292;71;33
290;235;7
145;164;17
448;255;43
201;474;25
224;79;15
353;352;50
100;485;14
465;197;32
316;289;29
283;400;3
74;1;38
281;360;3
443;84;10
122;178;7
389;414;27
125;259;13
330;248;45
283;390;14
442;185;14
230;255;17
457;185;5
318;222;26
475;1;5
334;458;35
447;440;35
159;459;11
76;57;26
276;83;5
417;386;44
16;382;4
377;262;46
158;273;2
410;357;26
470;307;42
70;331;23
49;369;15
37;247;2
397;100;47
437;434;20
272;338;23
75;360;43
213;226;14
217;120;50
114;496;36
28;152;40
87;4;15
285;369;18
191;417;31
216;415;47
191;321;48
253;424;15
469;275;15
63;371;21
80;432;36
58;111;45
84;237;7
365;276;36
71;236;42
449;370;14
388;158;28
497;358;19
350;421;20
37;205;24
283;455;50
430;304;22
114;345;50
97;431;8
359;217;15
267;408;29
39;204;6
453;119;5
113;350;3
104;308;33
255;284;45
449;322;38
312;181;45
445;56;33
420;323;21
72;376;34
162;369;38
252;210;32
72;262;6
147;493;20
441;267;28
416;35;38
333;374;47
314;326;13
175;405;50
136;283;46
166;281;17
41;453;30
323;79;15
235;45;23
366;155;48
448;477;23
359;229;22
192;152;27
187;164;5
229;432;23
156;303;9
279;114;32
34;282;43
219;139;49
337;88;18
243;225;40
318;420;37
352;284;30
396;274;41
299;324;14
346;266;36
355;181;21
146;348;29
137;92;15
305;49;1
404;316;36
2;254;28
92;282;14
37;23;8
206;203;41
226;150;16
167;140;41
24;131;7
291;377;32
343;359;27
30;133;19
276;454;19
99;294;16
82;471;4
122;259;44
70;14;11
326;500;8
368;138;30
74;98;47
154;149;16
256;20;23
334;10;26
481;434;15
370;63;10
71;226;19
222;328;26
87;224;3
372;321;18
393;477;24
183;284;38
255;401;34
394;390;14
352;61;42
52;121;21
283;97;23
137;99;21
310;338;50
361;451;17
198;152;12
201;470;48
206;130;48
405;70;48
388;240;47
133;120;11
90;16;7
344;49;25
148;419;3
395;92;42
464;266;16
326;363;34
163;231;41
272;22;14
375;409;37
273;479;41
29;52;38
171;369;20
194;442;6
429;426;21
388;229;22
243;301;41
184;100;30
57;166;45
270;183;11
26;408;38
287;293;48
14;403;43
336;111;40
360;62;26
271;35;19
48;414;18
254;215;47
329;466;12
64;53;18
156;399;6
455;185;9
141;125;25
220;51;16
378;7;26
208;85;45
394;306;6
123;495;25
307;42;16
68;349;30
440;7;44
117;17;31
199;435;8
35;498;44
228;318;23
322;358;3
250;197;28
85;277;5
322;433;32
160;401;37
281;103;39
267;484;49
310;244;24
242;152;18
424;421;50
109;344;12
143;285;6
217;450;22
207;378;48
354;212;47
416;219;1
48;254;32
174;154;25
391;452;39
191;271;34
406;295;42
251;341;21
228;312;17
480;265;35
174;254;14
18;340;11
181;86;31
401;217;40
231;190;33
148;249;27
339;9;43
89;90;32
96;44;12
221;310;10
342;493;41
442;325;12
477;348;25
103;130;29
483;328;43
196;50;31
356;128;35
369;483;7
459;295;1
118;155;7
74;500;19
78;160;42
450;11;39
128;332;41
238;265;7
91;372;22
487;139;50
278;155;46
375;229;6
138;317;14
441;196;16
288;12;17
133;468;42
95;326;20
496;26;33
1;360;25
123;317;44
147;56;47
136;289;21
361;108;47
385;99;21
286;5;44
221;46;31
464;70;29
237;193;44
323;78;1
399;72;16
325;115;42
86;253;41
486;497;18
62;45;41
239;263;24
118;10;13
274;310;24
434;133;47
462;53;47
426;247;16
31;333;4
233;317;50
434;12;10
258;454;24
251;267;48
201;395;4
417;237;41
303;236;7
218;354;4
97;332;7
264;285;47
399;117;25
196;443;50
199;424;6
157;312;6
102;298;5
478;456;7
11;193;27
141;353;3
179;376;32
22;449;41
124;296;29
446;414;24
131;253;2
313;422;28
238;12;26
476;140;35
48;451;29
335;356;11
269;470;7
71;184;13
476;127;14
355;163;3
56;456;24
333;175;41
354;110;41
265;215;25
474;456;16
72;259;43
430;130;41
411;428;29
483;130;13
465;440;19
199;13;7
26;241;34
368;265;16
327;163;41
81;42;45
171;105;8
23;332;10
343;363;39
493;121;47
9;399;13
487;181;49
369;249;38
346;400;11
481;192;48
44;105;8
428;49;12
324;170;13
473;258;36
174;132;38
239;59;13
237;237;20
145;298;11
273;400;49
255;270;40
435;126;28
175;339;32
174;295;36
52;242;4
124;131;20
413;20;5
339;47;26
415;22;33
239;459;19
443;110;44
148;464;39
289;430;26
192;448;7
146;280;1
51;164;12
290;280;30
284;239;17
156;120;22
499;465;23
477;173;40
314;457;1
330;283;22
209;461;25
382;116;49
444;278;7
434;268;1
459;255;41
285;319;48
305;165;4
268;101;42
284;458;2
488;213;28
33;352;41
426;32;31
73;166;12
350;477;18
361;123;36
26;156;30
174;283;21
498;337;17
219;212;24
142;370;20
279;121;37
167;248;39
295;235;3
83;291;10
334;152;11
50;142;3
297;116;15
318;135;27
190;303;26
410;195;8
464;208;11
61;194;40
202;65;2
324;461;7
22;472;14
176;162;17
82;320;27
469;305;37
125;355;38
144;337;3
346;258;18
171;27;10
340;458;14
363;135;23
385;249;22
427;310;35
319;190;46
206;56;22
94;223;15
255;235;1
46;457;25
280;328;20
250;179;26
191;39;29
192;181;47
19;500;41
482;268;15
150;29;32
452;183;42
112;369;23
311;319;24
150;410;24
14;372;4
265;20;33
188;15;15
500;402;39
483;234;4
139;248;37
468;246;3
104;23;22
23;366;42
62;209;8
442;439;44
233;325;36
215;441;40
138;299;6
103;385;36
210;287;47
240;37;15
219;51;38
53;50;15
269;454;16
356;259;8
166;498;50
386;20;39
491;480;42
483;168;40
298;186;7
148;189;8
386;427;10
415;109;36
490;166;16
269;462;21
80;170;2
267;471;27
476;7;43
116;38;28
126;267;26
92;49;17
318;365;41
345;198;23
438;374;43
98;453;43
406;101;2
478;298;25
164;489;3
14;424;2
416;485;10
103;302;14
347;266;48
41;457;42
333;225;22
277;218;36
383;489;21
305;448;43
120;440;19
421;495;11
60;469;18
282;127;47
478;49;25
38;468;25
324;446;33
112;382;41
384;242;10
351;323;8
298;184;26
115;127;11
186;16;33
63;268;50
75;53;50
367;432;12
11;161;10
191;144;20
123;113;28
212;193;11
432;246;15
345;172;2
333;15;45
83;338;27
27;160;49
306;280;41
140;319;22
428;86;29
84;211;39
110;202;42
373;103;41
280;455;11
452;147;4
121;191;33
173;379;14
353;441;17
342;368;40
55;493;41
128;459;8
292;218;32
427;412;19
317;203;32
11;403;24
454;190;21
350;261;1
298;50;45
281;422;19
348;30;1
439;374;1
480;332;22
144;300;40
98;136;11
76;87;9
303;161;8
414;194;45
221;188;46
496;161;46
251;377;11
200;1;13
256;333;21
41;115;8
371;349;16
431;250;47
461;161;35
453;166;22
340;184;30
173;125;35
330;408;37
365;334;36
11;106;19
112;149;14
374;395;1
433;176;42
120;90;29
274;404;42
340;130;47
464;473;10
226;169;41
114;221;17
221;159;36
498;321;14
312;122;32
454;447;8
206;99;43
136;364;27
354;365;4
438;175;40
465;27;5
75;361;34
233;107;45
397;95;46
92;374;28
266;412;39
289;368;18
387;337;42
228;33;34
446;127;5
324;329;40
84;342;17
212;28;5
500;454;4
389;205;42
256;55;4
322;69;40
494;29;43
280;147;8
324;126;29
324;331;20
298;334;44
20;166;32
88;359;6
149;190;27
301;135;8
107;269;35
46;434;18
190;346;36
256;214;33
429;398;9
216;413;48
248;294;14
193;44;38
197;378;27
110;380;16
47;466;22
72;326;39
190;170;27
332;461;34
56;177;33
117;162;49
26;62;47
207;342;17
458;205;13
375;454;46
133;419;43
3;164;48
75;81;38
108;330;27
35;179;42
372;77;10
418;138;7
32;27;15
424;425;16
290;475;26
4;402;43
190;237;29
438;70;8
223;133;12
452;81;26
494;426;3
470;168;9
327;365;41
489;65;3
497;495;35
203;146;16
209;359;31
115;334;24
21;304;7
424;365;23
149;176;38
438;271;17
205;123;23
428;354;23
94;131;2
130;69;31
107;41;32
216;484;44
121;433;23
340;386;26
457;44;21
211;141;37
56;396;15
127;394;35
133;86;40
358;498;17
205;66;18
140;330;2
235;404;50
399;37;2
435;376;6
83;373;34
86;472;43
199;95;42
364;118;25
205;152;43
211;60;4
332;98;13
272;174;18
139;269;7
362;247;30
57;316;20
246;336;3
342;429;11
126;6;27
120;126;34
161;166;5
314;364;46
168;460;12
266;61;42
335;129;2
469;494;6
459;104;2
459;83;33
386;413;42
465;307;36
411;96;37
10;190;37
375;110;29
294;23;33
271;306;48
153;289;11
196;70;32
374;57;38
366;51;39
77;448;4
86;232;50
375;303;39
23;400;13
299;363;38
272;359;30
167;464;5
158;486;14
274;379;16
440;121;30
423;381;15
40;335;38
22;129;25
148;466;42
481;37;29
77;146;21
267;168;41
268;260;11
252;71;25
416;100;41
136;458;43
35;10;32
181;478;48
363;456;36
347;487;22
371;341;2
444;262;22
390;73;32
21;459;44
464;72;49
155;314;37
416;356;7
243;457;4
361;420;12
324;466;9
17;456;21
332;345;36
430;379;49
238;130;8
335;394;23
259;446;15
482;185;7
265;220;47
99;358;36
312;284;37
391;485;13
50;88;24
251;136;1
263;103;18
92;431;33
226;115;27
310;101;5
60;125;30
419;360;6
240;323;20
164;494;8
206;355;22
362;175;14
190;65;1
437;319;7
229;334;35
277;474;11
145;127;27
397;454;36
259;340;27
198;72;43
212;441;9
418;366;31
219;251;29
32;294;3
490;215;21
354;478;46
3;249;21
204;358;14
397;330;40
403;247;13
52;399;45
178;401;24
171;38;14
105;442;20
37;380;49
426;220;18
40;136;11
57;114;29
94;170;3
40;308;35
84;247;41
131;409;23
471;58;43
379;425;5
262;294;43
48;199;49
444;480;42
27;212;26
344;265;24
407;448;7
208;258;31
426;187;46
5;56;16
61;66;14
211;31;46
378;168;9
406;123;11
399;381;16
343;100;17
186;111;18
469;294;37
37;450;32
324;171;29
7;6;43
448;142;50
170;365;36
20;26;7
285;175;37
78;59;21
471;178;43
252;222;34
218;495;5
475;343;50
86;453;49
19;392;32
384;326;49
27;196;27
471;274;12
418;102;39
500;177;35
235;178;14
213;28;3
325;9;33
71;35;12
402;185;3
220;261;8
199;72;48
34;65;41
161;79;7
388;223;5
327;228;15
463;115;5
338;300;29
368;447;45
162;73;38
30;174;22
370;8;25
337;36;50
72;264;16
137;142;4
331;444;8
331;293;48
30;67;2
261;216;48
444;432;25
315;203;16
59;451;41
120;203;12
380;284;8
199;245;3
414;155;6
344;86;28
61;228;29
112;475;32
475;386;45
68;2;24
470;320;47
308;226;31
167;488;1
342;415;50
154;390;28
127;146;19
291;198;17
316;321;8
333;299;19
285;161;23
8;414;15
26;39;8
351;253;23
446;429;16
265;359;22
5;314;15
22;94;17
368;128;34
453;267;9
72;358;25
258;370;41
176;429;25
149;488;17
22;295;49
282;137;30
48;482;32
63;68;24
427;483;34
133;394;8
163;271;35
149;212;4
114;31;15
261;9;24
395;424;39
106;209;34
332;220;30
356;347;16
408;232;14
144;380;40
382;122;44
94;347;32
394;237;4
356;204;10
162;400;20
448;105;36
140;349;39
238;333;43
177;233;9
500;102;22
120;151;38
79;282;40
400;444;37
88;329;25
132;452;23
481;274;12
240;63;45
188;363;44
78;147;18
199;29;6
349;216;40
458;144;12
388;357;40
234;262;42
436;292;47
106;428;23
470;119;48
388;308;1
395;366;46
74;268;31
434;269;30
452;282;9
196;169;33
78;209;28
47;471;16
146;382;48
233;171;46
311;323;17
345;299;3
304;422;18
143;7;17
6;19;50
201;246;18
406;111;14
293;207;38
216;370;31
481;225;4
465;213;2
268;442;4
488;472;18
29;443;39
262;448;19
411;158;42
483;428;17
398;128;49
149;60;29
238;477;35
83;230;47
281;492;19
382;280;39
358;29;38
396;64;38
347;226;44
218;224;40
21;313;29
431;33;40
344;183;10
344;208;21
61;185;2
450;386;36
169;16;5
385;447;27
26;154;13
33;7;19
333;196;47
109;14;13
386;477;25
223;365;42
330;261;45
108;275;47
289;239;38
426;281;27
487;149;7
330;276;36
423;497;35
260;175;29
22;409;25
499;68;18
97;13;14
477;377;36
379;118;31
10;487;29
63;14;28
190;81;29
461;305;8
305;486;5
187;373;4
339;158;25
183;398;47
339;41;1
440;244;15
81;2;16
7;455;25
150;2;25
123;411;21
431;207;36
379;131;42
209;368;27
488;94;40
84;318;44
68;293;42
38;278;2
482;135;36
462;364;36
410;487;31
347;166;40
56;77;36
161;340;43
50;6;50
355;340;49
95;46;26
322;204;6
176;212;21
97;18;23
244;456;47
178;230;24
276;296;40
218;478;22
134;210;13
402;472;34
392;479;21
112;3;49
116;184;38
296;272;7
458;198;21
199;177;48
496;302;44
168;459;29
457;344;3
362;25;14
327;194;17
202;482;13
1;492;2
143;381;24
225;365;50
419;108;23
40;337;14
168;323;5
330;370;32
429;441;11
414;70;32
108;19;39
497;280;1
167;103;9
136;53;18
178;172;36
146;469;40
17;149;5
459;346;9
429;229;27
130;260;6
466;328;18
327;132;5
69;353;40
251;438;23
121;163;23
367;51;29
38;89;35
153;146;47
38;258;2
182;136;40
474;185;40
359;427;33
121;379;43
136;146;48
438;26;7
453;483;22
349;481;14
70;466;21
395;494;15
267;365;25
48;251;47
348;87;10
303;459;3
437;203;3
309;465;5
380;314;1
85;151;40
106;353;27
429;56;35
475;468;24
263;185;23
165;428;10
395;83;32
397;343;37
147;470;30
305;198;31
178;479;18
431;39;16
98;179;9
403;345;34
186;166;35
293;217;48
480;316;13
307;418;22
56;326;18
74;221;2
397;473;25
206;260;40
187;123;49
23;459;11
187;28;20
21;333;35
478;388;28
326;303;5
465;229;5
120;272;33
79;400;26
209;330;45
267;263;6
40;474;10
470;152;40
88;122;50
340;399;5
317;342;46
499;250;44
260;7;2
66;147;47
470;415;46
470;216;29
379;204;2
274;93;11
351;296;22
193;421;5
277;336;15
14;174;13
440;62;38
449;182;14
156;185;22
214;426;38
160;119;39
178;154;41
56;323;39
283;15;11
251;160;2
168;162;10
417;415;46
120;494;29
102;265;31
358;94;18
292;345;11
202;469;30
414;72;48
49;71;4
126;303;46
257;253;39
28;411;6
286;399;36
331;386;24
370;358;28
165;372;26
461;375;3
9;392;27
278;183;14
99;214;37
423;271;32
239;332;21
194;420;22
359;242;9
115;172;31
204;5;7
295;72;8
390;86;4
99;4;36
208;55;34
90;199;7
313;260;33
292;354;1
214;317;32
374;457;39
328;439;44
297;14;24
129;277;47
396;415;12
469;136;41
196;489;50
89;361;10
444;14;16
447;391;37
318;478;9
33;144;39
277;446;29
449;400;22
116;260;7
481;306;14
345;289;50
411;190;48
81;215;47
433;260;9
297;11;36
51;325;24
414;49;16
235;154;39
90;28;25
456;364;3
76;293;45
66;423;13
135;217;8
261;61;37
261;37;13
498;394;49
396;371;21
42;149;27
252;330;30
81;376;9
257;148;1
441;168;24
458;17;40
186;42;42
125;57;3
138;169;12
14;175;50
364;365;19
427;402;48
400;96;38
411;97;50
374;221;14
82;198;28
441;385;25
374;342;24
202;401;24
8;415;6
365;353;14
31;139;24
420;250;41
268;460;22
488;416;30
77;175;45
500;94;50
309;130;48
220;199;49
352;234;19
231;5;5
243;52;7
346;348;33
234;334;11
150;390;25
316;87;19
253;47;30
226;4;46
114;494;38
45;139;13
325;338;20
355;464;36
34;452;33
237;489;20
477;398;43
187;408;30
150;492;22
284;295;27
44;30;45
493;336;13
380;220;12
284;406;14
415;228;49
231;313;12
7;381;16
265;424;37
436;486;10
354;500;11
193;172;44
358;487;49
220;23;19
415;119;29
83;22;28
292;136;12
343;164;17
479;468;17
176;114;41
146;465;28
469;426;32
63;294;34
420;25;42
351;50;4
74;134;24
6;210;19
452;169;26
21;17;14
279;397;10
151;143;29
145;443;26
398;253;8
8;5;35
325;362;29
313;237;24
105;233;39
112;363;23
66;338;27
242;106;30
225;213;32
377;442;19
30;298;24
412;353;37
38;207;39
199;195;32
165;319;10
465;371;24
99;346;26
48;253;49
390;445;20
348;75;34
33;248;33
31;490;29
82;411;42
439;318;15
329;43;4
395;271;43
319;496;12
200;396;47
498;286;7
444;284;19
398;67;39
428;470;30
363;149;39
118;394;7
143;221;48
134;266;24
163;148;28
474;52;39
257;182;49
382;448;36
147;268;14
277;79;30
482;281;50
164;377;31
332;440;7
466;83;48
95;99;12
99;58;43
78;44;34
377;316;23
162;415;26
404;219;40
336;216;40
91;467;6
314;434;40
498;485;11
108;392;43
95;416;30
229;333;33
364;293;3
226;271;35
187;65;7
309;42;17
126;161;44
432;91;43
86;334;15
342;451;6
349;332;28
333;219;39
16;50;37
485;14;13
100;490;50
111;91;32
320;361;47
355;194;14
383;220;13
32;444;26
419;297;32
417;131;17
302;351;39
318;382;16
390;164;31
95;105;25
453;85;28
198;472;19
53;77;5
141;127;5
71;134;32
179;495;27
350;203;17
33;158;40
498;496;14
491;156;35
211;386;13
480;300;37
8;309;13
367;460;27
395;384;1
344;388;47
332;79;49
54;135;13
352;128;12
238;448;8
436;413;23
31;141;3
418;372;43
70;63;39
446;130;42
201;232;35
312;441;45
410;288;4
387;454;22
62;499;46
89;16;6
342;244;26
181;30;13
186;231;50
334;177;2
221;346;9
475;312;45
147;441;41
69;60;39
283;143;46
188;150;26
143;109;36
195;479;26
177;457;50
338;25;35
177;115;15
429;185;13
178;129;48
13;37;22
375;312;8
461;99;14
322;382;10
19;97;25
492;79;38
239;105;11
373;50;42
268;326;32
281;362;49
396;497;40
112;177;14
244;335;17
314;50;24
321;464;4
33;368;4
49;99;2
431;172;46
341;303;26
194;262;34
480;94;31
387;161;35
7;167;49
392;243;16
456;395;28
257;425;46
368;437;35
434;386;7
215;107;36
100;277;18
63;473;10
288;249;5
491;86;49
417;178;3
247;116;30
485;319;45
356;243;16
86;279;50
262;459;41
102;129;13
168;442;49
500;272;15
239;220;29
341;350;41
175;179;22
241;202;34
366;36;1
54;317;16
13;317;40
173;322;13
375;163;41
241;490;14
127;152;37
36;286;39
425;241;42
77;129;44
433;445;41
26;411;40
1;210;38
44;490;26
454;137;5
474;164;19
388;213;29
477;1;14
226;165;41
472;249;15
198;337;11
36;195;6
182;438;13
362;440;17
108;436;33
90;84;21
183;386;49
334;81;45
111;100;45
354;469;15
199;294;24
321;258;17
166;232;11
159;296;18
366;74;43
226;372;7
187;17;34
153;379;7
375;394;3
275;208;24
2;240;13
463;395;3
217;486;33
450;102;26
420;169;36
329;459;33
182;398;42
444;372;48
32;386;25
270;460;18
257;9;6
315;1;47
152;149;35
304;280;28
355;399;46
242;96;3
86;362;2
271;346;41
40;122;19
222;76;28
233;143;28
2;58;14
318;30;49
38;338;23
423;462;26
161;428;49
368;158;47
241;4;32
15;468;30
384;467;6
363;147;46
201;400;47
178;243;35
497;23;14
116;63;37
67;463;5
225;269;45
99;182;25
369;71;29
96;432;22
105;344;36
89;117;27
49;423;18
373;93;23
128;138;37
51;416;13
479;358;32
191;58;47
454;293;38
95;395;36
346;153;40
224;110;3
429;439;40
413;186;42
240;298;21
222;125;26
273;201;49
453;463;26
188;343;13
67;483;34
479;231;18
271;434;47
82;51;16
30;1;41
126;235;9
399;276;37
380;497;2
377;201;22
133;237;11
178;70;15
172;323;20
294;173;13
485;133;21
280;210;9
213;368;49
235;486;32
190;86;17
365;81;5
398;66;7
298;345;45
136;360;48
109;128;35
183;495;42
338;145;19
323;301;48
372;225;14
340;220;19
394;392;22
402;480;45
8;51;21
476;303;23
404;355;27
1;23;38
403;481;27

