1000
25353
6000
87;88
46;53
60;31
21;50
40;49
66;15
25;90
73;11
66;98
24;26
53;61
33;15
43;7
63;37
32;80
6;23
19;2
83;26
21;44
58;28
74;44
47;58
72;37
20;13
64;23
96;51
5;63
41;82
28;38
21;59
42;63
11;9
44;46
77;95
84;53
30;80
35;81
90;78
11;53
25;83
99;11
53;85
25;23
89;28
62;7
70;59
82;77
90;11
68;52
68;100
2;81
95;86
22;17
23;11
25;85
53;52
65;23
32;25
62;65
12;47
29;19
20;89
3;9
85;83
30;87
73;96
27;38
78;78
41;44
74;48
30;35
100;12
63;98
63;7
7;57
32;70
56;12
34;78
14;53
73;33
65;67
18;84
62;50
43;25
19;92
24;94
76;1
74;11
21;88
61;62
80;15
75;33
85;62
88;46
23;99
25;55
35;5
86;35
87;6
97;86
56;99
12;77
72;85
99;10
63;22
54;55
11;71
78;93
39;40
83;85
61;12
31;78
75;48
94;19
55;39
13;37
32;29
6;76
25;89
66;79
46;64
54;81
37;24
93;48
98;26
66;18
40;9
5;63
36;32
32;46
50;39
92;14
63;53
3;4
16;74
44;8
88;20
34;94
93;40
43;32
46;9
29;86
61;4
40;29
28;26
39;12
55;39
31;37
28;99
54;69
96;16
45;12
42;88
89;76
13;65
73;100
59;84
21;56
40;10
52;96
30;46
31;50
59;71
85;90
33;48
35;70
99;95
53;43
96;80
64;15
89;77
27;36
65;11
13;57
80;19
29;80
18;98
76;24
57;74
41;90
21;63
22;80
89;27
88;5
91;59
45;12
30;74
65;12
44;11
5;29
30;31
10;69
8;20
19;10
37;10
18;11
24;45
60;30
71;92
9;14
17;57
62;87
75;93
75;16
12;3
13;11
73;1
72;96
88;20
35;91
73;94
53;99
75;89
4;10
25;70
49;27
96;83
26;76
21;6
64;64
85;12
66;100
6;59
43;95
74;69
64;100
34;57
2;77
40;3
98;62
82;24
12;99
86;24
30;18
36;1
41;61
23;49
23;24
60;72
27;56
98;11
11;81
27;21
20;9
28;100
63;70
98;80
25;69
1;97
85;46
51;2
90;26
74;55
92;54
92;43
16;62
96;15
3;85
25;40
64;8
15;27
34;87
66;28
66;79
79;25
91;59
39;9
71;10
66;85
37;76
81;5
93;77
80;80
8;53
7;75
71;24
37;69
11;25
54;85
57;4
10;64
8;99
7;30
20;7
80;51
83;3
96;47
27;1
46;55
75;60
23;66
18;51
6;21
50;60
57;60
11;85
88;83
33;55
35;36
36;33
6;94
97;98
4;83
74;46
38;51
46;23
97;1
48;72
7;44
20;67
79;11
96;56
67;57
36;78
40;17
40;42
73;73
76;79
18;46
14;81
20;16
91;2
6;28
28;34
42;12
48;27
38;23
39;43
6;86
68;26
62;39
48;35
33;88
58;46
34;48
22;20
80;59
66;12
1;11
73;56
68;4
86;87
91;12
98;88
20;27
14;12
88;71
51;1
55;64
97;81
31;1
3;1
18;31
93;95
67;82
64;87
89;93
11;13
41;42
39;1
91;84
60;83
59;6
67;71
17;17
56;74
49;37
61;15
39;8
58;84
44;37
13;4
34;77
50;42
1;52
63;97
18;28
25;8
90;94
94;93
68;30
4;25
61;19
56;62
21;31
40;98
55;79
83;24
33;48
87;77
10;64
97;97
29;27
49;43
50;92
37;55
1;19
51;72
55;97
16;99
25;44
100;59
25;98
12;29
44;69
42;72
90;13
43;75
87;41
37;52
31;60
88;69
6;12
71;29
46;74
80;80
4;42
4;48
93;64
18;89
65;80
40;28
45;6
19;57
10;91
64;62
87;57
74;16
77;50
72;72
27;49
57;99
80;77
58;88
99;34
86;11
54;46
84;12
36;53
22;29
73;33
46;69
29;69
21;90
80;65
96;82
97;67
3;90
94;50
74;56
57;41
24;67
85;26
98;33
22;32
44;93
80;10
63;31
55;23
23;77
17;23
25;63
89;85
6;11
3;84
98;84
52;43
35;82
4;92
51;31
72;24
40;20
31;62
48;54
13;54
73;4
18;55
66;51
22;41
13;77
5;23
24;27
62;41
44;50
25;81
89;69
66;73
4;22
38;57
76;30
40;16
70;83
69;98
80;69
45;100
5;9
74;12
11;74
47;83
7;77
82;72
46;61
43;23
98;55
45;97
23;57
36;95
24;90
13;58
46;38
13;10
6;61
12;54
96;37
27;12
92;74
18;10
62;72
3;90
55;44
56;11
26;57
60;29
29;66
53;55
35;86
15;67
92;47
9;2
53;59
84;2
87;53
16;10
99;77
67;34
11;100
47;9
11;87
13;52
2;65
75;36
6;96
6;95
95;45
19;63
48;25
21;64
31;62
94;45
83;38
3;51
13;34
54;58
29;46
54;69
27;77
46;9
92;81
59;89
54;5
60;13
45;35
28;53
30;13
15;26
61;83
90;88
78;48
45;63
85;71
75;16
76;45
70;2
91;68
81;83
94;34
63;53
54;56
1;79
29;78
79;57
54;58
57;83
14;93
53;83
5;73
94;49
64;97
98;100
94;22
29;7
71;80
43;22
33;77
81;44
35;98
25;91
73;25
71;94
29;62
44;86
96;34
28;16
12;37
96;91
86;35
99;35
45;56
42;37
77;70
56;41
31;64
63;47
22;96
89;75
19;13
15;53
6;64
52;64
72;89
83;98
17;91
14;21
51;92
15;85
66;94
37;91
52;32
64;94
33;5
90;20
3;12
26;75
19;87
27;83
8;66
95;77
37;65
82;78
23;46
6;35
1;78
48;64
63;98
84;83
15;54
23;90
58;57
78;77
88;1
72;7
3;22
4;49
94;78
21;78
39;45
18;94
89;82
86;29
72;46
47;58
99;15
83;1
72;90
5;50
36;27
8;38
66;43
2;29
50;97
72;73
44;8
9;14
74;41
87;46
99;12
57;12
45;62
11;57
45;58
16;15
20;20
26;14
17;64
17;65
19;87
49;63
33;26
46;16
29;96
86;54
63;93
78;100
37;76
67;42
53;33
88;35
90;2
52;36
4;25
81;10
100;16
36;44
100;16
73;55
17;86
4;71
89;39
34;83
56;68
70;56
11;52
51;62
36;50
62;57
83;70
54;3
9;99
44;12
71;79
54;43
26;44
48;56
41;100
25;8
77;100
36;3
100;9
38;29
5;32
25;23
53;100
56;45
43;53
46;19
31;92
13;81
36;62
87;96
87;31
23;75
52;25
94;78
92;66
38;87
66;67
69;27
3;53
67;67
29;98
93;28
11;82
50;40
92;32
32;25
79;64
28;29
54;51
32;23
42;6
29;76
58;56
25;8
37;23
15;6
43;46
22;81
89;48
73;45
12;25
44;29
68;56
56;53
78;33
13;96
28;33
49;93
9;70
65;80
35;53
44;17
74;12
4;28
7;40
34;67
11;62
54;65
39;61
40;32
84;28
9;35
100;95
24;98
71;22
2;90
61;75
22;96
76;100
20;34
86;38
37;23
94;30
7;69
24;73
42;13
60;55
25;38
35;36
44;69
93;4
36;62
90;73
70;40
19;16
30;28
62;100
62;64
83;75
10;37
79;83
67;48
75;64
21;18
53;12
4;41
25;68
14;63
51;83
38;12
23;42
12;32
35;4
37;86
53;82
64;85
59;10
59;14
80;88
40;39
29;12
67;87
74;17
41;22
32;82
3;96
34;50
73;51
60;60
6;90
92;22
5;81
46;69
43;30
39;74
71;73
25;27
71;41
13;76
92;64
29;97
62;61
46;42
47;69
71;26
26;75
97;1
4;77
10;73
25;5
77;8
77;92
15;21
47;27
64;56
84;19
45;67
37;11
54;40
26;9
66;53
51;82
23;16
5;37
51;59
30;66
64;27
15;68
28;6
63;43
26;74
4;48
65;26
85;41
63;40
47;29
13;89
74;34
14;10
9;12
63;80
79;25
87;62
40;20
91;66
14;88
19;46
37;55
17;18
83;35
20;96
70;36
78;2
32;31
6;96
40;52
60;14
22;95
67;75
93;74
30;53
66;83
40;91
54;20
81;5
93;77
97;14
58;9
19;49
19;62
56;18
73;75
4;11
17;11
98;79
90;4
19;96
38;10
24;66
44;95
29;4
9;76
18;2
20;18
97;52
36;50
23;43
29;66
28;34
34;66
79;97
9;44
11;53
62;89
71;7
71;32
44;8
49;88
20;58
59;93
64;33
76;80
51;28
87;33
11;11
43;63
98;3
85;32
90;94
62;42
69;46
14;50
55;32
11;79
53;51
48;27
56;19
89;87
53;21
12;1
56;7
54;71
71;58
32;73
11;90
22;96
43;38
25;35
70;19
81;96
32;32
42;84
24;18
64;51
72;2
15;4
18;16
93;89
43;21
42;43
28;57
662;288;6
71;545;9
937;248;7
624;266;5
74;573;14
646;470;7
16;274;49
115;722;44
730;973;27
869;152;44
227;752;14
704;16;25
958;306;5
644;726;7
337;73;47
424;432;28
506;328;15
337;709;37
896;830;5
984;805;20
746;562;31
617;758;12
900;660;13
944;709;18
447;795;18
338;302;47
362;566;25
941;648;33
820;220;2
218;95;25
84;475;9
927;553;38
986;479;26
726;556;24
807;793;48
809;31;15
570;942;30
618;267;39
344;220;15
131;445;28
569;808;3
137;132;21
749;734;50
701;205;35
798;570;39
857;278;47
647;947;26
770;994;41
656;791;7
142;409;13
20;568;13
566;36;2
868;988;31
280;838;43
434;345;9
926;695;12
762;73;18
467;363;48
504;853;20
963;556;13
159;16;29
402;916;43
966;303;26
99;896;49
510;652;49
328;252;24
140;987;28
244;771;8
408;46;34
100;10;42
991;443;28
918;408;1
940;921;43
695;527;14
656;932;34
732;403;44
624;648;9
412;123;24
63;768;25
910;816;16
485;753;37
236;928;50
708;498;47
183;607;10
50;641;9
548;183;46
486;985;12
6;22;44
951;612;14
613;751;36
828;602;41
10;799;25
866;630;21
991;205;12
664;157;24
55;744;12
159;371;16
537;141;9
835;707;18
712;337;42
977;864;2
16;303;23
3;386;24
201;455;36
805;324;4
571;886;14
680;494;5
26;838;23
534;23;37
745;178;47
750;398;50
241;357;46
629;517;34
431;798;7
221;991;25
988;843;20
759;70;29
560;836;14
675;791;26
642;88;19
441;822;47
170;324;31
691;169;42
646;638;33
591;732;48
810;668;31
294;881;8
695;741;17
336;938;46
437;331;14
816;332;41
439;541;3
142;456;2
411;166;17
645;183;3
766;774;16
322;972;16
281;876;43
289;18;16
578;547;40
518;731;7
99;558;11
903;319;8
638;821;27
322;869;10
923;270;26
465;395;49
852;236;40
672;816;29
713;849;29
374;73;33
416;967;27
652;563;2
143;887;17
369;447;44
194;492;18
59;6;4
169;471;46
214;127;16
648;483;5
533;371;36
512;441;29
278;507;49
590;124;47
598;466;32
737;372;41
379;645;11
603;657;21
814;902;22
789;719;12
328;265;36
730;838;42
354;760;50
22;195;17
231;72;38
785;396;27
226;774;22
835;573;44
365;11;25
433;805;31
273;650;37
26;106;46
211;610;31
67;345;48
556;97;28
409;556;48
714;295;34
299;990;13
762;958;18
352;762;16
225;315;39
596;878;20
275;10;29
597;868;18
251;875;38
1;338;30
843;219;40
324;844;31
505;255;47
739;428;12
398;414;22
155;225;48
167;969;15
603;642;24
414;898;46
886;701;37
314;469;16
934;918;32
264;19;2
349;439;6
574;283;9
896;178;1
462;792;35
727;556;42
173;157;11
919;880;36
198;522;42
698;599;34
763;790;10
29;287;46
456;465;15
929;663;23
222;168;5
833;890;35
388;628;10
138;520;37
418;753;1
947;130;1
971;77;34
738;187;27
258;395;1
498;787;48
949;791;50
918;383;19
195;549;35
884;284;48
928;726;14
240;617;47
243;811;20
201;655;42
289;817;5
755;416;17
718;805;13
93;344;29
659;422;7
269;106;47
472;808;30
864;306;36
717;658;30
871;315;12
526;831;29
331;356;31
392;292;17
643;668;26
598;396;28
562;99;16
375;469;42
177;497;22
679;184;19
289;185;30
327;822;26
183;219;31
51;11;49
348;858;8
831;126;43
580;957;41
464;210;43
159;783;48
362;406;32
464;794;24
958;699;28
15;827;46
111;52;17
99;44;31
699;904;18
803;770;30
859;872;17
263;168;10
417;533;4
267;665;32
853;431;50
444;133;14
216;806;20
514;377;26
575;697;29
855;973;26
824;297;11
371;997;1
469;321;45
135;594;6
30;116;28
814;546;39
574;921;11
86;290;26
287;892;33
758;581;5
208;199;31
943;222;19
27;419;20
713;928;27
289;752;31
569;221;34
400;860;7
210;414;38
896;551;31
631;942;18
983;781;19
319;197;21
59;467;50
906;163;34
356;769;33
778;3;37
546;379;5
349;465;47
62;432;35
22;449;19
177;262;25
819;564;3
838;460;15
160;636;5
788;459;45
896;456;40
995;186;5
144;298;30
787;410;30
275;355;12
379;851;9
570;696;36
229;477;40
668;71;28
78;596;14
421;530;49
353;311;23
823;684;3
61;145;38
336;108;23
440;360;33
260;451;6
968;186;38
732;149;41
111;170;24
209;429;47
668;592;30
187;67;50
257;322;20
117;19;11
850;592;46
754;576;5
738;318;29
331;15;22
828;794;48
590;828;6
702;328;19
569;791;36
858;453;43
240;868;16
897;205;29
443;427;9
451;154;5
166;960;44
736;341;13
335;365;43
495;58;35
337;506;17
902;263;9
519;117;17
648;542;47
84;33;18
697;904;2
222;607;8
320;707;29
751;821;30
3;920;48
480;693;26
661;806;22
121;164;50
549;114;10
130;854;18
9;115;36
627;691;34
877;374;33
674;265;22
263;293;42
335;289;9
594;332;23
444;403;48
151;690;20
189;573;35
421;375;39
201;380;22
370;758;32
789;119;5
856;483;13
477;241;27
768;1;45
654;83;45
611;45;22
804;131;14
910;134;2
506;73;18
849;182;31
985;318;35
573;466;29
980;873;37
866;795;18
556;340;46
757;471;31
672;572;36
634;637;47
103;320;15
48;324;28
861;582;28
144;960;4
364;222;2
354;850;16
697;279;26
297;826;10
797;120;30
54;492;6
521;432;35
283;714;10
369;60;22
692;658;26
291;418;34
750;714;37
952;218;37
799;91;10
499;482;27
53;891;30
122;699;8
162;951;28
486;912;40
667;764;5
969;691;22
49;566;27
487;471;14
929;670;25
280;440;3
149;495;43
692;150;25
829;23;30
471;139;2
785;47;14
971;284;9
613;417;42
294;891;16
538;629;48
943;58;40
761;167;2
834;945;6
587;183;40
809;338;30
631;764;11
856;463;42
766;580;47
596;749;4
960;471;8
996;707;44
270;567;22
34;482;41
384;831;45
902;560;31
329;931;42
109;442;6
364;766;47
722;508;15
746;568;2
427;56;35
620;302;3
441;92;6
188;146;24
9;806;5
729;821;19
127;379;11
114;161;31
250;842;12
329;454;28
155;19;41
979;946;36
485;262;44
509;198;16
766;755;29
475;432;29
864;678;26
932;128;38
177;327;41
804;79;34
325;445;41
969;206;21
487;135;2
235;62;44
672;296;46
568;819;47
19;718;44
334;152;48
577;68;15
854;530;29
447;83;5
435;974;46
141;786;24
615;557;28
954;108;16
99;811;1
203;280;7
834;675;30
108;222;6
421;901;19
78;179;19
311;290;2
727;34;18
384;828;45
143;208;8
905;316;40
445;274;19
392;178;39
91;721;40
527;290;34
161;514;21
169;391;31
208;68;44
773;530;39
188;155;7
856;470;49
624;552;17
352;29;40
46;537;32
710;152;46
88;784;16
743;962;37
174;92;13
239;852;17
528;49;40
22;993;18
151;324;45
617;256;39
7;15;10
300;661;20
760;310;19
856;992;42
130;284;41
477;985;10
39;388;17
901;857;14
409;466;9
746;805;3
18;186;17
591;754;28
558;215;3
460;438;25
51;731;31
225;751;38
427;383;7
665;8;28
199;27;24
971;770;35
719;765;34
910;760;36
922;110;42
908;56;6
789;211;31
19;762;28
905;29;49
620;100;40
193;936;19
172;836;23
557;833;40
951;67;6
968;593;36
196;542;11
440;905;11
830;597;22
531;968;43
589;535;15
798;894;11
31;148;9
463;665;10
19;805;22
955;879;15
316;539;13
221;875;23
303;376;3
628;103;15
49;645;37
145;491;30
847;291;31
275;34;27
30;591;24
969;923;49
412;673;29
580;519;47
365;684;27
452;993;29
876;144;4
246;560;9
181;821;20
700;508;41
958;540;30
991;830;44
836;786;10
146;177;18
773;163;39
224;857;37
602;512;9
380;716;6
236;912;19
289;171;45
562;912;40
582;617;42
512;959;6
626;676;35
75;641;13
51;257;7
428;740;38
839;273;34
109;283;44
390;674;40
918;848;14
886;669;5
975;688;40
825;615;2
15;178;29
822;491;39
436;384;34
993;855;18
256;374;7
951;747;45
590;960;47
820;840;38
888;852;1
994;992;41
690;39;24
849;651;8
3;927;37
740;850;11
162;942;5
339;35;1
318;281;19
891;679;47
817;459;23
665;559;24
349;288;20
908;350;48
817;353;11
188;815;48
862;823;44
560;221;9
808;662;11
118;418;30
583;147;16
66;665;8
913;858;9
60;213;19
442;208;4
215;931;20
974;224;3
128;967;41
506;632;28
769;879;9
674;235;10
22;849;24
278;528;12
873;689;6
317;655;17
921;771;7
315;360;6
536;410;31
777;979;11
345;26;42
318;692;7
177;567;34
985;527;47
972;125;11
95;331;43
565;881;46
424;966;9
886;574;48
834;180;47
292;207;10
943;906;31
749;245;28
840;376;35
84;624;4
135;824;23
630;712;27
387;496;21
576;157;12
887;479;14
750;974;50
350;44;17
800;699;4
223;514;45
822;379;38
516;733;1
888;87;16
490;430;31
719;117;41
463;695;9
455;763;33
194;201;44
117;916;46
386;959;13
350;806;23
165;65;43
275;849;10
65;37;20
721;920;45
486;733;23
123;172;6
68;551;29
446;371;34
669;19;38
592;673;20
148;618;38
776;318;24
703;742;41
50;108;24
916;933;44
488;548;17
466;19;42
438;497;25
745;852;29
88;530;27
72;712;48
855;545;34
701;429;1
300;205;2
781;224;22
581;653;10
902;963;19
143;994;17
627;630;21
353;758;31
196;821;47
598;792;29
274;229;17
514;869;23
983;402;44
876;137;39
13;593;12
72;341;29
712;916;24
978;758;32
791;149;4
34;576;4
655;214;13
874;825;1
308;201;6
277;655;16
994;683;40
696;460;37
275;687;47
467;770;40
334;180;6
493;735;34
433;433;41
222;439;48
526;294;38
200;792;26
153;713;32
993;791;19
353;854;19
778;827;50
863;206;20
370;332;31
737;474;12
974;826;18
595;471;19
333;334;29
310;22;50
418;94;36
562;807;43
176;212;23
905;623;25
741;867;5
912;444;29
438;432;25
421;983;35
414;323;6
650;372;22
283;130;45
953;22;35
886;106;12
343;934;49
235;415;32
89;457;16
499;503;46
566;898;12
663;50;10
771;787;2
673;699;18
506;765;28
238;8;46
926;101;12
774;162;40
330;564;45
331;785;10
708;42;40
721;814;46
373;75;26
249;609;17
969;580;47
567;308;15
362;833;3
840;318;46
444;188;10
403;111;15
445;420;36
346;620;40
99;578;12
896;385;24
149;308;31
487;996;43
188;746;28
53;985;3
858;45;36
361;562;11
607;679;44
78;838;26
99;726;45
78;61;30
279;392;49
570;362;16
165;176;49
856;314;38
856;627;2
293;650;37
176;748;27
962;961;23
603;282;46
3;506;3
995;965;29
809;816;27
580;360;28
575;7;29
303;398;30
620;406;44
789;168;18
622;445;13
889;33;2
377;543;3
500;291;27
540;447;44
577;556;6
294;486;41
345;844;9
834;397;36
687;369;46
506;185;14
290;434;24
65;752;43
876;897;13
158;517;32
480;609;27
319;785;23
726;85;27
131;394;39
843;93;4
957;152;10
301;867;22
800;113;8
696;356;31
673;242;46
90;849;22
144;601;34
147;936;47
245;546;6
311;223;14
431;121;49
296;814;47
741;776;34
729;502;3
440;927;28
29;454;37
38;544;11
153;48;30
76;255;21
834;790;32
848;42;27
826;788;33
736;542;24
729;893;4
538;88;13
621;976;47
843;902;8
104;114;11
813;797;29
848;938;28
27;76;11
779;159;8
256;344;43
221;572;15
812;61;39
128;198;35
439;232;45
341;506;35
404;167;34
11;638;29
823;643;48
908;251;44
910;274;16
961;338;1
1;327;44
784;785;36
457;167;49
704;646;5
769;586;11
787;421;12
316;416;45
788;54;42
940;165;23
953;499;37
329;295;8
661;101;49
235;11;26
314;974;36
651;11;23
564;80;25
864;936;38
816;881;7
917;524;17
197;605;41
451;910;13
363;539;37
664;32;28
431;755;29
719;122;44
385;302;38
817;237;37
199;151;12
847;908;49
996;803;30
85;686;11
91;776;19
840;227;26
235;964;1
178;858;41
587;31;38
275;703;26
610;662;26
795;904;43
346;983;15
785;25;49
677;618;40
935;919;14
308;566;50
858;181;36
439;496;48
415;609;47
288;661;42
738;377;37
817;768;28
107;639;7
980;354;45
122;534;30
253;237;14
249;710;43
312;599;34
848;259;50
906;895;32
505;833;6
635;182;49
619;554;1
122;421;37
959;136;48
323;940;29
158;666;49
158;532;30
613;734;1
961;503;5
302;28;29
418;968;40
45;817;25
730;493;26
803;266;28
908;965;8
944;489;39
64;219;45
481;482;22
352;153;31
318;691;22
191;479;41
25;177;35
512;185;15
755;839;14
389;762;19
481;771;22
239;286;31
618;389;9
721;702;8
827;359;2
923;123;6
177;134;48
508;368;14
665;828;24
649;661;21
677;490;8
725;383;37
212;182;6
672;182;13
47;416;23
184;253;11
407;558;19
733;671;8
294;789;17
271;373;32
434;272;37
335;659;48
320;737;4
477;734;20
58;742;26
970;998;15
279;897;50
817;110;35
432;977;7
520;281;16
346;515;7
707;962;17
587;936;6
528;550;49
924;348;9
566;235;39
392;76;36
862;567;7
789;145;46
922;716;48
631;381;5
78;425;30
309;983;15
228;543;25
825;948;33
790;358;31
696;431;17
715;557;10
757;476;10
376;407;10
131;697;26
848;500;20
851;694;15
897;984;18
989;579;38
34;124;50
511;450;25
728;501;15
322;663;12
925;635;22
982;780;29
70;50;34
985;23;3
102;951;33
942;666;50
639;559;27
870;806;3
965;746;12
774;111;44
571;946;4
618;964;17
742;848;23
479;763;23
692;935;20
486;333;8
364;772;44
602;515;6
35;698;14
448;887;42
252;729;1
217;55;15
681;293;45
373;462;47
715;510;15
897;677;9
824;812;38
525;94;9
476;513;13
684;881;39
476;12;44
261;517;20
121;684;4
845;62;7
681;540;13
805;899;2
429;326;1
92;885;21
602;964;2
210;174;16
162;688;5
673;240;7
308;162;34
135;662;33
789;961;20
436;291;16
669;667;1
486;426;13
955;820;18
579;111;24
804;262;12
979;229;38
255;949;11
181;530;43
53;588;23
784;377;33
251;836;11
11;712;15
33;522;29
179;990;7
703;809;29
453;888;43
633;473;31
91;863;24
2;950;36
402;643;11
518;300;35
259;114;28
555;762;6
393;63;36
398;960;35
606;714;29
548;794;30
852;915;33
61;579;10
177;635;39
875;507;11
388;520;35
693;314;23
951;617;6
869;138;28
871;915;1
931;126;42
910;781;36
216;469;19
478;42;36
304;344;14
423;757;14
844;284;3
283;394;3
969;608;17
907;407;9
911;864;46
191;794;9
820;486;46
178;130;22
579;388;29
328;71;44
119;879;13
78;289;5
397;704;20
265;907;44
335;232;48
988;533;9
388;19;36
508;844;8
378;465;11
67;462;40
931;417;34
890;518;29
393;920;2
358;198;5
708;323;33
299;877;23
398;70;49
596;866;8
811;549;49
592;10;34
766;374;34
599;406;5
187;121;22
413;80;22
659;121;41
770;932;17
192;793;27
644;963;40
617;703;42
292;641;16
849;58;29
964;126;50
218;479;22
322;780;36
752;332;21
640;310;41
576;840;40
865;203;2
800;943;10
84;87;36
335;879;24
977;340;5
323;232;8
874;386;34
629;584;34
462;997;24
623;130;22
570;224;6
504;146;37
801;225;23
956;288;5
999;191;23
90;114;46
172;888;42
939;615;37
294;191;19
971;777;36
619;50;48
413;225;40
817;816;10
979;105;11
430;136;38
383;996;26
330;179;20
170;458;49
803;22;2
486;978;43
19;115;24
222;890;48
529;401;35
356;810;27
937;943;5
89;363;47
88;497;37
78;765;28
776;495;44
45;223;22
797;235;43
759;515;7
385;31;43
989;710;13
73;70;29
382;236;23
184;292;9
25;135;24
458;768;37
49;890;46
937;353;22
117;484;33
394;828;14
980;100;45
323;133;50
471;423;46
116;563;13
249;71;43
333;220;31
251;203;47
894;548;8
564;830;38
996;887;43
565;205;28
248;473;43
490;625;32
78;234;13
763;672;37
259;752;37
423;994;1
944;273;12
876;544;34
205;330;24
954;82;9
635;248;16
513;814;2
577;548;43
951;315;38
877;141;24
582;314;36
948;472;34
976;631;5
755;363;45
61;710;13
891;559;26
111;974;45
956;156;22
80;758;10
73;982;32
660;110;44
145;67;3
217;277;47
877;386;37
542;971;23
104;853;4
896;411;20
769;257;20
905;999;41
992;443;4
33;202;6
94;22;20
60;443;43
526;5;7
79;616;20
907;560;11
772;908;39
101;125;25
488;878;43
868;144;33
817;233;10
459;303;17
199;646;48
856;718;26
868;385;33
112;225;48
472;739;28
251;767;6
524;707;36
986;452;36
203;98;35
627;277;13
891;181;35
715;565;16
657;414;25
447;3;21
80;470;42
787;905;42
844;848;44
569;891;17
410;592;9
418;13;47
879;277;26
685;486;38
327;958;44
46;935;35
841;650;26
178;200;21
608;828;47
426;291;42
975;426;33
774;486;9
2;732;7
862;245;23
213;776;42
136;965;7
570;380;50
635;839;30
576;359;45
861;687;17
757;118;22
495;926;48
100;974;49
340;684;8
522;921;20
391;79;44
269;120;34
109;820;11
982;451;8
82;312;22
317;385;16
780;109;32
419;712;37
209;437;27
145;477;29
989;758;3
405;845;50
588;921;25
528;659;50
744;446;5
258;510;46
887;751;11
872;822;11
220;681;28
924;846;12
411;307;17
47;707;37
96;968;12
597;349;22
409;456;16
211;382;35
685;300;16
15;212;23
481;240;29
55;374;47
273;72;33
526;829;11
496;835;32
811;729;27
669;968;11
716;214;17
911;301;49
214;450;5
198;410;1
232;804;25
800;752;35
619;70;15
825;783;2
170;661;23
892;626;23
877;286;2
727;950;19
663;62;39
551;707;10
825;110;8
265;118;27
804;604;31
164;222;45
119;988;9
654;774;30
58;735;47
261;562;34
180;820;43
952;186;50
358;721;50
666;270;31
639;791;48
69;148;11
155;669;44
498;182;46
614;468;1
266;85;12
885;690;1
32;301;3
452;30;11
450;654;9
964;855;9
460;400;12
866;780;42
973;792;35
434;586;48
298;963;1
599;32;3
892;837;8
242;57;20
823;668;12
181;575;50
569;256;33
566;146;20
719;785;39
690;22;36
356;912;37
708;574;18
339;168;34
399;21;10
673;693;36
294;441;33
776;898;42
273;413;24
830;716;38
915;669;33
891;380;24
306;213;1
24;717;50
999;245;21
759;587;46
699;777;16
542;654;22
923;582;30
560;506;49
224;772;3
837;691;25
969;919;38
250;202;33
440;708;3
571;389;50
703;922;34
435;542;1
848;867;6
832;605;31
254;36;18
286;25;17
331;614;50
352;171;35
968;743;34
985;885;39
408;757;19
820;576;3
187;311;46
157;275;6
960;27;32
350;804;44
981;586;48
364;489;50
331;23;17
668;396;46
596;753;19
882;571;36
942;193;36
724;828;37
626;531;48
49;402;30
675;672;3
798;269;16
491;578;18
888;907;24
357;527;14
176;516;1
483;45;2
414;140;11
670;207;37
475;911;4
656;885;45
751;985;4
23;935;19
644;332;40
56;708;36
392;175;8
612;848;36
981;543;26
545;640;50
119;338;30
601;901;24
498;192;44
106;919;27
996;384;20
93;8;48
40;215;34
858;547;31
59;514;17
898;207;32
337;102;38
316;724;5
579;675;47
702;941;46
243;442;33
964;117;30
184;16;11
937;364;19
214;941;22
561;471;20
908;28;39
348;984;21
957;186;7
848;466;15
596;430;47
178;558;30
12;878;32
515;948;22
351;720;14
533;867;40
673;512;12
995;185;35
249;277;49
776;617;31
70;517;6
40;936;2
668;391;30
69;155;21
707;714;25
515;470;21
56;931;41
307;385;4
864;679;41
421;804;37
961;11;49
189;743;18
232;765;36
215;181;44
830;576;25
553;472;19
947;60;5
726;731;13
578;241;35
820;648;5
970;779;48
482;599;5
347;387;5
695;191;11
854;213;47
954;32;1
7;757;28
913;376;42
187;805;18
31;963;17
630;384;40
993;856;9
614;477;33
499;553;15
971;577;15
837;476;21
342;921;41
172;504;45
515;3;27
420;155;19
71;243;36
458;784;26
688;125;9
556;978;14
138;699;30
930;758;40
78;372;7
193;607;26
560;933;1
789;269;4
308;294;9
956;900;3
159;502;33
105;64;37
806;964;15
595;309;35
164;261;43
251;565;44
639;402;49
763;716;41
335;378;43
439;341;47
748;301;37
815;465;43
493;102;37
574;23;10
459;17;9
379;487;19
207;55;43
113;203;36
570;341;23
786;320;14
112;502;9
574;186;6
483;804;31
224;779;34
28;503;22
839;43;33
557;874;47
485;900;1
620;588;28
99;929;8
613;713;1
479;761;47
655;991;9
763;105;27
939;430;1
866;844;31
91;866;50
154;848;33
873;579;1
559;563;14
546;693;48
561;729;15
46;675;40
454;629;44
920;635;30
765;421;47
616;372;4
290;408;16
817;849;38
702;708;13
175;334;18
408;125;36
856;44;17
302;305;3
102;974;23
427;204;1
618;462;43
51;817;18
701;302;36
992;371;50
978;517;24
803;868;31
241;732;5
537;449;34
606;769;3
146;789;41
605;732;11
407;121;28
207;280;44
794;37;41
673;484;1
41;442;7
334;776;17
471;613;19
248;483;32
892;147;4
227;888;26
628;408;44
127;487;20
670;867;44
584;602;23
847;455;22
504;88;21
963;654;48
883;890;50
837;686;41
334;621;18
603;178;20
617;852;46
635;76;30
795;603;22
702;793;11
549;77;29
129;9;37
358;100;13
286;634;47
408;769;32
212;721;12
47;691;25
896;496;36
660;860;10
151;382;1
484;169;47
909;491;47
594;471;47
454;194;38
373;483;46
403;773;43
106;881;37
272;970;8
675;652;40
171;692;14
824;432;11
648;975;39
600;250;24
447;909;20
212;874;47
176;382;23
543;303;46
587;34;43
987;549;44
113;472;47
52;253;34
605;234;38
906;783;3
474;260;31
213;589;40
762;246;4
634;218;48
995;17;24
15;166;12
462;300;36
565;624;19
590;321;44
77;550;5
424;412;11
903;992;4
290;71;10
531;983;21
488;343;36
328;874;25
709;145;19
929;488;5
718;487;33
918;493;25
405;289;10
683;525;19
952;457;7
544;42;34
594;358;21
60;662;9
807;998;29
958;12;50
794;177;11
114;905;19
583;785;36
677;103;30
969;106;7
276;139;20
938;427;19
71;914;50
60;705;9
448;897;3
928;378;34
95;138;15
586;585;46
913;126;31
197;959;18
547;132;33
831;175;5
869;962;23
926;166;43
603;392;44
238;832;29
645;431;1
905;536;26
837;933;6
457;681;7
996;624;43
265;868;43
876;501;23
463;321;9
954;7;18
163;828;16
654;853;27
546;978;32
602;986;41
809;915;45
690;257;23
635;958;15
511;346;11
544;107;30
939;450;48
627;724;40
150;321;7
736;93;39
526;773;35
824;570;25
908;647;42
943;97;19
481;962;40
505;333;30
711;344;8
50;773;42
445;469;38
263;124;39
194;61;39
794;27;8
290;453;25
738;531;9
265;364;35
319;490;26
737;231;41
820;236;48
332;678;16
252;254;20
357;206;28
701;672;49
969;20;45
566;171;13
588;217;24
938;236;33
801;6;47
898;300;9
387;729;32
444;480;9
28;225;42
922;409;4
94;365;12
131;969;7
249;723;19
20;575;20
669;820;32
700;454;7
925;966;39
256;465;41
946;951;28
325;80;10
788;518;11
492;124;21
471;665;35
618;363;8
973;383;22
813;192;16
54;892;10
28;314;49
447;975;37
460;298;27
457;65;50
983;223;4
561;436;23
699;694;34
9;787;8
309;152;10
655;355;29
83;913;28
514;697;13
691;639;2
800;509;24
235;556;31
867;607;12
655;712;1
788;984;16
975;155;2
947;975;36
668;494;34
811;823;47
451;694;22
96;713;12
267;776;1
200;53;23
299;599;28
82;468;26
247;764;50
196;532;8
504;442;40
382;696;15
139;111;8
926;374;15
113;378;35
781;267;26
579;923;7
480;909;15
660;839;6
283;164;41
982;95;25
349;885;28
431;677;6
804;975;49
164;950;44
133;787;13
543;111;45
368;405;40
361;886;21
779;936;34
237;51;14
848;871;1
772;177;34
53;183;44
320;703;29
754;287;47
917;688;18
234;544;38
363;664;2
655;932;26
587;764;28
146;704;1
500;123;38
4;928;11
886;383;16
86;582;11
950;772;37
446;863;36
999;80;31
104;84;43
772;203;26
942;519;5
689;380;15
165;927;18
826;494;16
309;54;22
547;896;39
959;660;47
746;921;31
922;53;30
4;540;27
71;720;13
112;234;21
951;47;12
906;554;21
79;275;50
411;656;40
939;302;47
368;349;20
917;26;21
64;363;46
144;186;32
819;837;26
379;54;46
333;319;25
117;231;36
129;174;30
443;829;35
487;458;37
558;466;1
941;537;24
711;420;33
448;461;44
160;896;43
626;235;4
22;391;14
137;647;22
482;267;39
483;666;3
650;214;18
15;188;5
341;770;26
412;832;22
14;868;47
574;595;28
492;172;12
136;374;9
5;838;44
39;910;12
552;80;11
599;506;26
462;670;48
967;461;45
483;773;20
107;611;13
11;411;30
686;739;6
869;785;45
750;481;27
768;638;10
472;186;22
675;640;43
379;835;38
407;641;43
268;962;36
819;651;29
782;97;11
482;95;14
638;731;21
758;570;31
754;721;21
586;292;13
147;636;19
389;111;24
966;765;13
36;896;47
761;524;7
908;802;44
932;233;48
339;605;41
73;237;29
572;819;17
407;331;14
816;825;23
923;648;37
155;55;38
599;852;25
302;321;5
492;627;36
839;954;7
140;683;19
697;484;24
573;463;31
521;684;41
411;498;24
510;496;36
363;837;28
156;148;14
617;561;19
157;316;26
159;456;28
85;558;13
418;559;5
123;451;4
2;966;17
589;755;6
142;255;14
348;312;45
511;792;39
282;28;9
80;295;38
45;587;3
885;544;19
285;641;2
547;948;37
872;272;11
615;841;3
564;733;46
851;954;24
136;343;35
146;130;50
377;174;36
468;961;47
123;644;31
51;820;27
810;931;39
682;18;50
591;709;3
722;699;50
159;943;7
678;279;8
556;635;45
47;561;49
907;597;44
528;904;29
713;534;2
927;261;27
515;383;4
662;42;36
987;104;34
603;394;23
266;727;22
553;219;20
184;589;5
366;324;23
333;456;1
792;954;36
377;133;20
665;93;34
779;370;9
907;850;18
333;855;8
629;581;22
317;17;4
372;829;42
842;979;18
124;951;19
172;545;4
108;558;34
965;762;49
277;672;4
720;985;32
753;103;43
611;230;37
546;90;8
205;416;24
121;922;47
720;625;4
935;398;2
953;712;42
549;683;50
844;996;7
554;520;2
481;582;14
347;347;15
22;102;2
873;228;35
265;987;18
889;552;2
96;525;46
995;779;21
730;648;25
801;637;10
97;639;13
912;792;19
911;197;10
985;35;22
270;467;45
98;369;45
93;651;45
94;470;46
191;711;22
291;892;50
310;414;7
301;946;1
772;951;14
766;702;40
815;959;18
628;681;16
142;221;42
723;915;46
940;445;45
924;479;28
550;61;31
569;526;12
802;809;17
500;442;48
346;557;36
573;607;24
674;794;47
24;748;32
605;593;19
96;420;4
774;512;36
168;453;39
545;701;39
197;557;25
42;765;32
764;665;35
508;884;38
64;224;15
129;485;19
533;962;48
653;92;27
11;606;30
938;103;9
367;691;2
338;180;21
978;273;10
823;324;45
465;425;15
903;733;17
559;474;12
409;413;22
534;615;47
692;253;47
976;323;14
842;306;46
278;734;9
188;466;4
557;990;20
272;29;17
446;622;39
862;19;19
583;544;37
9;925;28
310;508;10
722;338;16
274;494;3
720;127;1
296;145;39
618;285;3
203;122;38
52;960;8
742;228;13
330;300;37
285;466;36
553;686;43
356;604;32
150;29;40
910;605;13
917;477;11
804;742;33
695;338;27
743;907;22
344;661;47
407;310;14
433;155;9
602;201;47
919;569;4
784;357;32
28;200;25
276;757;24
262;748;25
861;606;13
949;214;43
874;412;37
41;717;33
872;963;43
153;630;18
758;113;4
329;919;15
164;748;1
734;58;22
218;40;20
500;15;50
796;787;16
349;12;36
958;423;29
112;323;23
398;462;34
741;528;36
213;774;4
383;275;26
265;985;1
57;689;14
579;347;25
219;666;12
560;613;39
713;923;31
301;732;35
903;739;12
293;746;25
808;329;48
640;699;16
50;826;22
116;456;6
351;68;7
680;650;39
919;117;11
782;451;8
335;865;48
71;806;7
162;679;37
279;852;21
245;837;22
391;40;16
477;688;6
36;372;35
582;808;50
749;31;9
8;11;9
653;235;15
3;564;32
746;754;31
607;412;26
770;62;49
590;976;16
993;347;26
165;149;13
141;166;2
683;629;13
767;325;50
253;765;11
668;109;41
163;373;15
579;454;3
785;413;2
537;419;43
642;555;16
715;480;22
363;136;31
849;103;30
360;819;16
272;818;34
416;532;37
253;601;7
901;471;21
14;693;20
996;338;50
345;867;4
702;987;26
291;233;12
208;615;41
622;920;44
709;29;17
498;150;1
960;646;21
422;788;37
109;69;21
451;623;17
697;540;43
604;978;5
147;213;45
523;353;36
760;951;18
901;188;31
345;877;44
739;778;39
717;922;14
751;405;16
829;918;27
862;469;32
973;120;38
317;170;10
272;865;9
355;770;28
342;860;48
356;839;48
677;499;16
125;906;27
53;694;41
455;687;31
91;554;26
731;173;37
968;273;10
989;73;10
224;678;20
758;205;27
289;416;27
929;850;35
319;445;9
372;243;8
777;773;18
526;69;10
587;236;48
570;291;28
660;668;18
184;741;19
434;802;10
986;311;3
99;401;33
374;993;37
245;283;32
42;731;20
661;57;45
114;925;33
735;665;42
281;849;35
991;666;3
285;814;42
444;315;25
941;422;48
198;586;28
713;412;5
142;463;31
356;250;4
921;2;30
551;550;8
710;115;19
142;685;31
157;957;7
377;624;6
746;886;6
473;27;4
967;314;32
221;362;46
208;880;5
388;121;14
242;65;50
302;522;9
357;982;21
943;122;17
840;463;21
244;192;30
543;708;45
318;680;38
339;629;33
365;363;37
12;369;50
194;238;29
381;308;3
934;249;39
893;97;48
789;258;19
215;135;1
978;757;4
741;178;35
47;143;13
677;780;26
645;474;6
162;838;24
218;160;32
934;49;45
532;716;19
494;825;25
326;280;3
58;911;23
827;494;20
431;135;45
42;342;39
100;902;13
763;527;33
890;396;13
401;134;48
392;821;42
111;533;15
910;272;20
796;386;9
247;876;21
867;469;6
12;926;49
713;199;21
334;768;43
714;361;32
116;145;8
544;499;18
789;946;1
697;1000;32
434;35;25
662;996;18
339;293;7
260;429;11
160;386;15
912;804;37
792;106;42
708;726;37
468;584;36
70;464;43
315;321;16
426;861;48
313;622;1
345;495;20
586;687;49
92;452;16
972;749;9
99;943;41
857;351;6
714;705;43
148;691;11
74;555;17
42;590;30
445;34;25
436;317;19
425;217;47
387;487;35
812;914;49
901;358;32
451;128;27
93;71;37
755;730;12
652;748;39
772;917;26
457;774;24
129;764;32
242;954;14
149;862;8
70;996;14
173;233;3
34;366;27
284;367;6
214;60;49
830;99;49
284;608;4
871;785;19
152;559;42
181;485;29
648;621;25
91;939;7
927;200;40
161;719;16
878;391;35
909;184;40
159;647;40
446;366;19
473;602;6
456;948;29
81;672;20
636;901;17
681;594;27
644;595;11
371;486;14
101;306;20
677;783;19
962;830;34
88;531;20
645;338;43
741;737;14
990;955;33
341;785;5
393;929;28
60;41;20
336;667;32
163;396;34
851;730;18
877;400;12
18;660;31
315;670;23
249;880;22
852;245;37
670;773;14
327;698;23
574;706;11
905;725;42
324;747;2
962;725;45
311;417;30
760;704;11
137;805;44
717;559;23
565;113;20
983;624;40
627;8;14
357;664;39
105;697;50
469;540;20
771;207;20
941;198;8
894;975;5
491;882;47
186;340;17
709;435;18
495;395;24
202;642;36
180;163;48
845;323;18
273;935;28
850;815;37
107;481;30
689;836;20
731;722;32
970;657;35
490;81;39
730;991;14
178;920;47
305;741;15
763;351;2
589;828;17
24;421;49
627;299;6
115;314;3
4;438;41
481;108;50
985;196;42
910;724;38
493;692;39
56;625;24
454;750;7
252;320;33
311;60;40
981;924;40
255;641;35
579;113;17
112;26;9
43;159;6
335;632;48
328;925;49
524;292;38
920;243;36
232;139;28
724;506;25
612;799;34
793;723;16
272;10;43
4;586;37
708;779;28
34;581;5
265;614;24
821;349;18
203;373;23
160;996;39
153;669;24
217;566;42
653;897;34
730;586;41
417;962;13
930;343;29
61;441;4
346;130;7
889;167;14
521;630;19
350;589;9
164;268;39
57;480;4
962;745;32
367;576;39
89;274;45
947;813;40
183;550;21
134;668;17
988;455;35
109;996;17
751;788;25
957;651;2
6;30;2
915;313;45
210;254;16
954;482;38
679;512;13
337;627;2
779;479;23
498;218;19
668;383;42
447;413;38
754;495;26
504;599;23
550;574;49
211;347;39
588;3;4
336;636;12
736;677;12
808;860;42
893;127;27
711;766;35
83;156;41
855;143;26
793;906;11
642;8;24
678;472;11
240;474;12
853;331;36
9;440;50
933;506;37
622;6;34
165;465;42
996;696;29
648;869;48
376;409;41
942;6;42
206;115;33
97;772;8
461;115;6
370;577;36
264;995;10
898;248;49
113;137;39
438;279;30
900;790;9
831;711;11
190;749;10
245;665;25
21;773;22
332;926;39
602;550;10
264;973;27
67;121;31
469;101;32
258;997;48
833;717;12
548;10;35
293;381;15
724;366;17
996;969;38
254;159;2
638;549;21
662;735;13
430;412;15
250;136;21
587;165;31
766;517;35
369;361;47
595;317;42
614;527;48
534;893;23
160;820;32
277;42;28
868;816;26
373;154;45
597;772;35
713;280;33
810;972;8
296;709;29
724;159;10
486;914;11
707;128;32
544;517;13
627;829;40
579;123;46
416;465;28
644;395;11
450;54;48
487;218;33
644;282;32
623;713;36
537;831;23
162;657;38
26;812;5
452;407;40
162;102;35
181;167;11
717;343;29
725;339;24
916;967;43
780;832;10
659;358;46
130;380;42
625;351;23
556;558;34
141;807;13
982;226;37
589;741;37
640;246;14
783;72;20
294;125;32
243;456;27
158;522;27
311;373;22
794;920;36
342;515;17
168;214;6
853;150;3
646;776;19
425;877;8
677;425;4
263;238;17
977;726;50
12;141;21
614;779;5
815;8;23
196;526;49
283;674;41
677;350;47
530;451;23
414;883;14
972;360;47
472;858;45
359;220;4
884;816;46
886;846;20
60;56;36
953;891;18
718;556;2
201;964;13
364;259;24
138;966;40
931;666;11
526;410;2
506;366;37
302;234;35
622;299;41
363;787;24
501;783;17
928;785;6
10;346;36
346;943;11
825;574;23
139;925;39
536;659;10
640;80;36
533;473;45
608;123;45
225;960;40
622;676;5
566;176;16
904;420;29
895;393;11
725;569;8
730;568;15
887;158;45
749;206;10
315;222;24
479;646;37
276;600;2
119;499;25
940;558;1
306;698;5
512;834;48
980;976;5
831;247;42
356;261;13
650;843;39
823;403;7
895;728;18
736;745;42
595;605;15
900;532;26
858;249;50
752;747;38
308;299;24
23;548;44
985;835;6
933;56;36
514;451;49
224;82;8
333;976;16
533;506;23
466;328;15
155;106;15
483;853;46
663;605;37
581;343;38
4;411;11
956;348;43
691;378;48
363;425;9
422;508;15
379;190;29
910;127;34
804;241;17
284;155;4
459;325;33
746;145;6
928;44;17
512;492;13
437;799;43
243;351;44
924;374;11
601;394;21
564;925;30
748;133;48
6;52;38
138;892;13
517;323;12
280;626;42
327;396;29
493;478;23
174;418;19
453;743;43
772;457;31
6;465;6
201;129;33
388;53;19
344;291;47
690;761;18
981;186;44
492;913;6
79;484;22
504;546;22
586;184;44
132;614;39
555;237;34
496;823;6
95;222;50
760;7;14
660;792;48
551;64;14
410;891;29
523;143;25
231;856;19
501;455;11
227;609;36
411;176;38
749;275;39
909;983;45
230;636;4
475;837;19
758;424;28
691;504;25
443;910;36
995;436;47
489;348;32
107;514;21
620;433;3
834;340;1
706;198;11
806;117;36
602;294;42
20;814;12
575;955;15
951;745;45
4;922;14
328;363;15
784;549;37
435;592;32
318;432;46
552;666;50
938;572;17
887;462;24
106;624;18
108;773;20
295;903;38
67;9;43
477;119;34
728;967;29
405;917;18
756;617;45
664;448;36
370;228;11
200;485;16
646;742;25
34;248;31
473;509;14
63;300;8
536;698;32
407;8;40
8;214;40
143;613;39
25;203;40
688;346;50
809;822;5
950;403;18
177;606;14
870;917;31
773;130;14
839;570;46
530;698;22
716;981;4
408;448;13
790;652;5
532;535;13
32;356;46
409;547;1
408;208;10
935;602;29
101;741;27
400;831;43
26;574;14
595;272;28
521;454;42
953;27;50
539;974;7
403;531;10
614;204;16
381;622;31
200;399;7
944;612;6
839;418;7
385;415;32
291;931;14
986;86;27
297;244;33
574;405;38
848;448;37
728;453;45
204;200;34
936;64;32
821;690;13
192;281;38
997;171;9
459;842;36
460;300;37
642;9;5
601;832;12
872;198;26
559;22;17
102;775;1
608;573;22
174;148;29
432;298;16
486;493;26
259;512;8
75;758;49
755;815;48
742;3;26
563;111;6
762;442;11
137;695;12
391;741;22
24;708;30
760;604;32
811;652;48
107;588;22
739;838;4
224;287;25
760;797;22
34;896;28
633;84;50
621;864;19
309;424;4
682;824;9
573;21;37
437;879;3
903;896;48
101;504;24
840;507;34
699;499;10
743;726;7
692;853;32
152;189;18
894;73;13
850;796;46
522;827;19
845;665;48
483;981;8
122;953;43
286;819;32
317;653;20
558;617;13
121;88;26
254;474;32
538;799;9
467;37;22
856;368;21
913;478;17
609;495;5
364;279;16
713;669;7
722;232;45
327;718;48
852;984;37
371;597;26
385;943;31
259;833;34
845;819;28
41;950;22
635;735;44
423;677;29
469;770;21
252;222;25
771;655;8
28;627;42
550;609;13
256;142;26
916;842;45
507;889;12
623;51;48
156;211;4
793;637;8
761;101;5
515;889;35
826;386;30
660;783;36
339;670;5
5;705;35
910;517;7
695;231;37
551;609;48
990;163;43
323;240;8
851;286;38
277;734;14
328;490;37
379;180;15
8;589;42
881;954;45
626;154;36
636;800;46
47;216;2
516;880;31
35;671;30
291;513;29
205;549;23
398;773;10
399;290;18
475;401;10
97;920;22
548;581;27
911;139;25
146;641;10
450;316;30
188;266;48
94;606;1
702;207;9
174;332;24
863;804;31
272;369;1
258;332;25
550;955;27
356;546;24
946;612;36
7;794;29
670;76;25
116;63;7
821;676;30
217;306;11
32;582;16
662;433;46
420;21;16
519;419;34
849;104;1
520;572;37
676;620;45
366;822;1
172;229;38
655;236;27
802;885;8
843;333;4
123;996;10
525;87;29
632;286;50
276;132;5
612;831;36
405;729;12
641;992;2
554;464;14
241;53;24
189;954;47
123;750;40
76;555;47
528;47;26
368;747;35
884;613;28
539;361;13
994;220;15
982;214;36
917;256;18
702;652;1
328;913;12
369;108;6
19;125;49
41;363;29
175;873;46
998;224;14
524;888;19
535;865;5
285;228;13
229;353;16
229;492;36
34;114;15
724;232;7
110;318;20
402;520;16
611;56;3
196;225;35
298;771;25
375;101;27
906;147;9
446;654;41
986;704;39
163;217;21
523;503;34
155;265;6
783;569;2
60;848;20
227;190;16
403;699;33
166;408;43
172;720;30
494;94;29
682;634;32
671;39;3
915;934;10
254;565;39
14;383;33
81;474;39
590;641;48
3;408;42
140;297;21
388;770;16
149;841;46
538;731;12
321;992;30
684;901;27
114;421;44
787;466;36
789;847;32
663;801;17
116;712;19
251;982;19
554;33;13
170;97;2
667;31;49
146;123;34
194;279;26
293;695;10
117;8;40
330;102;35
575;443;37
9;159;42
63;353;32
717;956;48
108;500;5
210;581;44
920;75;45
170;101;24
322;47;20
566;269;1
855;994;2
260;478;40
254;974;16
416;745;18
412;475;19
487;445;11
926;888;15
195;392;9
83;937;8
808;55;43
931;493;36
271;826;47
572;341;37
8;37;40
544;932;42
322;361;5
872;810;37
941;909;12
545;731;9
926;138;29
589;89;40
237;589;25
720;114;23
210;721;13
746;207;4
159;842;18
231;83;14
286;512;27
472;950;38
62;852;31
264;430;41
914;742;44
551;55;45
646;680;18
837;979;11
703;484;36
758;339;14
887;828;4
693;68;33
26;520;2
294;129;46
962;126;6
664;289;46
731;329;31
534;915;16
702;58;10
957;933;3
365;879;44
496;496;22
261;329;23
6;398;49
807;560;12
439;46;46
859;643;50
77;466;46
968;14;19
817;420;39
174;190;14
658;13;18
273;570;2
493;172;31
840;770;46
611;631;35
964;683;45
297;359;50
136;754;34
231;587;6
450;944;7
419;826;43
519;993;31
376;44;6
330;358;25
178;446;2
911;839;23
412;961;18
565;992;37
145;285;50
678;615;9
184;951;11
158;586;5
351;120;48
193;31;42
241;734;14
663;953;2
534;749;36
548;778;13
775;292;16
366;265;13
637;781;37
990;893;9
567;678;16
117;164;25
237;380;25
466;669;16
636;246;45
17;883;41
709;321;9
529;330;12
210;167;44
234;885;18
707;98;4
288;380;2
576;143;20
839;1000;13
213;444;44
216;287;23
39;69;34
332;903;42
117;903;4
414;869;7
528;182;12
302;9;31
321;31;31
370;631;25
153;182;1
772;360;6
887;483;37
987;909;50
391;990;44
833;276;43
870;102;42
41;916;24
391;66;3
739;570;43
769;905;7
182;438;34
692;435;26
663;547;7
100;41;37
745;417;30
625;754;17
398;665;1
631;754;39
896;216;46
816;46;31
689;325;16
937;728;8
305;655;35
187;460;35
980;972;13
367;390;50
699;515;46
479;105;50
442;391;15
770;205;17
479;654;14
785;814;34
229;592;11
983;763;35
694;80;30
496;527;21
40;690;13
320;725;11
830;793;38
873;897;39
220;137;27
465;418;30
382;692;16
1;735;33
763;104;39
509;630;31
658;502;46
356;505;20
684;410;35
983;655;36
500;189;9
453;657;2
436;983;20
965;792;44
425;252;20
446;201;28
69;648;38
400;432;27
292;987;17
510;222;41
438;326;19
95;63;18
330;676;41
530;402;15
174;755;29
345;436;11
123;337;45
188;874;5
174;372;42
714;989;9
809;674;49
408;684;6
235;70;41
549;269;49
959;187;49
709;131;14
365;452;5
776;843;13
399;914;16
904;90;1
872;339;24
199;149;9
977;822;29
771;698;8
260;924;15
151;656;35
789;540;43
756;81;12
746;528;38
707;354;50
69;827;38
642;592;33
142;266;37
612;734;32
665;752;45
698;504;34
995;341;45
617;244;49
942;421;27
584;617;22
528;702;37
439;571;18
357;427;47
568;968;46
733;972;25
530;916;13
613;87;3
332;691;6
90;611;28
794;413;29
942;777;11
343;939;9
589;840;38
882;806;16
666;311;27
63;303;27
669;791;16
426;59;8
369;81;38
914;384;13
688;519;28
925;287;45
824;663;9
462;85;49
198;791;21
701;481;6
166;573;34
292;44;19
848;961;21
651;718;33
684;423;25
407;330;20
168;92;7
579;851;49
599;935;2
414;304;45
574;448;41
884;237;28
125;492;21
9;803;45
532;817;18
30;631;46
481;950;27
991;624;13
328;278;15
893;567;34
876;229;26
869;898;33
452;443;33
179;54;16
737;344;32
491;274;48
26;851;30
787;777;7
487;151;39
922;849;23
95;994;31
742;694;14
52;288;48
400;268;10
90;902;12
984;827;32
614;719;23
748;746;33
467;976;29
852;276;47
4;369;13
674;781;46
279;43;47
818;767;48
776;783;47
41;954;11
824;462;3
373;390;13
242;716;25
530;379;22
408;928;43
123;862;38
940;509;25
792;324;47
617;440;32
350;429;31
126;58;34
114;863;18
361;515;24
590;452;24
845;102;22
421;528;30
406;779;3
888;753;44
660;560;40
663;677;25
464;533;26
22;892;45
762;815;37
230;28;38
192;221;19
244;736;24
575;690;49
873;659;9
654;779;21
876;586;28
989;902;39
406;493;47
526;923;33
14;196;17
795;11;40
320;349;4
13;373;29
64;483;5
43;571;22
612;211;25
620;673;31
350;571;49
676;464;17
727;172;36
903;373;21
831;764;50
275;977;5
671;223;16
382;974;41
435;829;34
483;49;14
548;218;31
682;112;48
316;478;30
52;660;26
114;604;47
852;3;17
80;780;1
871;374;44
53;500;20
375;570;28
969;709;20
296;410;27
840;991;39
21;330;8
314;907;25
997;309;37
243;31;43
679;285;27
854;269;20
420;637;25
367;207;37
173;169;28
815;201;24
218;617;10
609;892;35
941;153;32
239;941;34
557;94;11
984;886;30
24;983;33
870;252;47
812;323;40
492;789;50
656;44;23
49;693;9
389;874;3
884;175;7
765;364;12
412;78;5
445;36;13
986;606;22
446;610;20
348;808;15
453;463;16
783;647;8
253;436;5
572;643;47
735;263;9
974;654;5
690;868;25
297;50;50
593;686;3
71;821;3
666;836;5
676;530;40
218;330;31
481;588;49
568;731;23
508;11;37
32;50;12
364;883;39
305;234;1
325;8;13
562;204;35
202;955;44
373;396;45
322;539;11
994;886;41
752;211;28
880;647;44
498;241;8
747;486;17
805;998;8
800;885;31
938;277;50
80;9;9
95;394;46
633;782;13
991;216;45
678;877;12
646;445;45
476;477;39
590;405;25
408;124;44
390;17;47
69;309;22
610;978;15
65;597;8
430;567;6
251;559;32
849;618;18
151;128;19
599;768;37
3;169;39
812;424;40
187;295;17
954;350;44
453;366;5
449;293;15
726;587;47
570;794;14
264;829;18
327;810;32
813;146;50
690;375;28
904;392;6
837;153;20
990;691;23
219;324;13
44;19;48
983;765;3
259;556;8
870;32;38
942;686;23
583;410;4
836;169;43
290;239;11
732;160;26
428;991;16
90;712;27
25;593;44
724;361;42
98;102;49
999;614;22
492;818;30
323;427;28
230;94;21
537;936;40
841;484;13
157;613;22
500;16;1
245;207;24
381;833;46
752;652;41
822;957;12
737;115;4
67;526;31
443;896;21
515;560;4
834;202;1
545;825;9
732;383;20
682;351;27
181;166;17
978;180;12
175;730;10
786;229;32
634;569;50
741;890;29
418;513;50
352;770;39
27;358;42
496;134;22
356;629;7
227;36;49
250;965;36
713;916;18
293;553;31
631;966;46
65;571;46
10;776;42
601;532;32
5;590;30
644;404;21
895;180;34
750;919;25
388;677;40
545;741;37
886;413;50
996;407;31
239;758;43
224;178;50
99;757;30
300;503;12
682;385;20
678;977;38
935;739;44
833;388;42
218;26;22
132;217;13
852;799;20
714;542;26
479;113;36
214;731;9
182;235;49
625;982;19
201;94;35
766;740;4
600;316;34
141;745;25
581;845;48
775;612;17
793;551;42
596;641;19
450;821;39
949;542;35
867;694;22
428;27;43
781;94;18
90;284;1
319;106;45
768;26;36
421;968;32
277;278;27
15;235;3
592;958;7
140;320;38
579;48;13
744;403;45
856;474;31
595;316;11
64;325;33
210;200;7
736;32;3
296;644;22
144;515;32
471;90;50
278;849;22
158;669;41
111;348;5
640;831;26
290;279;10
102;143;17
771;859;13
234;6;35
46;759;9
455;778;18
588;629;4
912;507;27
260;957;21
992;261;5
297;960;9
651;429;8
89;328;33
460;163;14
679;104;49
331;937;11
267;471;1
968;143;39
954;672;11
705;46;4
665;529;27
522;97;41
734;543;44
812;605;12
181;419;12
133;115;45
409;34;40
673;803;32
440;490;19
991;189;42
848;137;30
704;621;4
851;39;25
844;233;4
131;18;18
913;88;25
637;33;3
619;860;45
991;731;13
845;372;46
254;838;46
351;346;12
832;660;39
407;196;38
87;155;47
33;413;20
64;312;30
291;771;33
12;747;15
153;450;24
656;212;11
367;533;49
392;932;3
820;592;10
521;649;35
246;592;3
979;684;10
725;157;5
788;446;35
906;755;29
363;367;26
344;839;27
498;810;26
779;465;26
123;493;40
558;160;40
746;683;6
372;760;14
559;320;28
209;5;9
606;249;20
823;692;1
218;313;24
521;568;49
11;194;37
700;926;33
32;471;47
334;679;36
51;441;9
899;511;4
594;653;7
214;493;2
367;227;6
716;841;50
980;103;47
479;926;30
507;30;13
494;610;3
606;103;16
841;647;17
563;967;18
1000;801;5
480;688;4
779;826;46
35;639;47
175;219;49
1000;543;39
359;311;27
371;571;28
837;454;48
350;25;34
636;910;40
433;78;13
282;364;41
262;821;20
775;514;12
41;861;29
187;499;36
790;646;18
277;865;25
511;549;31
755;704;47
22;333;8
857;215;14
317;740;42
978;309;43
461;185;27
254;512;23
919;794;48
281;519;25
4;548;3
697;748;30
731;651;19
126;689;45
842;996;21
189;45;1
93;658;29
379;486;15
118;555;39
699;437;33
136;268;37
630;585;20
452;844;15
733;628;49
481;8;49
164;689;36
767;778;49
238;606;39
477;424;18
319;424;19
870;246;15
425;785;27
883;214;25
785;98;40
226;772;34
700;788;14
876;428;22
268;202;5
571;963;45
613;256;18
321;495;24
411;432;38
551;977;43
943;340;42
369;37;2
771;719;32
114;917;17
286;415;6
594;8;32
699;981;24
493;653;43
677;778;44
906;68;11
173;300;32
752;577;18
738;90;21
505;655;42
121;724;49
339;238;45
76;78;23
662;479;8
612;602;37
998;116;5
843;885;23
105;456;3
674;816;45
748;842;11
608;239;41
632;541;10
779;161;15
115;565;30
259;957;25
145;391;28
418;664;4
802;896;46
68;518;22
739;771;29
977;828;40
550;814;19
680;417;31
769;389;28
513;489;20
113;108;39
348;505;31
716;290;12
902;582;30
497;74;49
344;121;27
652;924;12
824;783;31
562;896;40
378;812;32
147;766;24
964;231;23
776;766;7
107;920;49
46;478;46
506;60;47
268;660;18
950;417;16
361;986;37
640;743;39
489;345;50
620;397;19
982;875;10
220;6;47
517;959;20
50;269;48
391;263;34
228;780;32
273;92;19
92;744;41
965;140;41
220;332;19
524;221;8
459;65;20
154;486;44
532;115;23
942;688;37
810;121;30
503;880;11
946;127;47
27;159;35
219;641;32
203;210;47
407;547;38
333;57;20
773;980;50
145;702;8
370;629;33
380;693;23
94;648;36
215;234;6
900;938;42
372;862;2
628;568;14
520;18;15
879;522;32
81;145;36
42;502;28
90;779;25
371;421;10
574;582;5
43;825;4
585;315;29
447;25;14
88;124;21
318;767;21
660;536;6
554;475;45
103;725;21
987;873;13
355;456;21
889;345;39
320;128;17
164;275;3
714;670;18
115;169;19
434;965;45
472;693;19
549;357;41
527;305;12
427;154;41
970;9;5
762;469;50
271;242;13
206;44;15
519;296;2
396;947;43
989;171;44
428;58;9
556;179;47
10;534;10
588;47;43
420;611;31
430;132;47
509;229;9
121;123;20
112;598;24
452;79;8
855;4;42
71;959;44
78;714;16
496;664;49
389;525;42
666;343;21
328;156;48
828;402;3
707;684;26
747;886;41
80;685;22
103;465;22
407;364;13
202;799;37
923;814;20
39;701;30
532;726;25
297;937;1
201;450;12
81;772;31
892;840;29
252;493;50
407;339;43
995;267;29
258;842;41
870;638;1
538;185;43
492;345;19
467;804;29
535;701;26
632;621;34
970;15;24
159;388;24
329;303;39
972;644;36
370;920;41
409;956;1
234;349;35
989;878;40
357;729;17
320;177;23
875;71;6
612;310;44
206;398;32
360;47;45
350;364;22
801;427;26
913;969;16
722;200;49
430;818;15
129;804;42
613;711;31
947;532;46
104;846;15
358;546;29
371;9;7
92;883;20
607;503;46
667;687;3
767;756;14
647;790;37
324;404;8
635;572;32
3;694;42
578;956;10
396;168;47
765;72;4
844;957;7
907;193;10
956;919;1
325;292;40
605;77;30
510;441;4
511;735;38
786;3;29
368;854;26
942;290;38
336;541;6
792;622;14
972;609;47
247;425;38
514;865;3
74;509;20
17;581;48
30;467;9
372;536;4
230;282;34
790;242;17
853;357;39
121;566;3
300;535;41
340;409;49
886;462;33
589;725;1
748;671;21
372;438;41
810;192;22
900;549;10
756;817;4
843;59;35
237;934;6
669;633;31
947;97;10
143;834;45
993;679;42
307;250;24
461;640;41
435;767;24
837;26;17
995;868;5
204;779;9
429;704;47
257;139;42
489;563;37
279;490;12
479;707;20
264;906;29
540;336;39
505;302;6
938;938;36
10;803;48
186;357;14
441;725;24
959;213;48
323;32;21
278;634;4
9;162;10
408;699;36
860;907;40
405;698;12
526;988;25
116;599;45
693;929;44
920;262;26
764;984;15
40;244;43
885;401;50
227;693;28
458;315;47
201;396;39
456;338;39
764;206;23
393;999;22
887;275;49
955;731;11
623;683;49
948;302;31
76;299;9
821;4;35
37;146;42
173;540;1
586;484;39
821;618;5
277;442;43
45;62;36
787;778;7
867;129;23
722;784;47
158;433;1
675;147;18
84;323;15
292;612;12
710;13;5
256;187;11
831;781;9
26;420;17
826;7;46
307;646;25
286;441;32
628;820;39
181;661;19
647;258;20
907;910;36
750;135;13
371;36;6
278;534;22
544;84;38
704;598;44
823;454;29
235;979;21
898;901;15
947;523;48
109;295;19
387;781;39
963;494;23
790;81;18
781;966;48
261;390;2
81;156;37
318;947;36
525;839;1
137;464;27
575;922;36
331;895;11
218;559;10
614;925;35
694;430;14
46;918;30
834;833;9
164;197;1
840;708;1
512;89;28
169;813;3
432;507;41
867;331;43
814;851;12
279;88;31
702;52;17
118;516;18
720;479;31
650;349;48
634;349;24
674;554;27
985;708;11
77;459;6
991;721;8
935;35;50
464;269;47
397;568;25
521;940;13
65;909;32
781;615;30
44;466;5
983;839;32
630;796;32
711;61;6
315;462;14
320;256;33
222;777;33
705;311;24
137;490;27
439;892;16
831;149;46
548;27;49
715;60;41
930;732;44
603;964;36
295;550;28
359;133;50
236;130;44
735;893;35
132;842;35
898;624;17
67;751;38
898;686;42
308;588;9
145;259;26
212;299;14
263;893;17
9;666;44
704;32;11
595;640;18
336;665;22
251;415;21
549;773;49
192;811;47
864;7;49
756;644;23
48;767;2
19;696;7
628;89;24
766;156;35
682;182;43
801;608;18
439;442;5
965;795;5
703;553;15
335;722;31
848;269;12
750;363;33
785;73;45
643;836;45
209;252;33
686;628;46
658;682;28
827;492;50
229;613;39
175;790;16
494;277;12
101;296;38
238;39;34
580;549;20
3;571;26
863;166;33
417;746;5
734;57;47
742;940;27
816;937;1
280;133;26
502;848;26
227;142;40
483;409;9
67;202;18
42;746;33
465;872;4
756;317;4
403;253;47
93;295;30
680;942;31
204;936;44
173;930;40
575;24;28
760;942;8
519;245;27
430;5;48
195;808;26
31;456;20
278;201;39
855;539;45
94;654;24
566;388;9
423;884;23
103;262;43
517;649;36
641;333;39
328;411;28
657;47;2
327;551;29
850;915;40
835;445;44
970;196;6
913;820;12
105;630;9
588;695;11
448;505;22
873;963;13
578;70;39
967;799;28
33;411;13
849;418;23
875;527;46
717;378;7
510;784;42
693;431;1
176;402;43
117;890;13
347;883;18
79;754;11
869;717;18
416;528;25
389;189;21
639;407;47
151;980;9
805;674;1
80;726;48
288;131;12
199;873;20
411;425;37
995;377;38
852;23;26
413;231;42
950;186;5
449;6;25
602;140;43
269;372;6
106;695;24
142;9;23
646;324;29
513;323;35
491;881;11
731;336;44
622;697;24
667;649;20
477;508;14
992;74;50
892;598;10
365;711;22
120;815;39
540;236;22
927;431;27
183;670;44
444;863;23
458;206;45
515;263;17
748;689;5
59;583;30
235;771;39
521;286;6
273;372;7
548;382;5
603;181;15
393;443;10
547;282;44
132;285;46
371;591;3
3;853;50
925;547;24
504;355;40
170;558;48
901;561;12
307;731;15
886;752;35
759;983;44
278;239;49
653;463;1
634;34;6
414;580;46
169;903;12
587;35;42
100;655;3
445;186;36
189;419;4
970;687;42
983;392;29
155;778;38
241;552;42
681;759;26
757;966;33
437;1000;25
524;126;12
123;617;50
367;501;13
182;24;6
514;137;23
145;193;41
761;25;8
802;869;3
425;10;22
155;377;6
582;236;47
419;614;48
234;818;11
179;815;48
623;278;21
583;873;20
701;726;15
774;393;4
20;891;18
256;375;14
967;417;1
758;751;6
826;426;29
878;745;27
402;83;1
533;177;14
363;493;47
787;248;8
442;90;34
864;909;43
725;344;46
272;381;21
672;570;47
776;142;22
985;731;39
849;272;47
394;956;3
435;866;48
833;351;23
603;214;34
255;420;25
153;392;15
132;870;7
164;716;18
270;27;5
296;703;3
603;522;34
711;722;12
14;572;46
135;250;1
324;522;32
164;548;26
656;747;49
839;408;5
287;493;19
26;278;47
274;277;42
887;308;6
53;577;43
964;278;31
487;389;45
488;223;34
437;731;21
298;377;50
3;65;34
317;174;11
265;755;25
186;712;8
995;491;10
797;849;6
130;130;35
447;232;33
372;621;47
779;943;20
348;5;33
636;944;18
710;567;49
952;678;15
310;974;25
397;862;11
539;29;50
114;948;38
902;562;44
688;222;45
751;759;2
538;347;50
39;405;24
529;833;46
977;210;14
260;448;19
49;271;40
574;557;31
758;413;9
721;160;13
125;808;14
482;807;5
589;367;13
664;382;46
644;958;9
357;57;36
276;780;37
611;91;29
244;911;37
569;690;21
53;423;21
93;156;36
870;218;46
863;193;35
189;2;20
480;34;29
311;623;46
841;605;1
803;648;32
645;521;5
825;502;39
442;405;30
256;156;43
501;80;8
972;596;32
568;903;28
552;236;40
347;249;39
567;906;17
369;751;36
740;310;15
508;486;49
789;519;39
340;942;24
826;67;43
950;823;32
806;254;15
535;461;34
163;465;27
605;530;37
84;314;22
335;516;24
704;298;22
909;568;25
942;53;50
606;731;48
697;115;49
105;929;22
453;176;45
388;564;14
667;64;50
1;213;27
832;676;41
732;531;18
602;680;30
287;366;25
193;20;32
805;476;40
519;288;35
153;353;44
469;168;40
212;627;27
773;957;19
297;69;41
676;556;38
389;809;32
388;324;1
243;397;14
749;773;45
740;669;24
1;865;47
79;534;29
206;564;34
632;91;7
680;360;23
393;315;15
194;858;11
430;935;38
86;480;49
389;221;26
307;352;19
431;240;40
588;716;17
170;71;49
696;446;47
809;920;41
711;14;23
786;680;11
897;869;18
980;961;1
675;561;34
821;980;20
92;705;4
264;490;38
253;574;29
789;252;11
486;411;18
696;200;23
338;800;28
379;446;14
369;645;33
329;128;28
602;956;21
233;661;24
393;105;11
873;280;13
377;313;39
575;506;22
194;466;7
531;979;13
666;667;42
332;652;6
919;506;13
280;709;50
405;184;37
817;351;40
326;430;30
753;573;47
747;365;24
703;947;32
629;672;20
913;846;27
894;334;32
127;308;32
681;968;36
228;509;4
316;514;15
806;765;7
807;863;26
615;36;20
586;616;34
979;326;7
443;945;27
501;300;22
126;314;41
824;44;4
597;933;3
684;120;39
886;797;32
306;776;34
411;843;21
322;350;19
173;459;20
638;185;20
889;738;27
480;241;46
628;701;25
485;301;37
41;938;9
837;48;22
571;210;1
670;960;39
703;124;44
682;275;25
488;488;42
829;892;50
955;190;48
421;242;48
716;98;9
883;27;27
454;499;28
682;834;9
370;305;42
961;785;22
897;957;20
728;53;8
485;592;44
549;370;8
401;341;34
788;832;17
432;153;14
607;26;35
320;833;8
804;58;34
453;895;40
223;402;50
517;377;45
974;446;34
934;866;35
761;58;16
454;543;33
108;495;10
129;464;41
815;182;32
805;576;12
94;689;23
77;734;20
260;8;44
696;249;50
919;77;35
544;794;18
917;266;2
618;309;43
385;402;31
710;767;20
402;454;16
429;67;16
948;633;10
624;370;36
698;939;18
402;572;34
840;404;11
718;625;17
333;806;33
854;267;6
308;12;45
387;315;38
876;91;42
841;469;3
799;853;50
668;82;13
956;407;36
397;577;29
859;679;17
348;404;21
168;892;38
440;762;36
9;795;27
751;105;30
316;928;11
319;471;32
239;127;34
745;982;29
527;123;23
857;84;13
294;15;50
707;167;8
393;907;39
684;802;9
191;225;3
889;523;5
122;93;45
687;602;30
477;516;42
11;642;17
771;562;38
4;600;4
22;901;46
54;505;41
961;699;27
883;391;8
670;5;23
178;852;16
147;497;15
755;301;21
930;449;34
454;664;1
194;823;40
381;50;26
435;423;7
269;359;24
302;358;35
685;705;14
348;730;35
609;763;46
835;157;36
922;665;33
208;477;50
768;30;24
741;477;36
692;464;29
608;724;6
733;155;50
382;795;5
473;662;3
117;218;24
159;510;11
117;586;5
754;877;38
426;536;41
977;479;45
501;943;46
625;552;38
134;931;25
668;612;8
458;198;36
82;16;41
639;721;19
868;975;45
974;496;43
274;493;21
299;944;10
972;85;49
281;886;33
712;561;2
465;770;2
326;31;33
407;504;27
541;753;24
262;980;39
34;217;25
862;851;47
89;827;25
704;123;43
287;398;25
669;292;2
486;547;29
931;79;43
670;853;23
987;251;12
843;268;2
549;748;49
899;946;12
976;438;30
853;314;31
925;367;19
922;308;18
485;527;30
158;759;28
660;450;28
135;251;10
491;559;23
737;775;10
955;414;11
723;100;44
311;816;19
913;824;23
56;849;27
306;361;12
432;625;26
970;354;45
673;815;9
65;832;29
681;401;24
319;967;7
221;638;29
476;543;2
978;262;22
28;271;17
379;170;6
21;155;14
526;775;14
837;611;26
280;711;33
856;867;19
481;164;9
19;324;13
834;357;14
587;396;20
968;288;10
312;376;24
203;671;18
955;323;50
132;772;11
936;560;47
939;309;17
89;929;14
4;772;12
320;776;24
166;448;17
227;992;48
479;631;22
364;628;14
374;723;21
470;128;35
835;223;12
456;508;3
645;239;21
401;461;40
301;440;22
217;212;46
427;280;23
597;184;28
270;869;19
388;106;37
224;444;36
920;751;32
789;982;13
172;165;13
837;803;44
640;218;11
799;277;29
698;351;34
356;504;47
308;964;10
944;887;48
838;255;39
546;550;40
950;348;4
781;656;42
419;342;32
6;678;24
300;679;41
56;998;5
119;555;1
784;269;37
470;779;37
839;647;41
928;45;6
831;595;11
826;713;30
762;799;10
698;885;29
32;287;33
170;367;42
375;369;15
741;469;11
103;663;24
590;928;5
675;711;40
692;401;32
653;908;16
150;186;39
95;556;20
825;673;45
885;930;40
511;499;46
484;421;22
213;752;26
163;477;8
655;152;38
821;215;6
381;709;3
732;112;20
795;915;4
545;348;11
30;443;9
35;56;14
869;439;41
81;535;45
553;831;40
102;670;23
563;529;35
756;111;2
970;158;40
597;802;32
577;486;5
69;767;33
603;992;33
362;603;35
336;853;13
861;947;46
703;597;18
819;380;2
776;56;24
970;871;14
224;242;46
129;977;8
249;803;49
780;993;47
258;632;34
763;687;1
303;265;30
520;311;15
490;762;42
747;274;10
379;551;31
20;658;43
415;665;44
364;656;37
566;382;39
166;129;5
849;581;47
454;627;50
608;569;15
112;123;33
31;771;28
254;93;5
446;208;3
780;227;44
490;134;37
694;877;12
97;223;27
808;895;42
240;211;44
701;655;5
691;248;43
750;596;3
20;365;25
756;72;3
356;273;41
419;720;36
945;290;36
357;967;28
595;274;33
931;979;5
118;120;20
281;663;7
856;383;10
597;551;3
932;479;41
38;793;31
421;917;46
936;35;28
579;573;38
106;648;18
869;396;30
962;127;33
731;728;21
520;997;33
404;576;20
192;586;49
279;204;33
573;89;43
565;349;25
87;55;46
396;433;31
366;649;22
867;253;24
686;293;2
648;831;1
65;932;7
974;864;37
734;125;17
646;378;30
750;889;41
174;953;2
904;366;9
94;300;38
481;93;7
766;480;4
513;693;40
586;123;36
14;904;24
280;224;46
325;744;20
659;697;18
104;775;47
422;334;9
245;584;7
219;34;40
630;149;41
168;940;17
854;310;1
884;301;2
980;611;43
120;800;11
191;238;38
191;10;11
379;495;36
146;381;33
790;96;16
88;436;2
429;441;22
738;141;2
297;397;50
572;436;39
705;474;10
421;248;49
837;382;6
597;746;35
950;270;50
209;413;26
484;736;21
316;56;49
479;840;29
104;899;20
583;283;11
494;525;20
378;733;7
935;28;37
446;786;42
803;707;43
957;561;44
997;718;22
768;76;3
856;462;8
943;47;38
22;950;20
284;736;25
364;978;41
879;692;38
871;530;29
883;824;48
192;183;37
525;11;42
579;115;44
679;164;21
24;836;2
522;916;49
812;557;36
820;510;33
111;685;36
382;695;9
701;939;31
522;733;21
768;234;26
125;357;11
220;154;17
116;418;30
255;390;1
861;958;3
212;385;42
513;760;5
302;145;33
288;517;50
792;315;19
188;785;39
700;587;46
450;224;14
779;210;13
850;355;46
672;557;42
647;189;48
636;714;11
343;208;23
580;605;16
403;230;30
143;558;45
709;724;22
918;806;37
254;150;24
486;578;32
211;98;15
72;154;6
459;747;27
142;933;47
366;727;6
1000;357;29
901;804;4
661;201;18
623;320;23
578;992;4
949;709;43
385;633;35
697;791;9
713;815;19
540;870;24
908;815;12
853;487;4
222;47;16
129;43;33
11;41;20
820;464;47
144;295;50
30;692;30
421;847;29
488;750;50
337;514;40
116;933;31
289;923;38
751;636;39
306;175;19
992;57;26
903;748;2
381;998;29
277;845;42
802;792;28
464;127;46
797;715;22
321;566;32
602;368;35
874;348;38
268;792;5
163;855;36
127;456;25
154;241;33
227;898;44
825;129;1
500;431;42
742;934;39
207;275;31
424;671;2
167;964;27
378;958;38
302;574;3
614;269;45
152;743;21
927;990;27
241;901;43
570;393;26
660;30;26
212;397;4
536;806;17
343;545;19
909;115;41
76;903;2
998;957;15
577;65;15
295;416;29
207;934;33
323;597;11
527;279;27
592;693;9
388;926;16
32;560;37
663;606;11
885;873;28
972;581;4
618;158;13
383;523;32
540;693;45
961;52;42
582;562;46
609;575;47
834;367;31
580;182;50
86;694;44
166;993;24
226;426;22
446;859;24
782;416;39
12;239;39
343;43;41
470;200;21
853;998;6
547;786;33
832;447;3
1;759;14
547;29;36
336;691;1
510;800;33
903;997;17
155;144;23
445;430;30
252;463;6
738;933;4
325;867;33
825;274;47
211;525;2
753;823;50
508;870;30
162;953;13
657;938;18
338;685;1
895;22;3
370;18;11
884;535;14
605;172;6
446;95;34
726;929;34
143;895;22
53;842;7
603;333;17
593;616;27
601;944;37
506;961;48
194;145;14
680;709;7
349;361;7
129;496;41
966;249;21
231;119;15
291;756;5
908;17;21
338;440;26
1;190;35
666;539;27
942;259;48
793;733;46
110;942;49
967;455;19
350;46;44
547;271;25
149;488;36
886;164;45
636;613;38
716;101;7
105;53;6
499;641;8
994;340;42
194;906;8
736;864;15
692;492;42
1;583;22
668;519;20
119;343;10
758;227;43
28;812;46
18;419;49
746;6;45
729;837;36
873;45;31
477;389;18
105;745;35
10;8;35
931;245;23
387;618;46
821;979;44
685;412;11
988;822;33
671;42;47
432;127;31
476;517;34
848;971;9
579;92;16
355;891;33
47;798;31
396;280;9
563;249;18
641;140;11
417;113;45
813;819;47
104;838;8
345;722;20
124;668;46
709;606;17
797;90;31
473;854;43
703;435;27
514;703;27
615;969;43
735;200;44
556;20;12
987;109;33
466;76;30
519;735;49
358;69;25
27;250;7
126;841;32
529;270;2
945;688;20
91;302;5
805;161;14
414;849;35
377;108;15
937;962;34
865;781;21
161;453;25
126;553;28
799;192;27
374;18;37
123;651;37
651;460;12
978;725;31
325;955;48
867;443;18
254;731;48
451;274;32
444;954;7
432;398;1
537;781;11
381;938;47
985;691;21
428;389;30
47;680;19
628;53;7
447;444;16
718;358;41
634;454;50
752;341;23
467;326;31
545;806;15
593;53;27
32;352;50
504;856;28
238;284;7
793;4;17
907;788;39
248;899;38
741;814;29
108;388;35
365;196;8
637;979;4
504;316;39
28;315;18
367;472;43
886;790;25
343;121;26
145;915;2
355;293;50
477;407;18
789;371;7
57;103;47
398;470;39
211;584;45
837;500;15
116;529;10
754;815;28
394;993;10
83;988;27
448;922;19
678;862;47
271;676;32
117;522;28
782;151;36
623;982;40
948;520;46
263;687;4
700;92;3
390;374;34
653;937;9
990;243;40
401;526;26
131;836;1
441;222;29
212;541;15
781;683;16
368;488;43
901;958;22
42;185;12
818;423;36
934;125;6
55;931;28
367;75;37
584;464;42
809;558;36
451;357;24
463;246;49
921;486;25
697;388;12
190;265;6
284;306;34
573;243;47
198;436;23
455;974;3
76;835;43
305;282;8
600;982;17
461;707;40
145;199;23
537;625;36
571;128;10
714;31;29
78;675;36
729;115;6
624;158;31
388;6;20
729;794;26
342;261;2
675;668;34
53;584;31
869;284;30
725;164;27
131;608;2
926;641;35
451;652;49
784;730;47
60;256;32
642;278;1
712;896;48
749;939;19
861;235;3
759;768;40
121;230;39
752;388;5
230;64;9
384;747;14
575;695;3
421;886;39
935;274;39
819;487;34
415;650;19
621;233;31
595;181;32
698;926;29
384;408;4
611;588;42
538;897;11
384;107;44
40;320;41
395;34;50
974;617;40
155;148;26
737;839;19
623;47;49
429;271;24
544;110;5
173;822;30
695;64;37
317;911;17
247;278;16
177;719;5
955;833;2
853;694;23
884;591;25
382;733;34
903;432;20
896;926;39
391;527;48
28;880;18
547;264;26
996;896;18
625;283;15
903;530;32
61;265;41
856;949;26
116;331;17
244;281;30
709;963;3
332;58;43
942;816;33
222;921;44
83;58;10
609;351;22
953;761;13
73;637;10
760;3;38
489;939;31
202;189;35
496;690;50
599;317;11
745;47;4
692;138;37
2;848;42
167;515;13
347;629;27
448;476;29
288;911;25
504;694;13
976;859;43
4;361;18
778;90;50
982;193;25
90;953;12
501;688;39
328;146;30
125;205;9
327;828;41
939;905;34
197;441;17
411;163;39
472;822;24
504;928;17
270;41;41
683;329;17
377;123;27
388;635;17
761;337;35
804;980;25
43;401;31
279;923;18
273;93;33
223;11;15
405;380;32
172;430;42
70;655;50
822;93;34
49;420;13
735;210;20
562;573;23
518;114;20
619;661;19
319;144;40
634;61;8
923;34;3
563;442;17
941;54;30
954;329;44
819;22;29
539;70;5
759;733;37
744;194;27
412;456;35
890;568;6
630;213;46
743;819;24
986;97;48
854;990;15
814;881;41
103;853;3
159;204;10
285;323;38
44;793;26
696;176;4
765;834;1
163;303;49
506;847;34
474;67;38
733;776;42
821;206;12
569;948;6
677;814;6
812;518;4
344;794;41
870;431;37
899;823;41
509;774;18
31;692;25
721;770;42
511;354;16
928;607;2
680;845;21
271;425;17
90;266;49
578;675;44
1000;887;19
329;829;41
279;645;43
597;326;8
602;271;4
197;804;27
953;184;29
13;690;33
949;828;27
8;920;19
84;165;41
861;207;4
992;133;17
303;424;13
481;44;37
789;419;29
985;777;50
866;792;22
239;732;43
120;1;5
156;331;30
533;756;39
786;562;1
900;219;27
153;770;37
553;307;32
156;75;16
838;298;30
592;776;21
851;639;17
112;775;15
689;229;3
184;565;48
615;25;19
964;923;19
452;840;9
955;943;33
594;515;41
734;130;5
446;643;31
399;113;29
162;837;20
526;448;41
743;731;25
862;773;38
835;633;49
963;797;24
395;782;15
62;311;29
96;691;4
826;561;12
261;399;43
595;111;26
635;360;26
8;705;19
959;90;7
385;67;41
747;544;7
744;381;48
490;257;23
822;879;2
360;783;49
528;780;39
62;572;4
140;634;9
565;606;39
414;590;12
455;62;21
53;454;24
265;447;21
610;659;12
911;588;22
803;133;6
320;513;20
251;207;25
112;418;5
993;58;31
45;141;37
781;651;13
420;890;11
564;475;47
455;842;9
213;744;47
273;24;14
739;703;26
538;927;29
859;461;14
636;943;6
585;46;47
107;827;1
910;165;43
221;153;6
149;892;43
304;704;41
667;697;23
527;506;40
958;621;37
545;108;24
914;605;23
242;512;14
408;267;37
140;846;41
54;782;33
921;921;48
606;219;28
238;826;10
775;776;50
704;825;30
949;343;43
101;715;27
981;909;25
374;830;26
777;893;26
26;323;20
987;233;39
265;282;31
656;917;34
820;737;37
69;330;12
88;100;40
152;632;5
319;439;39
704;796;37
154;948;26
454;436;50
610;118;50
757;171;14
292;225;33
518;596;40
304;472;8
642;57;7
248;865;4
161;541;30
78;880;32
285;967;46
537;748;35
432;268;36
995;497;47
102;392;39
172;333;32
954;332;3
526;641;33
64;240;17
905;295;8
876;204;33
96;232;36
179;940;36
800;936;48
501;133;42
225;546;21
641;482;45
495;605;31
443;330;38
792;79;18
251;681;30
344;849;39
327;409;1
276;794;4
16;83;23
576;259;44
730;902;25
943;637;18
409;279;10
890;532;13
522;575;11
986;7;27
948;306;13
499;937;29
539;355;17
803;856;15
52;661;1
727;107;50
854;124;29
483;523;39
137;833;8
697;609;27
136;276;17
444;805;2
649;454;2
665;527;15
167;332;50
143;535;34
154;772;9
766;126;29
191;848;12
131;861;43
547;176;36
227;215;16
332;447;24
721;993;3
431;208;22
830;173;21
997;831;6
491;921;47
933;385;45
13;302;44
581;286;27
133;40;40
135;236;8
202;517;34
270;444;32
660;28;35
645;185;17
262;423;45
339;388;46
978;461;26
629;548;23
282;721;43
497;593;41
635;102;22
929;228;50
208;155;19
562;166;45
113;563;29
477;978;34
897;99;8
423;255;12
403;246;14
652;893;4
192;536;24
17;580;19
716;398;46
935;27;24
724;777;46
659;20;32
120;494;33
417;892;8
572;978;44
15;758;40
593;783;41
785;441;3
43;443;28
83;19;26
615;378;40
93;634;4
155;901;5
886;680;32
502;44;35
72;388;46
199;345;1
276;872;39
800;487;24
816;288;30
585;447;20
75;455;9
555;474;10
998;360;39
51;936;50
696;170;1
653;742;1
123;988;41
618;193;10
338;314;30
403;118;26
595;667;39
852;517;2
889;512;12
769;265;6
217;605;44
411;669;38
476;283;36
876;262;16
407;220;45
530;919;23
766;612;3
787;68;14
737;322;8
436;80;29
323;612;45
842;364;24
469;454;14
445;375;37
772;700;30
8;172;9
520;560;44
601;416;35
972;251;30
489;41;10
489;211;20
353;466;9
356;757;38
421;625;16
882;1;15
469;933;11
490;70;17
201;852;36
392;162;35
883;980;43
331;695;13
387;630;45
841;550;48
126;587;25
304;280;39
288;99;35
349;850;42
195;725;3
411;868;8
273;671;11
339;919;6
877;589;32
839;675;46
932;63;5
41;533;11
624;502;32
77;321;7
727;408;1
303;598;15
91;506;40
137;629;13
143;764;43
921;262;28
231;59;31
130;172;48
303;496;5
669;554;6
175;300;27
370;365;28
546;756;8
325;994;46
11;765;27
1;833;39
54;69;9
801;55;24
847;866;8
266;650;50
334;574;49
497;929;12
983;262;34
592;702;42
681;963;39
664;471;21
379;970;49
911;60;15
256;5;41
700;218;42
764;500;22
1000;929;14
888;880;37
195;528;48
464;402;46
961;605;34
970;406;38
601;809;26
675;572;35
980;752;16
205;366;11
679;785;42
563;656;4
186;588;46
853;302;50
854;907;25
607;303;8
760;790;50
386;892;38
833;510;22
213;189;27
671;102;37
959;885;25
121;663;48
286;951;39
257;223;33
30;396;4
491;699;32
270;534;14
359;180;3
13;924;43
565;216;50
901;288;20
368;865;39
135;616;5
990;791;30
452;798;31
795;474;14
938;663;39
123;871;30
229;280;7
228;372;7
120;581;16
334;497;9
684;85;24
412;917;9
668;92;21
969;931;19
91;192;26
284;409;20
923;433;28
329;948;22
222;765;48
57;827;7
284;26;37
855;988;38
2;625;28
459;181;4
742;421;26
625;437;9
387;272;22
264;941;19
693;739;11
726;34;48
298;465;12
778;957;5
257;364;5
838;466;21
521;116;9
497;751;9
131;644;28
352;913;22
572;348;49
210;786;3
236;554;18
998;748;22
60;736;2
966;85;1
156;681;40
436;839;20
546;300;14
743;598;8
140;62;30
894;349;2
141;934;24
438;334;36
608;138;3
863;411;4
786;962;2
120;931;26
981;25;41
510;601;17
198;799;45
454;299;29
244;225;48
884;942;16
553;771;19
314;257;30
936;102;26
569;95;34
546;58;48
751;967;30
833;689;11
742;380;38
259;93;10
641;472;9
549;1;3
36;159;13
400;381;10
355;447;43
473;778;14
792;800;2
720;544;40
553;841;12
747;380;1
920;667;17
424;346;45
824;624;42
61;960;1
287;150;19
996;279;46
200;910;6
127;58;22
546;277;49
709;312;48
725;208;49
331;766;9
150;275;13
917;826;18
994;276;3
611;679;24
445;26;40
137;14;13
738;539;29
351;378;35
942;670;15
534;752;24
936;62;39
834;837;37
188;352;9

