1000
25894
6000
49;44
7;30
30;65
5;40
100;25
36;32
54;27
71;34
21;9
36;81
84;57
19;38
53;4
88;75
57;37
25;13
19;99
37;9
65;75
16;71
76;76
81;57
19;37
51;46
9;61
35;34
60;66
5;19
57;4
37;10
78;58
2;84
57;100
71;53
72;88
70;54
90;50
27;75
61;42
69;8
39;65
64;21
74;72
79;37
22;14
56;12
45;86
71;62
89;28
24;88
18;44
45;29
78;68
48;74
23;96
33;47
41;77
33;62
25;4
4;39
22;34
21;89
87;23
12;95
73;74
51;72
95;100
18;21
92;82
94;66
94;31
77;28
45;7
56;77
70;13
97;10
26;95
68;41
59;31
50;72
31;12
14;23
8;23
33;38
84;8
12;11
93;45
27;30
37;93
40;6
76;91
70;65
59;6
34;33
10;5
9;89
61;68
28;39
13;5
33;55
9;54
54;62
72;80
76;46
27;40
45;33
52;27
43;22
43;99
74;95
91;6
13;81
100;55
94;86
84;3
83;85
29;39
16;13
44;51
55;27
84;48
76;42
13;7
35;21
75;86
51;96
90;92
29;45
61;9
90;70
92;80
78;63
15;36
70;5
32;94
5;58
92;21
63;65
15;93
43;35
87;98
39;72
72;53
38;20
34;77
62;74
98;72
51;78
82;73
17;46
92;90
2;19
55;90
80;63
35;37
46;79
59;100
5;96
20;48
47;43
72;29
68;41
16;35
26;65
51;1
31;21
53;30
17;37
73;56
18;62
4;61
93;98
82;16
10;98
7;98
89;33
54;51
82;61
94;42
2;1
94;14
94;88
95;74
47;16
86;55
69;3
3;79
72;64
10;58
80;75
100;82
100;51
22;72
39;53
54;40
49;61
12;98
97;9
77;62
76;65
70;91
37;66
47;10
46;48
54;46
100;8
59;28
52;76
43;15
32;65
63;78
24;10
43;30
84;94
67;83
51;100
56;84
2;92
96;95
1;55
73;31
31;47
17;32
56;13
88;94
27;100
46;18
10;75
12;90
96;60
61;32
41;40
66;85
65;31
3;56
38;76
68;34
88;86
78;43
5;13
67;27
18;76
57;94
65;57
98;45
59;100
56;9
62;33
94;79
76;56
11;55
76;59
8;51
59;83
36;84
62;81
94;39
83;8
8;97
90;51
47;93
3;36
24;55
89;33
18;74
73;28
81;4
9;54
55;46
72;72
49;7
84;45
27;98
100;8
25;28
24;66
2;52
22;66
24;29
75;81
72;94
99;93
92;57
69;50
38;63
4;27
57;17
11;56
92;71
64;84
75;25
52;14
86;95
58;93
72;83
67;20
29;14
94;77
16;20
6;73
69;65
41;66
91;28
78;14
10;32
47;40
43;38
70;34
1;65
78;20
48;69
19;39
41;76
10;54
42;92
90;55
100;97
37;12
15;47
86;56
93;75
81;76
95;58
37;42
57;80
19;49
21;40
4;65
12;78
92;82
49;58
70;4
31;79
58;72
98;35
75;30
9;29
19;92
31;66
42;19
51;66
99;54
39;95
85;79
10;68
2;87
46;88
85;18
62;6
86;4
75;2
68;35
78;53
16;44
46;89
65;61
64;4
11;85
49;58
72;76
59;24
86;35
88;12
76;48
28;12
9;79
46;74
75;39
51;49
3;100
56;11
49;35
38;82
64;5
51;10
38;10
38;80
87;96
44;66
19;76
55;3
5;88
8;38
57;68
2;15
30;100
42;52
43;38
94;8
93;70
93;90
31;13
53;58
89;84
12;64
89;26
73;28
47;57
69;19
61;19
2;88
76;16
19;1
7;5
36;97
10;27
81;18
82;86
55;19
56;62
39;40
7;31
12;71
16;37
51;87
93;50
18;96
10;61
95;53
96;89
71;10
39;58
20;22
68;17
31;34
4;53
54;9
72;15
70;51
39;96
33;89
89;37
51;23
10;53
43;16
95;25
69;67
36;42
64;43
76;5
18;34
26;75
39;51
14;57
28;86
11;26
68;1
15;7
22;16
14;41
82;27
51;14
21;96
86;75
8;52
59;98
64;50
96;83
82;31
31;49
66;30
22;11
46;84
41;57
57;12
56;9
81;17
82;3
46;96
88;89
33;21
93;93
10;67
16;29
90;60
11;52
20;92
16;23
31;33
91;19
93;23
22;50
31;46
46;25
66;96
77;92
90;39
89;38
90;49
53;85
7;58
87;86
86;31
15;89
1;84
78;79
6;61
87;42
77;46
47;43
31;89
27;52
43;49
53;12
29;27
71;82
94;30
55;66
60;61
69;79
2;85
74;100
16;85
71;10
21;66
82;98
58;28
37;97
53;51
38;48
30;11
42;6
42;54
99;81
45;48
68;4
58;49
75;24
19;97
43;67
46;89
35;10
68;88
52;79
12;85
3;29
47;19
11;72
16;8
18;22
19;29
2;49
96;31
92;99
94;3
29;15
42;95
62;86
91;75
58;78
66;92
22;48
43;80
88;100
26;4
65;34
81;100
94;16
24;43
46;34
47;16
59;56
17;92
14;38
20;11
37;86
9;39
88;56
37;90
87;58
31;96
88;28
66;84
8;46
87;90
25;65
1;75
96;36
63;13
20;91
22;37
75;31
1;70
12;6
7;12
59;22
17;78
66;81
79;75
36;7
1;27
4;55
51;26
32;61
89;53
35;69
71;12
74;65
85;97
39;81
99;76
100;52
4;78
28;24
93;95
39;43
36;62
32;65
66;43
67;97
27;80
21;55
58;35
37;65
29;97
93;90
7;48
66;76
40;42
41;74
26;1
27;22
82;83
20;46
79;23
69;86
91;11
23;90
90;29
96;89
26;77
33;36
17;81
26;43
62;84
98;10
35;44
94;13
39;43
50;62
100;22
98;11
79;25
84;1
85;43
16;34
79;97
4;28
50;74
34;83
50;7
59;41
72;14
91;74
45;49
43;30
54;59
35;91
63;62
18;92
61;49
83;8
1;82
98;14
54;53
24;1
42;95
47;23
21;5
2;82
15;17
90;82
5;27
99;24
54;67
2;53
100;67
87;16
98;15
90;33
9;20
15;5
53;93
20;43
97;10
11;54
66;16
93;53
37;95
26;29
100;34
87;89
12;56
71;88
61;32
53;49
91;76
78;27
48;24
3;37
22;93
75;12
84;9
65;52
77;80
64;85
74;41
78;7
6;49
27;73
92;54
99;43
71;5
80;36
57;72
91;62
7;78
24;61
77;76
5;91
91;33
41;82
3;60
35;45
22;74
23;60
47;51
87;11
99;30
26;82
71;97
86;78
23;12
28;82
92;53
14;40
98;9
5;11
48;97
82;67
64;67
11;59
6;13
62;76
17;97
77;46
11;56
1;24
71;28
2;97
65;61
96;30
69;7
73;28
52;86
46;18
44;8
71;100
14;56
16;67
39;56
34;57
73;12
79;81
48;42
98;76
41;59
51;83
45;20
7;81
63;42
59;49
30;24
36;37
43;50
72;87
83;40
80;13
19;49
41;24
92;10
64;17
99;59
90;15
47;36
17;38
18;78
75;13
13;40
9;4
76;77
99;88
23;36
47;87
23;40
71;34
4;95
85;54
99;13
14;27
77;42
62;75
44;20
60;86
11;64
98;83
69;88
36;48
57;46
79;28
21;80
80;18
24;63
59;41
18;22
94;47
40;35
86;84
74;46
50;63
2;56
7;84
38;80
13;56
82;44
40;86
63;13
97;21
36;44
56;24
68;73
35;58
4;8
30;89
83;76
75;4
40;43
36;74
52;3
28;31
86;35
54;47
80;67
94;74
56;94
30;38
63;63
65;100
65;7
80;98
88;72
53;86
11;66
85;20
75;3
49;79
5;43
90;89
77;7
46;82
100;47
11;66
53;38
27;50
7;76
82;63
15;4
93;61
4;13
35;52
54;16
9;68
86;3
87;42
76;76
62;80
19;21
74;66
2;36
54;56
22;53
39;56
39;15
38;56
87;52
1;41
49;100
4;19
79;53
56;69
65;90
50;85
23;42
8;85
5;68
22;73
33;100
34;65
73;5
53;48
44;79
42;51
29;97
74;3
75;99
11;9
31;70
65;88
90;28
91;23
34;15
46;90
46;66
38;74
99;67
41;32
3;73
40;85
93;58
58;1
9;94
28;44
42;86
96;54
73;63
49;75
26;32
23;70
83;51
28;31
93;44
80;45
8;91
7;89
1;32
29;77
55;54
57;53
75;80
59;39
65;9
12;59
92;95
37;22
46;58
57;9
78;28
24;94
43;77
89;18
10;69
42;54
79;66
71;71
1;4
45;22
88;100
82;34
81;100
31;33
41;29
26;38
90;36
69;48
23;87
55;8
87;51
66;64
22;39
63;20
32;88
91;67
47;17
74;64
16;84
38;92
93;66
57;23
66;35
53;18
46;84
2;15
93;69
85;96
40;9
60;87
17;74
29;84
58;88
73;49
73;73
70;70
78;18
24;20
89;81
41;61
82;70
13;95
95;32
75;18
337;72;2
200;483;22
410;722;45
597;925;3
33;754;32
584;588;21
574;618;9
114;76;18
489;275;38
604;389;31
811;97;7
276;49;19
99;642;29
723;504;47
875;496;39
888;479;37
863;250;24
759;425;23
148;432;29
651;411;2
572;86;33
342;988;44
125;996;20
752;655;43
386;624;20
818;564;37
705;818;11
418;572;29
887;95;22
801;795;48
458;73;46
329;307;48
922;557;18
46;867;41
211;189;9
946;823;1
895;384;23
991;88;48
811;878;7
262;106;34
479;472;21
137;783;43
595;808;45
59;497;41
523;127;27
942;679;31
708;291;14
657;430;1
973;119;50
471;651;20
503;35;29
589;641;36
443;69;2
437;18;30
89;298;18
65;723;3
338;963;27
554;556;21
857;746;2
916;64;5
683;986;30
469;577;17
97;264;28
925;7;50
701;230;30
451;895;46
574;115;16
186;96;32
414;955;16
297;191;41
285;114;32
591;890;36
855;244;3
423;381;10
155;956;8
458;728;35
491;852;5
703;138;29
248;402;11
35;710;2
19;958;3
348;528;9
336;967;40
304;925;12
946;438;32
614;802;39
735;664;19
950;719;8
657;66;11
114;782;37
16;806;13
331;960;14
150;563;38
550;88;13
585;105;24
327;307;45
933;565;41
259;803;36
158;128;37
867;13;41
11;374;22
420;775;34
615;75;43
826;162;37
291;330;1
651;866;27
167;218;12
772;33;6
872;332;29
332;797;23
747;671;43
241;565;9
766;641;30
745;652;50
637;471;29
809;354;24
917;870;48
973;369;13
11;847;44
18;889;40
818;98;17
429;629;22
8;978;48
658;193;23
116;582;26
816;84;36
950;135;22
44;363;33
408;39;33
976;789;16
726;367;36
344;393;23
266;942;49
858;459;20
173;812;41
154;316;44
305;166;7
192;59;28
843;206;45
948;56;15
373;428;1
135;434;14
562;552;15
623;469;30
9;237;28
898;786;38
480;209;2
76;428;44
87;633;12
765;537;46
818;229;17
417;707;7
171;421;10
447;502;47
519;361;3
863;630;18
448;46;12
159;161;30
5;942;31
728;971;20
490;601;2
728;855;26
355;285;23
357;729;16
174;222;31
928;503;35
571;754;42
36;261;15
108;308;17
202;867;13
179;716;21
584;746;21
304;55;1
124;438;46
32;425;1
491;492;48
743;127;40
44;79;10
158;239;37
742;448;42
412;226;34
540;808;12
352;397;28
88;594;20
584;921;5
788;13;11
175;552;33
789;52;29
759;975;45
279;236;29
2;250;4
742;991;33
301;973;10
390;13;1
265;902;27
765;168;37
276;931;33
666;47;13
351;631;3
260;522;44
833;240;35
590;24;21
611;671;13
59;546;8
2;986;32
409;326;50
217;156;38
206;508;19
318;745;16
993;214;47
276;605;39
553;393;34
490;182;19
748;960;33
271;619;9
803;251;18
451;480;31
337;990;36
446;283;20
703;622;5
445;958;13
739;704;40
63;192;18
730;899;27
630;800;8
551;621;1
189;254;12
766;243;8
72;608;24
379;983;8
930;457;3
109;13;32
570;374;25
7;555;23
751;405;41
800;581;24
978;561;32
152;733;36
458;527;5
62;802;9
817;664;15
271;588;2
508;681;6
946;116;36
699;920;39
626;39;29
166;564;25
13;120;1
241;1000;10
705;124;5
278;654;20
299;272;49
885;167;18
313;160;50
106;435;9
585;402;20
98;271;3
965;897;23
657;296;6
859;772;41
381;842;34
816;524;11
130;411;33
667;427;49
669;210;33
393;987;15
234;392;22
149;134;43
586;855;19
262;463;30
847;485;39
823;890;7
836;73;21
650;717;48
683;925;19
958;188;32
788;820;5
185;288;44
654;610;33
499;534;41
679;51;27
112;508;1
828;36;2
436;7;18
92;973;30
267;266;25
71;159;21
694;946;36
268;44;11
414;101;25
473;298;29
648;442;24
49;980;50
702;288;6
586;538;27
643;344;22
180;448;46
136;330;25
58;157;2
645;546;50
727;816;15
999;896;5
986;675;34
228;136;16
548;350;44
948;613;48
581;703;6
743;61;46
888;536;42
775;48;32
677;412;2
456;96;7
592;775;19
955;625;29
228;107;12
694;102;8
278;453;23
365;834;24
273;873;8
479;573;30
672;733;16
645;79;14
219;278;36
689;198;3
405;803;10
278;553;36
975;649;43
273;303;13
877;260;32
489;749;28
969;335;45
268;924;27
68;265;40
199;876;41
498;147;24
578;760;18
283;157;37
587;855;24
237;753;5
771;180;4
564;981;12
398;489;6
422;635;48
681;172;28
752;527;49
844;640;1
218;253;50
909;114;25
942;770;29
685;226;5
196;964;7
741;217;4
258;852;25
15;864;43
530;105;6
986;454;14
560;515;46
647;314;17
668;572;17
448;550;30
347;107;16
415;423;7
109;964;20
934;920;35
63;565;8
529;239;49
216;475;35
389;822;19
39;448;49
290;815;23
729;831;18
636;349;19
996;626;31
659;553;30
790;717;34
618;485;9
251;766;36
465;269;49
41;870;49
572;670;31
697;985;8
437;151;44
701;740;50
774;920;18
862;143;24
679;607;39
298;174;50
663;742;21
852;807;13
811;751;39
421;71;50
332;328;18
786;823;28
118;29;39
480;686;43
519;915;39
657;993;22
307;174;18
490;383;20
255;894;34
331;5;4
62;283;33
220;599;19
960;162;23
195;528;38
170;538;9
552;445;49
485;710;33
237;122;16
422;820;48
559;332;23
921;294;18
19;573;21
794;430;14
191;149;9
686;615;31
217;672;3
201;662;17
222;451;50
100;241;44
189;707;7
928;565;31
679;167;4
682;664;1
687;789;46
226;771;32
951;906;12
378;728;19
41;889;26
103;700;22
115;441;35
255;764;33
619;759;41
793;349;19
913;731;27
833;697;41
302;310;5
414;82;47
345;439;19
49;293;29
355;30;14
789;1000;27
47;673;26
775;31;38
271;3;2
184;730;7
327;156;21
664;538;2
869;237;31
401;538;44
116;442;40
893;523;3
145;868;1
504;878;11
261;607;3
470;4;30
164;537;14
544;677;11
862;732;37
581;515;39
25;912;10
449;388;42
776;863;34
551;587;21
731;113;47
609;290;25
198;928;17
661;94;42
377;349;12
893;308;5
596;687;21
576;84;13
543;621;39
364;709;19
140;179;21
882;788;26
714;614;45
939;519;20
864;628;5
817;309;9
880;545;28
804;719;25
614;776;50
166;985;41
634;214;36
855;384;50
20;907;32
507;918;48
127;624;44
51;798;30
625;271;37
619;121;2
38;915;25
335;908;21
68;596;22
187;609;4
319;65;11
786;189;22
525;34;21
959;564;32
215;972;35
777;196;33
101;106;40
86;321;3
543;301;2
671;433;27
708;276;16
494;258;34
728;683;21
951;41;41
982;993;6
412;892;28
245;119;41
157;448;1
529;937;49
523;566;18
652;916;37
515;221;15
583;79;38
726;779;13
659;644;48
640;26;28
580;441;12
848;149;45
771;973;46
963;808;13
324;109;6
384;328;26
260;778;2
406;651;14
427;981;24
826;239;45
197;565;28
271;831;4
481;155;40
32;182;50
406;681;40
552;670;10
753;976;3
967;908;39
132;606;4
903;156;38
630;704;26
822;515;45
744;973;14
720;578;9
482;320;8
241;270;39
4;731;29
894;507;30
659;40;42
754;343;21
796;570;7
337;55;47
139;52;38
872;380;36
605;91;29
194;362;28
131;348;31
962;349;36
620;439;15
947;216;38
604;620;15
692;852;50
974;276;11
355;679;17
579;759;14
842;112;3
248;221;34
989;785;41
768;573;18
537;662;24
667;730;1
584;740;17
523;708;30
682;582;1
165;182;36
441;728;16
59;619;38
506;790;47
270;126;48
197;725;22
131;1;45
444;463;10
614;823;12
620;119;8
481;653;50
120;889;12
392;768;3
80;127;12
245;815;26
196;268;25
501;742;14
188;215;28
756;732;45
544;86;16
192;350;39
528;122;50
744;184;35
207;539;31
585;509;22
681;613;32
653;341;4
952;133;49
160;731;26
886;174;10
458;953;9
517;784;47
192;470;26
269;215;1
793;820;27
899;2;50
582;546;49
236;936;20
419;838;39
455;357;41
245;717;9
508;423;46
652;591;16
730;121;8
255;425;32
121;500;25
551;625;45
170;481;19
810;642;34
221;317;3
599;33;34
193;873;7
989;743;40
883;347;37
459;916;29
867;763;27
149;245;3
616;767;27
844;93;46
913;412;9
616;398;17
52;629;43
166;619;43
890;911;17
838;808;28
55;107;13
647;296;43
456;28;12
695;634;44
311;86;8
520;444;21
440;901;29
685;945;46
510;698;2
854;592;30
267;295;34
863;97;50
689;924;12
356;39;32
81;608;4
839;871;12
323;470;6
201;247;10
805;66;8
833;322;25
288;269;40
152;23;19
732;428;38
177;345;32
111;531;39
601;385;13
142;656;2
287;71;32
928;333;47
243;311;29
62;909;14
426;434;5
579;712;49
691;282;22
493;291;38
590;595;5
121;549;22
125;462;10
579;533;44
459;136;26
181;93;27
277;202;39
575;63;46
844;341;45
115;515;12
201;868;18
869;317;33
256;8;43
921;405;30
462;290;1
383;293;4
601;643;25
675;471;15
300;51;14
971;161;48
287;157;29
425;452;8
448;925;5
28;172;4
425;673;50
436;802;18
326;512;24
4;480;22
63;767;23
126;121;23
392;560;30
903;840;7
943;48;44
912;407;30
366;8;14
363;872;6
666;444;33
53;252;36
507;290;25
106;222;5
897;56;48
876;629;11
537;756;36
25;708;16
658;83;20
723;543;16
489;405;16
651;892;31
169;775;1
16;26;28
763;54;39
142;616;13
133;909;6
850;991;43
783;412;5
849;48;13
949;584;41
930;890;31
217;90;7
891;339;12
347;483;22
858;44;28
912;313;11
773;838;29
886;858;4
528;550;5
788;369;1
70;819;44
474;130;22
85;636;38
912;119;38
291;927;33
920;550;40
976;691;47
210;673;13
887;139;43
814;640;37
768;61;7
541;94;23
365;642;23
346;243;15
767;211;4
945;564;30
46;805;10
22;992;26
756;683;14
691;709;47
548;57;40
422;787;28
892;497;12
369;168;22
650;442;34
974;217;19
772;299;28
614;945;41
557;281;33
503;825;38
143;813;36
795;46;4
387;351;14
649;780;38
815;459;23
534;79;39
646;965;46
386;418;16
411;278;2
747;591;47
453;92;5
37;59;38
53;374;4
57;156;49
432;303;19
14;479;16
422;398;16
823;392;18
694;57;45
226;434;32
856;926;10
117;563;12
21;864;23
701;656;31
415;186;37
623;662;47
910;80;23
579;832;1
964;73;32
363;669;24
754;604;30
513;744;50
813;912;27
708;233;20
21;358;5
109;334;25
677;933;2
718;689;11
973;79;29
288;278;13
349;56;15
745;60;7
935;442;1
348;269;34
694;660;10
2;164;30
983;219;13
440;433;1
172;188;30
261;657;45
738;269;6
937;898;29
399;913;39
487;544;36
618;928;14
12;873;43
887;440;21
143;664;9
908;993;22
423;348;50
92;105;43
484;920;2
434;995;4
694;692;21
665;107;38
682;296;11
424;435;44
738;363;2
571;500;3
925;457;6
77;801;8
524;69;2
531;821;9
167;770;5
913;921;20
975;313;48
693;626;17
310;489;46
149;505;9
44;764;33
244;960;26
102;92;27
196;405;44
640;196;44
251;839;50
262;826;3
540;710;42
40;844;30
489;16;44
286;386;18
873;577;3
589;712;11
913;961;15
662;63;35
734;27;16
507;439;34
404;827;1
97;301;9
369;297;5
4;680;14
477;365;40
128;220;15
82;278;8
747;35;43
944;346;37
402;847;35
351;405;11
619;325;18
367;398;37
584;736;44
648;598;25
390;783;7
226;854;13
31;19;20
818;349;21
769;291;48
409;342;6
7;85;23
794;853;13
245;772;35
216;644;46
136;272;6
952;172;37
433;249;50
591;427;31
579;453;24
373;799;45
876;967;9
180;915;6
310;781;17
10;302;32
616;104;42
151;548;36
337;677;35
207;834;19
81;724;21
233;153;29
78;93;50
206;466;20
91;546;29
800;826;7
780;932;3
337;133;33
145;563;3
338;498;21
668;355;9
863;513;40
170;572;12
518;720;8
908;492;41
982;898;35
647;125;23
865;954;15
40;757;4
637;414;33
856;747;50
66;940;3
785;838;2
265;461;11
213;734;43
348;375;35
349;276;42
177;693;47
737;897;13
773;404;5
670;329;40
433;738;9
577;812;20
560;176;39
261;569;18
24;20;8
715;695;29
668;42;9
215;386;21
215;179;26
554;733;30
2;209;31
528;592;35
478;742;21
606;411;43
596;290;9
995;211;21
621;416;6
377;11;40
207;397;8
475;799;11
548;603;32
237;450;40
118;983;29
787;567;23
615;630;45
353;874;38
33;227;6
913;838;18
25;529;28
699;229;27
242;954;29
249;539;11
4;594;50
528;167;35
700;395;40
78;39;5
531;135;37
279;294;25
143;372;11
651;733;18
436;627;14
781;394;2
467;502;16
543;718;38
845;686;20
802;427;20
688;351;6
502;743;30
490;732;34
472;419;22
646;98;4
148;416;49
953;207;43
492;465;29
951;754;36
684;131;1
586;664;41
622;734;39
838;564;5
783;559;45
326;992;28
315;544;31
76;546;31
887;239;22
59;533;42
162;978;50
982;540;18
595;323;44
554;120;3
860;644;35
645;410;16
421;409;41
125;346;31
62;996;17
971;542;35
206;137;28
912;54;16
408;337;28
606;509;34
347;475;22
794;10;43
192;535;11
67;244;34
672;414;16
1000;366;36
201;188;16
713;855;8
554;55;43
623;471;25
494;935;16
168;829;44
122;595;43
437;181;23
52;143;16
189;160;3
477;282;13
387;384;41
11;175;9
236;433;13
128;577;22
233;233;16
29;949;38
674;466;46
921;427;33
565;732;23
784;121;44
893;83;7
216;804;16
601;274;44
798;24;26
297;790;35
228;28;46
881;221;35
989;173;30
585;975;12
290;931;23
38;69;24
97;497;35
184;851;41
15;286;44
170;870;45
462;351;44
586;74;47
727;789;3
992;68;6
570;6;3
746;104;30
582;319;25
784;454;42
439;36;48
122;437;47
226;901;3
516;975;24
639;300;48
897;645;23
843;646;22
529;132;12
968;452;33
86;299;40
106;365;29
262;215;28
136;621;33
367;471;9
247;509;35
898;593;25
595;568;4
773;295;29
7;596;32
238;270;32
87;546;16
103;18;27
905;820;17
95;98;6
145;684;29
784;960;4
393;627;16
5;761;30
881;9;8
191;997;16
741;923;45
69;364;27
713;556;3
859;549;4
957;98;17
935;182;14
692;766;2
24;418;48
727;167;18
341;558;21
26;241;17
209;729;29
608;38;49
585;247;17
160;164;32
811;460;27
22;210;27
66;475;47
405;452;38
322;481;46
346;85;15
475;150;42
175;691;44
428;80;28
779;830;38
233;798;30
125;120;39
55;617;21
877;487;44
687;216;20
350;99;48
233;204;5
960;401;35
991;13;42
423;467;4
651;956;20
44;654;5
246;571;26
906;814;42
169;876;7
602;921;28
909;87;34
978;901;42
235;482;19
813;269;48
712;848;42
660;185;44
848;272;45
639;512;23
645;199;5
392;333;5
237;327;19
528;763;31
699;145;7
30;130;1
409;904;13
705;135;29
213;383;11
204;825;26
203;19;24
46;991;11
602;261;45
892;385;17
474;145;9
513;389;24
969;894;7
435;326;45
799;62;31
436;507;3
718;32;13
372;713;1
250;358;42
702;329;17
364;27;21
891;154;48
15;24;36
318;12;42
214;836;48
471;895;33
196;273;40
317;578;15
463;136;19
552;456;41
57;24;45
852;135;15
258;988;13
983;785;5
603;647;45
518;12;10
750;360;49
395;930;10
718;154;23
905;125;48
506;772;33
439;183;2
54;408;24
814;844;11
80;834;6
777;831;49
674;615;17
536;807;42
338;322;4
543;915;44
853;133;49
872;153;8
319;533;40
779;782;21
609;873;20
214;896;18
671;969;38
477;179;4
209;153;4
19;372;14
787;570;21
880;855;34
666;677;15
499;800;41
362;649;17
438;84;35
518;225;36
848;160;13
297;622;22
797;591;41
694;648;7
402;574;48
795;993;7
364;272;38
67;149;7
946;922;2
528;790;46
727;332;12
512;76;8
516;460;49
782;150;3
261;304;18
151;549;18
228;664;21
209;753;13
420;923;47
326;873;42
10;374;11
496;169;45
179;712;19
172;141;49
695;651;30
349;410;14
758;24;22
485;820;19
665;977;33
272;461;41
63;281;41
727;810;36
898;304;50
146;332;39
88;309;33
111;723;24
52;590;43
585;584;16
221;353;34
684;531;50
145;329;4
709;69;19
279;263;31
830;383;39
182;495;44
598;766;29
948;539;24
108;778;43
135;567;36
423;252;13
235;159;28
281;74;22
693;632;7
683;890;25
36;652;21
330;873;28
252;979;21
883;604;16
284;94;6
77;752;22
633;166;18
153;29;45
983;306;44
320;597;9
704;134;32
364;551;45
494;606;22
283;367;28
403;545;11
641;53;39
513;229;41
341;455;44
358;495;37
762;548;7
590;198;14
712;543;21
79;388;3
150;904;3
704;504;33
80;31;18
923;84;20
573;18;46
900;77;20
318;746;26
596;259;46
350;38;49
380;504;48
373;920;8
294;126;35
751;563;49
671;629;2
830;973;41
183;170;17
408;371;32
865;411;42
182;544;29
614;817;19
188;51;26
956;624;46
913;598;10
500;83;34
694;100;29
129;25;1
649;85;3
47;744;33
68;726;6
800;108;35
904;437;38
406;903;6
314;862;36
451;965;14
543;833;10
278;683;14
30;158;33
194;802;10
394;148;50
418;610;9
436;275;48
272;291;47
954;111;26
536;331;23
333;940;13
867;513;7
309;456;25
768;299;21
689;509;4
433;569;21
548;485;7
128;962;2
710;795;47
902;478;10
642;718;11
875;416;23
795;273;24
803;241;23
70;257;35
879;343;24
582;72;42
545;126;47
253;703;47
748;324;12
807;237;27
707;564;49
845;708;32
362;879;25
959;477;29
242;896;28
617;381;5
36;227;37
65;467;3
755;575;23
300;210;25
392;859;37
563;186;9
659;814;27
606;652;18
896;283;29
624;573;48
859;136;46
144;705;17
850;575;4
149;795;27
560;308;50
588;178;44
499;756;39
46;368;19
482;840;5
830;982;9
330;504;28
653;502;49
892;702;16
936;704;30
144;127;15
152;210;45
387;978;15
454;756;39
317;292;47
188;626;11
208;749;11
565;239;40
597;473;8
145;628;5
817;561;7
337;909;30
937;508;11
322;42;49
13;913;35
363;229;35
818;135;46
329;825;16
764;276;5
493;759;27
24;172;5
646;576;46
701;782;1
67;142;21
672;186;42
723;733;33
594;716;22
438;649;23
164;552;41
789;315;42
447;306;13
583;508;30
508;284;21
280;176;35
888;634;2
45;868;12
497;191;28
944;954;35
456;331;19
861;552;48
106;351;36
904;249;6
990;764;34
724;956;28
343;578;25
777;159;12
347;604;15
931;175;9
427;500;50
881;676;39
983;168;20
270;989;24
70;108;49
173;718;41
346;64;9
474;671;29
151;432;30
780;596;39
55;942;15
850;446;25
113;914;40
666;340;13
468;68;39
709;208;48
28;894;10
477;770;3
796;713;3
88;834;22
676;627;13
600;872;30
574;624;26
250;931;23
702;603;1
442;878;13
63;213;5
457;2;2
582;16;44
378;374;27
346;709;39
55;943;36
622;404;33
330;433;32
169;401;22
369;525;24
648;491;23
261;176;25
123;535;50
309;296;13
172;472;11
334;370;8
758;173;47
174;353;31
565;58;20
863;996;4
679;954;46
511;590;25
45;619;26
547;110;18
101;123;32
153;152;4
96;596;44
928;625;34
29;823;19
114;245;38
670;679;44
980;686;19
839;648;11
515;884;31
874;746;43
210;746;30
302;119;7
5;480;19
255;676;35
626;646;35
932;963;44
704;156;8
834;598;50
611;754;22
532;733;31
705;869;1
882;128;50
998;33;4
154;299;2
142;894;36
324;309;44
953;679;7
334;823;4
448;621;31
426;85;37
140;606;49
159;699;8
597;723;13
379;623;20
251;817;48
114;916;44
25;449;40
198;705;40
529;631;1
138;416;31
591;86;15
719;276;19
493;784;21
42;886;43
472;710;8
476;16;26
724;221;1
694;65;27
848;982;22
176;224;34
219;170;42
105;704;8
913;42;48
78;770;22
487;606;34
616;365;11
598;48;36
618;367;8
723;954;4
907;199;49
181;510;27
544;634;41
141;1000;25
860;846;45
505;78;30
744;703;20
334;691;15
337;44;38
425;955;9
865;203;39
740;308;32
660;427;48
458;228;36
305;803;14
422;436;47
43;510;37
309;30;42
886;827;28
660;92;3
666;864;32
238;518;46
286;245;50
920;617;43
877;267;41
481;892;13
235;187;25
901;646;1
946;102;25
218;260;41
883;298;32
994;953;24
107;807;45
425;543;8
395;796;25
971;135;23
970;640;36
887;487;1
914;97;46
589;339;15
398;169;50
721;543;24
235;866;25
644;993;21
442;978;37
358;273;50
684;99;2
98;265;8
477;212;11
47;418;12
108;427;7
54;950;4
77;11;29
612;241;2
297;2;29
807;117;23
701;690;50
982;302;12
550;223;48
276;659;38
670;547;41
358;566;42
91;532;10
514;399;43
978;289;4
904;899;16
206;760;26
593;79;21
900;908;31
724;8;38
103;72;29
187;734;45
556;185;36
186;330;18
361;794;10
258;786;4
63;4;27
912;635;40
324;799;24
861;99;8
500;402;13
251;105;25
800;771;50
742;695;49
994;511;41
439;692;26
35;299;11
820;290;49
981;769;26
356;252;46
218;34;9
880;178;14
767;264;1
853;522;19
206;25;43
910;601;35
684;163;38
127;230;6
6;274;15
91;43;2
63;111;33
444;254;38
786;537;23
381;911;4
105;791;10
882;759;8
263;367;31
987;939;46
560;651;27
764;884;29
837;699;27
770;863;1
956;254;43
596;308;28
734;614;27
673;82;1
149;296;4
403;664;43
601;986;20
858;571;41
897;180;34
285;867;12
836;600;34
118;880;31
426;664;37
117;643;22
888;892;30
723;490;44
964;599;27
777;588;9
214;238;37
5;113;45
957;917;37
243;85;19
38;527;9
134;164;22
895;638;4
685;2;32
912;349;45
948;472;50
623;459;20
558;417;40
675;452;26
254;473;29
896;299;13
838;481;45
91;674;48
282;901;12
194;218;3
691;908;50
703;590;31
14;141;41
532;648;8
487;366;34
984;429;24
360;359;50
874;400;24
536;494;8
973;641;30
325;391;48
864;683;29
691;346;5
362;160;21
475;956;43
892;281;28
900;376;32
313;510;6
668;86;45
658;365;46
429;552;22
489;511;12
719;252;6
266;586;46
714;669;49
707;45;47
732;620;48
645;885;21
214;275;11
450;201;12
948;643;41
254;648;45
349;147;49
946;440;35
619;236;39
659;752;12
198;425;25
521;588;49
628;829;46
243;204;1
115;807;31
737;629;43
791;948;22
482;667;7
280;523;5
320;580;21
609;400;39
271;392;9
733;77;25
702;547;46
496;451;2
920;941;50
233;51;8
789;899;38
386;790;2
884;82;28
476;286;14
407;18;6
633;28;43
439;960;33
207;302;40
544;872;44
469;944;45
427;903;30
204;888;45
156;334;50
527;2;8
482;776;40
405;88;38
235;99;26
365;132;8
977;447;39
123;66;31
161;283;13
846;315;20
999;177;10
300;164;28
105;950;30
844;289;43
91;838;17
97;910;4
65;337;19
849;303;36
179;339;48
290;729;27
369;612;6
704;191;35
210;55;48
647;894;49
692;592;10
921;246;44
18;416;18
734;30;13
521;963;26
553;688;31
480;626;5
195;984;41
370;811;5
203;910;42
221;844;8
392;200;12
35;653;46
7;610;45
976;502;27
922;195;17
511;328;2
166;923;2
258;834;38
12;63;32
804;721;36
287;907;30
187;270;3
563;144;17
942;165;16
817;749;29
321;796;12
190;662;5
320;229;9
797;652;31
719;887;18
417;482;33
790;826;3
904;38;27
273;466;20
414;232;19
208;246;12
794;359;22
534;590;6
760;31;46
873;252;37
246;346;29
64;280;9
28;812;47
901;525;20
942;281;10
525;61;3
869;581;5
928;183;18
458;734;14
849;579;16
739;842;24
362;651;33
54;34;49
635;421;44
464;358;12
961;154;12
405;738;12
828;515;18
185;396;48
599;347;27
685;889;49
447;788;29
164;678;50
90;861;34
425;591;7
666;169;24
611;583;10
649;893;50
677;225;26
491;511;7
205;576;30
283;484;32
522;66;41
606;184;2
844;448;44
380;744;5
911;711;28
68;423;3
336;149;1
32;12;33
383;136;24
630;295;30
822;72;33
418;254;38
885;570;33
775;319;37
53;742;6
102;476;11
737;305;39
168;435;23
30;761;49
281;163;44
749;322;30
798;714;35
710;277;30
746;668;6
337;918;23
991;584;34
786;799;11
881;972;11
999;418;46
266;872;19
959;465;39
182;784;14
84;539;38
956;8;15
901;417;34
196;282;44
204;895;11
655;577;24
558;303;43
476;412;10
473;742;13
702;497;42
264;158;20
317;535;5
456;735;49
164;23;2
972;922;28
105;520;28
864;103;9
691;443;7
785;865;15
19;871;35
559;739;36
1000;863;42
137;493;8
27;404;9
427;902;11
269;245;41
743;813;45
332;359;14
555;622;19
47;582;29
458;284;26
316;571;50
783;673;32
438;701;35
50;682;35
402;96;6
307;404;20
948;599;25
501;87;22
982;226;38
539;756;27
228;615;11
421;103;39
282;163;11
915;781;15
965;578;40
754;735;24
606;417;1
15;791;16
743;468;31
775;798;7
72;356;22
761;656;2
370;925;13
706;280;40
826;456;42
612;60;38
519;603;13
869;314;25
421;937;44
319;877;32
850;358;11
571;89;31
697;959;1
256;610;48
503;247;26
882;412;26
575;868;44
998;68;3
600;216;34
812;763;9
506;789;12
702;853;1
442;551;39
635;212;11
523;208;8
270;763;35
923;121;32
601;67;38
401;966;25
601;555;41
323;478;35
541;46;49
614;733;14
871;224;13
849;444;49
712;947;40
883;223;23
879;184;37
361;48;10
497;943;8
252;240;37
987;842;30
165;599;21
27;593;32
293;659;27
857;284;6
159;51;41
764;226;15
361;821;24
282;512;43
528;842;41
306;469;30
62;365;25
43;250;23
300;471;33
402;508;19
691;248;16
531;715;38
990;691;23
635;63;17
621;765;4
889;20;38
582;409;35
882;551;32
724;21;11
158;113;35
574;85;3
899;464;43
755;171;8
236;662;10
995;495;26
475;476;40
277;204;35
937;198;11
448;144;5
820;309;1
282;820;34
603;886;31
206;288;35
302;730;12
162;533;3
145;961;32
432;131;41
142;682;7
497;540;31
386;437;31
314;552;7
918;933;27
753;650;17
782;515;20
153;117;27
465;615;8
495;36;28
278;588;7
765;377;47
89;368;26
993;528;1
635;78;13
784;567;45
732;749;42
382;144;49
648;65;48
887;125;8
955;53;35
544;44;28
383;537;22
910;180;38
979;153;44
914;504;32
962;273;37
945;199;29
835;106;4
367;591;17
702;427;20
171;949;49
619;647;49
357;515;4
473;563;41
994;791;49
795;896;31
311;883;1
254;484;35
302;257;50
82;134;27
597;555;44
777;537;47
768;541;42
619;117;47
546;954;42
982;27;15
659;635;3
569;63;15
713;853;48
827;427;44
818;972;11
580;183;2
340;521;40
925;157;22
870;556;36
372;15;39
41;310;44
280;761;2
937;783;4
363;542;44
898;864;47
856;813;35
788;860;5
96;657;11
472;24;5
532;291;22
410;655;13
30;180;34
444;744;25
873;908;2
424;314;32
107;718;10
107;724;10
492;719;5
833;755;1
141;207;11
285;860;15
761;681;39
602;24;17
728;351;13
642;310;16
257;994;32
807;358;44
411;701;27
560;385;6
96;136;1
415;609;21
65;720;43
916;653;35
507;219;21
907;29;5
939;21;1
356;871;12
856;470;44
335;227;39
827;366;17
182;480;22
247;302;3
746;207;22
52;283;43
752;950;45
775;450;31
664;966;34
318;384;21
947;331;28
563;750;38
434;484;31
390;491;22
630;922;6
322;612;24
911;443;39
323;32;4
652;616;26
925;352;46
9;463;16
940;515;1
274;720;36
699;191;6
990;542;42
101;674;2
904;783;42
792;549;13
618;701;12
729;484;28
114;407;6
892;713;45
222;989;49
577;226;47
99;96;36
967;135;44
711;244;12
563;385;36
294;944;41
650;689;12
549;992;22
807;537;45
458;572;49
217;89;24
742;54;49
43;372;45
528;991;39
540;342;39
823;864;35
327;623;31
67;744;40
700;58;9
790;276;46
619;311;49
796;921;16
866;893;14
759;592;10
93;952;22
288;923;8
210;465;17
234;611;16
224;575;38
40;909;13
919;923;13
421;799;3
982;881;21
868;611;16
8;825;21
355;779;29
246;41;16
459;547;43
831;957;48
41;916;50
962;819;22
547;980;37
730;101;35
513;387;22
799;120;4
489;201;28
130;789;6
853;498;39
696;918;7
612;273;27
833;796;38
442;199;8
725;419;41
387;705;24
712;55;43
238;626;11
661;110;45
489;594;14
670;557;46
71;843;27
108;394;36
938;316;33
996;462;23
209;756;3
534;304;32
532;765;30
285;473;14
564;830;43
450;495;40
596;796;30
19;531;33
193;615;44
466;844;32
778;30;22
3;494;36
591;704;3
543;913;38
227;250;22
10;93;50
62;605;48
930;850;20
90;616;48
927;805;3
813;115;50
716;36;12
283;624;37
630;185;7
769;392;35
550;410;28
400;947;49
453;697;34
249;256;9
76;170;21
265;545;27
494;825;44
885;41;44
663;291;31
843;484;26
413;970;16
321;617;29
427;492;42
288;718;24
120;973;12
876;774;23
564;822;47
48;49;24
476;506;19
957;819;5
419;607;13
511;353;21
358;830;48
376;560;31
618;440;49
448;631;18
938;595;32
720;92;48
417;78;37
270;860;21
803;121;27
261;106;48
355;717;38
563;744;37
481;25;22
492;374;30
817;913;39
305;213;19
288;938;34
14;530;24
946;376;6
469;964;36
818;428;17
265;465;6
21;114;15
171;131;48
707;409;14
60;743;19
244;769;28
564;920;13
245;796;2
143;595;32
365;707;19
644;813;10
960;17;1
616;323;47
215;301;5
888;433;6
496;939;44
208;314;42
71;418;50
301;784;34
211;28;47
460;513;16
821;50;10
883;872;8
237;879;2
464;559;16
919;486;22
615;736;50
410;650;5
886;830;4
153;704;15
208;222;6
871;70;8
334;132;8
134;832;35
945;629;35
510;696;13
454;642;29
934;410;15
740;472;21
773;705;21
817;541;21
629;772;19
703;358;42
17;793;5
68;327;22
302;107;45
296;563;47
452;755;32
515;329;40
106;966;43
356;328;35
616;929;29
267;119;21
759;26;25
621;615;49
799;959;35
706;944;42
480;789;8
521;526;23
801;669;41
617;761;6
574;23;27
183;886;6
521;654;48
290;213;24
922;540;7
652;152;12
276;757;7
181;284;13
951;941;24
307;36;47
719;359;43
85;460;35
255;988;39
75;639;43
565;635;6
312;784;45
202;215;50
386;520;23
594;765;12
77;908;21
45;764;45
119;574;46
6;386;39
206;546;17
126;875;41
261;81;28
162;725;37
996;445;21
546;770;13
914;2;2
840;936;2
259;407;1
31;994;49
335;936;25
770;358;26
723;905;18
156;936;31
858;689;9
962;701;10
638;991;20
131;222;47
934;906;2
169;376;11
401;46;38
479;1000;33
748;925;48
807;866;48
650;74;48
607;171;48
27;61;31
838;607;1
856;624;34
870;481;35
738;464;49
203;635;7
432;741;10
533;592;34
974;969;11
250;605;15
708;298;31
7;512;14
478;984;50
556;686;10
375;797;41
40;396;8
339;784;48
336;180;32
772;676;9
978;432;33
429;963;22
420;835;42
701;209;40
21;738;6
241;957;32
214;266;46
88;180;25
425;652;34
918;691;41
276;971;19
356;266;2
994;94;37
902;335;32
836;707;18
618;737;36
664;576;48
817;250;29
929;393;9
991;876;17
257;125;11
668;781;29
323;700;24
414;690;11
100;60;7
809;845;10
913;309;24
66;285;31
316;673;26
496;674;25
174;18;37
498;378;7
95;250;8
403;723;5
693;508;45
342;244;41
897;92;35
134;41;43
715;624;4
934;373;9
889;571;8
989;949;16
367;137;30
659;739;41
54;225;35
103;624;24
729;7;34
150;738;28
246;975;38
408;807;25
356;24;47
325;780;50
988;551;27
812;159;7
521;676;35
52;465;5
94;538;50
903;964;42
747;830;2
80;781;34
31;358;34
225;241;6
56;862;3
272;766;5
758;144;36
174;340;44
410;99;20
461;974;2
315;864;24
196;769;17
946;757;28
824;51;35
994;179;27
677;8;34
758;689;49
595;128;10
24;650;37
12;973;35
975;973;2
560;432;25
518;936;19
531;179;25
410;739;2
335;103;22
957;569;23
322;141;15
865;418;47
580;629;26
87;950;21
60;170;2
301;959;10
949;952;24
54;310;49
755;931;23
74;426;33
922;164;43
357;327;31
420;67;41
543;725;5
589;738;29
952;835;35
141;122;31
665;63;45
841;987;10
402;422;2
562;503;46
139;526;10
328;7;3
26;964;21
286;586;26
780;291;40
989;446;6
546;616;19
806;923;13
469;103;46
913;195;31
29;343;18
801;721;47
277;922;18
657;104;8
300;92;7
692;17;43
723;700;4
229;458;31
700;77;31
954;922;15
488;132;23
916;650;22
374;499;23
455;491;3
135;389;32
107;788;7
556;327;10
149;929;18
762;49;48
837;528;15
91;641;29
392;103;7
650;805;24
365;899;24
19;675;17
779;531;12
963;788;43
504;394;24
535;235;39
613;90;17
905;383;5
686;314;8
723;901;48
678;792;46
179;281;47
703;167;46
304;919;6
787;352;50
739;168;8
931;815;23
358;351;45
409;267;31
855;943;17
282;210;20
558;408;5
509;112;1
415;312;21
571;281;33
794;979;31
937;336;32
507;831;38
697;127;17
531;272;42
371;891;23
113;442;34
592;905;27
453;99;50
39;852;7
776;907;22
541;925;34
962;580;21
196;68;5
780;335;38
524;650;43
824;752;9
692;751;22
990;465;16
443;725;10
25;252;26
205;521;21
687;688;33
820;747;2
623;729;15
4;299;11
201;543;12
753;888;6
569;481;46
897;471;44
395;890;21
961;987;41
30;272;8
29;452;47
151;797;49
544;804;19
644;750;33
367;424;24
361;336;50
363;547;42
428;577;11
85;760;9
39;254;8
344;158;23
997;416;11
520;654;31
128;653;32
837;806;44
346;187;8
152;952;19
610;775;39
16;159;47
106;175;24
406;112;41
52;383;29
676;355;46
179;102;26
392;428;39
372;319;8
700;554;14
483;267;17
646;523;46
854;350;4
800;624;14
164;684;5
196;977;19
122;447;24
166;722;26
235;480;37
752;520;19
793;883;43
251;286;25
620;648;17
834;237;41
644;792;24
805;44;50
603;924;44
537;490;39
70;683;3
148;914;50
205;360;8
867;440;16
394;769;19
750;660;8
122;937;9
45;810;8
263;986;31
905;923;34
531;389;25
888;538;49
664;834;12
842;440;45
701;816;11
30;659;31
529;705;22
914;891;39
865;528;33
623;350;30
732;355;17
50;618;35
251;208;11
963;903;40
754;901;13
682;637;19
492;357;43
202;197;45
478;185;36
610;504;15
836;605;8
138;347;4
595;26;6
808;395;42
774;470;45
182;190;13
155;110;34
701;705;33
623;268;46
416;187;43
926;906;31
418;484;6
186;724;48
367;68;28
660;626;49
8;603;33
475;829;19
101;199;42
201;942;1
285;654;22
630;462;30
312;972;6
443;408;20
273;319;35
476;571;49
152;193;23
90;18;37
848;22;5
442;176;12
345;763;4
435;254;31
769;776;9
13;512;31
311;427;29
178;238;3
61;44;1
862;319;45
902;307;50
75;18;43
507;532;11
334;266;31
877;692;26
757;768;33
8;739;9
205;80;46
359;462;36
707;335;8
396;960;3
230;89;49
994;195;45
775;860;29
558;702;14
327;876;23
139;839;4
852;662;50
825;989;21
600;903;9
807;296;23
159;445;43
584;362;32
753;111;27
909;815;30
874;126;42
101;344;14
192;831;39
799;368;26
934;578;39
959;457;13
86;493;30
320;132;11
916;781;11
640;380;10
765;607;6
792;96;31
119;707;23
150;836;7
521;917;27
292;754;14
201;172;50
904;135;38
288;120;26
615;25;31
595;398;29
23;150;22
823;84;39
355;983;37
278;8;17
442;224;4
826;520;20
869;418;34
975;766;28
487;493;25
828;266;45
622;52;25
920;323;2
896;79;42
311;149;1
10;587;33
146;741;30
532;678;47
304;236;11
136;88;38
545;159;27
233;40;37
782;388;23
664;500;4
825;714;24
120;175;49
752;556;27
241;214;28
797;364;29
261;252;16
453;979;21
694;336;3
816;692;38
266;888;24
869;455;3
683;673;33
773;827;24
319;483;37
589;910;33
560;259;4
8;287;15
336;686;49
521;123;42
690;381;36
391;141;21
18;699;25
331;350;40
730;907;2
963;756;15
480;800;39
588;482;49
864;337;10
958;120;10
546;274;28
365;761;35
404;771;14
24;97;24
249;242;50
793;441;35
267;341;7
138;67;40
819;89;23
367;509;28
784;578;8
540;807;27
683;275;7
250;942;7
400;170;31
594;868;50
542;900;46
965;526;37
704;687;19
526;950;15
697;260;28
700;709;2
135;731;48
778;304;13
286;255;47
275;968;50
22;480;23
415;341;18
862;212;46
524;717;22
18;213;14
423;988;3
106;256;7
817;573;48
444;441;37
844;393;3
658;645;40
43;553;11
399;535;42
251;376;26
383;877;1
502;693;48
992;566;37
945;437;50
540;525;43
642;410;24
692;386;24
688;654;39
231;184;27
176;878;17
347;443;14
454;25;46
574;818;23
182;247;17
898;64;36
331;690;42
446;892;8
96;477;16
174;297;38
525;203;29
837;579;14
364;646;45
380;711;4
689;304;50
488;120;12
657;612;17
316;642;19
144;666;5
759;564;30
364;73;22
109;262;4
908;553;8
517;522;1
376;139;4
219;890;35
774;839;22
388;89;5
97;331;49
798;406;7
885;878;25
773;845;9
980;911;45
68;407;48
389;667;21
582;360;34
757;273;37
750;377;16
370;876;42
477;354;36
541;655;13
855;680;4
415;972;3
18;906;46
768;785;50
576;532;44
480;615;14
689;616;42
952;890;39
41;832;28
568;720;20
645;769;48
952;935;14
569;95;49
688;991;28
504;95;32
920;363;43
94;195;49
789;649;5
632;178;48
65;643;1
928;802;35
301;727;8
844;55;18
741;902;16
464;702;18
494;848;41
69;163;29
61;733;36
797;849;40
426;754;32
552;868;20
623;913;23
230;586;10
211;563;13
400;13;2
892;354;2
931;63;46
279;717;13
472;715;35
114;684;40
958;360;18
121;840;36
215;945;19
363;109;9
687;909;4
564;33;33
285;693;25
259;194;36
693;501;45
924;431;18
647;111;1
679;635;33
539;518;25
728;154;23
536;46;5
282;46;38
333;20;45
77;639;39
266;288;13
501;268;38
168;873;23
522;685;34
402;639;4
159;451;29
756;692;10
547;879;13
595;933;41
146;821;47
443;687;49
275;701;12
676;213;42
8;303;35
381;588;40
601;664;35
841;255;10
731;413;16
507;273;23
968;441;12
76;826;10
411;44;19
566;549;3
793;446;43
287;883;24
272;677;7
619;798;29
668;882;17
464;299;6
254;722;40
454;395;10
660;759;13
872;973;48
736;207;18
640;829;25
121;427;19
49;133;29
53;87;3
718;66;35
271;845;33
355;293;19
111;129;38
784;241;48
836;91;45
50;433;13
34;639;30
890;585;6
976;633;15
486;771;34
329;346;16
370;107;37
957;320;46
679;9;5
100;756;28
671;160;28
302;776;8
221;835;29
717;610;20
187;516;37
685;587;24
697;138;40
114;501;27
525;361;43
733;560;48
739;370;35
692;661;10
198;737;29
103;353;35
288;520;4
197;882;50
141;251;29
392;10;7
422;327;45
560;88;37
1;486;34
864;79;4
630;709;36
105;645;23
451;859;39
286;873;23
270;611;42
661;148;40
200;660;45
545;587;33
125;209;1
3;962;5
871;280;18
653;930;1
964;88;7
693;540;44
159;402;48
240;917;20
471;628;1
830;251;50
821;998;23
927;617;45
460;371;18
205;369;38
249;924;10
107;235;16
370;144;26
437;730;14
939;900;49
818;559;19
255;484;50
403;3;39
147;527;37
350;412;38
617;604;10
492;766;18
377;867;36
133;52;23
772;324;10
352;95;13
940;779;1
206;874;7
274;902;6
663;184;30
239;929;7
571;182;30
503;155;28
918;17;40
654;986;35
464;266;10
164;468;42
798;779;20
862;828;6
944;935;12
923;660;29
497;611;12
955;638;28
551;602;49
601;468;40
531;123;21
595;437;28
793;456;11
906;588;34
121;483;35
569;118;12
982;586;8
301;570;50
825;486;43
741;997;8
279;634;46
552;809;14
358;609;37
759;272;36
80;284;42
534;369;5
93;919;28
746;1;45
475;161;44
716;246;39
297;255;22
670;613;13
346;143;32
1000;22;12
390;895;15
41;768;20
935;380;1
832;392;24
257;685;14
488;42;33
205;828;43
921;306;29
365;481;50
72;384;20
83;881;50
505;995;47
813;352;43
665;948;26
369;34;22
150;848;33
300;592;2
311;97;38
422;204;24
923;454;22
539;391;34
429;540;9
189;269;13
563;985;3
549;642;25
840;759;4
678;557;7
51;387;46
882;229;48
237;856;10
352;730;19
423;344;11
768;147;13
328;360;42
83;304;27
636;487;22
222;699;48
697;902;27
195;866;17
477;442;16
596;861;28
507;481;34
216;385;9
468;638;47
676;473;46
355;412;5
507;223;14
31;966;17
420;683;4
219;93;26
922;80;50
213;937;37
4;85;24
769;143;13
780;653;14
532;851;4
539;24;27
160;374;10
296;213;47
472;793;4
487;88;48
450;473;1
648;793;43
921;582;2
617;539;38
407;138;40
154;747;18
450;129;9
423;926;19
46;626;18
510;620;20
90;569;1
332;133;15
68;328;11
913;289;15
66;413;9
849;32;32
164;735;40
617;917;40
352;896;47
325;129;40
537;729;45
214;862;44
16;988;30
703;776;34
271;166;39
252;786;24
608;200;1
13;760;33
672;873;49
251;588;28
41;532;16
616;467;11
318;120;11
986;754;47
132;244;18
411;235;18
194;754;30
77;613;24
296;713;41
932;658;2
139;148;3
484;330;24
97;77;42
717;145;34
754;529;34
858;439;10
443;137;40
910;628;46
242;900;41
351;226;5
669;404;2
18;162;4
653;636;19
555;242;15
785;802;23
755;499;27
841;469;44
495;64;6
672;838;30
293;74;21
321;254;22
377;128;44
811;942;25
211;587;11
831;803;49
292;569;37
997;282;6
801;871;33
142;568;40
258;244;48
694;923;4
6;943;23
223;561;36
527;976;22
204;583;35
600;952;11
348;421;26
339;647;16
438;826;11
721;844;49
965;975;29
614;546;30
742;660;15
603;956;37
815;817;13
852;729;50
138;52;3
127;244;29
457;355;23
632;478;42
642;288;28
550;143;43
70;266;49
563;768;7
448;908;35
790;630;45
628;696;49
600;456;4
91;354;1
938;793;16
573;629;45
513;104;26
576;280;49
986;785;28
56;954;5
435;635;4
343;303;42
177;674;3
499;318;21
925;693;7
686;40;49
788;273;2
407;553;36
791;271;44
245;202;23
32;494;6
159;574;8
981;359;5
759;535;50
548;136;7
607;805;33
499;611;12
49;86;37
13;920;12
525;102;19
915;448;11
794;386;8
864;540;49
127;105;22
378;67;17
222;519;30
282;362;5
345;666;46
298;91;2
735;77;41
451;782;38
49;697;23
312;769;41
433;382;38
129;906;17
946;375;37
774;430;24
218;665;10
808;496;11
161;613;21
940;959;13
259;778;6
46;205;48
927;190;49
280;551;31
111;89;42
325;861;16
243;716;49
109;578;30
710;191;45
633;278;9
755;895;2
944;49;30
157;497;3
809;139;34
104;962;35
462;927;37
798;380;37
730;839;50
651;687;15
242;151;26
846;974;43
942;674;1
880;435;13
619;247;6
288;365;3
235;140;13
622;684;32
538;894;19
212;754;32
488;693;33
151;605;41
641;878;14
788;446;23
346;198;7
26;172;25
312;766;20
565;229;4
285;599;31
651;267;26
947;286;36
341;361;43
470;980;17
348;474;12
70;71;26
262;829;20
260;525;43
739;581;22
624;503;2
446;747;32
390;66;26
511;329;44
118;663;45
578;696;8
311;393;46
800;778;11
566;593;36
110;763;19
261;701;11
874;664;14
837;673;21
866;853;6
297;948;48
686;887;29
291;207;7
308;51;24
433;628;14
989;53;46
659;46;22
733;552;38
657;969;37
890;717;19
255;804;19
58;918;48
272;751;37
803;338;15
664;223;12
152;947;12
917;112;18
252;696;26
5;368;5
980;769;5
954;969;10
832;116;41
217;751;21
86;518;19
49;999;48
517;675;36
631;395;4
680;642;31
282;768;46
139;695;27
234;740;22
432;896;47
966;593;28
281;861;38
173;750;25
799;5;7
901;75;50
588;804;32
707;557;23
588;612;28
300;529;8
844;72;17
263;72;9
465;67;11
650;330;27
549;188;46
116;867;38
888;446;34
17;702;30
143;493;28
543;662;4
971;369;21
922;640;18
361;939;2
950;500;15
736;631;13
939;330;32
801;328;31
779;504;39
966;402;46
325;966;40
478;593;41
705;87;31
244;15;30
227;229;10
452;161;16
224;175;3
4;464;46
354;654;46
596;549;39
645;119;34
739;610;40
373;215;38
807;133;12
606;819;39
482;305;29
590;867;27
908;577;34
553;507;39
916;148;3
169;738;37
604;28;37
846;265;18
922;522;14
940;122;28
864;143;50
615;471;44
673;727;5
998;35;7
185;85;35
617;263;31
925;94;32
619;529;47
421;286;9
321;428;13
903;612;26
98;865;22
259;962;31
197;383;6
57;238;18
364;254;36
988;812;3
725;597;32
465;863;29
482;509;9
137;249;33
364;516;6
819;633;26
665;604;26
397;468;12
512;820;48
537;678;7
268;945;46
136;919;17
443;643;8
926;291;20
742;438;31
163;896;20
28;218;44
576;601;47
283;90;42
370;509;39
455;803;3
907;321;45
955;387;20
91;390;46
813;69;19
474;74;37
234;383;3
238;678;18
144;55;22
759;545;50
278;121;4
741;85;27
903;416;4
747;669;32
773;872;33
355;709;19
249;424;12
249;117;25
211;554;5
362;103;4
552;367;1
173;448;25
102;528;1
485;738;41
556;884;41
690;480;5
198;819;9
286;904;30
194;953;46
216;651;31
637;156;37
904;45;49
577;346;46
172;622;15
950;328;1
316;437;1
400;933;38
889;767;33
813;450;28
353;760;10
494;604;20
12;494;47
291;370;46
717;492;28
391;302;30
765;137;6
740;195;21
673;296;13
807;596;12
248;578;23
776;642;10
905;793;29
237;216;50
91;118;31
722;178;33
345;338;42
246;480;17
666;148;3
952;796;24
924;69;33
292;57;19
70;511;17
495;875;35
47;337;39
859;678;22
116;385;37
51;381;22
91;839;7
599;465;17
425;325;20
672;549;50
744;565;29
644;737;6
50;136;44
936;614;20
781;926;3
538;498;22
546;261;3
818;114;4
429;492;34
723;731;7
92;387;16
883;464;50
116;491;3
20;929;32
904;892;20
260;90;44
112;299;31
198;698;17
378;595;7
719;510;14
226;146;42
751;148;14
965;706;28
207;340;40
956;252;18
289;852;43
263;287;25
196;886;8
445;984;48
933;603;1
622;458;41
112;446;38
848;649;32
716;308;38
967;340;33
609;729;32
348;221;18
11;112;6
934;438;1
443;73;38
277;525;34
770;651;31
297;284;20
297;375;27
392;42;6
616;240;32
447;454;43
640;726;26
668;41;40
590;799;10
158;770;24
264;36;22
612;795;45
718;960;28
682;384;17
256;828;1
178;299;46
374;448;2
857;771;30
149;78;1
398;389;14
446;337;7
619;320;32
816;440;8
268;295;7
459;503;17
254;93;2
833;502;45
61;527;25
439;717;20
598;840;2
819;859;16
132;929;6
566;254;29
787;970;42
549;107;45
929;211;40
862;32;9
661;735;5
474;409;29
123;295;28
507;940;10
219;68;38
311;539;16
182;276;28
317;609;49
792;189;24
231;613;39
653;706;23
320;766;37
230;905;28
844;234;27
770;984;36
799;670;15
820;572;14
340;791;23
505;252;25
397;999;31
491;288;43
957;969;13
659;94;8
417;532;30
478;975;1
39;958;13
518;626;44
196;849;22
887;976;17
165;105;20
395;48;30
577;590;44
629;861;19
223;239;41
192;594;11
969;682;43
915;590;47
751;102;42
36;305;33
49;129;16
28;93;21
118;877;4
433;412;12
217;953;28
770;38;22
731;733;18
492;335;35
515;983;37
974;290;18
768;655;10
841;36;45
6;680;10
593;640;48
233;335;36
403;96;27
973;625;17
273;167;35
449;189;40
512;77;35
448;728;39
815;795;40
570;333;24
953;223;28
573;804;25
436;754;16
834;532;45
15;821;48
907;904;7
755;675;40
957;106;14
185;135;40
877;470;35
426;252;29
571;222;17
963;726;46
823;231;6
257;646;25
319;36;42
10;749;1
575;399;40
469;446;34
8;411;30
738;162;16
441;261;36
206;681;7
88;524;40
673;753;36
864;361;13
724;444;34
543;772;16
189;117;10
502;943;26
696;974;17
99;786;33
56;35;20
79;296;6
14;36;9
406;107;27
733;725;39
543;193;12
952;896;28
277;914;38
435;33;11
685;283;31
885;710;34
88;398;35
22;668;12
404;866;29
856;939;49
251;875;40
422;742;9
398;786;17
452;667;30
480;505;36
680;355;39
164;20;30
469;352;25
911;907;29
608;59;3
45;959;20
874;9;23
444;607;18
673;391;30
777;441;39
198;430;6
98;140;2
532;57;46
826;957;24
622;173;33
225;882;50
141;310;49
520;992;37
660;384;17
42;235;22
444;579;20
126;989;25
321;590;29
707;871;7
583;201;37
597;911;23
769;116;19
868;356;4
941;270;30
580;340;5
392;607;20
333;860;44
173;331;19
538;591;12
170;904;47
545;128;6
558;955;42
313;375;27
720;236;16
280;183;21
455;699;34
925;245;40
428;568;39
145;795;22
275;888;12
504;458;5
631;348;45
995;780;32
905;354;45
116;559;6
409;496;22
872;177;1
372;414;43
235;546;47
831;903;6
328;98;28
609;378;11
70;286;26
34;794;10
558;578;37
604;477;35
106;568;3
375;317;25
734;171;24
865;757;1
299;49;23
693;558;15
247;885;13
769;407;13
851;993;21
967;488;16
395;713;34
74;802;22
588;42;22
802;222;11
317;164;43
641;279;34
738;429;14
563;194;33
320;379;44
461;954;40
301;358;19
245;327;24
609;284;37
463;820;22
105;48;7
679;875;24
659;485;19
668;11;47
252;987;38
955;980;42
487;319;7
725;616;44
275;209;4
697;94;10
133;83;17
846;668;47
497;431;6
138;423;30
971;326;40
762;168;39
5;905;13
225;543;18
616;895;35
911;110;14
712;453;3
941;327;1
172;461;14
269;880;18
223;281;48
474;605;40
743;150;14
513;676;19
3;369;41
653;649;34
852;875;15
400;385;34
371;528;24
647;343;2
296;40;11
663;691;16
11;623;16
50;130;30
756;727;22
926;622;43
132;35;12
687;657;11
44;989;13
613;849;39
415;808;35
617;281;13
682;701;37
302;369;22
374;524;44
987;296;32
699;105;7
521;55;44
1;870;4
500;825;49
357;935;43
439;529;37
83;172;47
915;176;31
830;674;5
335;924;12
830;187;24
190;701;5
354;934;47
547;489;50
733;899;5
777;652;35
84;972;17
399;631;21
124;239;3
840;751;5
372;873;20
657;730;28
302;332;30
789;35;34
658;751;11
888;272;22
261;346;39
287;558;23
466;919;45
171;575;20
103;462;27
633;866;15
5;377;11
686;904;16
723;136;12
435;775;25
275;822;24
161;362;27
850;592;36
488;974;5
62;935;25
293;611;29
297;58;38
141;248;44
370;405;24
355;193;17
299;947;3
914;37;2
505;837;15
355;223;27
636;783;19
311;913;36
938;326;6
966;442;16
505;521;36
117;834;41
457;802;7
529;427;47
996;550;10
55;845;15
505;254;16
631;558;44
819;46;6
580;311;49
197;207;6
545;440;19
904;856;2
603;360;13
583;42;47
469;543;17
844;673;23
290;394;14
191;543;24
568;155;6
61;25;15
717;967;1
348;259;29
793;627;45
455;706;35
271;89;46
952;703;16
212;706;8
528;86;1
134;99;44
245;577;3
272;151;19
204;132;43
272;918;10
438;750;46
797;523;13
728;703;25
429;719;46
232;642;47
582;189;11
946;91;7
505;436;17
479;517;15
231;81;9
653;101;16
168;742;19
668;883;6
163;447;26
476;926;42
637;800;7
691;23;26
885;616;7
317;772;9
8;670;13
707;524;16
48;915;24
245;101;49
947;738;33
294;152;20
333;652;28
194;336;31
112;745;6
825;374;25
841;141;41
756;642;30
626;650;5
901;664;27
273;391;40
6;667;24
262;887;42
611;647;29
76;385;2
329;251;18
308;605;50
637;304;25
699;648;16
416;924;21
583;269;22
224;475;3
551;15;42
478;436;6
405;806;43
832;778;45
47;669;6
532;455;27
372;138;22
164;628;41
92;524;15
511;440;50
372;229;50
584;764;27
164;755;35
311;146;25
218;77;24
545;881;47
231;513;12
563;663;9
87;748;29
450;300;10
65;489;14
593;532;24
100;257;19
269;57;15
133;284;10
826;712;19
817;829;22
525;627;29
730;929;2
211;839;29
538;346;45
367;64;21
277;857;8
70;911;36
94;222;8
776;877;30
379;735;5
423;542;39
13;526;5
698;854;38
657;844;7
259;62;6
628;142;39
56;718;27
243;824;7
107;983;3
239;61;3
521;782;4
925;557;22
303;319;49
122;550;46
505;957;13
137;589;23
271;424;37
302;66;42
458;859;25
29;579;38
531;518;26
996;609;19
121;611;41
672;367;14
914;76;44
728;744;12
28;340;13
130;970;49
817;306;19
764;149;16
929;227;30
173;113;4
650;46;18
462;286;27
338;272;31
252;854;27
500;244;16
144;457;10
260;810;2
278;73;18
778;498;9
196;276;42
878;913;34
895;358;43
484;13;12
745;829;12
662;55;9
884;568;9
626;482;41
790;13;8
399;811;23
401;307;9
392;898;38
65;829;40
279;131;17
808;878;26
67;806;2
442;68;10
916;604;25
617;54;40
554;986;22
554;279;43
862;560;46
953;856;43
536;281;48
220;239;23
727;172;33
264;406;12
135;717;29
324;665;22
319;228;45
410;538;21
55;265;11
964;319;47
292;974;43
753;480;8
924;118;15
463;309;41
149;422;45
335;133;37
591;926;8
400;286;32
128;980;30
892;926;49
291;760;26
19;453;41
97;759;38
416;491;12
976;353;23
247;752;8
66;52;20
925;898;38
197;723;40
134;519;36
595;289;44
26;775;47
623;725;13
214;520;42
328;656;41
318;278;32
372;403;31
788;801;8
491;246;36
863;520;5
299;489;5
14;696;6
344;952;37
741;941;24
711;57;14
355;727;22
541;889;5
322;320;42
816;777;49
560;529;30
265;641;43
666;828;3
120;573;8
53;212;43
977;114;24
646;481;11
896;162;30
723;424;24
948;184;42
159;232;42
970;187;41
811;633;6
388;171;30
57;805;41
412;497;43
370;894;42
266;456;3
679;531;36
468;3;19
185;893;2
541;418;39
886;553;41
438;478;49
640;813;27
166;504;21
434;319;20
326;422;25
802;270;36
243;336;7
6;437;49
739;595;49
467;311;30
878;657;2
984;369;17
242;424;21
574;293;12
498;830;2
1;786;18
627;293;49
163;188;21
98;381;50
290;366;44
643;981;50
724;213;50
269;231;16
483;269;10
6;194;35
32;756;27
281;546;14
558;72;14
952;861;13
569;531;36
107;705;3
816;521;35
616;866;29
176;111;11
537;405;43
128;192;46
961;488;2
511;846;31
485;93;29
536;488;29
700;119;49
375;459;22
447;248;11
817;732;7
678;475;5
423;46;30
85;211;35
821;57;1
579;966;24
973;844;4
17;334;45
84;617;25
574;882;32
521;968;14
431;40;17
753;953;20
869;516;44
532;428;14
434;2;45
389;288;24
580;556;41
95;535;50
802;872;8
161;957;9
813;858;6
951;11;28
804;844;27
786;804;35
650;835;14
742;765;17
293;916;26
760;705;2
309;135;22
118;492;41
18;712;39
265;354;20
718;348;22
646;678;2
549;721;49
165;47;19
261;596;46
550;765;24
457;444;43
733;550;31
518;190;42
599;425;13
670;181;7
893;162;20
929;643;44
79;892;41
634;768;10
12;662;3
921;358;4
389;627;26
844;472;44
898;472;27
323;638;28
259;663;48
652;774;44
398;763;33
252;666;8
651;787;22
494;487;42
794;470;12
531;992;37
64;271;22
838;26;6
197;201;30
102;59;32
195;763;15
646;629;2
348;462;43
40;496;19
958;895;16
844;860;27
701;572;15
487;180;21
808;63;15
207;102;11
577;384;41
659;565;13
582;428;23
328;211;26
259;949;40
74;203;41
698;261;41
198;686;6
570;443;10
40;634;23
386;187;35
130;611;48
433;171;38
811;166;49
416;747;2
666;284;7
719;889;16
709;26;39
266;999;7
561;430;50
583;395;22
370;374;22
94;69;49
52;43;27
221;399;47
354;771;5
980;673;36
656;189;11
18;218;40
800;773;3
231;309;5
752;654;30
805;450;40
255;614;36
881;494;24
883;359;14
423;470;38
30;394;4
194;722;3
267;403;30
354;452;2
570;140;17
454;509;41
593;38;28
831;496;1
993;811;29
296;859;17
714;70;25
830;433;31
703;798;37
376;184;2
979;765;46
792;625;11
563;545;7
827;415;6
659;244;41
230;867;1
444;949;34
980;322;8
400;570;9
637;30;1
56;640;27
533;643;48
709;669;2
113;66;7
446;446;48
920;477;45
386;92;1
16;856;7
628;679;42
687;139;44
109;25;16
563;32;27
625;455;37
923;60;4
996;526;42
824;678;11
480;140;33
287;597;34
511;433;1
451;736;22
963;218;27
646;459;2
957;523;4
875;632;46
296;986;49
623;387;18
458;963;30
968;258;5
538;849;23
513;616;33
362;168;33
66;554;10
62;284;47
130;624;28
686;276;47
108;268;16
24;696;26
642;996;8
394;725;8
798;177;29
682;720;46
637;10;19
928;221;36
282;25;28
233;727;44
935;545;47
971;289;35
870;954;40
444;757;8
760;328;22
499;527;10
440;101;24
738;646;40
295;92;26
121;33;21
183;856;39
991;373;30
443;580;43
255;311;23
69;389;3
570;503;1
53;634;45
430;850;21
483;974;8
550;756;3
642;841;34
668;67;34
556;522;46
187;792;37
301;214;26
345;827;25
411;503;15
289;600;18
666;325;33
438;980;33
393;877;33
569;64;23
574;488;3
554;989;6
189;732;2
751;415;39
899;838;42
297;899;37
55;803;27
144;549;50
423;446;39
338;251;7
8;453;13
452;325;7
236;775;50
573;85;37
273;144;48
577;501;8
515;606;49
326;979;47
332;997;21
444;421;50
522;203;29
602;303;44
710;631;6
916;243;32
982;104;49
916;315;24
915;432;27
476;163;20
474;238;20
379;107;18
732;615;36
261;877;8
6;614;5
235;829;34
611;927;28
710;273;1
35;378;16
278;345;22
767;517;41
578;237;10
739;102;32
830;940;50
34;482;48
916;391;24
774;527;1
712;615;8
519;568;7
881;294;34
719;62;24
992;526;44
777;387;24
971;418;30
134;432;45
556;595;44
150;62;34
381;59;14
48;541;38
47;753;35
802;896;22
704;830;42
905;243;4
404;124;12
200;514;12
505;212;4
130;135;17
4;902;17
450;688;9
101;253;28
806;104;15
965;862;5
810;489;17
154;385;7
982;656;48
471;489;1
393;555;36
403;46;45
717;944;10
413;539;19
740;583;42
320;613;41
198;726;45
118;248;35
654;349;10
112;23;25
258;318;17
311;827;17
935;484;8
660;749;27
911;218;35
718;696;13
828;114;32
497;181;38
803;647;26
332;310;20
320;532;7
769;983;18
326;958;32
215;484;26
136;633;29
759;55;6
814;676;22
490;901;38
484;385;28
518;621;16
404;807;16
251;518;36
641;100;3
653;751;21
204;838;13
304;221;33
91;369;31
785;608;50
299;419;45
846;116;40
783;998;43
215;617;13
394;543;13
166;764;41
62;206;21
460;213;6
295;43;5
925;510;44
333;10;47
451;35;24
59;423;39
856;538;10
361;871;43
130;28;7
934;56;26
25;803;1
504;769;13
657;452;7
336;627;29
522;994;3
898;866;42
993;989;40
889;208;24
644;551;25
325;902;5
97;333;22
531;799;38
369;868;23
192;874;49
410;137;11
698;384;25
800;242;24
787;676;32
529;209;8
533;168;23
454;398;13
369;496;24
581;571;18
648;741;10
449;397;27
353;757;11
62;285;49
827;774;32
695;784;21
414;190;14
367;169;14
302;638;40
13;337;25
359;511;16
127;815;27
136;201;25
632;600;35
807;524;11
834;727;34
847;592;14
452;241;32
304;782;7
982;201;5
421;431;43
937;51;8
937;966;44
384;92;28
327;606;9
461;230;42
865;835;5
652;287;11
745;837;23
484;873;4
767;496;12
292;279;13
482;322;42
92;214;14
623;462;11
632;70;44
345;77;17
811;921;17
196;188;4
690;266;30
213;112;49
972;701;7
49;542;25
681;223;4
665;47;17
900;600;22
778;751;5
465;540;18
895;140;14
394;115;42
479;415;16
127;320;43
880;730;36
312;402;7
191;407;5
369;707;25
947;429;43
684;683;36
263;6;44
646;679;4
267;531;49
610;75;17
72;403;1
449;624;28
194;890;44
699;915;30
525;767;33
895;323;14
911;277;6
580;568;17
986;766;49
393;587;31
771;47;13
717;90;25
256;450;9
824;335;8
169;115;39
620;436;6
574;446;42
812;680;24
299;791;25
174;786;16
130;370;19
207;478;34
737;668;26
2;601;41
61;591;44
292;891;4
564;812;35
42;47;49
558;744;9
158;1000;9
728;472;47
230;875;36
45;82;27
168;101;24
719;108;42
719;695;32
848;899;45
816;724;24
371;864;49
932;843;18
687;21;33
235;596;35
102;961;14
209;33;37
537;45;40
566;624;12
428;28;12
64;637;14
733;656;5
388;31;21
361;639;4
465;566;32
777;982;39
817;935;21
946;503;14
102;423;44
707;58;27
877;374;5
125;588;50
92;986;8
176;662;6
607;187;16
304;597;39
664;73;8
914;907;15
160;400;17
639;983;43
327;678;20
937;653;18
618;584;40
354;951;28
709;566;46
280;516;30
936;922;35
250;174;28
600;799;19
433;53;13
793;10;8
710;244;31
174;179;45
919;815;5
951;231;41
566;37;28
202;15;17
511;715;5
612;261;27
395;128;49
924;396;1
436;251;27
346;352;24
49;181;39
470;81;27
773;324;36
419;194;8
891;470;23
348;652;9
44;631;11
335;35;5
593;502;16
196;44;28
429;393;34
186;179;9
432;302;35
892;484;2
808;563;21
752;478;2
950;759;12
337;166;33
515;508;41
144;188;14
552;744;6
115;714;16
448;635;27
582;243;11
451;192;11
247;569;23
256;793;28
212;699;42
227;975;33
517;386;40
922;724;11
800;941;10
35;143;2
160;280;38
563;207;8
176;856;9
587;632;41
853;902;31
890;949;12
449;432;46
79;137;3
116;177;49
528;589;18
743;180;11
953;914;30
586;905;5
178;919;2
174;539;25
853;429;17
743;731;31
748;749;49
71;236;50
205;196;42
284;142;3
115;974;38
54;184;18
201;861;32
308;512;44
693;181;29
944;61;27
982;498;35
4;877;43
344;31;11
841;657;38
343;710;32
502;715;27
501;57;37
299;760;28
748;777;22
600;324;17
137;736;5
322;987;13
110;3;20
418;657;28
831;635;17
724;191;8
883;727;42
981;752;36
348;444;23
126;990;46
581;398;13
743;315;21
983;701;44
681;596;46
217;892;13
628;325;27
803;117;22
499;489;17
295;920;37
911;17;19
628;506;1
106;527;34
382;284;44
950;656;9
660;281;31
371;625;5
33;597;1
916;414;9
240;576;17
528;824;20
234;180;19
448;754;8
259;702;32
767;665;29
889;193;27
852;929;35
509;417;29
206;31;40
225;81;12
296;478;6
704;294;7
92;826;9
143;166;5
37;617;4
648;806;45
139;922;7
969;252;8
831;889;18
838;420;23
922;883;20
359;236;50
234;270;2
105;732;35
710;389;40
584;89;9
253;823;14
816;581;44
280;544;39
4;280;41
229;549;39
103;288;3
306;298;31
113;212;44
9;787;3
741;585;27
82;942;39
925;919;12
532;820;19
47;970;28
632;441;18
607;764;41
879;823;28
804;851;44
274;136;49
261;824;17
316;206;2
233;848;43
919;913;32
433;278;7
14;910;20
933;897;13
710;86;28
250;581;16
359;255;5
498;795;7
681;749;8
407;512;46
545;936;10
446;363;10
989;540;46
334;429;33
567;627;34
533;451;46
702;727;24
408;52;41
762;414;34
216;981;3
437;88;16
279;478;40
728;507;44
79;2;12
953;636;44
583;38;40
818;143;40
666;150;31
904;625;50
546;366;50
807;864;40
253;883;19
41;925;33
822;497;1
785;201;38
57;192;17
63;273;16
867;689;35
314;264;48
183;741;9
156;588;16
768;85;38
91;175;34
7;37;47
583;133;20
19;369;20
459;887;30
606;615;5
987;272;50
647;969;26
72;792;4
230;50;17
663;688;33
456;843;5
628;479;44
319;852;33
564;301;5
467;144;27
119;63;12
906;342;22
718;804;36
362;559;18
339;473;16
398;343;45
833;21;2
699;966;45
897;591;50
371;315;13
919;906;14
297;294;8
279;946;21
691;359;23
133;595;48
594;827;44
458;548;36
817;586;43
343;726;50
944;956;11
679;263;10
529;258;18
22;754;9
412;485;19
106;837;43
774;521;46
285;380;41
309;999;42
600;410;13
123;332;36
834;99;25
487;465;39
679;196;18
464;24;24
799;758;46
159;861;30
110;532;48
14;400;49
469;509;32
819;793;40
411;429;7
949;838;7
994;876;35
319;312;36
465;777;48
674;860;24
928;204;4
923;925;48
58;659;38
78;943;24
401;259;24
216;548;10
400;704;11
497;200;4
178;899;38
659;245;34
163;495;27
582;631;13
467;304;6
392;6;21
127;952;10
479;422;16
721;866;31
568;732;33
774;322;24
200;935;45
297;810;49
246;734;50
972;685;37
945;178;16
520;361;10
507;621;11
411;830;20
653;766;34
44;180;40
362;996;7
708;9;44
607;666;16
561;500;41
390;296;7
247;898;31
492;911;7
905;681;28
577;156;10
601;380;43
371;21;21
371;726;18
286;549;46
369;163;37
968;784;44
775;911;34
558;613;12
622;822;49
176;158;50
196;70;36
600;934;37
415;476;43
190;719;10
997;685;31
2;228;39
536;584;34
92;257;19
815;46;19
854;655;1
573;248;14
125;22;25
608;350;41
886;316;47
85;127;32
471;595;19
940;23;41
240;240;46
597;307;25
181;935;17
570;588;32
237;921;17
455;793;13
506;317;20
910;415;47
955;392;1
446;685;21
586;303;34
818;958;17
275;798;39
960;959;47
409;88;15
167;827;33
718;322;34
880;919;19
454;301;18
698;699;4
249;293;25
30;713;1
347;929;46
172;958;8
280;499;33
469;637;31
779;154;24
442;189;13
287;678;2
655;318;36
117;540;12
174;585;14
283;696;35
536;75;30
15;610;48
577;407;2
864;621;39
325;906;4
643;91;7
845;305;6
981;187;38
575;57;41
414;560;23
371;240;49
611;551;22
218;807;1
111;464;37
262;126;14
475;813;50
452;751;16
197;556;1
58;655;47
85;628;28
987;797;47
577;101;15
621;78;2
429;412;2
798;586;5
233;527;23
816;693;24
48;133;48
751;802;7
814;202;15
370;102;47
45;685;8
19;942;20
877;188;22
57;375;20
280;718;2
447;268;42
225;885;8
118;410;30
193;969;23
9;50;20
370;848;19
444;234;43
145;67;17
351;522;27
654;9;4
781;97;26
972;899;33
526;944;33
53;713;46
730;973;6
347;677;50
162;112;15
986;475;49
252;43;45
833;607;21
6;43;47
149;785;45
844;851;47
711;629;41
872;176;40
829;415;7
227;139;19
970;291;12
148;631;21
162;882;14
631;815;7
407;838;46
690;458;20
945;206;42
740;821;49
529;344;32
878;357;44
376;498;40
666;15;39
138;942;46
315;117;20
105;889;26
344;681;29
54;656;38
452;782;22
795;231;26
381;674;27
127;524;21
455;972;11
283;901;46
39;383;6
209;735;5
514;338;27
987;219;9
198;818;33
238;315;21
191;672;44
639;706;42
996;773;15
181;908;36
340;751;1
591;156;17
363;203;27
825;168;35
182;49;21
939;449;46
707;486;13
702;762;38
313;508;27
258;437;15
539;307;49
85;898;11
228;451;5
797;967;17
856;308;7
523;522;5
400;722;10
796;854;11
767;591;20
464;904;39
809;888;16
928;178;10
911;280;28
83;184;31
104;208;43
498;785;28
414;351;1
487;697;10
898;72;2
905;448;29
964;895;50
86;800;37
76;545;26
614;920;25
641;610;19
333;795;36
911;825;1
202;131;8
60;993;26
535;573;31
596;292;28
173;266;34
426;56;8
413;746;29
876;121;24
611;973;6
527;887;24
242;687;47
623;56;31
784;534;2
982;348;1
70;16;2
899;41;9
272;860;30
350;687;36
96;430;13
518;92;14
660;96;21
546;566;12
222;402;13
380;120;41
451;781;7
724;656;12
603;19;3
684;793;28
381;725;15
258;528;26
972;50;6
643;720;31
300;762;45
510;950;3
184;388;20
335;987;21
380;529;46
894;371;38
212;816;8
806;605;16
965;123;25
810;497;35
965;968;42
461;375;16
54;839;45
628;162;5
347;253;21
548;515;18
624;236;25
238;562;1
511;290;10
480;697;26
226;539;3
44;474;12
232;122;50
545;336;25
999;138;35
890;755;21
584;45;19
523;539;42
689;84;26
616;508;23
230;565;18
289;317;20
489;212;28
257;178;34
216;135;18
811;850;1
990;681;12
467;298;9
832;485;34
593;700;26
302;779;18
967;352;47
304;167;13
581;989;2
315;816;17
770;753;31
809;322;16
297;803;18
622;549;38
200;168;6
538;587;35
679;955;32
104;459;7
517;589;22
165;661;48
644;457;30
372;406;19
199;84;34
949;920;27
458;115;47
971;419;7
306;902;30
104;797;50
38;612;40
131;148;38
257;402;19
958;141;46
491;612;34
681;267;12
884;362;10
72;622;28
190;581;41
793;70;36
833;881;37
516;585;45
599;824;5
110;127;14
313;338;25
686;531;11
832;807;40
412;749;25
72;779;19
705;822;29
636;924;25
826;651;46
904;832;39
963;11;2
142;120;44
598;172;47
499;340;33
583;534;5
179;78;10
24;993;14
363;369;38
76;262;46
798;318;23
248;713;20
447;649;38
660;503;11
40;262;1
179;10;47
236;125;37
792;742;20
297;195;47
543;897;21
606;185;16
575;322;16
439;135;47
576;939;29
259;18;24
101;129;2
201;650;18
379;53;49
115;256;25
185;414;47
879;611;26
399;304;31
237;477;5
15;245;5
817;337;30
763;970;35
680;544;24
557;568;38
793;546;20
723;370;3
44;714;12
674;153;36
263;821;25
891;795;12
14;615;10
185;229;16
320;516;38
622;715;29
277;608;22
747;969;15
531;802;27
32;440;32
676;892;34
123;92;20
57;435;22
422;847;1
387;519;7
924;881;36
656;937;45
679;482;29
940;810;44
61;607;37
947;115;42
787;236;24
928;282;8
910;936;42
760;192;38
905;539;31
532;100;3
299;970;26
39;42;26
447;410;43
507;758;42
157;877;40
11;671;11
402;441;23
25;160;27
368;297;2
608;889;28
509;706;34
761;457;50
16;75;21
520;254;50
382;490;12
356;69;4
253;28;18
658;410;25
883;145;32
808;852;49
694;7;6
320;48;34
476;263;11
416;822;27
459;886;39
509;624;12
873;405;31
701;970;5
923;503;9
729;291;30
555;740;2
641;669;29
692;16;2
250;483;36
720;797;44
540;223;45
961;492;43
935;142;31
128;932;48
629;729;11
118;785;3
411;737;30
141;35;38
238;42;49
248;184;8
467;650;45
759;408;39
973;433;35
489;911;40
309;311;45
76;332;14
203;364;38
511;327;9
167;331;14
718;168;26
227;399;40
645;253;2
576;638;7
550;597;35
185;488;25
962;600;34
559;148;29
918;943;11
243;943;42
773;566;14
517;535;5
460;926;10
241;186;4
235;443;6
47;951;47
169;75;11
125;374;3
895;559;44
973;401;44
241;234;15
759;201;16
729;3;9
618;676;31
37;632;28
905;300;45
690;176;49
335;294;28
860;923;27
377;605;1
220;172;26
568;589;39
609;354;36
296;178;27
368;610;42
729;698;13
133;545;9
454;874;42
343;676;32
517;673;39
292;995;22
720;677;21
98;201;13
132;316;6
876;291;50
215;259;49
445;13;38
600;606;39
761;895;18
342;346;42
751;345;42
411;700;18
688;408;27
238;272;22
95;294;19
446;710;14
540;472;33
422;651;9
107;659;3
560;12;14
511;898;7
528;283;24
694;427;21
473;696;49
604;74;24
263;680;44
411;239;44
723;221;45
426;418;42
463;802;22
472;908;29
482;225;29
378;803;19
295;691;47
404;61;21
86;54;44
139;743;18
902;687;37
379;742;32
636;46;34
436;489;19
514;538;33
600;646;17
840;745;8
982;13;14
307;845;12
352;204;38
533;117;35
139;4;45
183;844;17
373;915;33
12;937;28
768;847;35
759;415;32
847;593;25
482;279;39
626;204;11
424;627;44
10;489;6
75;493;35
440;966;30
709;12;8
620;800;6
757;911;41
935;930;39
448;247;19
670;716;12
952;680;30
767;13;22
135;917;2
726;739;26
50;425;6
363;630;19
401;523;10
546;177;45
675;499;41
749;332;27
935;900;21
973;209;37
898;890;39
570;240;3
522;857;6
467;7;49
967;495;20
966;469;25
869;587;2
960;378;14
296;476;9
925;759;50
67;253;28
882;909;29
916;457;30
381;503;14
478;358;3
398;985;39
999;282;12
296;209;17
4;164;43
119;377;17
146;715;31
622;834;48
7;565;5
11;915;22
197;363;22
311;978;28
41;408;32
232;647;16
85;733;19
38;609;12
273;1;18
540;359;39
389;158;48
427;385;20
85;882;33
713;978;11
90;768;14
728;849;42
197;748;18
719;414;10
48;461;10
403;737;12
321;734;28
211;656;14
330;430;11
387;359;3
464;669;25
532;882;30
433;883;50
788;476;9
397;650;11
814;681;48
901;261;31
405;267;46
607;883;24
375;761;43
793;421;21
778;696;38
780;704;31
263;767;27
863;561;44
45;906;7
778;78;21
429;114;46
383;429;40
93;637;31
179;848;7
755;822;34
829;565;6
425;174;22
51;186;14
99;229;15
94;107;18
166;459;20
537;136;20
3;948;41
910;947;14
244;583;45
479;939;37
226;374;20
58;435;24
816;591;9
478;85;42
183;360;37
261;56;50
739;804;46
290;522;7
590;114;8
618;211;15
312;790;25
271;543;44
899;709;23
285;658;48
667;209;19
966;1000;7
635;599;2
517;515;22
941;990;12
591;713;36
469;127;31
690;26;31
29;393;6
499;15;9
504;694;17
263;99;47
722;515;28
110;879;1
21;763;40
877;931;5
667;500;46
367;164;18
165;354;6
356;633;50
231;558;18
52;79;17
404;218;16
103;449;31
849;161;14
782;392;6
789;393;47
283;632;26
404;54;21
421;298;10
767;973;36
763;620;8
398;722;41
729;987;4
988;344;36
931;195;1
191;626;17
637;808;33
354;673;41
263;675;40
777;134;3
313;88;28
698;386;14
287;577;1
770;900;7
508;960;23
270;483;25
178;890;35
60;865;13
996;772;7
375;169;3
764;182;6
935;54;17
930;382;9
340;251;44
197;181;44
525;437;1
45;31;10
118;882;46
272;649;4
860;214;9
603;915;33
592;75;36
925;259;39
865;67;10
255;666;19
691;900;23
692;737;34
647;597;46
834;146;27
79;232;32
790;564;32
119;48;3
625;144;33
373;847;9
194;96;16
907;706;39
848;446;50
457;934;39
176;636;13
892;107;6
305;822;14
397;176;17
654;241;8
834;170;42
837;341;4
945;671;48
365;494;20
858;540;20
157;612;43
942;602;44
47;450;46
906;650;46
436;481;28
169;387;24
639;3;1
227;658;40
356;925;15
365;242;36
785;113;39
281;834;34
247;711;15
277;353;18
686;620;23
631;453;24
757;969;26
499;60;11
921;673;19
893;413;36
35;217;3
597;493;50
374;54;28
356;528;38
676;330;8
917;796;46
61;734;15
632;713;35
39;657;12
482;554;20
68;516;16
312;883;43
113;652;22
754;462;30
802;76;4
196;61;42
78;601;49
718;575;12
543;343;13
971;936;3
363;471;28
249;914;19
168;331;18
511;628;43
127;4;8
943;334;50
335;502;8
727;409;39
271;947;34
151;635;14
616;117;21
600;722;14
472;593;31
197;225;1
270;13;3
127;748;46
126;235;12
54;307;25
436;622;11
567;788;3
379;959;32
112;963;19
640;79;36
651;496;1
547;613;34
5;881;23
658;97;32
744;261;26
645;528;9
973;949;32
43;716;1
449;285;26
4;582;45
62;436;2
625;736;39
991;724;25
250;641;35
688;799;17
984;849;29
340;385;43
333;617;20
33;366;49
339;371;45
324;471;35
803;552;15
562;212;37
472;878;4
376;510;37
56;64;6
100;723;21
890;350;35
47;924;14
81;35;31
995;775;7
553;169;38
218;742;47
169;880;33
190;224;36
812;598;14
611;116;10
799;46;18
784;168;44
911;127;40
635;144;15
546;191;29
694;405;43
288;835;27
558;911;49
917;508;31
852;1000;14
188;818;12
620;240;34
220;816;24
814;867;50
519;541;4
685;650;28
936;363;16
345;866;19
241;634;11
945;100;49
559;452;21
5;103;6
381;306;45
755;221;20
700;290;31
383;641;35
51;599;10
513;506;39
453;777;45
271;630;44
766;245;39
722;102;19
731;613;15
835;852;39
272;492;35
83;716;33
491;798;4
61;920;42
505;935;33
502;440;14
923;599;44
688;749;34
479;837;38
857;676;16
665;123;26
946;334;23
961;489;30
96;279;1
660;573;38
47;423;47
916;904;49
181;804;22
898;788;7
575;966;16
712;769;44
848;793;36
249;820;15
154;773;5
868;88;39
100;773;30
772;192;39
746;300;31
624;135;35
83;235;43
658;573;41
904;184;30
694;388;47
450;109;41
32;586;25
912;234;1
662;667;48
489;839;29
590;19;14
406;389;9
432;895;28
558;814;41
881;530;43
498;122;8
128;464;21
755;156;3
695;919;8
349;770;43
135;712;36
200;979;15
973;215;13
288;646;30
986;546;23
860;390;45
947;207;30
430;484;8
899;471;40
307;794;12
580;182;49
297;220;45
403;402;10
233;743;8
589;567;36

