500
12574
3000
31;97
54;25
55;22
12;13
16;97
84;85
65;56
65;26
1;18
64;49
97;10
88;92
1;64
29;67
59;26
89;27
47;21
15;72
19;71
78;83
91;37
34;87
62;79
18;82
33;31
81;32
16;19
75;31
42;58
57;38
100;37
49;99
67;36
74;97
69;44
75;47
79;30
14;15
13;74
59;39
42;9
83;94
82;69
4;93
61;50
27;4
86;42
33;11
18;91
22;29
21;53
24;40
79;79
37;65
3;90
82;67
8;41
20;95
72;61
67;86
15;33
28;46
14;54
60;3
97;80
33;35
46;26
42;10
48;68
47;84
16;59
78;77
48;10
28;34
18;7
72;58
96;54
31;87
34;21
2;96
71;61
93;85
57;22
28;25
5;90
83;12
68;49
98;13
97;76
48;75
4;83
47;57
31;85
14;68
71;91
11;56
37;10
42;11
31;74
94;93
99;19
91;19
91;76
17;75
72;19
80;60
73;76
65;23
84;62
42;52
93;80
91;25
54;5
93;98
42;14
32;30
20;85
20;70
77;43
4;34
8;12
76;50
3;59
25;36
63;30
23;12
23;39
70;37
74;56
50;89
3;53
2;44
7;72
93;87
34;91
76;32
74;66
3;87
13;64
30;52
1;84
60;12
23;89
45;49
74;55
65;89
22;81
64;79
53;19
4;78
22;32
10;36
77;46
90;67
70;15
22;91
82;56
30;51
52;58
6;18
57;24
93;38
51;8
43;7
61;13
26;26
28;74
5;2
25;50
4;86
96;12
37;13
85;35
61;1
49;70
75;82
19;33
95;11
58;55
26;36
40;13
66;100
78;1
40;14
47;28
15;50
5;46
33;50
94;96
80;83
96;92
87;35
45;73
70;16
87;26
33;82
12;72
69;100
90;92
69;80
22;11
33;54
98;98
43;14
53;27
20;61
51;97
46;23
43;40
40;43
2;100
48;22
56;52
27;40
13;76
92;44
34;60
22;20
3;52
100;33
3;72
40;14
19;21
52;12
31;71
22;69
2;46
51;46
53;68
19;87
7;41
43;15
28;94
11;72
44;36
75;44
4;64
57;71
32;32
62;97
8;9
63;28
41;44
58;75
34;88
82;95
65;39
88;55
24;93
68;59
73;45
88;13
87;66
87;43
70;1
26;9
63;50
81;24
97;58
90;77
8;17
48;16
9;69
93;33
17;5
68;52
38;76
55;33
60;14
50;95
93;42
50;94
94;26
37;48
7;96
13;53
22;10
52;27
87;24
56;97
59;55
77;64
51;57
36;25
72;77
37;26
73;41
85;19
93;78
22;13
16;61
77;57
24;7
83;44
69;20
92;59
70;89
84;75
84;80
67;31
38;33
89;93
18;59
99;92
34;1
61;34
50;75
85;71
19;20
37;18
98;17
13;40
71;82
56;92
88;25
61;52
82;9
41;35
56;19
76;40
72;43
34;60
2;8
37;21
86;90
53;41
14;95
83;30
54;19
59;3
85;99
69;37
25;50
18;45
70;83
33;25
36;13
21;18
64;32
74;76
18;76
36;54
44;9
75;66
82;6
42;78
9;67
86;8
2;70
56;38
30;41
72;14
24;6
57;13
16;81
34;81
94;27
82;65
50;60
15;33
55;42
72;98
41;77
6;43
18;28
75;31
18;54
67;15
36;18
6;21
37;13
19;62
10;53
90;45
86;80
9;45
21;67
62;5
6;49
9;44
40;80
66;96
80;14
61;48
26;53
70;5
53;57
15;97
47;44
5;15
81;89
80;91
61;94
32;59
78;99
17;53
25;70
45;36
94;88
54;25
49;56
79;17
59;57
80;17
100;55
66;54
79;78
12;48
47;81
89;59
74;82
19;16
71;35
14;3
21;46
18;86
86;74
49;22
34;77
29;41
42;15
3;71
32;100
77;90
34;27
10;10
6;63
76;43
29;2
83;58
89;70
29;23
11;83
66;12
35;80
86;59
92;94
29;81
32;31
4;43
34;73
79;63
45;10
83;61
73;47
57;25
26;93
40;24
16;96
100;34
15;12
44;29
34;42
87;41
27;63
79;22
16;97
19;19
37;18
12;57
19;7
39;23
56;19
17;97
48;68
55;72
80;99
29;65
25;39
99;63
25;48
64;50
31;14
7;58
85;97
31;85
87;37
30;57
90;75
74;78
27;27
17;36
87;13
35;10
12;59
2;9
90;69
10;93
71;12
15;67
64;53
80;44
26;85
10;34
66;50
6;99
22;89
20;87
4;92
41;36
136;264;50
390;429;41
261;497;11
391;278;18
400;123;28
174;447;48
262;22;41
4;329;44
80;367;48
203;267;22
231;182;38
489;192;18
304;358;49
300;172;48
301;224;7
107;105;24
379;108;33
107;236;19
27;137;3
252;235;14
172;349;19
282;272;20
391;79;3
378;118;5
465;462;36
48;466;50
137;298;5
403;273;36
382;225;39
39;458;36
395;213;28
74;283;1
241;168;30
432;182;14
421;307;15
22;210;1
158;288;33
209;410;5
315;486;16
211;213;42
334;268;16
167;227;50
418;385;20
318;88;19
249;116;2
68;170;50
500;433;17
57;303;5
377;104;10
404;222;18
145;473;34
450;28;26
5;42;30
472;32;36
103;455;49
178;481;47
179;328;28
13;308;6
193;32;48
146;110;15
187;304;44
38;417;48
276;344;22
51;259;48
310;11;31
261;368;23
75;464;6
75;51;4
179;260;47
444;354;18
78;17;43
163;278;30
28;174;27
164;100;14
138;177;27
382;217;18
244;52;42
67;217;46
360;337;19
419;128;1
392;149;7
326;176;43
83;477;12
354;135;32
308;481;41
423;403;11
59;184;49
201;403;12
358;422;36
65;100;33
129;429;25
490;445;31
112;321;21
307;487;30
473;40;21
157;201;2
83;152;17
211;25;40
108;63;47
345;264;13
323;41;31
6;124;35
43;131;30
8;199;40
240;110;45
465;359;50
76;10;26
200;173;30
149;68;37
152;153;3
92;232;7
357;112;8
53;158;44
331;366;18
321;270;32
372;450;7
365;134;45
139;147;34
204;56;43
342;246;7
206;463;6
175;20;6
396;189;19
422;465;35
404;134;19
399;219;42
381;349;17
126;179;39
291;160;31
234;207;14
399;336;35
142;311;35
6;258;1
27;179;39
261;438;48
254;64;27
454;167;25
247;414;26
311;32;20
480;37;11
73;302;45
91;225;42
10;265;50
359;236;33
124;143;20
165;260;6
292;238;39
411;443;2
50;117;25
397;241;19
224;73;1
259;380;24
375;67;46
188;14;32
386;237;31
334;108;49
129;313;24
344;42;45
219;162;12
133;187;50
31;270;25
368;64;37
153;383;4
338;95;9
420;446;4
300;92;19
38;188;26
177;2;33
307;314;15
250;227;26
312;492;9
304;13;33
126;436;6
200;278;18
460;409;36
61;396;32
232;218;37
66;7;47
460;3;46
404;412;31
277;18;4
415;316;7
404;131;47
259;465;5
164;219;44
444;248;19
392;300;46
255;488;34
427;317;10
69;68;11
197;292;42
149;445;4
279;359;19
91;43;10
309;52;17
318;291;17
78;119;30
480;451;24
281;355;3
361;80;48
227;138;43
474;149;36
350;9;28
157;197;37
310;273;36
212;448;6
116;416;10
15;22;9
34;84;11
330;321;44
347;80;20
90;487;14
272;262;27
371;422;26
188;440;20
246;416;13
462;99;26
174;185;45
429;186;36
428;459;20
396;17;30
354;16;25
485;435;39
256;244;11
394;174;23
364;172;29
343;328;43
294;196;39
371;276;18
403;460;41
377;241;43
490;27;34
198;72;36
142;364;49
313;111;37
133;57;1
308;268;6
397;338;5
456;66;42
337;28;46
378;379;30
471;36;49
119;250;17
310;421;28
245;247;22
329;188;3
188;430;42
396;425;25
60;70;27
220;301;8
25;59;17
326;351;47
425;27;15
16;223;1
164;331;32
400;132;43
453;60;45
279;364;23
412;438;30
89;122;12
235;57;11
190;130;30
267;470;4
144;242;25
99;31;49
392;324;49
34;27;11
292;5;10
376;343;22
370;333;12
441;382;26
227;162;1
403;167;32
243;371;41
16;179;18
219;379;25
311;326;10
271;57;42
87;246;39
477;453;43
267;137;31
220;213;32
485;152;45
437;458;36
403;30;27
225;377;30
126;347;35
323;58;19
160;17;17
128;437;21
27;350;25
478;134;7
496;373;37
132;252;30
87;17;1
23;296;20
390;134;24
420;148;11
462;161;21
438;265;20
396;408;2
135;178;44
441;411;2
366;355;32
107;142;25
173;69;23
146;147;45
434;240;20
427;166;9
343;392;46
234;219;34
175;171;21
423;415;45
173;460;23
408;402;40
169;493;3
211;429;11
59;92;2
372;225;18
50;84;38
179;281;49
229;305;37
197;478;24
248;354;45
129;187;35
294;129;3
59;141;30
426;455;26
144;148;22
436;46;36
169;24;4
366;97;24
133;80;22
38;44;44
44;279;30
175;344;22
259;417;33
374;476;33
462;414;1
94;223;12
61;195;13
483;308;29
193;224;15
331;293;44
24;161;29
456;447;21
319;432;35
443;350;6
74;328;35
187;230;46
39;149;30
128;117;48
35;119;27
329;270;43
375;38;49
425;423;44
257;382;15
18;490;47
412;82;46
143;439;23
152;416;14
109;365;9
68;396;39
229;257;19
484;37;6
426;361;7
18;187;16
241;277;16
355;349;39
168;378;11
336;280;22
172;389;8
131;207;18
462;345;50
19;27;38
496;22;17
69;262;24
338;86;42
184;364;7
161;464;25
317;150;39
478;269;19
387;279;38
33;149;17
481;267;39
167;377;7
8;156;35
42;312;45
461;318;32
244;83;2
250;442;29
447;216;36
304;109;12
127;62;4
173;479;44
74;224;37
321;371;49
231;324;30
456;38;34
233;231;28
342;44;5
414;353;17
463;440;2
242;388;37
311;283;38
250;173;24
436;276;13
450;287;49
380;142;16
491;219;36
52;298;7
267;251;35
216;122;36
368;329;34
294;223;9
291;212;19
133;257;1
144;303;33
121;171;48
201;193;15
247;333;20
456;232;21
209;183;30
169;75;39
178;443;44
295;20;43
208;51;50
68;326;13
129;493;47
449;491;23
255;5;42
454;117;24
246;228;33
161;416;10
272;444;11
146;370;21
460;211;8
281;134;35
252;128;33
68;259;6
258;185;36
124;301;42
297;429;7
137;347;39
219;365;9
9;105;21
43;315;37
348;377;14
18;41;3
79;311;13
481;51;18
452;230;48
210;349;36
173;4;46
298;301;7
14;288;17
151;54;30
264;15;43
6;14;17
85;123;36
415;96;9
67;268;34
329;295;24
90;40;40
205;440;17
396;212;9
51;267;8
227;493;39
478;250;5
292;36;49
419;154;29
415;195;33
59;147;9
101;209;9
75;43;47
180;20;29
274;227;19
476;166;36
214;282;20
492;297;11
446;359;43
89;297;40
428;175;34
214;39;3
31;206;24
5;44;33
227;287;37
86;234;25
58;398;18
291;260;24
474;113;25
345;159;35
287;443;11
395;384;15
155;60;26
334;316;38
467;320;47
163;147;35
419;292;31
437;239;28
154;85;30
467;341;27
414;270;35
251;139;46
279;328;11
157;481;27
441;431;2
439;446;44
246;223;39
95;72;4
151;157;27
264;199;8
79;448;3
265;293;34
116;261;7
419;324;40
248;174;45
7;280;21
489;105;37
105;370;3
386;368;17
83;497;42
65;180;38
390;74;17
57;411;36
387;231;18
366;161;18
77;404;49
26;116;44
279;415;32
352;168;28
56;442;4
35;404;40
166;35;31
23;341;36
351;390;43
77;197;45
200;175;39
300;216;35
226;209;18
350;278;6
276;199;20
258;214;39
280;200;41
78;447;49
227;204;35
426;247;15
152;70;47
360;247;27
398;280;6
92;320;7
486;211;7
434;375;39
228;12;47
291;243;24
33;380;17
362;268;27
432;185;50
224;477;11
224;112;15
95;144;15
347;476;4
185;12;46
317;74;7
173;448;39
159;283;12
244;300;12
362;309;25
171;174;20
319;52;24
33;425;37
235;68;33
236;70;25
115;204;6
312;367;22
411;168;28
92;93;20
141;30;18
387;203;26
287;25;35
403;408;44
337;459;13
222;346;48
491;262;7
399;449;34
279;374;43
335;485;19
437;89;39
247;429;49
159;36;24
7;481;4
102;205;50
159;208;47
120;270;36
54;20;7
124;132;8
264;5;49
3;231;33
166;314;5
202;495;48
281;127;19
419;141;19
400;498;13
283;220;45
115;358;32
294;84;11
39;248;41
229;247;43
32;112;8
427;66;36
310;132;1
234;450;20
187;183;50
490;402;30
308;278;26
395;358;28
98;137;50
143;49;36
190;267;14
206;128;48
469;379;7
91;115;49
156;193;10
500;13;40
110;327;36
1;29;26
29;386;1
351;229;50
393;229;35
320;132;43
261;257;8
314;304;42
228;28;23
8;211;45
122;483;10
439;245;43
242;449;38
101;8;20
85;425;22
188;300;10
207;141;39
192;260;29
152;54;24
469;394;7
381;448;38
363;445;42
21;485;2
267;387;21
169;180;49
262;154;34
106;398;3
240;386;4
244;221;42
242;94;20
322;318;31
282;319;28
313;449;8
167;219;37
57;431;16
498;333;48
471;193;8
98;459;2
103;312;34
349;433;12
127;175;22
257;172;19
339;177;34
230;484;42
368;372;6
236;471;10
341;273;24
185;130;23
388;306;10
261;483;45
211;353;30
8;430;6
253;119;43
63;221;12
188;242;20
114;266;38
33;110;26
232;353;8
7;311;30
94;208;31
427;43;5
283;203;12
492;220;49
339;246;31
498;267;40
462;104;46
240;34;25
379;160;30
227;61;4
143;171;30
415;471;6
230;500;16
398;459;28
475;341;36
206;260;44
427;200;50
338;69;11
75;405;19
220;87;39
9;352;19
160;384;39
349;36;27
452;183;29
285;383;36
248;352;14
499;125;13
444;67;25
245;336;34
231;415;28
316;2;1
189;422;31
489;149;24
187;30;24
145;272;15
146;401;44
182;300;17
408;366;39
339;332;11
218;139;10
270;74;9
63;389;3
454;491;32
279;290;8
360;225;4
330;120;45
185;212;20
405;211;2
150;445;32
392;293;37
113;40;40
293;135;46
185;28;4
440;105;5
189;203;6
275;326;47
46;480;6
197;10;36
500;195;17
362;278;16
461;475;25
331;11;5
63;164;4
292;241;41
21;478;5
342;457;37
324;223;3
462;317;49
43;172;33
409;345;26
45;6;21
229;22;11
392;133;18
380;389;32
50;256;37
470;164;13
10;174;9
191;413;2
23;31;35
127;368;45
210;115;10
276;278;9
484;238;15
69;193;3
498;150;37
400;376;7
280;240;28
469;430;26
180;222;29
2;1;36
273;206;31
157;369;29
446;399;35
315;416;30
291;21;33
270;453;47
317;418;36
67;119;8
483;285;37
456;180;17
120;168;29
408;17;44
279;426;25
86;232;8
462;236;9
356;95;50
436;193;24
237;25;41
438;110;36
133;449;36
368;228;14
30;284;37
111;196;22
162;34;47
418;491;27
336;15;23
487;436;50
442;286;41
178;418;23
136;12;12
427;340;38
204;213;8
218;123;47
394;339;28
23;181;47
430;150;21
36;309;40
109;261;12
58;451;7
107;280;12
371;328;6
71;463;41
57;210;46
220;324;39
449;93;20
359;189;13
152;87;9
120;304;36
42;10;27
321;356;38
83;346;39
112;384;19
379;482;39
391;386;3
363;64;14
305;208;46
498;470;5
398;129;48
436;113;24
488;126;15
51;96;18
357;202;11
104;315;41
300;206;27
148;254;45
367;29;24
209;278;30
379;308;37
409;500;2
72;444;5
57;284;1
432;222;29
299;367;5
28;250;11
482;187;16
75;465;32
431;152;16
363;69;39
246;68;16
240;213;47
253;356;3
39;327;46
442;194;48
314;216;11
199;429;37
440;6;2
241;333;34
284;240;2
76;104;40
448;90;50
477;328;10
478;426;1
26;209;14
384;407;16
192;125;45
84;70;13
46;439;31
298;470;40
215;436;29
72;149;20
306;394;39
354;50;34
112;100;46
75;498;47
202;389;27
36;260;47
477;6;2
377;299;25
337;105;32
482;203;44
307;423;10
356;392;31
166;287;30
212;477;18
298;242;46
343;236;3
460;354;33
140;10;28
424;375;29
397;155;14
50;473;31
59;24;25
221;231;48
162;171;10
441;448;35
230;309;37
13;64;4
341;139;32
207;345;7
298;486;33
269;412;11
131;109;32
149;260;22
293;440;8
116;14;21
15;345;8
358;56;50
353;420;30
373;117;18
343;363;1
67;213;16
58;176;21
355;286;12
172;95;23
35;295;8
96;345;14
421;353;34
75;100;6
319;31;11
276;225;14
200;300;33
273;453;3
195;114;22
37;421;43
436;152;44
340;348;18
269;248;5
71;213;22
294;429;1
451;441;45
39;43;36
267;12;43
385;212;30
423;104;46
160;137;39
61;451;35
383;308;32
192;233;3
195;466;17
431;246;9
343;199;33
129;348;11
368;35;44
199;409;4
373;347;44
364;412;10
133;249;34
141;293;8
341;338;43
378;141;2
85;263;27
499;115;44
114;354;50
186;190;32
276;188;18
302;367;41
135;338;20
273;389;17
5;360;3
47;386;12
457;354;35
99;33;18
289;405;38
430;457;5
439;454;42
440;478;25
307;301;8
54;226;49
31;2;21
334;445;49
270;83;13
227;482;15
170;401;2
227;452;45
71;420;27
269;65;8
150;72;21
179;1;15
71;137;18
394;107;15
489;418;2
144;162;35
140;83;39
266;487;7
122;247;6
94;372;23
408;439;13
403;4;25
297;234;3
223;470;23
239;164;15
177;45;5
8;285;20
156;402;22
350;463;29
276;134;2
320;231;14
290;327;24
438;341;27
374;138;5
338;125;19
332;209;45
243;387;14
295;304;36
298;62;40
112;429;46
370;283;25
71;97;15
231;64;37
173;213;40
293;472;40
487;325;11
281;61;46
337;57;23
493;61;40
129;14;35
368;326;39
185;481;32
324;471;31
183;310;42
182;132;23
23;86;23
102;349;21
422;29;15
392;397;7
382;152;2
46;324;21
208;393;12
287;302;36
377;338;27
309;384;12
67;59;15
493;119;22
198;213;26
205;434;28
61;64;13
219;359;20
254;411;4
220;141;42
478;89;29
285;219;23
475;277;42
457;204;22
169;84;42
198;306;12
1;440;23
393;93;49
459;271;40
135;444;46
42;496;17
111;268;1
413;399;8
291;280;3
365;442;17
142;354;32
402;183;36
161;62;46
134;436;47
452;98;5
2;336;41
384;297;37
113;460;19
380;411;45
470;148;15
400;190;14
461;70;18
16;44;46
188;142;18
190;288;21
303;32;17
381;212;36
137;316;30
47;101;7
164;179;30
425;202;43
354;321;23
471;102;5
328;240;17
338;350;15
317;383;48
305;103;39
317;349;1
274;482;35
139;237;23
278;117;6
49;86;39
67;52;27
212;334;46
238;196;14
272;157;11
400;351;39
294;5;35
166;389;17
131;421;26
54;461;19
427;445;37
288;179;35
122;105;7
292;118;48
490;89;35
113;383;24
197;75;3
385;478;15
328;419;14
421;489;29
21;89;11
80;438;27
348;497;38
410;81;23
162;432;38
139;73;25
132;309;11
35;145;31
432;445;9
464;231;32
317;375;5
31;98;12
409;154;4
105;219;42
269;224;5
74;331;48
404;228;10
244;86;3
353;66;36
275;385;46
498;298;17
444;75;9
217;456;23
475;357;36
145;328;3
327;285;32
210;263;25
12;347;19
294;444;34
7;443;4
345;343;13
382;239;42
382;121;46
165;379;1
86;362;12
483;156;50
124;230;18
145;364;26
31;395;10
362;136;30
405;173;25
412;476;25
58;230;50
319;132;42
97;229;34
148;53;46
27;274;20
485;361;2
381;9;50
213;11;49
458;499;4
161;455;34
16;142;12
351;28;1
219;418;40
380;7;4
275;241;18
469;332;39
214;319;17
88;350;25
33;311;15
248;219;26
395;387;33
20;497;37
239;163;15
126;300;4
219;41;8
93;61;15
251;78;2
138;431;32
344;189;1
36;474;43
305;98;7
180;413;39
231;479;45
163;29;10
436;18;11
348;279;30
61;382;41
395;324;18
108;293;21
333;188;37
232;340;45
257;349;6
105;139;21
475;416;22
442;64;19
411;327;6
261;476;14
452;57;41
27;216;14
346;471;12
58;154;33
7;275;38
389;288;47
38;37;17
305;141;46
112;480;31
185;327;45
486;135;36
56;454;18
3;130;6
105;218;2
467;284;22
106;478;40
191;292;6
352;442;36
456;310;12
8;417;42
79;377;2
248;175;46
196;86;13
4;99;39
434;336;5
163;167;25
8;312;25
375;227;30
360;238;2
241;433;22
3;291;21
146;359;41
333;398;47
78;304;22
240;212;1
141;500;13
405;222;30
316;316;49
56;387;31
111;131;17
258;215;11
216;135;49
442;159;49
222;196;20
190;403;15
409;340;37
288;214;31
391;379;13
385;291;27
174;322;50
291;417;42
442;169;23
135;240;42
197;192;5
3;230;14
87;199;30
191;255;41
74;426;44
108;245;27
441;102;25
269;305;31
162;204;19
229;461;4
205;162;26
254;165;22
70;478;21
116;400;23
312;25;48
314;209;30
331;277;48
399;146;38
282;371;24
422;468;43
90;428;38
414;14;42
98;497;7
140;466;17
481;403;3
409;188;5
170;122;41
308;114;24
57;114;49
30;293;11
136;91;14
361;429;21
29;193;11
496;102;23
308;31;42
461;356;15
301;289;21
39;273;24
394;62;24
243;127;34
388;450;34
380;278;4
196;212;8
355;347;46
252;243;7
212;495;17
233;165;10
275;98;36
370;176;19
269;397;33
16;429;46
205;85;30
289;51;5
118;120;37
75;395;12
92;375;45
17;16;47
477;253;28
157;251;3
381;205;42
345;10;29
170;319;33
207;445;23
440;311;12
383;458;10
63;497;11
160;3;33
4;301;47
252;407;13
59;447;19
167;430;30
121;79;17
68;495;25
104;128;4
81;50;7
143;53;40
473;38;46
65;183;45
301;377;9
228;307;7
418;69;35
4;194;30
360;7;26
155;372;1
299;399;29
313;332;14
43;16;47
167;23;24
440;85;21
313;71;7
427;405;16
25;159;19
243;395;41
82;267;12
195;253;22
269;182;38
308;479;24
192;307;33
213;312;28
132;352;48
40;172;24
432;260;14
464;383;44
315;354;1
493;247;29
150;61;47
231;356;23
188;54;6
89;336;14
126;389;8
51;108;24
180;427;26
327;489;23
167;284;50
231;391;21
344;63;26
427;73;34
368;358;16
16;263;12
316;309;7
338;211;29
339;401;33
436;333;17
106;393;41
425;140;10
500;124;10
111;433;5
131;114;32
287;159;36
20;383;9
290;466;20
237;230;36
320;239;7
385;23;18
22;109;33
104;398;3
120;231;23
379;33;35
177;205;28
364;496;40
280;268;15
257;121;40
119;463;22
420;166;2
370;183;46
99;73;50
4;106;15
449;72;43
115;39;27
143;320;17
339;441;30
404;125;32
248;231;3
85;199;11
84;115;30
24;362;26
421;318;23
325;483;24
278;60;48
345;163;37
226;263;20
280;93;32
99;410;43
138;289;4
140;409;24
177;184;28
177;444;40
312;263;25
108;102;14
321;161;11
462;94;37
395;194;50
277;182;19
177;114;42
206;380;15
402;103;35
63;259;40
86;259;30
453;100;45
321;127;11
52;295;10
309;224;15
498;393;38
125;349;24
429;142;12
421;440;30
68;160;30
97;143;27
227;174;15
483;107;28
234;400;49
473;54;5
396;488;28
426;162;34
345;373;15
459;129;45
217;364;16
172;165;20
334;277;23
412;366;32
470;99;1
257;343;29
131;399;19
122;59;8
248;442;13
279;300;6
280;201;50
21;427;42
7;179;28
292;188;18
390;174;28
271;21;37
183;56;21
409;160;12
159;66;1
321;111;16
52;135;21
404;426;19
425;430;2
239;20;47
182;266;31
473;419;3
105;468;48
311;424;41
39;355;5
469;196;31
117;123;29
339;337;42
209;9;12
84;390;32
42;20;18
22;98;39
405;487;25
437;31;18
496;78;36
382;476;8
378;78;30
301;49;15
22;108;38
453;137;27
235;265;11
353;431;2
70;153;34
52;229;26
483;287;14
388;231;32
208;283;6
256;189;10
474;70;13
481;447;3
500;365;21
420;51;29
222;224;30
249;272;14
470;448;15
4;13;13
440;232;45
22;353;46
24;458;29
221;181;38
77;330;23
77;143;29
11;367;35
129;397;7
138;79;5
23;204;28
39;176;6
79;92;33
398;478;21
486;452;41
64;224;23
492;371;48
488;317;9
136;410;48
305;5;8
217;69;47
73;21;19
180;442;6
190;423;38
72;218;9
139;328;23
299;97;16
271;324;37
446;130;21
338;163;24
330;280;6
56;213;17
135;437;12
392;348;31
417;462;11
21;95;6
337;496;33
405;248;49
425;454;1
264;115;26
193;488;27
56;104;46
262;370;24
162;226;1
445;155;43
428;464;25
261;379;24
138;405;45
264;364;45
326;130;20
377;29;2
261;240;11
260;305;11
143;265;20
145;460;43
424;429;14
147;68;33
401;206;23
359;498;12
320;419;28
53;356;20
110;468;45
106;199;23
186;47;25
23;469;32
90;499;21
264;281;1
494;173;50
145;340;36
75;90;7
154;29;39
82;258;25
126;444;40
156;486;44
241;133;40
70;475;47
68;441;32
43;53;46
348;170;6
438;27;45
187;127;7
498;198;43
287;221;13
472;456;4
126;32;42
238;389;35
44;124;4
498;74;45
277;495;20
256;329;10
457;378;42
250;313;24
289;269;43
303;129;11
133;265;46
171;334;47
56;430;37
119;240;42
193;189;24
427;265;5
81;432;34
259;427;7
89;283;36
249;418;41
381;280;36
363;486;29
312;407;25
316;90;9
424;499;40
74;156;37
99;437;23
122;495;48
299;458;38
78;7;20
407;310;30
101;357;16
174;18;50
467;325;28
94;147;20
432;161;17
122;143;27
345;324;15
306;183;8
116;320;9
137;481;36
246;41;24
193;144;14
146;452;23
66;180;34
290;486;12
177;8;24
437;456;38
173;380;30
74;142;41
84;233;43
457;473;44
275;61;27
484;26;30
497;302;20
307;213;49
296;298;16
259;167;21
428;193;46
5;241;39
357;153;27
494;72;9
276;324;36
93;482;31
446;498;48
480;374;36
352;320;2
444;171;2
376;460;30
473;311;28
224;272;3
166;104;47
482;41;14
43;251;14
105;409;1
340;478;21
11;19;20
162;104;37
16;358;5
389;259;3
49;24;22
220;203;9
399;7;29
461;278;1
418;172;33
497;166;2
472;489;39
417;324;38
320;413;18
26;278;47
319;329;7
34;126;41
146;132;39
80;434;31
246;369;21
409;74;22
143;259;45
173;478;29
436;164;24
60;300;47
468;235;14
434;130;18
187;412;23
292;150;50
349;4;49
247;438;12
491;315;42
235;313;14
489;447;2
332;203;19
256;212;30
396;355;41
186;12;31
193;17;12
125;13;16
406;19;40
240;228;50
262;8;20
275;170;33
154;175;42
250;242;45
381;197;28
496;4;43
66;237;34
296;263;40
77;492;37
156;391;50
63;145;13
32;101;31
140;480;29
254;425;43
14;427;37
387;263;6
129;384;29
176;349;48
499;354;25
205;450;31
133;63;18
493;121;38
382;459;23
293;430;28
67;412;17
338;90;46
436;437;7
215;314;26
442;54;40
13;9;25
339;34;47
87;118;5
411;358;27
158;482;4
26;120;17
54;485;26
236;370;16
174;308;18
256;138;22
237;216;18
53;479;18
168;331;46
471;229;17
235;227;8
262;364;24
179;88;17
77;351;7
233;14;9
438;349;17
372;95;15
31;489;31
12;103;39
80;211;22
472;148;10
254;378;8
86;283;50
287;231;43
81;23;5
459;469;1
186;79;46
92;147;40
260;121;12
75;341;23
407;282;34
392;489;30
489;116;28
337;129;17
84;285;10
39;289;25
23;403;5
12;6;10
137;294;12
409;413;11
488;281;16
453;384;24
234;289;19
371;140;33
370;484;30
469;76;35
489;285;22
230;218;11
250;205;17
231;271;38
28;232;40
357;328;42
85;458;6
250;30;36
325;292;22
97;323;11
485;72;24
94;71;26
37;186;18
390;51;10
373;52;47
138;179;37
207;104;20
261;465;30
360;434;2
242;91;4
109;322;3
69;271;4
109;404;2
235;308;35
197;337;37
439;475;46
120;496;41
220;267;12
463;372;21
262;27;10
374;357;40
31;338;6
64;21;49
396;37;13
482;216;27
249;24;7
124;353;27
47;278;29
319;65;27
226;341;46
149;91;41
51;138;17
210;452;24
386;414;44
6;132;22
490;470;3
342;466;6
85;273;49
15;27;3
54;58;20
352;109;26
423;189;10
35;61;37
155;135;35
369;427;8
360;260;38
429;20;37
353;426;46
342;409;7
266;2;12
164;340;50
492;163;49
314;495;7
466;278;17
54;264;19
179;231;5
8;456;19
91;440;40
371;157;28
63;156;27
224;187;37
323;133;14
291;430;31
43;495;45
81;236;26
97;215;45
427;348;22
150;418;26
333;63;11
248;190;6
168;149;18
43;149;32
412;176;26
178;117;50
315;13;45
80;110;48
31;369;3
36;106;34
172;121;40
158;80;43
372;427;21
477;436;48
327;356;4
497;276;20
475;422;3
278;134;6
349;287;28
125;488;18
16;300;20
323;222;29
431;396;9
381;451;5
449;266;32
140;45;11
454;423;44
12;150;8
253;296;9
52;14;1
110;170;23
6;344;8
251;487;18
461;298;33
198;404;14
345;284;36
192;333;13
472;425;8
317;194;32
25;228;13
282;340;3
489;211;3
207;158;2
94;203;23
33;291;41
395;427;21
99;400;28
384;375;1
253;214;8
76;109;26
360;234;34
150;213;10
467;141;22
391;347;46
331;214;15
396;394;36
134;253;44
234;329;41
491;300;17
254;199;26
90;412;36
335;495;32
457;187;47
84;355;45
490;137;10
216;382;2
223;428;42
424;153;30
274;62;32
342;449;45
494;36;50
412;362;10
30;10;38
305;80;26
473;65;34
429;13;42
490;357;31
11;84;3
70;364;7
8;488;20
475;428;40
297;144;36
140;344;18
300;499;6
372;207;17
291;65;35
393;162;3
203;44;19
384;34;39
29;491;4
373;366;24
1;291;12
469;297;9
367;122;13
317;277;20
403;77;36
455;256;46
455;433;21
45;370;37
237;71;20
378;380;25
160;281;10
14;63;19
7;133;42
145;407;35
414;67;33
175;36;21
53;429;30
460;75;28
189;465;42
67;278;1
191;102;14
316;377;16
204;199;1
476;167;14
152;273;26
366;406;31
383;478;46
96;211;47
60;452;3
443;367;18
101;157;35
34;295;25
444;494;34
72;74;24
224;268;8
160;358;23
453;343;28
435;149;18
282;410;2
451;168;5
138;165;6
121;403;5
32;183;29
86;152;26
122;215;49
488;355;27
201;166;28
264;130;40
111;416;11
384;119;7
134;2;5
263;426;19
182;143;35
110;26;23
375;60;32
493;252;9
197;200;4
347;423;8
184;332;40
88;407;20
305;488;30
223;466;20
39;6;18
198;268;11
223;128;28
127;396;12
119;95;25
2;116;3
282;443;17
374;441;37
377;356;15
31;100;23
355;102;44
7;286;49
106;87;4
374;235;48
289;425;27
496;220;18
173;309;9
298;9;50
24;294;4
68;452;44
212;123;50
236;75;29
438;126;4
327;156;30
116;332;5
97;276;39
153;440;19
223;311;37
486;121;3
112;95;20
57;186;6
30;46;45
178;59;6
28;142;34
365;152;19
50;219;50
323;367;14
114;68;34
185;79;47
290;182;44
367;232;32
33;299;6
384;174;19
159;306;19
369;294;21
215;58;41
347;45;43
241;202;21
13;251;29
296;33;25
475;243;25
372;283;34
477;194;9
62;473;33
399;159;37
114;471;27
75;440;13
255;380;17
70;107;44
214;203;34
78;371;12
344;3;40
404;479;29
366;101;18
282;250;49
92;132;8
224;101;19
36;420;46
447;195;30
1;383;23
455;199;4
75;129;8
146;118;13
243;364;19
368;399;22
134;256;2
72;230;3
421;334;19
340;211;49
141;193;36
448;158;11
265;375;17
56;256;40
30;349;32
344;186;44
353;277;1
189;481;25
399;345;36
160;138;43
380;393;21
360;141;25
146;346;4
431;189;25
51;215;44
416;313;28
57;346;9
459;148;24
129;94;40
450;113;1
437;143;35
204;483;4
147;422;43
272;286;12
76;330;40
165;292;23
317;184;50
446;221;7
198;3;44
335;106;39
341;349;38
366;160;11
24;25;27
434;345;37
453;495;45
466;129;49
197;392;26
114;316;10
276;117;19
85;500;3
455;400;15
87;228;27
119;11;12
402;325;33
22;172;49
154;432;5
215;179;49
309;28;10
464;55;46
449;343;26
139;99;43
232;206;33
81;369;38
114;14;6
435;67;36
81;444;20
142;417;22
207;392;27
107;62;42
388;340;39
361;396;19
109;135;2
267;317;18
231;419;23
399;457;5
399;359;17
212;353;40
263;317;23
465;168;3
231;487;38
248;7;22
226;232;16
186;42;31
117;433;22
92;121;7
50;269;2
159;426;25
19;252;36
254;291;7
146;250;1
13;383;29
280;248;44
450;216;27
338;85;45
180;149;9
72;8;34
126;456;11
218;390;50
72;446;34
450;456;11
398;95;37
324;411;24
109;142;22
427;176;42
390;168;42
183;28;25
461;187;1
468;26;38
327;428;17
166;86;7
14;283;4
442;236;36
5;230;12
373;286;15
167;204;23
128;56;25
439;200;13
10;267;44
179;247;49
9;180;47
189;28;17
459;89;35
292;341;12
309;459;35
471;292;27
176;134;23
22;31;14
408;155;18
392;444;25
486;182;50
411;92;48
42;358;32
61;187;17
144;387;38
252;346;37
125;199;8
148;69;8
33;220;11
459;437;37
451;277;28
129;36;11
286;254;34
120;364;15
408;70;34
359;78;32
140;341;44
299;134;41
454;499;26
249;31;45
160;340;7
287;500;42
433;273;5
464;300;9
117;188;5
192;258;13
227;109;5
185;52;11
326;80;24
199;472;6
27;144;14
216;435;6
337;118;37
137;309;25
48;441;5
118;412;4
473;151;7
406;288;38
3;360;9
425;365;11
69;16;49
102;224;31
466;139;43
341;74;2
267;476;32
117;162;25
185;223;48
466;41;45
321;436;43
106;121;8
445;480;18
346;188;34
87;480;42
463;270;17
186;65;16
443;84;6
81;192;49
425;456;24
27;120;38
500;389;33
431;469;26
331;362;38
263;167;6
252;432;20
315;318;4
411;189;25
495;184;28
176;30;8
40;53;31
386;329;2
316;223;28
422;499;38
61;130;11
447;113;16
192;103;10
356;249;38
457;311;13
478;145;18
56;485;24
499;232;9
101;410;39
255;240;4
350;392;40
141;154;43
325;164;35
369;178;42
357;125;9
349;407;8
174;415;37
334;477;32
41;426;26
322;410;3
53;89;30
183;99;31
128;361;50
108;250;34
359;288;34
500;193;39
348;290;13
51;445;29
333;24;31
42;442;3
133;85;39
446;281;37
423;105;7
268;471;14
326;494;47
292;300;26
325;321;27
285;223;24
208;101;19
455;6;24
49;224;38
183;347;3
347;38;46
235;359;30
4;448;47
214;320;48
51;241;3
387;282;8
476;215;14
164;197;33
471;258;25
139;487;17
11;463;20
288;17;12
352;175;7
240;472;11
438;31;13
43;58;2
436;491;29
47;223;11
65;380;19
418;444;16
61;24;31
61;52;13
427;208;7
398;169;34
434;95;41
161;317;42
38;422;18
431;377;29
34;132;40
186;220;25
38;68;20
383;73;39
62;273;6
129;128;34
476;8;8
16;309;6
229;194;19
290;305;27
29;228;41
89;272;8
21;150;45
58;302;44
251;384;30
266;313;50
440;270;14
416;13;23
492;303;25
107;164;16
128;319;1
301;19;31
67;163;31
478;23;13
289;3;16
340;281;14
361;240;12
225;87;26
142;33;34
311;199;4
389;495;13
499;394;30
495;162;29
255;135;45
152;63;1
180;115;42
130;330;40
371;152;50
108;209;11
88;221;9
299;95;28
443;172;38
121;465;43
392;97;21
345;385;48
296;124;14
168;155;45
344;461;33
453;473;41
445;404;6
274;408;6
232;189;38
273;437;15
152;49;50
481;242;31
311;62;3
181;424;17
77;462;43
150;198;19
304;204;7
125;281;43
150;262;30
234;364;44
418;374;23
50;402;36
39;208;1
84;312;29
176;308;2
440;127;16
327;121;32
262;39;3
253;363;28
385;157;10
284;489;8
160;420;24
472;488;27
490;3;10
431;456;37
135;227;31
156;202;28
102;111;20
285;378;20
435;490;26
99;489;25
255;325;37
110;112;6
280;467;36
117;105;27
222;264;24
439;49;44
35;345;24
228;322;30
428;205;43
292;454;25
92;105;35
366;398;8
44;339;8
251;397;10
276;456;47
196;72;6
437;53;46
420;26;6
416;149;44
275;478;10
324;299;30
318;236;31
374;474;32
380;406;16
26;332;3
402;207;44
142;193;20
184;68;42
363;260;15
132;16;50
450;152;31
430;217;15
215;279;11
188;370;41
214;1;48
266;364;40
14;402;6
79;491;33
405;20;19
271;136;28
16;259;29
483;395;23
51;434;1
81;453;48
264;91;12
415;352;31
325;8;48
121;401;41
42;175;31
69;156;36
425;498;45
209;472;18
276;492;45
231;21;19
264;438;2
121;384;1
165;132;3
385;30;26
470;157;48
429;435;49
76;424;29
245;179;42
355;144;36
452;298;8
336;387;49
163;66;24
295;375;10
342;363;35
298;270;33
249;458;36
40;312;21
405;476;14
421;133;19
255;309;19
202;344;35
387;163;31
134;161;2
441;122;47
433;436;21
68;190;11
267;385;46
234;42;48
267;197;10
153;123;29
81;497;2
268;455;7
120;237;10
3;166;2
294;368;49
467;355;24
230;198;7
338;111;30
250;18;29
374;327;38
278;166;29
43;334;47
205;16;2
65;131;19
41;318;27
117;131;6
500;264;6
168;272;43
366;182;2
323;360;11
413;69;28
7;253;29
170;284;13
342;91;49
495;131;32
413;223;17
372;348;17
319;79;19
80;112;21
450;244;33
467;277;3
156;2;32
241;444;11
467;126;27
369;347;29
323;206;45
64;324;46
487;54;13
407;452;37
56;135;4
301;404;11
462;241;1
16;285;36
404;295;11
74;125;1
13;135;25
131;445;9
399;182;36
74;29;25
410;273;15
237;93;10
25;457;4
225;282;13
311;438;26
259;188;37
169;162;34
111;262;36
54;149;42
330;63;18
12;89;16
206;70;44
495;133;19
381;25;35
33;358;24
170;314;17
82;449;26
452;415;4
414;500;42
136;324;15
28;223;44
208;454;23
83;2;33
475;433;29
37;189;24
122;94;33
79;338;4
57;68;48
274;60;2
12;240;28
268;135;18
425;211;17
464;466;10
335;234;15
228;191;42
38;208;46
25;142;16
295;151;7
378;217;38
491;245;43
434;442;20
430;390;43
332;80;21
277;232;8
322;169;41
373;358;34
366;94;25
339;378;39
159;387;39
184;371;31
100;284;20
358;167;10
57;309;47
233;77;41
393;79;32
354;59;27
147;18;28
328;63;40
294;57;6
466;103;8
425;112;29
376;329;42
298;168;3
256;48;28
67;216;34
144;262;46
496;128;48
89;31;49
145;177;46
202;141;13
404;290;25
492;173;25
300;342;21
252;143;15
94;84;31
101;114;33
497;410;33
127;4;4
211;91;50
480;99;35
25;177;32
20;315;13
232;40;45
74;437;11
496;130;33
153;66;21
313;306;30
284;132;6
118;414;10
446;141;32
105;230;36
277;59;21
172;141;22
177;293;41
172;329;41
166;208;11
424;458;19
456;241;24
284;456;22
133;346;33
163;62;3
354;218;17
3;176;29
131;469;8
99;133;26
459;390;22
264;106;11
59;328;47
201;61;11
260;3;4
203;202;36
77;354;6
456;148;24
479;237;5
283;407;45
476;206;18
415;41;43
32;42;34
407;103;7
496;173;41
58;299;46
44;122;27
396;358;25
120;38;14
223;142;33
115;490;19
241;188;29
44;161;37
46;167;29
21;295;24
350;360;32
255;162;43
439;55;37
337;189;21
252;455;31
244;6;29
143;184;15
143;330;16
255;27;48
418;51;41
10;432;47
145;88;41
321;123;50
247;376;16
483;467;50
101;86;48
39;196;1
201;348;11
447;475;18
318;27;19
322;225;42
257;205;49
16;371;1
280;498;39
210;55;7
226;465;17
442;466;36
422;419;10
184;191;34
336;324;15
116;330;34
335;119;37
478;481;29
3;333;9
413;178;49
29;307;43
426;407;38
150;255;46
275;9;9
36;403;14
398;357;46
393;67;40
405;439;26
379;306;44
325;98;43
420;480;46
251;39;23
494;335;7
331;231;31
171;356;36
366;452;35
171;124;14
432;490;18
83;132;49
443;309;36
100;116;48
183;277;19
104;83;12
403;107;28
83;362;30
219;217;15
211;281;18
419;27;26
129;109;11
233;124;37
441;84;34
30;190;34
281;249;50
430;81;41
477;86;40
308;169;12
30;142;44
152;413;2
408;373;14
173;192;15
163;204;2
136;236;42
364;263;31
27;224;43
41;476;7
255;224;29
170;285;34
136;155;28
25;168;4
324;209;37
18;191;9
127;16;24
325;125;24
173;480;23
120;49;24
153;58;30
415;482;36
372;229;39
350;226;9
86;473;6
264;167;9
495;141;40
346;251;44
392;391;10
460;314;47
393;366;40
106;355;24
130;359;36
150;27;26
166;187;11
11;488;41
63;385;23
290;425;14
272;150;6
4;147;40
347;165;25
107;78;10
361;389;46
423;3;3
180;106;26
444;424;25
307;163;23
107;275;25
333;213;38
114;212;10
165;485;43
398;86;46
275;64;3
291;401;7
310;418;7
97;261;49
45;351;40
110;459;35
283;213;23
224;289;24
283;45;37
78;134;42
347;172;26
166;339;46
477;271;34
315;482;33
52;31;38
32;216;44
182;167;25
222;163;4
432;491;1
382;13;35
362;211;24
146;275;45
93;386;14
374;45;43
291;27;40
174;15;32
196;99;32
261;207;21
48;321;41
273;395;44
409;131;36
327;425;27
424;206;10
325;156;31
484;404;50
1;264;2
451;286;10
129;473;13
85;105;46
288;335;14
30;368;1
198;97;17
292;330;46
406;421;44
435;352;4
500;26;37
12;370;36
187;326;35
320;94;32
424;378;29
433;242;14
239;157;20
144;76;33
264;47;21
40;433;40
343;269;4
100;381;10
199;494;18
439;303;7
125;331;28
440;430;8
170;209;7
223;251;22
165;195;29
69;154;8
120;495;7
66;59;31
24;334;42
155;404;25
447;473;20
314;128;24
106;366;36
492;449;13
297;114;11
38;261;37
212;23;21
286;226;24
411;3;36
426;251;11
210;318;17
483;427;31
218;356;24
430;275;13
383;386;43
34;246;47
96;313;11
142;294;8
144;382;5
225;248;32
12;126;11
376;347;42
127;213;46
493;292;17
104;18;16
313;350;5
378;4;37
210;391;10
351;357;48
257;341;43
36;125;26
185;265;15
297;73;32
484;3;31
55;339;5
79;243;22
114;463;29
211;85;3
316;497;27
324;207;24
304;499;24
185;241;13
149;484;9
95;325;12
192;1;30
332;210;42
232;235;21
347;212;23
295;142;20
122;66;38
417;9;45
375;187;2
352;53;3
198;425;5
357;395;17
40;107;15
194;450;28
365;412;10
332;66;21
417;314;4
234;220;29
138;498;46
359;297;31
180;475;38
167;11;6
456;439;44
314;87;30
454;379;21
430;234;43
375;440;44
473;223;8
322;163;47
37;273;8
468;446;26
417;161;47
177;120;2
467;395;23
249;430;46
279;240;4
51;245;45
117;450;46
20;417;41
391;123;23
446;28;26
305;15;33
207;458;5
358;103;20
74;393;26
27;314;43
134;380;33
324;13;17
176;354;21
463;251;11
298;23;50
16;225;6
79;145;31
80;62;2
25;385;46
171;199;46
113;360;15
248;48;34
254;115;24
208;330;42
213;299;10
187;298;21
95;319;18

