1000
24613
6000
98;22
59;38
81;16
73;37
24;41
53;2
99;89
32;23
96;92
69;4
13;11
25;7
18;100
77;39
55;44
89;9
4;15
9;63
81;25
97;6
74;4
26;71
20;49
36;89
1;28
11;54
29;20
39;94
90;31
52;35
47;89
10;51
17;31
98;44
47;56
42;74
92;96
4;89
75;95
43;76
47;77
65;81
1;88
49;52
51;61
57;76
87;21
8;56
21;55
7;23
26;59
93;42
82;69
34;79
21;11
41;55
22;45
66;82
60;87
83;63
35;42
73;92
67;49
39;27
69;68
95;6
75;2
35;57
28;11
8;22
17;56
69;31
39;19
63;12
75;12
76;92
33;87
95;14
73;9
75;85
55;92
11;56
73;6
58;9
71;22
27;64
4;59
65;16
48;15
18;12
46;20
78;15
33;6
83;26
2;36
31;90
1;57
22;6
21;31
15;84
21;78
54;3
86;43
28;70
71;13
22;40
41;6
51;95
79;88
42;9
61;18
93;49
93;33
57;59
51;20
90;39
64;71
13;11
6;85
81;16
79;21
16;86
43;87
24;14
39;33
79;49
88;68
79;56
77;66
59;71
47;93
54;33
31;85
41;62
85;28
93;16
4;91
63;49
97;55
22;2
78;57
71;93
84;58
74;53
33;58
76;38
40;59
69;24
66;61
86;46
91;49
93;72
14;67
68;38
26;92
59;16
50;24
89;6
21;7
95;29
35;99
45;25
35;14
94;22
25;29
94;10
23;48
63;49
37;21
14;55
92;69
16;24
73;99
21;86
66;4
80;60
88;8
5;79
23;49
4;68
57;50
72;6
86;44
8;2
26;94
41;91
8;40
13;25
14;64
44;28
40;96
54;13
29;20
21;36
49;85
68;6
20;52
5;35
72;73
52;45
56;92
90;83
21;25
86;48
49;8
97;52
62;60
61;94
33;33
84;48
17;77
79;40
32;96
63;52
80;20
39;12
74;60
92;76
41;85
90;9
50;39
21;10
65;75
49;17
3;82
14;4
87;50
95;37
100;32
77;49
51;85
65;64
30;22
16;23
73;4
15;64
82;74
27;83
37;10
89;19
46;2
40;31
66;27
85;2
43;13
32;94
81;31
49;41
99;23
61;27
60;81
44;21
87;23
31;90
94;32
15;91
11;15
93;85
94;69
81;7
40;88
43;48
9;26
93;54
46;33
79;89
35;56
32;35
11;80
54;36
95;46
6;7
71;28
14;67
81;15
95;96
60;23
87;86
32;19
24;29
25;93
63;56
66;42
81;35
49;51
80;91
5;95
57;61
67;33
82;92
9;74
83;81
36;56
83;84
82;50
93;76
78;36
76;52
20;23
41;53
53;38
67;33
19;100
86;62
41;6
9;8
15;34
17;81
73;89
15;87
2;94
89;36
64;52
7;73
30;78
25;9
71;43
85;86
50;13
91;42
91;59
96;51
90;14
80;97
14;60
12;66
61;52
13;76
34;58
47;63
52;16
13;42
3;56
50;76
82;45
13;96
56;52
58;30
31;22
42;13
35;47
13;21
31;55
15;82
47;27
16;51
62;28
85;38
22;3
69;17
26;72
52;78
28;85
24;36
38;79
69;49
28;64
39;76
11;40
4;88
68;85
87;24
63;63
89;75
30;62
54;28
7;3
68;34
88;74
37;13
46;33
71;48
53;66
9;8
86;22
56;3
14;26
23;59
39;12
45;86
25;8
42;25
33;46
65;9
26;43
37;34
60;35
14;100
46;72
59;72
67;86
3;35
90;40
17;83
48;20
5;62
94;24
20;97
7;16
79;10
84;96
1;86
76;21
43;95
36;96
54;64
88;91
72;100
6;97
20;51
4;55
4;69
69;40
73;51
30;41
22;19
76;77
4;9
1;52
58;81
25;9
45;29
38;30
89;93
52;56
56;18
99;95
8;93
71;19
23;43
74;83
25;10
44;86
91;19
8;96
39;96
19;55
85;98
32;3
9;23
87;80
10;33
55;51
51;63
54;97
53;38
15;27
78;28
71;91
73;5
41;28
50;46
73;81
29;43
20;1
87;30
47;83
82;70
85;73
15;43
92;17
17;90
80;59
27;33
2;8
82;10
15;81
79;56
43;9
90;32
7;8
37;58
65;52
98;20
24;61
22;12
19;53
79;9
5;47
10;73
63;5
3;66
51;94
90;86
98;90
94;18
21;97
85;98
55;34
24;8
46;16
49;47
49;28
3;51
3;14
69;99
76;39
64;41
9;84
94;100
40;32
32;32
29;64
100;68
23;95
72;28
4;22
52;61
21;42
6;42
46;29
77;60
95;64
83;28
12;98
69;62
87;79
97;46
3;88
26;34
72;74
85;14
10;30
23;79
55;71
64;72
58;8
58;64
70;77
18;30
73;41
69;71
50;55
99;1
81;33
39;68
86;19
99;61
35;41
10;84
36;39
95;24
18;18
12;91
44;75
85;12
95;49
40;40
41;52
38;4
37;5
51;80
33;74
31;42
8;70
57;95
18;18
90;79
31;19
35;24
9;100
79;88
92;65
76;65
72;98
9;83
88;97
58;92
17;3
52;24
65;97
15;99
7;76
46;4
5;64
55;77
22;1
96;76
18;73
46;5
23;57
88;66
65;27
8;18
10;37
78;75
69;36
26;45
42;69
37;99
43;96
96;72
61;91
77;79
73;98
34;2
62;13
72;78
17;75
29;80
49;42
66;83
65;12
65;69
27;45
71;60
42;84
17;38
44;56
13;6
82;31
56;22
78;82
56;86
80;12
76;62
25;85
100;1
60;64
15;38
62;12
2;79
14;76
80;18
42;66
73;96
29;98
84;50
66;24
76;82
81;27
83;78
26;78
94;60
51;14
57;33
11;38
93;97
58;23
95;54
3;83
44;85
14;96
18;14
37;7
33;18
61;80
44;58
4;37
51;4
2;42
32;35
27;60
33;81
99;90
28;72
23;37
90;9
36;67
21;49
69;96
31;15
20;41
32;3
47;47
52;61
41;49
6;2
4;76
12;28
88;76
5;29
66;79
76;93
32;99
67;4
78;25
32;80
86;25
16;61
23;42
43;12
91;66
40;26
8;95
26;36
22;13
27;1
100;4
9;68
93;55
82;23
82;55
15;41
70;50
98;16
33;3
75;100
41;54
38;97
22;21
14;35
57;43
70;63
70;30
49;26
96;36
12;78
51;70
61;55
32;92
63;59
91;74
45;9
30;41
52;57
54;39
32;1
97;55
54;20
35;4
81;63
49;21
15;81
43;35
4;73
26;64
47;59
51;83
4;4
75;58
25;71
88;39
13;96
97;23
39;9
95;33
57;4
67;35
12;39
8;68
75;71
18;50
49;20
68;82
89;12
28;13
83;35
33;6
12;42
74;75
53;87
94;63
52;60
96;53
40;94
41;66
43;10
88;1
43;2
2;8
11;1
8;67
65;36
7;25
41;62
19;87
39;53
40;49
90;19
25;32
45;96
14;86
99;36
85;89
12;1
69;35
34;59
69;88
10;68
48;10
25;21
93;49
35;6
65;83
87;34
57;63
79;77
95;42
44;79
37;87
23;12
70;24
15;15
92;3
79;45
67;3
63;57
60;4
71;53
10;85
4;24
50;71
100;51
41;4
33;87
52;83
62;4
64;64
53;60
20;96
17;60
68;42
60;96
60;10
45;55
78;66
81;81
69;27
19;48
86;2
90;42
73;80
67;69
34;77
33;70
63;53
78;53
91;13
95;33
12;27
39;96
76;88
61;45
21;4
24;5
60;98
56;94
81;47
91;27
2;5
30;10
81;79
23;63
64;42
88;45
8;36
82;75
34;22
64;77
91;2
98;70
86;54
50;54
52;83
82;13
51;30
12;11
64;33
80;15
8;43
84;43
58;57
70;2
87;56
50;56
67;12
47;23
12;28
13;51
5;33
49;85
33;58
8;61
74;36
41;5
13;10
35;31
76;77
39;3
60;22
20;62
52;2
37;95
90;91
64;59
5;88
21;85
29;55
62;80
76;79
50;37
93;49
7;21
75;56
77;23
99;92
10;8
39;38
37;68
69;2
87;92
68;65
13;33
21;7
64;61
53;28
99;67
59;7
95;98
22;11
52;41
62;74
79;29
52;29
20;80
35;39
83;66
1;79
40;91
43;88
12;27
46;11
47;38
7;47
32;85
42;70
84;51
64;96
83;85
98;69
20;87
30;89
11;7
21;51
6;77
78;4
46;14
83;57
64;28
42;31
32;22
23;92
17;27
5;15
3;24
18;30
94;51
9;43
24;13
83;93
18;28
38;89
73;91
63;17
84;70
54;18
82;85
68;78
34;10
85;1
98;3
4;59
98;70
68;51
65;91
100;100
86;56
99;61
5;25
19;40
37;71
37;44
83;23
86;39
1;60
36;47
8;69
91;97
63;54
79;96
43;90
72;44
12;29
5;19
55;92
54;34
1;22
53;69
26;83
73;44
76;37
86;73
10;94
72;79
91;64
34;94
21;28
99;2
30;35
681;567;14
592;962;16
109;610;4
285;360;47
864;948;48
712;896;15
687;882;8
606;629;29
942;897;3
907;264;14
606;45;24
884;166;50
177;412;3
48;577;13
672;278;44
180;453;30
733;494;14
778;395;11
740;354;43
109;501;18
296;131;13
712;287;38
328;833;7
145;73;18
208;405;38
553;829;19
315;671;14
212;80;31
53;841;2
204;425;6
281;842;6
653;215;22
206;578;7
285;954;17
57;62;38
818;675;12
594;330;18
227;479;24
44;676;24
233;73;2
501;808;12
382;231;44
308;984;22
778;20;44
731;131;9
69;141;18
446;114;26
937;394;25
742;781;39
21;717;4
614;180;47
975;916;48
783;843;30
22;320;8
190;521;27
264;200;28
299;745;4
919;535;6
91;423;19
255;565;50
172;732;21
305;101;45
68;170;47
350;291;36
538;400;30
257;566;15
72;153;11
107;508;25
774;768;25
391;631;48
875;974;41
414;714;3
162;884;29
819;514;21
548;903;48
958;855;5
831;261;19
886;553;29
134;50;20
449;147;14
947;60;6
198;203;10
321;12;50
306;150;42
686;353;15
19;830;48
613;569;2
53;395;35
793;945;19
902;978;27
243;455;34
151;940;49
379;495;44
729;487;37
600;869;7
721;176;31
288;788;13
289;868;2
430;17;39
940;286;1
183;586;5
600;500;15
872;967;18
527;309;48
520;33;13
543;366;33
299;173;11
860;762;24
144;597;17
799;448;32
916;994;25
945;581;45
761;448;8
288;968;5
626;918;17
730;264;30
377;25;48
83;703;34
800;125;45
989;181;41
358;895;38
922;868;20
47;949;33
822;554;15
684;640;28
463;106;25
111;406;38
658;564;32
941;810;44
721;246;45
1000;537;49
191;470;3
811;603;16
490;553;9
617;769;35
233;293;21
539;476;16
197;645;22
603;173;27
16;186;24
585;408;9
260;462;43
91;807;29
661;810;27
779;308;12
768;119;1
275;30;9
172;333;25
756;207;3
762;223;36
141;320;30
740;321;8
463;281;40
341;255;29
611;563;19
66;643;14
277;17;10
598;67;38
477;954;17
636;130;45
492;574;1
419;690;18
216;933;38
786;112;32
693;840;1
584;874;23
760;536;10
240;614;18
456;160;6
409;300;49
394;357;8
623;50;26
447;258;43
953;912;11
232;13;18
769;448;20
78;524;5
537;589;17
642;297;16
27;178;3
99;167;11
12;673;1
21;502;23
301;5;34
983;314;19
974;785;15
507;511;11
167;723;7
336;231;50
12;21;14
95;285;12
140;190;33
313;245;18
670;530;19
708;288;33
881;831;49
832;293;18
568;76;27
369;409;29
951;828;21
987;129;49
153;927;40
739;680;29
292;479;17
95;383;24
811;857;36
447;767;14
608;138;5
613;756;9
488;631;42
578;969;5
76;299;35
258;76;16
813;457;28
359;205;21
710;637;39
907;823;40
311;740;45
348;124;48
855;125;32
170;237;41
195;356;13
425;178;34
14;309;13
969;962;9
212;771;5
687;424;29
390;369;7
577;494;1
246;706;28
129;111;4
243;763;10
199;980;10
566;385;16
274;41;50
811;357;34
252;741;21
579;554;7
232;315;12
461;617;14
848;335;20
479;467;20
825;67;36
165;219;38
729;932;31
845;318;44
769;731;15
862;906;22
68;957;1
225;181;7
592;645;22
424;465;34
937;533;50
983;181;3
510;865;37
551;642;22
721;49;4
877;120;32
519;607;12
685;86;37
900;160;7
644;367;28
584;448;37
688;396;39
295;720;28
435;686;14
144;888;24
448;33;19
729;489;31
761;545;22
435;721;43
440;942;17
646;354;40
85;276;1
56;239;13
576;952;30
900;237;11
499;488;38
523;420;6
372;17;41
571;593;39
373;864;22
541;873;8
140;941;38
729;427;38
348;179;34
24;704;14
432;439;19
219;64;33
674;756;5
575;64;38
230;651;14
47;331;38
726;45;29
338;125;50
954;181;44
525;967;24
339;74;36
568;771;7
770;70;38
438;529;16
901;337;13
806;840;10
189;279;7
5;108;34
672;510;42
684;259;20
710;703;36
922;473;5
111;300;23
408;301;36
530;15;6
221;162;46
886;280;14
754;147;25
250;478;25
799;42;49
85;775;12
231;853;31
719;631;32
675;52;15
730;176;30
66;254;46
97;783;28
755;334;32
66;116;49
245;960;35
546;19;4
431;209;4
980;841;32
806;899;1
165;734;6
263;383;4
634;405;4
668;34;40
838;529;47
210;545;38
445;687;27
882;235;37
949;19;48
567;707;37
459;625;1
779;113;27
523;353;44
632;677;10
591;673;34
164;199;15
440;272;21
870;7;30
214;78;21
448;620;28
888;326;24
663;969;41
826;320;3
453;173;30
498;478;40
132;510;29
429;328;26
844;884;36
460;435;45
183;692;32
692;750;43
118;667;27
701;341;27
369;433;30
509;882;7
987;205;10
903;983;22
120;573;17
318;641;3
869;466;31
423;434;15
575;863;17
484;928;6
657;188;13
860;474;33
896;406;31
445;743;17
486;259;6
41;206;50
716;662;38
890;892;3
855;705;47
416;70;7
331;179;18
573;912;46
403;363;20
997;366;19
198;686;3
818;950;17
724;949;15
435;128;31
665;122;7
198;327;30
461;936;5
925;158;11
78;299;29
817;939;24
109;251;12
148;685;36
372;155;29
737;2;24
609;588;3
497;950;49
102;666;24
349;928;32
198;546;42
688;806;18
344;24;47
738;646;28
468;945;49
49;814;5
324;113;31
102;476;49
535;504;34
290;757;39
530;741;41
534;84;19
648;378;39
989;241;20
277;698;18
743;746;12
825;951;34
971;158;6
890;624;21
574;775;30
822;942;36
987;230;47
995;688;13
532;477;49
935;650;28
530;839;50
802;433;29
697;332;47
826;215;16
16;939;32
537;463;41
579;555;44
382;703;19
755;857;40
509;857;6
652;217;1
755;389;11
299;106;33
210;886;39
573;251;50
974;77;3
115;718;37
625;205;34
51;296;35
120;142;27
744;269;42
550;655;34
821;783;29
695;374;21
648;801;45
630;938;8
400;986;26
109;225;36
801;953;10
525;868;17
775;435;27
869;301;31
116;370;31
357;337;6
154;309;41
573;653;9
270;15;19
618;531;32
962;325;48
77;480;45
706;608;7
682;692;46
197;118;3
910;276;12
5;359;37
290;649;17
813;716;18
942;29;13
446;117;40
43;813;49
368;600;14
432;117;45
417;668;40
755;640;35
659;306;26
209;199;11
295;422;25
216;620;20
520;428;35
678;620;40
629;899;45
926;308;29
753;522;36
434;376;24
439;105;17
713;513;1
584;511;34
877;250;39
792;252;38
222;185;12
357;379;22
22;519;10
352;6;40
620;92;21
43;256;15
777;922;20
137;952;7
656;421;40
944;132;4
620;91;7
536;887;48
917;643;22
815;384;31
947;993;50
755;122;7
241;202;8
59;846;21
61;380;16
332;144;35
164;490;31
586;937;48
822;620;12
49;392;38
772;587;30
212;678;18
492;624;41
654;888;1
195;155;9
871;880;5
478;395;13
682;95;11
154;909;7
385;792;43
190;810;47
650;167;6
326;287;43
729;779;2
280;219;2
428;275;46
264;566;48
626;598;8
108;99;13
83;255;32
466;81;3
61;628;9
69;206;25
131;269;4
461;648;14
506;752;40
541;899;45
850;244;17
951;376;31
731;461;41
208;500;35
754;107;3
529;422;27
69;378;23
709;359;15
598;484;4
399;212;21
404;803;33
756;28;41
832;964;38
8;644;16
18;985;23
713;860;12
3;864;8
261;847;4
763;291;1
40;618;1
35;738;1
710;321;2
592;303;31
689;673;42
510;761;41
359;308;14
895;936;10
11;866;6
318;15;19
865;183;40
227;307;17
390;775;21
517;564;50
909;50;11
94;932;15
80;1;40
573;817;14
307;424;48
863;250;13
874;43;33
354;1000;26
712;616;50
906;979;5
396;993;39
501;783;10
581;497;12
643;458;45
779;985;33
87;771;48
220;57;46
110;692;32
836;628;16
984;98;10
678;345;2
494;466;49
320;345;29
290;737;40
223;992;15
888;969;21
776;14;1
294;237;18
602;314;38
932;748;23
163;892;48
330;22;46
457;276;37
351;34;5
427;239;32
772;470;22
428;509;14
616;67;33
742;782;13
606;48;10
187;411;31
68;438;36
833;589;4
791;84;11
758;41;39
33;438;5
968;141;20
595;766;13
416;145;17
668;651;46
944;813;15
472;239;29
884;107;37
552;156;45
573;631;46
645;756;4
599;337;13
596;817;28
144;257;45
392;251;31
909;933;26
886;798;12
442;15;11
20;189;8
568;345;23
98;747;13
612;873;2
892;526;26
946;42;1
145;753;35
447;590;44
319;944;5
419;673;23
808;583;31
847;277;18
760;454;21
533;423;1
191;746;18
331;924;45
443;925;42
213;891;4
979;826;32
96;488;19
183;964;20
524;866;10
273;152;38
212;368;2
811;189;37
467;419;22
527;261;35
592;901;37
824;421;30
652;429;5
744;46;20
965;442;43
183;542;49
269;911;42
11;435;46
847;636;11
560;92;11
615;146;49
401;711;11
791;215;10
272;69;37
76;806;32
546;137;29
531;693;46
558;970;9
392;431;45
459;457;5
673;227;39
953;810;39
302;171;7
326;950;29
297;514;32
568;495;3
386;914;15
270;219;14
761;230;5
903;961;39
326;394;12
701;841;42
378;39;12
194;134;34
869;469;13
988;911;48
369;507;30
248;212;9
973;824;14
846;711;14
848;988;6
78;390;27
697;530;27
826;282;47
331;667;37
910;786;19
28;966;21
996;250;24
568;40;12
915;844;45
537;726;40
679;655;12
982;428;16
267;227;37
663;581;14
361;547;20
94;766;19
913;490;37
706;120;47
738;888;31
111;759;13
605;778;7
316;810;12
90;290;5
164;275;21
154;268;3
858;465;9
311;846;48
977;876;50
810;51;44
139;162;7
584;249;4
148;76;16
41;998;46
643;885;44
793;109;19
471;623;4
228;115;32
821;581;9
931;493;29
666;755;5
933;719;42
590;135;46
143;578;50
893;117;41
149;963;15
189;165;42
944;749;50
891;425;36
597;202;48
336;839;4
850;356;22
532;86;24
730;134;38
258;806;10
483;242;31
962;796;12
931;17;31
865;654;38
556;495;35
419;123;21
330;71;16
876;607;15
988;974;50
238;769;2
196;504;46
704;799;15
849;229;25
695;632;41
806;261;48
523;702;9
564;78;3
413;122;25
878;705;6
657;119;34
24;787;28
476;809;37
890;591;45
444;999;6
983;681;27
349;943;12
623;971;21
360;668;8
698;723;29
602;815;3
969;320;5
12;588;48
282;606;50
390;151;31
355;217;13
21;968;24
464;901;4
537;27;11
267;29;43
115;780;30
198;194;44
130;695;32
5;290;25
798;709;24
495;237;46
278;432;43
569;2;50
395;567;24
490;969;32
694;808;7
755;812;43
240;241;42
566;801;14
637;268;6
614;258;40
863;990;36
546;9;46
63;404;48
37;904;36
727;322;48
845;327;42
278;917;41
997;838;6
437;803;45
30;959;7
805;738;1
577;465;10
871;324;31
368;624;48
450;791;5
837;109;46
978;810;23
877;57;4
118;638;8
640;490;35
775;474;2
673;493;4
440;226;21
609;154;33
8;890;20
352;557;43
270;345;35
893;741;44
797;827;3
510;536;17
314;184;34
326;530;30
405;283;35
377;86;9
271;357;21
72;255;3
755;624;8
918;999;44
977;594;12
951;419;49
781;682;37
660;358;4
235;208;2
596;993;24
876;343;34
826;92;20
701;702;33
572;472;3
970;348;13
397;2;12
10;795;11
101;415;37
76;954;36
56;475;13
735;500;47
605;517;32
575;315;25
57;136;44
502;76;38
520;390;15
296;640;4
981;725;28
394;687;6
78;568;4
740;121;6
24;378;23
757;906;46
543;621;48
158;792;23
957;4;43
358;170;2
172;388;37
263;377;12
621;258;8
685;38;29
196;280;48
697;994;16
39;877;13
840;875;4
936;761;2
53;356;35
492;112;19
711;843;25
132;713;35
315;676;1
244;997;3
875;73;9
754;222;34
768;688;37
450;408;19
822;117;45
4;21;6
953;553;7
263;342;2
267;344;29
62;760;7
166;833;24
399;685;36
14;716;39
293;286;49
515;825;43
837;240;31
445;491;24
665;928;44
281;355;2
117;162;17
85;809;45
627;460;17
698;447;3
206;288;7
761;159;28
155;74;7
402;900;32
24;484;5
773;142;18
240;923;32
681;621;23
280;572;8
905;598;26
940;993;27
845;253;29
718;754;18
897;945;43
476;881;9
478;65;32
369;469;42
352;271;30
346;892;1
993;640;26
176;294;16
676;152;42
144;109;14
78;537;3
413;181;16
637;177;3
912;253;2
566;682;6
566;34;30
38;517;2
732;138;9
789;97;13
346;880;10
653;432;34
119;413;5
590;513;14
973;124;18
639;425;24
735;586;9
972;474;16
81;772;33
533;69;12
648;314;9
373;902;38
91;739;32
970;891;44
782;852;25
321;19;21
847;409;46
966;769;17
982;538;41
257;282;7
824;551;21
196;145;34
153;967;40
107;355;17
390;9;25
343;736;40
495;797;6
698;883;47
989;966;9
620;524;22
868;253;18
244;780;39
775;825;33
856;113;37
986;656;44
340;719;26
367;730;18
65;455;33
667;345;14
470;944;3
931;543;20
250;746;8
865;5;15
361;510;17
795;52;15
135;424;12
35;762;46
623;766;7
403;75;41
344;168;15
470;556;32
448;555;36
858;318;31
587;868;32
39;511;39
469;508;46
430;263;43
66;348;8
561;862;31
602;625;4
46;249;44
211;109;22
703;570;26
691;132;1
506;416;32
677;893;50
711;69;32
328;737;34
426;643;28
135;293;48
456;717;33
660;706;30
864;43;27
204;739;32
315;646;45
23;930;11
148;452;1
490;368;7
67;371;2
163;345;14
915;56;2
967;1000;7
996;782;34
956;717;17
835;484;19
380;330;17
242;30;30
936;108;48
95;569;2
362;723;34
809;226;41
477;64;21
366;977;9
984;636;29
800;37;34
198;192;46
81;537;25
602;82;22
990;140;34
761;587;20
93;6;8
228;362;28
249;628;34
486;331;40
328;795;22
842;153;2
786;85;32
1000;733;31
738;920;31
877;658;36
675;854;22
235;15;44
428;928;35
656;143;36
193;56;42
818;901;33
500;219;44
876;103;21
921;418;20
365;34;35
734;207;20
355;623;46
342;239;32
443;870;16
4;520;34
437;820;44
176;909;16
423;338;37
63;993;2
995;43;27
626;318;38
999;375;47
777;75;26
443;42;17
409;755;16
754;110;19
882;370;8
678;724;33
372;517;7
72;300;26
705;203;6
673;279;13
718;446;27
130;448;4
328;810;45
769;572;36
845;757;28
770;27;14
957;263;40
296;337;31
620;295;20
334;453;23
697;504;31
204;119;34
348;73;10
21;24;50
567;721;41
127;931;2
699;707;30
707;330;36
131;360;42
298;788;6
328;311;39
793;283;17
419;564;43
228;240;41
716;312;41
679;702;43
511;203;24
501;438;31
689;794;25
329;183;44
834;597;8
584;374;44
383;447;18
785;480;39
145;575;43
555;630;1
905;844;15
233;321;32
745;786;43
646;934;14
614;284;29
647;857;50
137;212;44
813;492;50
432;233;1
708;972;46
330;680;14
484;839;15
834;886;40
720;617;24
400;561;6
582;595;29
183;566;47
728;130;30
153;723;15
51;45;21
366;884;41
702;703;16
842;589;44
717;908;47
649;662;25
274;91;42
362;271;33
382;848;12
20;287;16
955;800;24
638;685;35
472;280;29
50;921;32
932;566;28
508;269;35
18;220;48
930;485;43
965;662;28
573;163;17
891;666;39
864;616;4
272;692;21
610;102;24
646;524;48
368;826;18
20;306;49
535;862;20
737;494;23
349;789;10
186;481;12
118;613;31
139;366;7
560;903;12
393;290;31
82;911;45
985;861;36
468;445;25
496;659;26
652;696;9
571;586;49
277;14;13
424;941;21
804;889;21
345;799;12
376;352;38
756;297;38
790;126;10
196;900;38
629;938;21
622;154;24
268;527;44
780;136;44
145;614;5
535;446;2
738;633;44
189;550;14
56;258;30
130;606;11
181;96;21
878;52;29
711;291;42
565;452;21
654;828;48
279;823;40
944;301;32
310;387;19
332;541;38
28;75;2
838;954;27
23;98;25
614;676;26
428;56;4
343;118;24
885;410;42
781;392;35
48;695;9
689;700;36
211;47;32
873;50;41
993;906;32
124;768;4
446;683;39
130;821;36
258;937;50
103;633;35
980;53;48
744;757;20
398;298;36
815;178;27
902;176;27
917;931;18
967;609;27
218;52;6
111;864;1
630;579;29
755;29;27
489;162;43
928;839;22
474;555;37
820;955;17
699;202;39
2;325;45
794;136;26
188;885;7
302;732;15
447;781;18
511;190;16
610;299;2
319;674;18
293;444;3
977;579;22
780;962;33
67;171;4
497;684;23
20;233;4
610;931;42
734;173;47
532;350;7
262;271;12
756;26;6
112;669;33
84;182;26
884;563;6
705;984;13
456;365;5
186;984;1
443;406;16
444;387;39
704;906;29
315;760;33
474;932;21
252;593;14
631;808;15
773;399;48
365;718;11
951;453;17
269;28;30
633;153;17
277;438;49
75;816;19
824;157;45
127;51;35
804;495;43
874;857;31
733;591;22
987;593;9
613;390;28
944;24;17
466;981;43
642;549;19
465;113;32
900;364;22
168;993;22
609;43;19
373;451;42
480;294;45
118;657;9
874;129;13
758;601;21
573;741;2
496;905;19
955;28;45
455;140;44
408;873;15
598;697;4
590;693;34
26;156;9
210;292;15
136;539;44
23;842;20
700;989;49
455;202;35
343;738;33
813;392;47
716;1;2
974;426;18
271;360;21
16;998;12
10;417;22
425;469;19
471;837;32
371;301;12
940;521;26
393;932;41
555;625;24
423;427;8
828;72;28
384;671;38
696;493;8
28;110;35
326;273;46
979;768;39
638;283;10
829;37;10
166;745;17
947;919;34
364;848;7
583;514;33
991;341;9
840;598;36
44;274;48
469;227;1
830;959;11
226;925;30
648;60;9
531;544;12
318;213;10
76;425;39
860;978;40
909;895;47
589;582;7
718;646;42
130;945;16
27;122;26
925;98;20
703;293;42
963;296;1
396;842;48
277;29;9
269;431;25
939;132;43
972;228;19
333;688;19
921;527;19
229;684;36
11;80;3
337;509;29
514;230;6
797;465;35
396;939;39
942;589;18
774;512;15
757;64;12
63;50;50
105;871;32
24;77;25
263;911;15
852;599;4
726;255;28
441;187;1
144;265;12
956;664;23
372;104;47
598;751;41
541;887;12
558;297;9
6;744;20
243;858;30
671;931;24
539;779;7
61;887;49
274;737;18
425;787;9
374;166;13
609;20;8
932;222;12
874;592;5
995;90;37
431;580;49
18;163;27
126;201;46
995;27;8
444;832;44
79;437;6
638;40;16
681;754;4
512;482;37
420;437;22
31;192;48
421;304;5
120;139;35
921;90;36
521;448;28
523;613;43
330;500;27
812;547;48
77;656;47
743;662;19
828;375;11
552;474;32
225;231;20
600;740;19
806;66;49
397;362;23
551;453;34
757;617;33
892;496;17
799;769;30
41;730;43
120;421;49
457;708;10
989;690;43
561;203;38
726;671;7
661;2;12
719;778;20
364;158;30
112;519;29
856;475;39
492;818;33
238;970;33
378;152;44
343;605;38
510;708;3
288;69;36
741;354;44
388;974;27
348;207;9
502;562;48
195;812;49
914;979;21
603;486;12
13;910;6
199;104;30
999;50;49
768;590;20
858;958;39
958;625;14
891;584;36
654;461;48
189;776;47
782;135;34
60;183;29
1000;670;33
411;812;37
98;699;18
301;767;49
427;953;42
234;645;49
687;917;42
828;192;13
634;840;5
287;601;46
558;882;7
600;858;27
318;653;29
180;282;8
30;707;30
244;457;40
433;919;31
261;24;2
749;840;12
438;225;23
63;556;31
280;309;50
572;11;14
441;306;26
329;329;37
836;699;15
981;249;18
761;416;37
958;957;44
490;684;4
161;819;27
861;337;5
383;645;49
192;895;1
90;849;47
631;388;37
550;832;8
389;891;30
330;736;45
696;579;32
876;43;31
934;570;8
438;434;22
623;149;38
69;23;39
934;925;34
507;124;14
369;994;42
465;991;38
74;845;13
514;108;15
696;655;36
614;48;37
43;17;46
906;38;25
26;959;35
787;607;24
501;189;43
371;780;25
106;853;30
965;684;10
94;164;22
408;952;10
374;673;49
357;16;26
195;248;29
424;812;19
661;850;8
48;722;29
109;428;14
280;232;27
508;838;28
727;57;25
685;374;9
808;370;39
710;632;31
605;160;28
806;881;25
572;829;38
782;907;40
672;82;21
966;328;42
91;687;40
243;211;35
362;883;22
569;54;6
493;484;43
944;627;48
673;439;40
603;10;7
638;745;21
895;42;42
338;642;5
911;792;12
503;862;45
489;271;35
428;188;21
216;674;5
452;538;47
547;604;17
472;960;2
260;837;26
305;549;25
439;983;5
590;449;22
144;647;16
414;677;23
853;996;22
963;520;22
669;382;43
458;373;39
317;990;14
70;557;22
861;948;50
13;328;4
547;813;4
449;33;12
121;238;25
414;334;22
848;450;35
860;182;46
90;691;26
587;401;23
888;591;26
940;691;6
34;754;12
384;887;48
620;634;32
106;30;2
95;51;25
839;133;19
668;201;35
649;359;47
11;439;43
798;907;23
865;112;43
431;174;1
499;396;8
623;234;43
95;341;29
876;305;12
714;935;13
696;639;36
387;317;50
792;45;5
146;870;23
28;618;16
645;40;28
302;808;14
215;261;48
490;817;32
284;808;24
198;968;17
511;246;19
313;818;30
937;360;42
872;875;26
346;709;27
510;16;32
138;496;22
964;51;18
970;145;40
796;446;12
365;365;14
533;348;49
343;326;46
291;953;27
846;461;19
542;772;4
906;759;13
933;637;9
983;89;20
309;615;45
979;289;44
809;959;26
114;588;4
595;558;8
410;937;25
267;146;27
748;800;25
885;771;49
855;631;40
771;904;22
881;377;23
701;794;31
350;716;10
539;167;50
903;9;40
449;54;19
787;839;34
781;741;34
353;83;35
684;166;8
253;989;16
273;786;12
569;836;38
539;339;47
562;182;27
588;865;24
610;340;33
447;48;39
400;548;38
141;459;24
273;755;36
65;838;13
275;398;21
610;648;28
239;543;17
780;770;38
120;562;34
79;306;19
357;922;13
548;909;16
453;569;2
472;472;47
850;368;33
563;55;43
859;75;49
20;892;22
469;463;28
724;648;17
449;427;15
850;354;38
155;768;24
376;619;44
366;13;26
520;262;18
509;523;31
165;424;35
506;468;19
686;896;28
873;615;45
878;758;24
234;440;16
770;118;46
722;807;28
213;970;34
271;195;5
94;71;41
374;393;41
349;680;24
129;500;36
924;968;50
802;472;42
860;700;6
869;381;2
186;885;42
261;323;17
126;412;46
537;727;40
433;405;26
568;933;14
884;61;44
816;941;1
207;618;33
614;891;45
778;31;9
238;781;30
502;252;10
44;413;3
119;519;14
738;706;39
92;306;4
719;843;36
679;265;43
99;750;38
434;820;25
813;114;44
717;911;33
209;941;23
809;703;10
715;95;32
396;401;12
849;804;13
326;111;10
34;280;22
92;762;44
244;680;41
903;882;20
829;476;24
73;60;2
956;683;25
278;343;41
899;807;6
78;408;17
693;616;23
427;122;43
332;552;47
712;437;24
780;464;15
702;170;48
163;310;40
342;724;20
558;941;27
467;746;22
839;901;50
688;195;17
295;336;13
431;639;7
44;352;32
518;222;6
207;78;22
425;637;5
52;179;34
67;142;24
536;674;23
662;70;45
557;636;18
373;374;38
658;948;45
110;551;19
679;443;3
234;812;37
862;828;7
706;522;20
117;39;45
922;706;20
471;414;24
474;466;46
492;218;25
754;603;40
718;939;14
813;202;31
630;890;33
699;41;28
901;805;31
199;262;14
856;590;15
381;883;23
110;982;30
467;322;30
110;827;9
427;299;30
172;302;10
830;463;40
424;593;13
28;757;13
608;199;15
365;316;17
958;574;25
43;907;29
143;687;33
451;426;19
710;910;42
141;813;10
471;242;42
298;520;46
254;484;34
317;470;1
273;929;43
372;326;8
756;313;30
141;1;39
472;467;2
486;454;15
290;407;46
491;946;45
872;942;16
833;725;46
183;417;4
677;937;7
371;851;48
966;967;27
424;402;34
635;633;28
13;643;43
700;25;25
398;624;48
504;797;30
528;42;24
304;256;36
352;860;21
509;980;37
794;454;21
585;807;35
433;456;34
978;691;45
611;628;36
526;87;43
484;557;8
505;424;25
748;240;37
150;560;23
603;734;42
225;135;20
697;894;39
843;165;1
695;77;43
188;117;23
887;994;24
75;484;46
352;514;38
941;57;23
785;937;29
259;259;49
862;243;43
642;810;33
741;930;23
929;710;26
64;43;25
74;819;16
357;309;24
629;205;16
306;850;46
972;811;38
184;222;42
445;252;14
156;286;39
380;585;39
223;974;17
955;267;16
92;396;40
42;908;18
764;854;21
524;204;45
684;550;4
201;304;18
93;17;13
623;227;48
904;386;23
456;36;41
399;309;28
839;8;47
824;948;9
465;712;39
693;822;33
990;841;33
235;408;40
540;420;28
113;239;13
943;899;2
964;943;27
512;771;24
482;670;5
679;664;19
430;892;13
213;717;9
356;347;21
913;731;1
586;587;27
72;228;31
599;892;5
44;767;27
737;198;39
148;334;21
733;632;8
378;397;9
781;573;4
290;225;14
399;599;33
766;917;32
793;336;38
325;693;12
58;859;13
410;557;25
577;523;10
325;266;16
284;596;20
76;469;18
252;926;25
590;153;18
419;990;25
635;156;7
477;535;40
907;856;16
933;63;46
283;100;39
96;206;9
116;215;34
947;400;32
690;648;42
193;827;1
74;463;2
390;578;12
429;78;9
712;783;43
116;458;27
396;994;31
52;49;17
153;573;10
15;125;40
501;155;35
525;110;23
960;196;8
950;450;23
646;279;24
992;614;14
368;876;22
204;274;16
336;641;42
608;820;16
508;49;5
130;615;27
169;514;40
850;733;27
855;567;49
18;119;29
344;398;10
932;517;21
493;995;16
94;915;9
63;426;12
964;297;49
500;379;16
445;911;22
681;765;40
587;159;44
445;123;34
468;556;35
340;912;33
165;250;10
140;204;5
565;1;9
201;387;27
503;682;33
462;410;34
128;208;32
751;589;22
821;977;26
378;2;35
530;941;16
525;56;9
638;945;18
224;781;43
166;712;20
927;608;38
494;265;49
53;236;37
351;203;9
336;502;29
399;39;49
313;337;50
174;135;41
542;501;12
323;816;14
439;198;8
838;952;42
964;952;47
985;451;33
483;486;48
554;992;6
418;285;49
155;325;46
833;982;22
336;489;23
512;562;34
321;309;4
954;654;13
501;476;16
839;83;38
405;416;4
577;857;44
61;630;17
553;534;3
555;808;45
715;646;30
636;698;18
799;979;4
988;301;27
725;249;50
302;353;48
417;59;50
415;591;33
559;130;4
112;37;24
963;772;33
347;2;46
822;833;48
881;653;12
307;686;29
340;880;21
822;892;4
761;98;32
80;102;14
288;981;29
462;678;9
724;656;21
373;68;30
94;380;29
813;820;3
530;784;18
12;355;13
324;832;20
195;150;47
183;778;11
958;829;22
859;933;23
18;672;17
122;496;24
679;200;7
152;390;25
138;387;17
852;68;5
662;282;35
16;295;16
859;476;24
280;155;5
395;692;47
920;803;42
981;655;33
721;34;28
242;13;31
823;297;27
491;649;43
773;671;6
428;574;19
801;40;28
622;648;7
860;706;39
942;102;6
483;490;43
78;200;2
436;850;40
89;802;26
285;333;26
82;612;32
76;676;22
153;899;18
248;77;21
376;22;39
659;29;23
74;851;40
965;109;8
720;677;14
421;761;34
445;253;28
727;606;35
842;633;38
282;739;8
601;192;24
277;127;31
584;253;43
459;36;27
492;784;31
22;26;23
718;736;15
730;497;1
474;874;27
107;912;11
333;345;5
21;140;10
901;930;49
963;107;42
503;838;11
382;244;9
675;91;31
22;266;31
292;1000;31
18;9;29
566;114;50
985;955;12
346;678;40
324;727;47
804;703;42
937;129;8
771;603;7
653;363;38
936;26;42
167;109;42
256;886;1
235;179;14
625;998;29
184;225;7
691;46;23
923;935;15
959;28;50
686;976;22
986;679;48
132;613;10
300;734;40
176;66;8
703;708;41
850;290;43
991;758;37
962;820;47
996;377;32
396;644;7
148;27;31
978;901;35
611;629;38
171;388;2
888;792;2
503;275;34
524;986;33
351;841;23
234;266;38
583;740;31
911;226;27
583;935;10
196;443;1
260;234;24
320;47;18
237;557;10
23;823;19
787;798;40
266;174;39
204;590;23
357;235;34
259;846;9
100;560;45
368;943;40
368;645;43
645;186;47
896;669;15
848;367;30
968;829;11
925;400;40
666;895;24
938;701;36
154;630;28
484;96;8
141;400;1
411;162;13
69;560;19
544;434;28
16;448;36
378;182;8
15;605;35
754;363;10
936;501;23
680;280;47
852;590;40
51;40;50
7;976;21
46;95;48
48;882;27
252;730;18
873;202;25
75;605;50
818;3;4
863;312;34
191;177;26
560;316;9
489;389;34
742;315;15
228;73;14
267;664;27
779;59;50
183;691;50
292;762;17
276;546;19
201;495;45
137;992;42
941;483;49
824;870;26
239;742;31
408;330;35
597;722;5
975;380;45
423;295;12
8;346;29
410;49;2
860;859;16
958;446;43
120;795;11
608;573;10
345;84;27
719;401;38
717;729;12
364;445;33
460;266;5
276;238;36
488;434;46
32;740;45
690;214;14
763;287;24
287;403;44
399;596;17
790;488;17
62;964;18
461;185;42
119;848;25
87;401;47
459;75;36
198;448;24
422;669;15
100;861;49
275;767;15
201;777;17
765;573;29
660;902;33
743;410;14
891;29;48
425;473;44
894;299;33
380;112;12
125;991;30
528;490;20
978;944;24
440;505;46
203;303;42
160;763;11
546;494;9
565;482;21
674;505;46
106;14;1
921;794;36
779;962;49
516;124;18
965;248;14
102;787;14
963;188;41
946;719;49
719;803;5
158;573;44
709;910;25
998;15;40
907;370;24
924;53;47
274;283;25
972;37;8
324;840;16
818;282;16
976;640;4
985;889;7
571;317;37
891;54;13
433;145;17
178;427;3
853;942;2
151;630;7
210;103;42
575;273;35
954;775;14
482;386;34
104;528;29
578;595;21
905;509;24
716;752;24
624;163;4
538;771;36
703;919;24
583;848;29
714;928;44
823;744;42
612;26;11
349;107;14
827;908;12
640;408;22
643;650;18
640;518;37
284;947;6
112;470;27
68;518;1
76;789;25
331;622;7
966;486;4
7;237;44
623;630;4
213;92;2
579;35;9
678;108;18
249;371;34
542;846;45
390;42;20
840;857;19
687;363;25
646;971;29
851;735;45
703;177;13
530;933;22
193;11;22
690;73;20
445;45;1
445;475;42
354;400;19
524;387;10
831;819;45
637;567;25
220;399;19
879;473;41
133;561;17
33;557;43
277;548;50
626;228;47
342;972;27
185;93;30
624;92;21
644;459;16
525;454;44
516;754;43
743;957;8
778;733;13
169;685;26
67;840;7
945;131;49
351;359;16
504;927;16
185;319;28
954;14;25
621;315;32
634;311;50
273;930;14
769;741;30
243;36;23
475;664;43
201;320;1
2;470;33
336;478;48
139;979;44
537;512;41
152;970;7
796;110;35
465;765;26
720;875;14
31;382;31
478;575;34
851;910;27
559;981;40
706;372;3
653;312;25
419;782;46
480;396;16
108;957;39
91;463;32
237;257;46
813;727;48
76;166;25
200;676;23
124;727;1
994;628;28
673;376;19
894;304;41
6;834;9
419;955;2
285;45;16
115;437;45
896;990;24
466;803;8
962;646;24
692;795;26
990;99;5
129;920;27
526;618;14
189;629;35
882;151;11
6;263;36
68;136;6
301;918;13
920;455;28
483;79;6
281;60;34
479;67;42
963;669;7
45;957;20
576;536;35
364;462;18
767;956;45
124;627;3
547;538;12
236;308;42
220;239;31
960;804;6
541;426;7
948;652;42
658;992;3
181;344;11
121;783;24
954;597;14
590;389;28
429;1000;11
777;319;29
260;843;14
496;701;37
299;974;8
636;916;32
640;350;45
55;496;5
431;604;3
928;662;47
253;87;26
451;205;45
133;254;50
791;490;39
550;311;45
62;630;28
960;645;49
969;857;24
695;70;5
615;646;34
919;133;38
344;173;35
27;811;15
16;780;18
335;503;3
480;25;30
82;128;14
625;255;46
705;684;40
84;749;35
787;874;35
675;371;6
565;661;30
629;994;45
844;435;19
987;93;47
286;788;6
912;413;19
417;643;41
112;61;46
143;204;11
223;646;15
376;898;35
687;821;37
272;257;5
518;553;4
477;3;3
701;913;4
262;326;17
768;498;17
760;651;11
391;936;43
581;758;7
448;858;6
200;136;18
253;142;23
442;457;27
700;945;14
650;557;11
980;493;13
809;192;46
669;71;1
708;579;42
987;103;2
528;44;4
706;379;14
840;234;10
733;370;11
959;335;14
738;527;1
918;684;24
388;224;9
621;54;40
385;190;18
514;843;13
350;472;35
928;366;31
354;755;27
545;573;21
984;402;37
812;40;1
341;775;43
874;98;34
824;943;32
488;823;28
877;681;50
163;88;15
410;14;27
150;752;3
958;381;22
587;173;17
559;768;44
896;49;30
580;378;33
246;42;10
512;728;22
103;771;16
790;893;20
492;744;44
324;241;38
666;183;28
914;216;35
784;207;42
518;264;25
582;252;46
191;532;46
959;972;27
426;604;16
104;563;37
565;974;46
512;861;3
92;9;2
813;41;43
899;254;32
489;851;42
629;972;44
843;209;26
334;882;24
63;396;36
44;913;4
569;460;48
66;890;15
192;283;29
565;407;9
250;605;19
48;6;9
363;430;42
72;765;21
976;550;16
124;762;23
350;667;6
952;5;44
836;177;43
944;18;35
895;287;27
511;406;9
826;316;47
881;96;3
92;124;24
363;984;11
930;132;46
237;571;11
645;333;20
87;191;31
281;188;24
79;563;44
233;872;32
200;506;48
534;738;2
431;680;25
741;783;28
818;301;10
514;935;12
930;497;42
488;716;17
487;962;26
647;193;2
331;560;5
107;857;10
188;775;8
426;543;35
20;443;21
854;24;11
340;273;10
860;502;4
718;108;14
842;516;34
34;585;19
253;133;18
290;764;48
870;717;36
228;778;45
90;398;25
172;585;8
972;952;39
428;203;17
915;19;27
20;980;22
629;53;41
981;504;3
557;486;37
128;749;26
218;472;46
396;461;23
946;470;26
320;3;5
363;845;43
651;584;47
961;262;9
485;885;31
961;810;40
112;139;48
67;549;38
728;762;46
904;957;24
789;467;6
75;233;36
128;474;33
141;494;47
865;528;11
831;421;7
846;433;22
392;608;26
148;753;37
601;378;22
2;340;16
175;528;37
880;971;13
348;586;2
824;627;20
127;872;37
116;789;6
484;440;11
197;915;22
335;13;49
139;148;24
334;300;13
242;821;34
483;179;33
313;134;39
87;307;12
907;959;33
353;570;27
150;845;5
61;284;33
377;190;32
12;897;15
764;859;6
216;805;34
282;421;33
995;393;35
971;636;42
756;549;18
570;14;42
437;388;29
228;485;34
157;675;32
803;12;19
660;900;38
59;559;3
22;660;45
504;82;40
35;951;11
462;943;31
14;522;48
991;850;20
333;767;18
387;5;29
521;416;43
163;69;9
803;633;42
575;528;16
352;187;35
953;347;14
866;411;14
97;547;27
54;907;11
651;55;18
143;240;3
949;606;4
959;152;11
168;57;32
720;231;11
236;371;23
574;488;17
548;464;39
312;62;29
578;74;2
858;558;3
362;91;11
591;86;45
264;772;36
957;820;38
991;116;24
692;248;37
233;305;11
786;529;20
475;105;30
48;876;24
32;119;49
369;174;7
464;735;2
312;346;13
751;48;35
233;835;14
348;229;2
439;465;24
267;966;6
490;440;28
411;569;16
86;285;38
371;942;7
397;726;2
893;498;8
296;277;42
313;854;33
666;132;9
934;858;24
783;137;31
688;885;17
101;709;33
828;551;50
244;683;34
892;310;17
508;616;14
299;334;30
439;292;15
79;816;20
561;608;10
164;963;40
932;15;37
703;948;12
560;66;19
364;152;39
758;538;48
878;388;44
709;46;14
592;713;33
156;440;11
866;589;29
828;189;2
757;401;30
404;604;10
868;641;39
157;473;42
421;516;30
256;559;29
317;220;27
403;19;46
910;713;3
411;34;19
82;169;22
65;206;27
44;538;19
176;127;12
769;696;49
89;610;9
536;937;25
396;566;30
905;787;45
631;100;26
838;732;4
219;665;45
315;688;18
66;259;39
913;679;28
495;39;33
393;672;12
848;882;9
829;293;49
378;26;46
370;687;45
701;850;10
206;146;35
2;130;6
356;567;21
821;930;12
218;914;23
876;887;48
111;434;30
382;32;28
67;861;18
494;250;46
731;925;40
303;913;16
878;254;34
453;871;23
287;406;42
790;783;15
99;299;12
878;273;37
662;119;23
143;87;43
552;503;40
601;274;25
974;923;38
744;109;29
860;106;42
584;701;38
935;446;10
214;170;27
765;434;38
806;578;3
807;921;44
888;794;42
562;45;16
21;571;25
889;474;20
604;840;42
115;900;34
777;933;40
84;443;48
633;533;41
38;980;4
630;332;49
488;488;38
745;589;27
51;439;17
209;586;1
718;967;29
11;893;28
967;619;23
330;335;17
65;866;7
64;532;27
748;410;19
717;704;19
760;417;32
748;978;14
587;386;33
302;978;49
157;224;2
979;580;49
361;136;44
790;969;35
568;57;10
718;745;49
864;151;27
741;194;33
284;174;24
417;783;27
749;663;12
492;55;8
770;487;48
953;798;38
511;107;43
310;65;15
508;275;13
832;574;50
304;155;24
244;432;48
482;958;30
964;564;35
29;834;12
308;543;8
152;639;4
689;455;16
783;982;45
580;467;15
624;708;26
269;536;38
701;650;12
911;282;22
859;923;3
137;239;34
841;114;39
4;497;35
858;126;29
99;875;38
983;690;25
263;814;38
819;844;16
77;273;47
878;507;4
590;654;19
814;103;24
857;309;9
221;323;3
576;55;22
247;102;5
612;182;35
7;496;36
269;814;25
509;913;4
252;419;9
714;65;50
557;547;31
257;739;40
463;660;31
201;193;45
183;296;2
531;520;47
674;19;19
194;242;20
297;410;29
141;365;31
987;680;11
773;150;47
722;69;45
267;979;41
981;812;8
911;853;19
777;566;30
620;444;49
834;717;13
689;516;11
899;328;43
763;358;11
868;465;8
400;331;14
564;869;27
594;818;21
820;930;40
918;798;48
357;683;50
853;503;16
818;637;45
907;560;24
983;395;20
622;695;46
427;889;48
882;819;47
692;196;10
40;757;10
525;452;17
445;188;27
360;48;6
877;945;18
535;284;40
118;692;26
940;553;11
132;118;46
868;959;28
66;899;45
34;937;17
722;402;2
966;200;15
18;494;10
221;781;8
92;844;36
735;503;44
776;15;39
111;60;43
830;4;33
179;564;38
900;828;44
821;448;8
516;660;43
619;936;45
962;481;25
879;521;21
715;700;6
11;503;7
449;919;2
553;905;42
714;618;7
668;830;40
897;558;39
759;857;13
715;104;12
620;533;50
289;255;36
869;831;28
728;367;36
273;393;1
163;210;26
452;769;21
780;89;28
645;801;29
181;335;37
271;714;5
943;316;2
748;523;18
719;1;15
549;783;46
213;849;30
649;739;17
779;638;45
801;213;38
244;300;42
287;55;34
269;626;22
861;290;33
24;575;10
4;930;46
712;425;28
789;909;24
365;183;5
225;539;19
64;651;37
207;308;34
761;679;11
389;81;7
923;698;1
119;10;20
283;322;47
679;493;19
591;984;47
472;786;28
292;123;48
691;260;17
87;429;22
831;796;20
761;241;25
725;304;36
150;933;34
281;289;45
602;110;19
265;274;45
687;366;42
645;229;46
666;366;26
27;599;46
768;319;20
4;146;1
867;172;46
667;876;41
890;501;43
196;524;40
157;663;2
937;431;4
175;936;46
243;589;5
651;475;1
670;963;28
40;154;36
512;231;45
435;477;46
476;376;32
272;48;49
53;728;40
896;6;45
485;573;38
194;26;41
712;622;48
806;760;33
502;482;17
627;749;44
833;560;32
865;85;32
431;975;31
324;417;39
189;229;8
866;484;40
51;595;17
664;581;27
512;948;49
551;223;50
482;250;45
780;310;35
9;849;44
118;855;47
207;118;22
441;639;21
560;528;11
870;41;38
564;480;44
643;155;31
754;792;48
866;881;26
578;532;38
93;503;44
684;671;30
459;548;46
549;295;28
922;603;2
894;740;24
481;796;26
829;22;47
905;543;36
854;662;47
46;596;12
992;364;37
182;819;20
93;288;6
743;914;29
571;279;41
336;383;35
630;438;21
968;588;40
439;391;35
523;146;13
170;264;34
155;243;20
89;109;41
275;702;42
453;396;12
634;324;40
650;113;34
619;300;40
637;797;44
158;655;25
248;423;29
692;826;3
585;659;34
601;839;10
749;292;47
357;571;46
63;466;22
380;966;41
405;734;22
718;584;20
613;549;14
374;621;22
592;432;8
169;499;44
838;749;28
574;279;22
396;57;17
802;603;36
922;999;3
973;272;4
497;123;17
962;278;35
913;430;32
753;886;14
304;545;38
747;100;34
323;751;36
725;90;2
120;104;2
621;404;30
991;866;10
948;483;48
309;822;23
495;23;39
662;302;15
293;824;11
150;393;25
473;783;22
931;253;2
128;632;7
914;95;4
685;842;24
723;702;25
95;343;33
112;195;47
597;216;36
683;305;41
785;375;25
713;400;2
535;478;49
426;12;34
713;897;16
283;46;21
949;662;35
347;908;2
236;759;26
84;66;16
169;412;15
326;568;22
224;368;37
872;467;23
958;510;30
909;279;11
352;558;35
344;544;16
793;720;5
727;977;14
955;367;8
120;957;9
37;859;49
147;314;36
645;63;25
853;852;15
710;209;6
618;378;42
743;262;23
728;281;31
189;286;28
969;713;13
944;308;26
874;855;35
330;93;20
450;864;43
406;966;18
749;319;45
991;717;16
126;434;38
742;3;13
444;927;35
720;983;31
834;289;21
135;743;43
296;415;23
648;190;18
267;270;3
781;331;33
158;471;39
439;835;47
982;207;42
97;72;38
81;269;40
751;235;22
345;956;12
719;703;13
241;643;6
238;511;6
584;68;9
672;734;33
462;342;32
133;670;31
597;594;34
567;808;16
804;282;3
974;714;49
464;181;6
648;794;16
555;657;50
444;989;32
582;276;2
626;718;9
43;539;26
436;679;26
457;488;2
654;206;27
706;344;3
585;95;13
372;387;31
96;366;49
291;153;37
100;674;35
617;606;26
547;958;40
819;581;34
450;812;36
217;544;47
537;628;13
394;192;6
224;552;28
904;474;37
72;594;20
268;550;47
305;303;45
427;447;16
138;33;40
170;637;50
592;18;9
126;952;36
811;793;49
841;682;44
960;365;20
542;197;11
758;740;40
102;691;7
792;378;19
872;744;36
609;351;25
675;970;37
324;637;4
941;915;14
381;548;1
194;793;28
781;218;6
35;1;9
643;206;3
820;745;31
138;793;7
256;337;1
73;922;35
285;781;25
329;978;40
795;967;33
503;789;40
189;378;43
22;68;32
20;866;48
929;221;8
891;913;2
602;646;49
220;617;33
627;548;39
951;903;26
715;354;7
388;393;10
696;105;48
208;770;16
508;692;36
349;94;22
79;704;1
4;573;13
689;57;14
656;671;42
887;475;43
150;863;50
384;380;29
895;724;44
926;212;29
716;550;19
898;700;17
977;389;33
965;512;28
324;216;25
558;302;16
19;256;11
339;46;1
774;533;40
155;575;7
914;735;37
212;669;24
52;156;16
792;881;1
302;396;41
45;980;4
489;110;8
105;930;31
741;355;20
449;84;47
344;754;40
789;377;35
818;559;4
199;890;50
534;578;14
684;861;43
478;236;21
186;805;46
204;603;13
162;123;8
686;820;22
450;520;27
819;133;11
549;354;13
487;108;14
150;646;22
476;269;13
870;739;37
220;142;45
110;875;34
77;561;23
272;724;4
575;106;39
150;101;38
938;718;24
525;55;28
338;933;11
598;649;29
859;542;48
352;937;37
210;764;14
927;204;30
872;325;1
22;186;27
736;347;2
536;953;1
406;90;27
478;665;12
996;479;40
694;296;3
964;338;26
8;41;25
792;643;44
665;10;18
630;247;15
939;428;31
886;286;3
426;495;41
269;367;25
159;225;27
310;417;32
442;657;29
778;873;39
905;774;19
55;446;16
478;544;47
693;738;5
589;773;19
880;13;40
550;338;35
607;493;31
975;732;2
962;241;33
381;758;24
872;649;28
322;869;45
381;296;19
67;764;44
509;372;35
26;751;23
325;832;23
21;484;29
714;301;23
398;807;4
144;342;33
949;857;9
80;694;41
534;488;28
133;145;2
52;368;11
842;89;44
293;403;30
350;690;18
892;801;19
611;767;34
895;623;34
679;923;35
854;87;12
235;707;1
473;758;32
170;542;8
950;264;35
384;998;46
810;469;42
984;366;48
996;914;16
15;248;50
853;74;45
595;674;29
712;524;30
884;267;50
972;348;13
755;829;12
44;776;31
39;4;41
306;520;48
42;880;32
413;799;42
337;918;25
220;536;50
394;974;20
941;180;11
12;413;28
572;807;46
111;811;2
247;541;13
336;597;11
419;552;19
134;25;16
424;267;32
602;733;29
322;445;37
308;559;8
159;386;16
992;667;28
269;436;13
59;96;36
112;563;2
905;701;35
195;228;41
102;845;15
323;391;1
288;985;15
829;662;3
926;103;48
93;495;33
479;530;41
698;927;7
892;891;1
416;438;32
417;200;33
763;937;6
910;859;34
667;671;50
80;338;36
401;186;50
887;791;37
176;138;10
717;283;18
760;910;38
527;525;28
774;992;2
23;222;28
120;110;9
785;340;50
284;496;13
27;31;37
175;434;8
171;783;11
569;354;40
98;776;27
341;571;29
535;281;21
482;745;29
665;701;48
173;866;43
471;613;6
865;390;7
258;501;26
67;725;40
448;855;49
38;270;20
513;622;22
472;408;2
717;620;20
258;291;48
719;352;16
507;778;50
699;979;46
638;605;6
378;467;34
349;445;46
359;388;13
956;659;19
613;677;17
341;846;12
793;830;36
909;95;27
229;692;28
291;857;3
458;698;9
344;831;9
317;35;27
754;618;39
976;869;10
541;940;7
543;860;1
660;761;32
997;555;43
699;199;32
800;192;15
338;980;12
551;701;22
374;56;22
538;357;48
684;529;16
286;173;39
793;861;11
704;705;25
532;133;13
31;607;2
547;885;35
716;91;25
996;257;11
303;936;45
942;365;31
85;547;2
796;335;7
9;525;41
994;717;31
280;81;32
207;271;46
630;299;12
289;992;30
211;653;21
690;552;47
781;393;9
271;417;43
729;49;10
42;852;23
3;845;12
420;825;7
121;344;39
65;811;30
61;154;26
177;237;37
945;794;40
717;97;26
697;964;10
332;661;45
416;575;33
150;236;3
347;93;38
417;304;38
529;725;9
122;741;19
211;784;49
103;795;25
3;550;19
455;887;11
620;479;23
179;921;27
333;42;21
116;261;44
776;779;49
43;765;32
118;102;7
531;349;28
720;72;19
538;964;40
74;502;22
927;419;35
409;994;31
716;238;49
472;141;9
807;704;45
520;24;12
62;203;43
39;271;37
269;424;35
678;580;42
765;707;16
673;497;15
902;459;30
807;52;41
16;558;18
888;429;3
670;995;43
725;832;20
771;835;29
140;972;6
478;235;3
10;672;33
835;885;36
319;377;43
869;120;50
291;17;11
256;719;37
535;95;29
569;33;2
193;13;17
835;193;14
834;296;22
432;778;21
177;372;11
213;515;7
119;603;32
824;190;37
84;59;45
72;591;26
528;872;8
39;587;37
177;616;1
862;76;32
477;818;5
767;902;41
135;886;48
603;677;29
852;296;9
146;550;11
815;667;48
720;33;20
485;304;30
78;695;1
39;452;50
670;619;23
209;923;42
750;604;8
442;898;7
76;650;26
650;151;35
253;719;7
43;4;36
143;276;19
957;19;22
856;717;33
641;96;22
516;293;43
491;357;35
103;130;6
861;23;11
412;292;16
511;665;43
623;364;48
311;988;27
588;468;14
866;950;20
998;250;23
607;113;5
918;56;4
978;394;49
756;164;47
143;7;20
593;440;14
168;903;47
187;166;22
398;935;6
633;529;9
400;10;32
428;374;9
665;874;7
315;178;43
219;39;10
782;348;46
139;905;24
865;18;38
912;403;29
539;424;28
260;250;20
5;901;1
105;207;46
504;263;6
894;848;28
453;166;32
481;781;38
609;744;46
843;758;11
475;151;16
194;538;38
983;147;18
346;456;33
406;27;22
861;583;38
311;584;21
777;814;46
753;485;23
211;532;15
89;364;20
933;142;38
127;483;35
999;43;34
737;992;38
245;372;34
369;723;10
662;205;20
190;859;50
205;473;42
941;502;34
638;964;43
373;632;47
911;277;32
556;50;40
11;846;12
369;602;5
964;651;38
943;841;41
729;442;26
873;491;20
489;736;18
927;576;12
315;425;23
878;596;7
229;927;10
350;347;13
34;763;16
239;102;40
583;100;31
14;125;44
912;436;35
475;614;29
118;491;50
629;115;31
75;514;18
147;207;22
792;725;20
986;960;50
263;717;8
178;593;17
981;718;48
904;732;18
404;698;4
906;535;13
692;198;29
949;166;18
167;421;42
452;174;47
395;250;28
983;650;28
100;746;40
419;729;6
885;503;35
755;564;15
856;264;22
406;729;4
388;138;37
507;315;18
868;322;44
33;137;8
303;862;11
786;97;47
157;353;8
806;208;14
326;4;50
286;359;4
392;595;2
869;503;38
592;480;44
226;158;19
618;185;23
781;442;3
326;590;29
574;881;45
478;585;35
566;170;1
265;233;45
252;175;7
79;248;38
958;832;38
567;187;41
497;652;25
429;778;30
180;366;17
620;94;29
293;752;17
36;570;30
596;304;48
323;414;32
888;687;14
72;367;4
847;551;38
332;992;27
891;56;33
532;122;19
686;973;27
248;860;2
383;498;17
345;873;9
187;692;3
985;235;48
508;217;39
59;688;35
548;409;15
61;484;39
289;896;5
759;388;40
886;566;28
762;121;44
765;863;48
729;492;4
674;596;49
547;721;37
119;147;37
49;351;48
7;54;40
505;338;30
88;829;38
773;771;32
755;802;27
206;317;30
745;812;25
489;864;8
23;283;25
427;30;1
659;556;14
307;568;26
118;466;6
106;847;40
322;337;10
90;426;10
194;442;35
77;607;19
854;365;6
399;651;39
787;866;47
214;20;16
23;349;46
987;913;35
677;701;2
521;739;37
827;107;33
7;173;41
853;61;32
725;384;30
287;980;49
499;59;12
807;342;46
984;439;46
175;938;13
134;1000;32
664;622;32
904;741;21
115;685;42
308;439;33
387;721;16
542;3;11
47;219;16
460;233;35
203;666;43
422;41;6
238;767;18
873;217;49
148;126;3
498;571;16
378;318;7
168;280;46
262;202;19
429;243;40
900;236;49
39;74;38
319;653;20
756;706;26
612;982;44
839;493;2
307;103;9
447;572;11
389;514;19
952;811;7
450;304;24
246;224;44
527;145;6
675;636;34
191;565;4
142;817;9
41;270;50
868;914;33
905;213;4
227;588;32
227;399;7
557;497;25
120;2;42
361;22;6
708;632;50
191;593;32
839;250;36
307;681;4
998;447;18
771;171;16
552;829;9
950;659;23
835;202;34
431;205;3
704;80;37
630;700;25
114;717;3
116;555;21
839;183;20
886;226;25
820;977;40
731;539;40
996;17;14
173;922;43
133;80;17
535;484;33
419;830;25
28;109;44
880;459;5
6;683;49
460;139;9
334;468;40
891;732;9
521;827;13
19;61;47
559;506;31
811;288;36
170;999;17
157;395;21
525;422;30
668;357;3
189;295;21
29;46;37
764;538;37
824;234;9
334;932;50
476;659;16
27;290;39
779;253;37
961;440;29
654;57;41
797;660;24
305;511;27
991;806;13
539;840;11
659;112;45
712;107;34
369;130;11
478;613;20
523;1;50
277;527;46
153;423;40
689;17;5
347;83;9
614;208;8
403;922;35
276;684;1
766;952;1
732;494;11
299;821;23
721;876;11
184;472;50
867;25;39
916;42;22
872;24;6
209;700;40
687;803;32
440;67;24
393;695;48
276;226;25
340;32;21
690;488;49
230;507;49
430;50;10
208;145;36
92;760;43
342;232;6
625;93;46
357;80;33
192;277;11
55;531;18
366;90;32
858;181;38
978;764;14
310;29;17
553;238;33
917;70;10
107;161;7
981;558;4
934;174;27
239;317;40
393;867;8
33;991;42
713;674;6
588;427;3
330;569;44
342;153;22
651;401;3
805;27;5
24;113;13
81;386;10
736;661;27
124;633;30
815;633;35
241;494;2
597;394;46
92;584;50
699;508;39
346;467;18
86;535;11
763;706;37
637;458;23
326;757;41
685;856;21
821;585;2
988;12;36
106;128;32
94;559;2
861;876;7
281;163;29
193;277;10
415;182;27
603;958;21
131;84;14
752;724;45
5;170;29
5;8;38
858;146;27
823;584;16
97;999;1
731;958;14
591;9;8
439;969;4
537;43;5
523;919;30
809;731;10
261;59;20
746;194;49
238;261;18
459;24;9
867;460;27
803;324;37
734;220;33
882;527;15
263;859;6
605;725;17
396;863;47
475;355;13
353;293;6
654;562;23
458;886;3
250;972;23
501;482;21
756;844;19
170;347;13
30;980;2
746;773;18
374;332;19
825;155;50
79;218;25
358;337;43
854;82;8
108;938;46
122;766;13
783;959;44
947;147;28
149;287;9
340;442;5
367;188;23
986;381;9
938;502;6
43;666;30
709;376;50
228;777;35
538;931;33
787;951;45
195;634;30
714;621;47
421;387;47
580;166;24
249;944;23
533;20;32
911;335;47
329;88;12
852;571;33
378;796;26
57;402;23
868;46;17
259;511;33
602;747;41
109;657;11
438;675;28
375;528;35
639;238;19
460;905;8
804;117;47
357;265;32
489;390;23
261;204;28
923;34;22
379;919;30
465;216;12
220;61;45
692;108;24
732;883;10
293;17;46
317;51;3
395;768;8
112;909;8
481;588;22
251;377;3
266;344;11
764;756;38
142;384;26
42;811;25
676;939;36
867;155;10
988;666;25
429;333;30
284;110;12
343;806;36
267;643;18
989;101;33
371;259;11
207;122;47
623;358;15
511;345;23
537;738;28
357;723;11
401;578;36
184;315;47
748;527;40
772;671;21
658;640;2
728;392;26
180;618;5
347;945;40
898;41;34
537;295;41
224;749;16
402;944;3
686;493;30
722;750;50
961;854;1
119;350;31
735;27;34
588;679;4
509;186;50
373;934;49
151;97;18
929;586;35
95;130;23
905;669;1
295;913;10
756;564;28
122;980;6
841;810;36
563;936;18
625;405;23
837;937;40
803;64;49
662;371;47
410;15;45
497;462;5
438;81;30
754;623;23
619;857;38
878;745;22
664;341;46
935;595;11
866;435;35
268;979;27
100;864;43
980;758;13
911;172;49
630;348;45
22;18;30
515;136;28
364;471;37
961;256;37
750;505;30
927;215;37
177;51;26
971;260;33
367;962;13
232;800;32
991;225;25
311;676;34
970;956;30
623;118;3
655;368;31
333;165;30
42;718;48
188;19;43
918;29;41
999;690;40
749;503;26
620;418;13
535;22;36
734;77;44
901;924;2
896;870;30
86;940;12
148;164;44
930;424;22
568;337;36
92;784;47
932;926;16
150;500;5
982;540;49
636;494;20
484;416;27
963;94;27
535;663;26
473;446;2
659;497;48
99;455;15
612;596;17
466;625;38
965;526;35
917;613;32
166;110;50
627;416;6
716;403;35
584;927;23
119;489;7
593;880;43
817;623;41
102;183;22
884;693;30
10;833;11
833;602;28
344;618;28
649;923;12
7;270;26
916;78;11
369;756;45
125;732;39
335;958;38
519;223;2
465;928;47
180;482;3
657;409;49
105;912;46
991;307;7
795;380;2
29;486;24
19;4;27
954;8;25
45;482;3
440;440;19
937;998;30
158;192;33
228;146;43
955;736;9
750;958;16
375;408;26
915;6;46
39;309;41
373;505;8
584;492;32
535;48;23
266;195;31
747;563;7
278;465;33
265;852;17
167;787;33
220;41;41
432;361;14
643;131;41
827;579;28
3;801;12
545;454;12
126;611;37
22;804;28
951;964;23
776;419;44
482;294;44
271;10;6
233;894;17
790;305;20
559;985;29
482;137;35
734;943;23
298;108;25
159;899;30
709;677;39
28;424;32
307;271;6
597;956;37
100;595;21
105;507;33
2;270;13
13;469;15
619;227;14
627;313;16
937;475;32
595;537;21
540;501;26
84;265;15
893;408;9
146;908;48
345;669;10
616;528;36
501;518;47
614;652;18
866;793;6
210;836;11
284;687;22
50;651;35
875;330;43
119;512;44
387;433;50
740;324;39
984;777;28
964;8;40
148;790;49
572;265;41
198;771;21
618;547;8
582;429;26
218;151;12
646;581;47
335;807;6
175;579;22
380;381;48
893;729;4
27;598;41
10;27;35
767;730;32
470;292;18
878;149;13
368;176;48
481;573;32
440;362;27
891;246;48
67;291;5
968;207;4
628;360;20
363;171;49
189;302;2
738;323;39
494;228;33
297;698;9
1000;876;13
109;260;35
949;776;41
632;818;18
865;553;10
381;74;35
935;229;1
596;582;11
224;180;46
481;936;3
82;382;48
226;618;25
338;862;19
454;556;1
427;490;33
161;142;49
144;136;42
977;10;48
5;676;8
264;184;45
83;72;2
634;89;25
874;222;13
643;488;6
234;777;4
506;45;7
856;31;17
279;60;41
53;184;18
352;144;3
846;755;42
316;325;25
60;906;10
41;60;5
345;951;25
808;932;29
584;785;20
133;209;38
704;912;17
499;277;44
668;22;38
878;214;13
384;553;45
388;94;19
529;490;3
883;287;15
44;634;12
795;444;33
748;269;26
794;3;6
421;728;8
601;179;14
278;448;38
980;855;17
698;47;31
147;104;28
455;238;31
777;444;42
725;923;39
636;453;36
711;598;36
28;425;49
890;326;30
769;192;3
137;268;40
41;189;10
37;731;5
894;496;17
349;869;15
739;669;4
270;968;40
638;893;33
890;202;20
290;253;1
68;611;10
129;643;3
333;716;28
472;109;29
699;91;3
854;123;19
473;167;50
460;707;27
427;391;2
616;542;10
700;74;1
40;344;45
399;578;6
813;743;35
955;67;21
533;57;30
639;501;11
50;708;26
731;656;7
150;827;47
123;751;16
772;929;17
93;424;45
497;235;28
876;183;46
992;825;13
12;545;29
793;521;44
232;338;42
330;506;29
492;291;11
536;319;18
121;560;43
203;756;7
530;602;36
234;595;50
4;168;21
572;869;21
203;593;13
868;453;34
898;243;30
688;13;12
419;794;5
107;871;36
452;238;28
382;129;28
76;915;5
433;80;6
336;976;40
605;694;20
55;667;42
34;43;30
858;19;49
464;100;47
235;539;2
876;754;13
329;695;18
633;892;40
256;688;42
476;529;30
408;922;18
467;40;34
481;973;37
453;537;5
533;44;5
112;870;40
723;998;48
899;596;34
954;6;50
290;40;7
397;328;44
342;527;1
838;514;50
773;859;11
485;404;8
305;736;9
438;981;12
74;906;36
659;715;30
434;652;35
950;872;4
847;271;3
526;404;3
875;172;7
174;222;25
555;229;48
376;280;15
482;71;16
982;93;8
223;688;10
984;58;49
443;859;26
525;275;29
458;317;47
645;616;38
212;643;21
979;412;4
854;469;26
208;372;36
634;48;33
412;567;19
371;494;49
781;252;30
667;950;32
964;309;16
599;644;33
423;407;36
9;955;10
421;455;19
286;413;31
171;907;15
179;641;30
158;506;6
675;412;40
743;979;28
481;835;23
807;857;25
343;388;43
29;658;9
338;860;6
490;999;46
940;955;50
2;303;30
740;634;46
939;1000;16
677;878;20
699;518;13
624;529;25
329;675;24
133;123;50
198;224;31
671;611;19
717;38;31
530;681;10
157;327;32
845;29;22
88;295;7
613;5;50
279;105;24
744;605;44
426;994;36
904;831;36
785;159;33
589;263;18
821;228;20
339;34;36
881;571;25
424;631;5
561;891;26
196;137;37
59;515;12
478;144;26
553;823;47
202;861;7
572;141;7
913;10;3
826;497;43
38;140;44
859;384;24
870;82;50
916;407;28
957;476;41
719;707;11
823;99;26
179;178;22
53;117;43
555;309;17
344;825;3
197;996;44
387;348;17
638;458;14
792;215;30
750;225;25
686;796;32
695;862;25
943;710;22
595;833;21
869;272;1
439;173;41
604;575;27
156;637;1
492;757;3
424;104;38
159;457;32
135;700;40
179;63;22
675;328;14
239;828;49
215;195;34
402;801;46
67;866;50
698;891;17
467;819;2
17;57;20
419;19;4
480;957;33
425;100;50
619;578;1
921;800;35
391;401;10
541;93;34
953;204;6
397;788;14
869;87;7
211;345;29
466;218;31
533;98;20
52;356;41
485;732;10
575;567;37
1;58;1
614;65;12
402;483;36
429;276;42
422;632;8
944;576;38
141;178;27
60;730;50
553;151;35
595;20;12
279;520;35
228;623;30
922;269;3
983;733;20
393;437;1
830;903;41
58;127;26
393;349;40
529;364;38
896;43;7
11;317;29
235;74;18
446;276;48
186;846;46
434;664;15
387;760;16
59;961;42
917;264;27
844;887;47
772;322;38
646;216;43
187;587;26
355;161;36
225;365;20
475;544;2
601;964;33
403;236;39
945;729;24
833;644;30
73;904;48
917;220;3
61;717;49
911;6;4
396;133;16
511;503;30
53;70;36
596;326;23
204;961;27
574;948;20
449;412;46
121;888;12
295;90;49
297;540;36
156;882;21
340;12;11
286;57;37
908;936;11
899;784;29
435;584;16
789;796;22
798;937;15
244;686;17
426;881;27
813;913;38
744;151;4
42;999;5
658;103;34
205;177;47
474;592;11
109;784;48
407;30;5
327;360;6
412;290;10
447;963;19
343;55;22
6;212;10
50;981;30
720;482;17
821;706;2
836;846;27
878;912;18
38;388;15
27;92;49
31;174;45
802;291;17
386;275;10
271;840;36
251;827;16
846;138;43
486;875;5
993;612;9
865;149;19
85;458;5
977;436;39
85;951;4
741;284;47
204;780;43
605;7;18
10;33;37
337;896;24
235;284;8
491;867;15
193;854;26
655;851;40
429;429;15
928;616;25
955;848;29
81;180;41
721;732;2
807;46;35
722;84;14
259;501;14
369;172;39
591;279;6
918;729;1
467;115;21
888;344;29
702;243;44
637;758;29
817;644;33
891;822;50
976;516;50
925;787;36
955;433;20
332;424;32
534;118;1
222;318;41
484;515;44
940;610;8
140;329;46
152;118;28
17;169;24
503;48;16
201;523;5
399;671;48
962;695;35
812;805;40
402;599;26
703;207;18
498;321;34
997;433;35
573;647;48
98;637;19
525;470;3
908;696;1
421;940;2
815;513;49
645;329;27
694;459;49
454;629;36
566;883;22
711;553;28
40;452;6
399;262;39
63;996;7
159;240;38
560;890;40
270;575;46
632;595;29
206;920;4
606;990;40
149;357;33
438;301;42
149;610;43
201;120;37
64;406;4
67;157;23
128;58;45
886;979;33
968;789;20
294;452;50
825;813;23
914;384;38
519;774;40
762;621;23
399;755;44
257;779;31
760;107;10
965;271;21
682;496;44
606;456;4
563;956;6
793;680;25
884;853;50
738;432;31
626;644;32
856;251;32
871;300;43
906;325;39
827;447;2
496;30;8
983;864;45
344;430;22
90;338;29
511;291;21
131;995;13
172;401;10
921;795;11
273;872;11
268;570;38
347;68;24
120;479;26
900;117;24
81;196;1
332;623;42
484;994;22
277;522;48
589;273;15
955;1000;4
165;776;49
892;274;36
127;998;26
286;931;8
272;113;17
580;336;12
893;508;21
621;286;19
805;203;32
589;661;24
310;985;2
374;334;2
854;770;11
938;539;36
778;550;14
958;88;16
181;970;38
311;225;12
766;24;47
115;702;18
233;789;40
419;636;6
121;428;39
750;29;43
645;535;11
741;382;50
805;970;8
886;393;6
574;54;5
681;398;38
716;723;18
431;605;10
559;166;34
937;668;16
584;53;45
329;2;35
882;619;44
33;303;41
382;963;7
700;73;47
44;711;14
107;741;22
927;418;29
776;632;11
158;131;12
730;463;13
3;887;31
11;582;48
788;554;1
467;430;16
644;869;41
660;940;14
860;104;13
726;101;38
963;515;38
652;890;7
485;554;42
667;45;33
75;490;29
515;690;21
322;783;37
968;839;15
167;549;25
320;140;29
218;579;47
751;738;49
233;386;5
482;950;41
140;499;36
789;850;16
339;575;13
868;469;21
998;704;5
447;212;4
693;591;37
925;6;5
439;574;23
788;342;40
234;471;19
646;4;47
943;285;12
865;830;48
126;129;24
974;120;2
887;571;30
528;151;3
596;957;11
92;164;33
917;353;25
313;663;15
91;232;20
263;896;25
443;763;44
267;995;40
482;274;6
930;784;16
414;688;20
455;221;50
580;520;42
412;563;17
940;438;48
24;226;32
368;935;36
352;306;8
627;795;16
871;856;13
744;209;18
107;40;18
505;87;21
116;762;48
83;179;6
261;704;34
453;221;36
536;793;45
802;444;2
183;447;19
441;128;16
983;784;7
820;634;25
467;375;19
904;739;38
955;691;34
430;910;50
346;846;44
899;978;22
899;428;21
627;903;45
975;489;42
155;373;43
507;890;7
691;436;36
17;728;39
851;547;27
724;135;44
524;282;40
615;687;32
685;859;17
707;854;47
890;789;16
988;533;10
118;958;5
807;7;47
76;692;3
922;877;29
40;489;9
868;760;30
428;292;17
588;1000;25
99;959;24
533;121;1
426;254;35
348;620;49
968;684;40
781;818;37
655;556;1
900;747;12
739;245;13
341;628;20
521;38;10
89;970;22
3;251;20
225;482;49
584;459;13
913;131;8
537;471;35
173;35;49
276;523;30
710;362;18
698;456;11
350;974;17
216;760;7
267;265;47
81;8;38
259;921;11
711;692;24
955;337;45
37;637;12
961;431;35
146;238;23
978;446;27
947;67;9
29;397;7
555;102;22
420;293;50
153;368;45
755;865;21
657;991;44
491;644;49
928;344;33
733;23;22
329;771;41
828;718;35
988;79;32
87;320;5
293;882;11
225;154;3
818;486;18
511;312;28
284;908;22
145;784;5
902;269;26
586;691;12
902;510;2
964;759;19
471;407;47
665;988;34
250;57;48
844;637;48
784;12;41
370;379;38
30;293;46
253;997;16
173;880;2
955;242;46
258;532;45
342;998;40
591;90;15
241;171;34
537;58;1
961;582;25
365;343;37
750;489;48
702;947;31
772;58;48
457;565;45
960;168;37
519;20;16
362;344;14
691;92;39
597;499;44
216;499;39
565;828;20
125;127;6
764;361;5
807;386;16
762;156;32
555;345;33
808;756;17
360;206;21
143;592;41
789;900;2
413;655;18
532;990;10
473;889;32
716;59;32
476;410;13
211;246;2
966;724;36
710;335;33
195;629;45
291;570;24
618;780;26
559;495;32
132;534;44
667;224;38
46;610;44
688;519;49
665;430;46
763;402;48
591;182;18
108;208;13
429;762;44
700;907;32
482;338;16
33;205;12
208;977;29
435;706;9
649;930;32
689;309;28
773;206;27
386;244;8
288;495;15
101;896;18
202;996;9
778;710;26
916;967;33
948;227;2
34;470;16
617;787;38
18;507;29
765;514;39
730;51;29
548;738;29
561;403;8
692;81;26
710;71;47
917;265;41
685;430;21
915;945;8
712;812;16
191;282;9
691;719;49
184;43;1
582;47;47
645;121;38
35;434;17
427;827;42
149;318;23
889;807;50
974;749;47
803;738;31
349;7;25
392;670;25
421;841;24
518;393;16
898;604;15
19;65;44
594;704;36
774;511;12
859;498;11
794;327;23
470;586;13
179;422;16
35;312;48
593;924;4
175;696;48
314;104;13
603;828;43
541;117;22
54;2;23
636;24;27
224;113;26
713;486;50
66;363;25
268;311;21
590;972;37
817;977;36
763;867;1
112;405;39
49;38;41
384;461;14
333;502;7
248;73;41
444;476;25
813;1;41
975;664;28
788;790;39
360;241;35
393;732;2
849;42;46
838;859;19
155;892;25
701;683;20
64;695;50
281;838;19
850;645;26
879;798;40
358;800;21
505;629;36
556;923;43
491;655;37
802;647;3
49;874;48
61;265;32
414;520;42
24;791;37
796;714;27
219;399;30
550;632;1
909;224;16
987;721;50
929;372;29
206;2;49
91;49;12
124;725;49
926;32;44
606;866;3
524;862;28
595;508;3
977;264;9
248;629;16
406;906;3
930;931;7
980;346;24
30;84;18
362;519;16
947;750;30
178;328;47
760;589;1
722;169;48
998;710;27
351;936;38
73;166;7
526;481;45
181;787;1
818;953;46
906;902;49
10;70;6
725;310;12
601;19;18
15;626;19
351;694;32
631;835;44
185;581;31
613;649;38
435;290;31
132;409;23
16;49;38
30;53;2
239;201;11
167;142;46
313;828;31
20;799;48
380;771;20
35;459;13
668;263;32
570;582;22
842;758;36
853;656;17
528;370;49
32;475;42
285;478;50
716;61;12
670;984;33
677;36;14
830;78;34
356;102;17
212;293;16
984;387;35
75;732;24
666;337;22
914;819;6
416;786;17
51;345;49
674;558;9
276;236;25
842;142;5
825;590;25
36;458;19
309;234;48
409;646;3
747;11;35
68;241;24
724;226;46
920;614;45
295;257;17
335;543;45
878;286;22
291;284;45
282;80;40
291;90;12
744;601;32
853;46;13
389;868;15
568;311;10
119;781;50
427;22;37
110;560;28
794;23;37
598;728;37
86;571;32
575;253;19
48;597;43
363;877;19
342;405;43
582;821;2
198;990;35
967;446;21
89;990;39
194;200;24
743;548;32
681;263;9
236;680;34
429;680;36
846;704;1
901;765;9
50;542;41
652;977;27
10;907;14
374;909;32
744;371;34
567;632;20
705;248;15
605;161;28
801;809;23
742;45;2
717;33;5
741;140;42
101;135;16
329;204;23
451;259;9
197;727;29
590;539;26
379;174;39
699;592;44
889;260;47
915;399;10
860;981;49
113;832;1
590;655;41
598;899;23
513;525;35
9;468;3
912;692;37
34;919;43
234;974;24
25;967;19
41;114;42
332;292;12
262;590;45
800;275;31
528;967;22
514;294;4
533;588;50
795;357;24
132;29;36
601;512;43
387;839;17
88;269;3
924;202;10
609;908;37
109;790;18
700;13;36
637;565;11
517;877;1
651;570;21
46;444;2
175;75;45
53;499;19
537;366;28
78;311;32
44;842;10
565;475;15
819;327;41
535;60;14
414;228;43
511;913;1
692;671;35
785;51;4
180;429;48
970;466;22
194;228;2
731;986;16
896;271;28
871;690;28
336;542;2
102;749;36
993;506;20
505;687;15
696;22;15
884;792;25
752;633;16
187;265;25
933;714;23
79;562;7
849;447;46
478;687;25
146;333;7
37;582;5
465;520;30
40;614;15
833;660;18
633;871;44
638;835;38
665;505;17
11;836;43
149;336;31
567;933;44
471;352;27
920;688;33
562;336;34
377;649;47
986;894;4
499;479;31
194;270;29
171;75;31
66;603;4
644;707;21
228;205;34
799;483;6
405;539;5
746;876;43
46;374;40
150;919;34
797;545;40
892;723;38
1;773;34
862;120;9
263;252;20
548;452;8
142;146;43
715;366;33
743;868;11
504;571;31
773;365;48
199;375;43
695;401;19
701;679;41
86;990;49
344;18;17
423;120;38
538;389;38
928;480;13
421;634;12
494;467;16
237;980;14
175;345;14
908;134;3
55;717;31
221;254;4
66;632;30
395;613;48
128;518;7
716;575;33
777;26;28
824;22;21
261;841;32
440;119;46
878;746;25
960;181;1
434;56;40
389;169;16
250;796;11
273;321;7
94;272;42
10;767;22
248;245;11
29;698;45
667;231;43
302;293;7
951;17;34
819;983;13
185;759;30
502;450;17
575;89;8
339;61;3
476;357;22
525;734;7
958;241;8
574;788;47
699;771;45
631;805;45
605;443;8
960;675;4
816;430;41
211;706;10
898;850;21
836;436;21
766;597;10
619;520;45
146;918;9
610;649;20
268;335;12
882;427;10
719;671;5
303;253;25
729;727;1
171;523;3
301;129;27
642;407;24
536;71;11
529;993;39
771;629;4
158;408;30
604;391;48
743;378;18
156;687;37
824;270;31
301;96;16
654;225;7
580;200;15
23;49;16
209;930;25
517;362;26
735;617;12
588;730;24
959;278;11
954;834;39
85;553;38
485;955;19
36;760;11
474;338;47
65;636;39
409;921;27
777;285;7
279;827;3
665;89;31
146;102;29
780;837;43
854;724;48
560;264;20
426;331;11
92;317;1
835;55;22
790;685;18
780;913;37
849;236;18
963;994;37
113;381;11
1000;648;15
88;568;50
165;962;48
980;747;3
803;297;35
597;405;17
933;42;5
53;574;46
616;582;34
689;402;43
925;521;29
525;394;7
119;433;50
12;791;34
177;635;47
416;976;9
681;65;46
461;30;29
87;71;1
803;869;14
957;896;4
772;221;23
377;686;44
5;643;35
610;905;4
897;654;3
87;387;6
950;823;5
57;294;26
182;236;17
101;694;43
907;191;33
103;248;43
936;738;31
285;219;36
731;526;4
260;448;49
259;73;4
313;361;34
492;975;10
19;26;9
436;246;48
1;149;48
350;634;8
798;664;12
593;94;26
868;677;29
673;255;2
261;900;19
515;951;45
686;321;37
730;990;11
156;567;10
428;884;2
174;629;24
208;680;5
438;598;31
564;109;39
713;802;1
860;637;37
842;660;15
470;793;27
552;546;44
102;122;15
96;417;5
456;177;11
210;346;13
165;21;48
359;26;13
152;530;19
966;907;14
406;735;49
319;946;20
602;822;47
793;826;21
5;758;14
343;902;48
951;136;29
791;70;31
321;669;36
418;478;16
120;603;25
761;96;18
393;50;24
523;759;5
289;430;45
722;156;15
61;410;30
898;861;30
841;62;36
726;63;34
767;268;16
281;557;18
829;855;7
249;706;4
143;433;27
256;16;44
725;864;29
457;603;50
149;940;35
345;539;23
623;619;41
913;163;3
553;210;38
617;251;30
784;991;38
641;994;11
38;200;6
588;206;27
682;994;32
382;991;1
420;828;1
112;109;2
467;621;19
229;691;19
30;844;47
717;446;29
361;960;48
184;662;21
121;66;7
803;213;29
690;406;22
537;800;30
356;694;13
301;17;28
880;768;40
506;56;16
283;421;22
461;928;38
544;183;12
837;335;42
428;33;28
772;830;2
943;357;33
965;825;5
714;659;24
750;11;14
308;317;42
619;307;28
215;808;43
541;415;10
511;691;41
886;434;9
695;795;2
360;830;2
970;374;1
913;282;12
238;513;35
440;13;48
301;583;37
576;379;4
679;982;4
159;19;14
214;950;34
589;947;3
314;722;33
846;396;44
495;780;25
557;683;24
843;303;48
489;361;19
407;298;35
644;624;16
172;648;13
222;4;14
566;743;40
276;280;14
292;880;43
140;41;24
855;779;38
481;269;47
967;785;4
700;955;38
85;643;10
872;585;38
189;230;8
763;879;36
17;725;36
207;490;21
65;743;32
168;666;26
986;554;4
18;221;10
939;51;42
435;568;15
170;720;36
271;373;27
417;527;32
334;552;16
871;405;1
929;471;34
270;556;38
372;776;50
771;672;42
170;323;48
389;605;40
48;394;23
201;913;47
9;729;8
838;974;39
481;776;43
820;953;16
436;6;48
682;392;25
105;226;32
69;275;42
345;753;10
21;129;32
836;498;36
656;873;44
109;543;14
288;346;26
653;242;26
340;675;3
949;527;43
346;281;37
459;546;49
966;186;49
483;610;29
514;101;7
515;689;24
658;698;10
977;107;31
690;185;27
503;422;34
461;781;36
834;184;21
563;648;13
59;955;12
177;444;28
983;426;39
168;543;48
712;94;21
174;848;37
773;646;39
960;553;48
824;644;27
345;919;45
884;633;2
125;964;40
842;611;28
124;538;5
595;330;32
787;377;10
424;883;30
330;171;1
391;286;20
287;265;16
307;778;16
598;227;23
523;949;42
629;132;35
664;34;50
711;712;40
610;669;49
108;100;28
715;217;21
169;581;17
440;488;47
497;654;42
186;283;37
635;620;3
800;79;9
350;753;47
460;911;17
313;262;23
311;259;16
695;16;11
15;260;9
742;259;38
286;371;12
184;682;43
672;246;3
472;588;41
37;823;42
141;537;17
141;346;19
120;173;24
874;496;39
110;496;35
31;163;5
220;320;25
882;658;15
302;286;42
131;1000;32
514;876;15
432;391;46
23;368;31
727;251;1
164;997;45
545;466;10
981;323;11
904;999;1
899;604;50
681;189;34
957;95;21
658;870;1
882;286;13
582;287;14
873;112;5
344;958;46
160;554;23
226;109;32
914;63;18
491;319;3
456;860;50
879;867;18
682;326;12
552;290;47
65;990;6
892;960;25
748;625;41
274;433;23
309;654;50
388;820;7
512;464;41
406;510;4
401;874;12
46;103;42
232;177;1
660;153;10
545;143;25
48;832;25
450;443;30
83;467;50
420;161;1
677;62;14
793;438;40
253;745;11
723;324;50
502;806;33
187;903;32
105;151;33
978;41;15
214;394;10
128;800;1
591;674;2
833;652;9
614;898;11
757;708;27
445;840;1
815;850;4
204;280;11
320;207;38
214;647;38
614;976;21
401;342;24
239;216;17
174;77;39
842;872;9
882;460;1
209;407;2
587;392;6
625;230;15
467;26;4
518;442;19
123;158;3
962;888;33
109;865;47
90;562;4
762;612;11
124;277;36
761;303;22
45;226;38
721;243;1
36;366;16
734;623;19
519;98;13
629;729;4
684;704;18
380;774;33
857;623;11
870;676;30
751;707;30
874;962;42
838;442;40
834;360;32
283;994;18
140;396;19
904;795;50
526;753;32
950;623;49
130;836;29
432;89;21
616;860;42
529;562;43
142;571;44
420;232;21
340;568;36
546;134;28
445;924;43
812;231;41
250;346;19
643;376;4
655;21;19
896;261;36
713;885;46
182;842;25
864;269;34
714;719;36
128;696;42
305;234;9
78;836;39
50;352;4
258;797;35
803;345;8
296;535;19
941;542;17
191;533;38
724;5;44
223;570;1
788;691;19
23;374;10
107;701;16
373;195;49
92;904;23
971;798;33
413;851;38
835;434;50
499;10;48
722;484;31
733;131;24
288;2;48
239;962;34
967;803;40
433;309;1
989;367;26
908;394;9
537;132;10
670;53;9
941;245;46
338;315;40
547;39;26
665;138;44
977;897;11
314;267;40
986;566;17
883;779;39
297;872;28
331;379;15
310;966;48
806;742;36
567;106;15
733;415;50
496;635;19
305;155;3
837;217;26
521;518;7
523;94;12
277;302;36
6;235;19
107;201;33
397;214;42
898;291;23
985;136;13
549;24;23
653;41;35
619;522;25
194;889;24
457;263;34
911;797;34
674;482;40
507;191;22

