1000
25107
6000
63;94
51;2
4;61
78;85
34;93
78;55
29;72
39;85
45;28
40;5
23;70
75;89
10;48
56;1
43;18
13;15
30;73
73;60
36;61
100;81
55;5
36;29
21;74
26;46
69;13
48;36
94;38
4;21
6;10
49;76
5;89
77;49
4;9
96;17
44;19
40;31
63;39
35;18
13;27
97;15
60;85
6;35
8;87
20;3
3;4
30;60
57;53
43;49
34;74
58;16
49;38
63;89
85;79
54;62
2;75
63;60
87;49
6;11
96;19
9;69
44;7
89;69
76;6
50;92
2;29
72;34
65;80
75;37
9;50
93;70
41;6
76;57
18;67
47;76
97;59
82;57
5;11
10;21
18;39
42;20
28;1
9;46
77;39
65;17
96;46
78;30
16;47
84;34
91;77
29;9
17;98
63;86
66;14
50;33
59;34
63;43
63;62
22;93
61;80
42;71
78;54
39;17
96;7
23;39
92;95
82;26
30;42
40;95
32;2
57;24
23;25
14;91
71;48
43;14
36;15
1;61
33;91
41;15
61;78
90;36
73;3
52;12
37;65
78;34
91;70
91;84
54;36
21;54
64;48
63;62
76;88
82;54
12;30
87;29
50;100
19;41
41;83
27;95
43;88
79;58
34;42
35;85
68;81
70;58
91;49
39;24
60;14
65;26
36;100
82;31
53;12
28;54
72;54
49;26
70;71
13;42
57;26
34;100
1;82
68;33
40;23
47;57
63;54
10;100
39;61
90;88
93;92
44;51
42;93
72;86
55;45
55;44
81;51
92;60
36;21
91;70
78;79
38;60
63;100
18;30
28;63
82;1
25;66
43;29
57;34
72;14
34;44
73;31
5;16
100;6
35;84
35;60
69;28
5;78
46;12
43;35
64;84
27;77
35;63
57;98
22;55
91;71
34;58
83;55
53;58
51;70
84;47
96;97
70;86
8;71
65;2
7;71
34;43
45;21
73;34
95;19
63;3
71;32
41;44
13;56
38;24
12;43
9;28
47;76
96;29
42;50
53;9
9;58
95;36
35;96
65;17
7;16
67;95
44;10
6;54
20;45
55;33
32;89
96;41
94;81
87;54
80;75
84;46
57;95
34;64
98;75
89;78
27;14
47;10
3;56
8;7
18;20
29;24
59;69
78;95
91;67
80;64
49;36
51;25
51;32
15;78
34;37
90;30
30;31
58;16
20;39
45;16
73;80
67;38
8;47
95;34
21;76
83;67
87;74
65;46
47;60
19;58
98;15
72;96
76;4
100;33
67;14
55;25
40;89
89;73
77;66
95;22
44;39
50;31
24;3
16;28
22;31
65;60
67;4
99;86
77;74
22;18
7;14
15;46
23;15
92;76
51;91
26;74
8;20
11;5
60;75
15;100
87;9
14;65
68;97
90;62
53;47
88;54
53;63
94;99
90;66
12;31
81;53
19;27
74;67
26;68
8;17
34;30
1;50
13;76
67;86
87;97
49;48
36;1
57;31
38;59
94;82
83;51
73;61
48;17
8;12
98;9
64;42
4;10
26;11
62;65
22;94
33;47
83;94
25;63
94;29
8;19
57;47
15;79
80;78
92;68
88;51
43;62
32;73
90;48
21;22
98;93
57;37
47;60
37;83
12;49
89;47
39;19
5;42
72;15
85;85
78;27
29;88
26;77
3;87
21;99
47;76
16;51
25;100
67;31
10;29
43;10
37;66
17;31
77;73
61;56
29;1
68;84
59;39
66;49
82;19
3;52
6;53
25;91
2;79
63;9
94;7
65;71
27;13
61;67
69;41
54;49
64;15
20;37
86;92
44;91
80;42
53;63
44;45
100;29
44;21
36;22
6;84
47;38
31;76
74;82
69;90
72;10
69;66
11;15
3;3
15;5
62;64
91;96
20;24
45;22
86;63
30;94
48;82
24;1
73;77
86;17
14;41
2;19
1;7
77;73
72;28
71;90
44;84
61;6
54;55
29;81
81;12
90;29
62;43
53;3
12;33
7;76
86;48
73;9
56;58
54;97
23;48
69;67
46;74
71;30
94;100
59;10
24;33
69;54
86;9
89;21
81;46
51;82
55;56
80;46
29;86
2;93
15;37
84;25
59;23
49;68
56;88
44;26
8;77
46;2
62;87
24;93
15;32
96;93
27;25
39;9
21;87
73;86
16;100
16;49
56;7
14;76
32;96
35;44
81;21
76;25
57;33
99;81
35;10
71;79
52;100
23;87
96;86
55;36
38;37
42;54
24;9
40;94
19;14
57;60
15;40
11;39
11;66
21;61
49;89
32;61
54;99
55;2
81;39
19;78
45;53
26;97
36;81
58;49
23;68
80;50
49;39
62;95
29;64
67;47
20;25
15;71
99;52
36;29
77;57
51;34
37;86
95;73
32;92
95;26
86;24
11;51
72;25
59;42
21;30
76;21
69;69
28;56
88;57
88;52
20;77
65;74
67;17
85;66
19;86
36;65
23;4
39;14
43;95
20;68
57;76
36;54
20;21
59;70
2;84
86;84
69;18
11;31
62;23
93;80
10;54
49;98
94;82
98;47
51;45
19;61
64;66
68;63
80;98
95;3
52;35
36;72
25;12
67;52
78;2
30;99
21;77
27;37
40;88
36;74
8;54
50;13
26;40
83;14
42;51
86;92
2;88
90;68
23;41
30;35
35;16
68;100
87;42
4;57
35;96
44;40
73;2
46;63
91;58
10;25
38;33
82;36
80;53
4;76
45;38
80;78
17;43
16;54
21;62
48;99
33;20
46;68
83;42
95;96
87;40
36;56
72;32
13;81
18;36
76;29
12;90
97;2
32;41
17;50
83;28
57;39
45;43
3;67
46;14
21;4
67;2
61;73
23;39
81;45
44;76
43;86
43;71
53;43
41;40
32;79
44;17
86;92
83;52
70;7
38;21
92;51
33;100
22;10
55;11
15;93
15;44
35;87
52;13
4;56
95;34
52;1
37;72
47;48
39;61
72;82
82;83
99;36
47;34
35;50
18;31
79;45
41;78
3;73
48;61
13;95
49;33
29;76
18;2
63;57
65;33
76;35
58;70
32;37
52;72
2;62
78;31
81;5
96;37
24;87
83;14
70;62
85;55
12;72
74;47
16;72
37;47
50;35
68;95
94;32
40;26
33;40
59;81
1;52
91;37
77;65
60;9
37;66
87;55
72;50
10;2
36;89
40;17
99;97
58;41
88;89
75;76
40;18
26;42
15;55
10;90
86;71
68;78
40;63
61;72
50;9
10;27
36;35
21;34
38;29
60;65
83;78
22;91
38;83
91;89
87;82
50;7
52;74
42;4
9;60
88;20
41;54
85;59
100;60
8;90
59;3
96;62
100;5
19;17
71;40
90;63
56;85
73;38
82;57
99;3
81;82
69;42
54;55
92;46
97;26
21;57
19;60
80;13
81;36
64;43
56;16
30;7
44;43
73;46
69;84
47;56
21;17
59;26
52;2
3;99
8;2
16;99
82;34
4;9
27;5
96;54
84;79
4;31
61;17
33;23
76;83
70;7
51;29
90;59
11;6
29;58
40;95
57;100
74;12
17;88
70;40
75;88
47;17
60;91
17;71
17;21
48;47
31;67
4;78
46;3
88;96
3;89
92;51
41;4
98;27
83;50
58;99
33;94
26;31
65;40
2;5
37;32
95;7
10;89
23;79
55;33
66;63
8;69
40;40
58;47
55;13
74;8
87;92
2;53
48;20
12;49
61;39
25;92
16;100
9;40
46;14
42;41
93;63
30;76
63;3
26;33
35;57
9;33
84;36
15;31
58;4
8;15
26;36
9;77
4;80
82;5
84;12
65;51
90;96
99;66
11;36
76;2
62;59
29;66
39;91
47;2
11;79
31;58
25;62
98;11
74;25
42;19
68;20
86;11
84;51
91;35
66;86
36;58
42;100
98;3
42;33
21;12
28;98
94;25
18;66
91;95
71;75
40;7
28;9
88;25
84;35
91;85
2;99
63;13
94;94
55;99
67;41
47;51
64;56
44;52
65;39
11;23
37;56
17;28
46;26
83;77
17;8
55;23
89;97
15;71
59;76
41;67
12;92
92;13
3;42
59;29
37;4
48;68
71;74
45;43
75;60
51;43
16;58
83;63
40;33
26;9
55;7
23;62
78;14
17;40
14;26
40;61
48;44
6;82
30;60
11;79
68;11
84;91
64;82
86;53
51;30
71;45
62;9
95;36
22;27
100;70
24;98
34;14
68;44
47;89
93;86
60;69
55;99
55;78
37;99
85;70
46;26
81;64
79;89
74;23
34;27
91;85
46;73
19;16
31;24
80;94
57;57
92;45
81;79
34;70
64;85
75;77
93;11
59;31
6;79
83;76
35;85
81;28
7;84
64;18
67;100
66;55
45;48
90;82
90;32
99;20
16;69
37;55
100;70
26;52
8;60
64;14
16;86
57;83
95;73
44;65
5;15
60;49
5;39
11;84
34;14
77;72
30;70
31;36
22;39
35;84
56;10
78;6
31;2
85;53
371;394;49
1000;689;10
302;713;50
170;335;46
900;893;26
714;461;34
44;435;37
830;467;32
286;591;4
103;939;39
921;212;10
775;316;8
439;581;18
981;463;16
33;298;40
29;573;3
461;367;5
560;195;38
172;350;47
551;963;29
656;162;37
11;729;42
192;924;23
732;622;31
729;370;24
653;218;49
662;209;37
664;754;23
138;732;22
636;278;12
683;214;33
130;849;38
219;497;50
837;345;47
853;841;35
2;942;24
982;78;29
961;134;34
303;395;36
896;286;12
336;984;46
869;27;15
201;693;16
567;526;13
629;333;31
209;305;27
888;332;24
736;533;24
767;285;23
96;694;24
678;620;34
211;533;27
883;495;31
536;105;43
479;697;13
407;706;19
536;136;7
712;329;5
49;568;45
874;718;36
532;69;25
542;99;35
495;813;31
460;624;20
421;649;18
355;902;13
297;431;33
805;16;29
74;682;41
975;764;50
426;342;26
983;505;36
771;758;17
279;992;41
334;949;1
613;347;42
236;139;2
453;287;50
455;708;45
570;435;43
905;299;45
927;636;10
164;988;41
303;120;24
630;893;32
256;500;37
725;486;41
612;251;5
463;928;2
836;163;17
407;214;15
623;243;6
478;386;45
352;520;40
488;176;45
394;388;15
86;647;49
278;172;37
287;366;19
262;771;46
28;709;3
158;27;33
418;808;40
589;536;41
837;300;48
912;237;22
180;179;2
237;943;16
480;210;36
983;244;28
577;853;33
984;707;31
640;372;46
313;154;15
705;900;39
704;833;32
694;680;22
386;869;22
990;352;9
599;806;50
817;119;40
606;666;13
27;837;47
700;53;2
195;248;40
197;308;46
771;427;13
281;584;13
138;919;9
489;536;18
178;378;35
146;90;44
360;507;2
564;638;20
147;133;41
688;917;27
727;967;21
150;294;37
125;824;42
458;702;1
28;736;12
91;733;5
868;428;28
540;18;29
72;845;24
881;962;5
593;304;27
745;444;42
101;564;8
31;970;33
438;386;9
836;414;9
603;248;47
866;884;38
898;884;36
773;776;35
871;737;9
106;465;34
516;82;18
518;953;2
244;291;34
281;812;34
262;463;2
228;408;9
754;81;42
644;634;4
561;881;8
626;679;46
488;506;12
875;759;24
600;218;41
689;212;1
567;880;35
747;573;12
178;557;21
996;796;23
956;249;7
780;769;29
385;218;1
839;797;44
321;181;13
885;900;12
481;842;27
991;255;38
497;744;1
979;875;42
79;692;13
397;960;42
734;402;7
665;180;29
983;360;6
587;306;42
370;594;24
834;862;23
840;26;11
409;715;35
574;289;29
187;75;16
543;287;39
857;319;1
722;681;1
892;868;18
502;188;2
957;213;18
450;446;11
997;754;14
129;420;22
34;212;48
865;820;10
446;92;49
948;472;26
366;776;30
693;616;1
535;682;6
243;786;36
180;758;23
430;875;1
311;661;31
494;10;42
8;729;16
133;488;20
32;713;35
168;523;39
622;208;38
365;374;23
936;992;47
419;870;6
252;621;33
873;240;23
667;868;23
179;140;35
16;315;39
186;274;26
61;873;41
309;602;32
851;796;17
978;581;19
244;13;10
419;573;3
836;454;40
346;740;11
51;318;27
598;965;1
225;657;13
21;679;34
817;646;43
927;887;32
360;206;25
440;572;50
920;533;13
892;923;36
467;254;32
374;701;23
291;571;2
898;741;40
770;510;21
316;859;50
175;336;36
108;272;34
274;19;9
533;162;46
322;258;34
472;4;23
50;599;49
843;910;11
50;835;29
617;232;25
806;695;49
124;147;48
925;45;2
253;627;19
780;367;43
573;826;6
158;235;33
644;918;24
876;275;38
925;39;47
624;269;41
619;484;10
925;356;29
360;119;18
723;263;26
868;498;32
474;221;33
871;382;46
860;687;25
963;402;15
770;272;2
33;574;23
538;609;18
614;546;50
694;345;50
248;115;50
228;969;33
417;42;47
125;446;45
154;403;49
734;213;30
948;483;2
3;520;38
339;291;24
554;652;1
659;139;50
576;250;31
764;557;41
820;807;7
201;478;38
284;860;15
2;644;48
383;226;27
633;607;42
272;771;12
957;433;34
812;807;18
890;964;35
536;808;43
931;672;18
73;640;34
870;672;16
116;411;50
416;307;4
966;264;13
366;938;36
941;427;30
645;832;20
915;420;10
419;356;5
628;340;25
659;917;2
510;803;24
541;694;34
493;629;18
283;873;26
385;879;13
641;785;16
451;787;10
971;590;44
233;654;26
234;313;2
237;270;20
558;995;2
530;75;3
895;458;48
509;535;30
673;910;46
758;202;32
555;732;33
977;261;43
614;389;23
165;940;35
990;409;47
66;674;18
799;29;15
71;487;25
127;171;21
618;997;43
121;507;12
645;768;28
339;580;1
827;709;11
17;696;46
494;433;11
909;646;36
569;640;48
352;393;30
86;170;19
803;521;26
248;319;44
287;508;43
369;61;26
402;731;32
442;87;50
639;174;36
837;209;17
31;498;37
721;317;43
633;977;44
911;531;17
490;766;11
867;30;41
644;251;35
252;68;5
152;290;3
714;473;29
560;112;18
217;891;8
213;914;14
930;435;18
470;609;31
157;89;21
11;519;43
701;878;37
50;326;46
98;579;33
338;229;16
435;46;16
406;583;13
915;16;22
397;847;30
941;593;16
356;576;14
519;646;10
358;969;41
536;497;29
88;802;18
661;803;36
326;699;35
790;401;40
912;566;22
377;565;36
788;798;1
615;800;31
569;36;11
187;815;50
745;527;36
495;29;15
80;961;16
247;697;45
245;497;7
513;881;7
705;399;40
671;442;47
696;448;6
480;539;11
839;566;23
325;149;18
96;97;2
526;659;12
721;95;37
574;102;43
547;590;20
693;510;9
662;857;14
689;791;22
513;709;50
514;881;5
605;676;15
581;75;25
800;153;4
17;845;40
595;122;5
353;478;40
732;776;18
36;847;6
386;982;17
525;367;13
731;252;26
453;146;23
906;476;13
742;660;35
218;366;5
666;466;15
599;647;30
944;304;24
758;341;42
463;495;38
287;770;43
613;148;36
570;757;50
894;499;16
662;797;20
658;951;35
80;259;45
748;921;10
416;153;29
377;427;18
183;366;15
893;475;35
618;270;29
609;78;6
201;39;2
871;895;33
382;881;47
138;337;5
463;33;9
659;111;25
113;883;13
78;633;14
531;684;28
543;763;8
963;340;41
810;88;50
112;317;7
513;28;21
891;887;48
995;895;39
681;1000;4
494;222;40
556;334;19
36;898;45
892;294;41
368;874;38
520;573;11
843;1000;42
706;858;41
629;326;9
508;62;33
853;813;11
420;139;22
724;822;48
438;519;7
901;706;5
546;755;17
700;966;4
202;915;31
472;348;4
35;716;2
724;777;12
339;272;48
53;429;2
99;380;2
919;734;18
519;9;49
44;872;4
747;529;5
985;857;39
948;746;26
501;694;10
665;53;34
506;463;9
599;389;49
131;663;25
1000;12;10
963;379;44
806;653;34
499;862;8
126;314;10
846;319;25
861;692;35
590;16;27
276;925;10
829;622;44
719;859;27
744;406;36
480;556;7
778;70;34
467;926;50
203;774;35
413;610;33
486;683;7
135;66;23
645;145;46
980;609;29
57;629;45
401;427;14
25;397;32
596;79;33
957;611;5
360;870;11
518;531;48
724;879;39
247;185;37
945;600;37
858;372;34
881;365;14
875;212;20
278;929;30
105;829;37
330;785;16
410;334;17
298;130;33
566;106;26
936;677;39
867;60;27
272;390;18
814;439;26
131;750;48
332;468;11
170;343;42
77;186;48
528;132;19
899;756;28
694;936;36
438;701;43
478;655;31
254;510;4
707;915;23
436;47;24
895;192;17
995;151;31
137;887;5
55;331;31
715;664;11
149;623;18
912;287;33
45;201;31
135;872;37
932;458;29
655;42;46
934;697;24
941;509;13
343;164;8
133;330;12
562;463;36
413;615;24
969;354;26
269;179;26
154;472;35
89;342;2
805;621;22
475;435;16
505;780;25
814;816;36
104;674;47
460;609;12
838;812;19
429;514;36
585;564;44
34;163;37
752;867;37
921;649;44
912;451;14
710;384;35
630;649;21
674;349;6
448;757;50
798;879;40
929;843;21
40;659;12
330;330;47
222;393;40
263;23;9
275;940;8
920;557;23
307;434;20
518;548;12
695;247;35
691;742;15
923;112;16
690;991;47
372;487;40
818;940;25
10;525;2
852;928;32
963;760;16
823;424;23
206;735;22
880;588;18
261;213;18
24;60;42
938;817;48
170;203;35
621;62;11
326;57;6
376;830;6
405;595;48
93;801;11
958;328;8
664;530;44
721;932;11
77;872;48
194;680;19
630;789;19
216;723;42
944;890;44
43;654;14
704;101;50
773;379;7
488;544;33
165;467;47
517;86;10
224;86;28
946;157;45
279;126;44
162;129;7
977;754;39
868;946;44
782;921;8
543;79;9
679;23;27
490;604;16
357;489;46
791;744;13
413;381;9
311;979;32
627;191;45
373;252;21
170;794;42
312;401;3
249;988;5
513;702;38
122;947;24
957;13;36
246;193;23
755;600;7
165;336;8
536;570;23
249;827;29
560;263;47
171;67;31
407;112;48
3;460;11
167;908;31
233;434;12
134;541;35
351;391;23
648;811;25
612;831;18
412;768;41
119;683;30
787;396;48
329;866;32
784;11;2
268;600;6
108;572;12
213;749;43
885;588;5
714;24;2
767;288;27
63;509;14
215;784;34
357;4;8
559;485;28
919;657;20
265;460;9
404;903;12
401;87;13
314;452;45
263;96;26
985;919;45
782;524;33
684;37;15
638;377;18
722;423;38
110;148;33
554;798;34
835;266;45
679;306;16
952;232;11
898;890;7
136;751;9
816;729;24
278;907;10
304;560;9
491;672;23
978;549;45
174;793;43
975;277;4
16;125;8
647;743;47
141;939;43
9;839;48
798;331;47
72;989;16
444;45;15
965;932;7
200;434;5
983;503;48
29;325;16
883;297;25
17;113;49
877;567;46
303;920;8
957;967;21
633;648;36
916;55;7
125;234;7
565;128;4
703;585;11
227;947;33
406;986;15
174;64;10
212;891;2
356;191;20
885;576;17
81;671;12
607;436;22
579;123;47
489;724;50
390;75;19
887;122;44
838;858;29
784;356;48
436;427;48
618;477;49
516;810;9
69;681;44
182;263;10
467;859;45
123;30;16
90;511;49
643;548;13
394;64;27
490;622;8
287;736;38
314;524;26
414;857;46
663;39;40
896;924;5
103;122;38
877;45;47
318;311;30
773;159;43
45;675;1
883;584;15
679;857;7
427;814;49
376;273;34
912;213;7
819;902;30
217;607;17
903;618;27
659;302;10
203;932;11
222;669;41
332;670;35
125;754;30
189;600;30
782;542;21
785;822;12
673;899;29
236;758;7
924;1;2
704;656;5
662;346;5
683;545;33
186;918;11
93;176;46
998;800;31
910;69;26
635;940;48
628;209;9
160;291;47
293;377;4
658;17;45
106;321;28
570;130;6
558;899;7
285;458;35
425;347;16
562;22;19
453;547;38
402;464;2
885;486;39
715;135;40
155;561;25
138;907;50
421;68;11
460;543;50
192;2;13
947;254;24
279;246;10
819;454;19
319;820;45
319;374;23
180;931;27
865;458;49
741;659;9
779;256;48
509;447;13
751;249;26
261;620;8
515;702;23
472;825;17
166;406;27
419;926;21
769;550;1
425;853;50
788;61;21
739;113;43
165;576;49
240;321;37
185;788;20
878;798;45
423;266;4
476;524;45
641;623;42
497;837;42
440;153;16
971;969;12
19;87;46
849;741;46
47;966;9
503;226;5
704;144;10
934;101;9
448;347;31
933;655;26
463;684;5
516;25;30
583;265;40
11;830;25
261;152;17
640;880;15
899;872;25
286;861;27
306;922;13
14;634;7
470;426;37
799;596;5
733;397;11
556;231;32
521;267;3
961;967;41
377;98;34
442;66;17
797;433;49
321;151;43
89;108;25
568;235;3
325;245;43
482;160;37
479;910;17
740;444;49
816;251;30
922;734;29
722;676;36
711;611;50
186;356;39
461;421;42
931;118;26
186;613;19
237;680;25
315;633;6
996;77;44
791;388;9
332;715;19
696;780;8
816;400;31
205;919;33
167;113;43
627;302;9
20;393;8
308;576;24
592;504;9
535;940;31
980;147;19
344;545;18
671;987;24
40;136;30
590;513;9
828;416;12
653;670;12
58;401;31
204;252;16
80;472;23
558;630;35
805;760;4
509;852;33
977;340;28
657;605;27
605;384;13
615;183;46
544;480;50
111;290;46
470;152;11
235;791;47
676;510;48
149;797;17
556;7;3
389;605;33
545;970;9
990;264;13
775;387;33
791;43;48
211;283;38
17;705;2
253;575;37
329;119;47
108;615;37
387;909;2
2;976;21
902;506;35
377;321;39
178;951;29
314;372;31
70;440;24
915;609;38
806;15;24
942;215;18
508;242;27
786;384;45
861;103;32
4;354;26
76;744;36
965;287;42
691;422;29
585;576;43
611;186;25
685;763;27
180;168;34
170;127;18
850;60;1
352;912;9
839;517;32
104;122;13
745;103;46
103;854;12
952;622;40
172;239;21
292;149;22
304;136;33
10;384;4
813;458;42
184;754;35
571;215;27
745;785;16
205;717;35
239;898;20
63;388;42
825;812;36
560;595;49
776;20;27
557;218;9
590;725;37
413;27;30
348;116;47
608;602;12
265;415;17
631;874;49
750;343;5
838;647;24
749;217;45
547;778;7
35;380;49
6;381;48
583;997;28
726;87;20
290;825;39
496;595;23
773;822;5
106;562;46
302;201;38
850;160;1
988;196;7
933;493;27
230;160;44
69;618;30
932;407;6
831;479;21
518;983;24
84;257;20
153;724;17
814;250;31
303;443;31
685;459;20
408;728;23
983;719;47
58;861;30
991;585;39
785;255;31
251;939;16
971;558;23
648;976;15
803;281;8
252;434;19
513;785;29
216;315;44
355;97;42
219;121;38
186;261;24
734;972;42
806;994;37
743;785;1
852;613;29
678;113;7
557;808;17
476;503;50
902;734;18
213;891;48
208;319;35
118;665;6
277;477;16
666;427;15
994;347;40
952;122;20
60;930;19
553;422;3
804;37;9
782;694;34
867;245;13
110;400;43
38;478;33
283;593;23
601;787;9
700;805;5
463;162;25
896;113;29
853;621;18
817;595;29
174;426;26
530;739;46
517;558;25
470;668;32
784;983;19
326;523;20
963;15;50
247;680;28
73;256;9
741;756;18
4;9;42
13;415;29
839;607;2
494;887;40
552;439;13
764;157;7
801;326;25
652;729;12
233;869;49
37;295;19
984;984;14
893;12;11
419;440;33
281;978;46
91;598;50
44;160;20
315;531;38
727;163;26
557;536;12
452;282;21
850;492;10
611;657;16
12;524;33
417;657;23
16;905;4
365;848;19
752;728;33
445;49;18
6;899;20
314;576;17
243;295;1
508;752;44
349;333;45
642;498;14
343;371;18
236;734;18
715;912;44
174;819;3
258;359;10
61;106;17
396;399;36
197;809;34
630;350;38
953;839;45
710;450;18
699;483;40
821;164;28
440;524;44
101;330;50
541;510;27
697;439;6
723;994;46
709;808;50
692;266;6
746;363;30
963;288;21
190;538;42
557;124;41
304;265;15
549;282;11
115;499;41
482;37;34
384;323;11
973;152;46
844;237;36
648;744;5
731;141;7
764;346;44
730;918;43
653;17;32
360;675;6
143;944;3
481;853;44
780;370;16
19;986;37
326;688;32
903;680;27
792;807;21
976;172;9
301;849;12
363;715;12
850;194;23
520;876;45
42;188;26
410;623;16
984;177;35
475;419;50
932;970;35
924;380;14
691;84;28
166;983;35
629;831;17
236;116;23
364;691;8
251;351;14
292;950;39
221;54;6
859;924;30
278;340;12
225;998;40
536;372;35
892;612;4
624;301;43
638;513;35
538;266;28
32;628;16
724;544;39
295;53;38
51;436;10
29;835;13
383;922;22
622;43;17
10;275;30
514;810;17
68;907;28
285;813;27
661;179;1
250;554;39
284;672;32
880;540;42
117;44;9
571;171;48
164;789;12
223;471;12
126;419;12
987;399;46
569;230;13
261;191;11
20;252;42
814;236;24
6;833;36
785;775;46
106;55;44
400;95;14
949;283;30
350;16;24
701;44;32
147;459;12
803;629;18
433;666;42
910;620;43
821;98;14
406;914;24
686;566;22
517;973;23
48;371;39
554;575;4
328;880;13
593;730;25
630;826;39
505;894;7
164;442;26
629;517;40
384;774;33
64;719;15
56;660;17
117;763;17
219;164;4
317;469;26
69;703;42
46;890;1
311;578;1
565;426;49
605;544;4
740;393;28
476;926;7
892;936;33
884;105;35
109;525;5
570;461;42
718;292;46
407;194;30
900;363;10
124;440;30
714;368;47
772;687;48
440;767;38
330;305;45
854;556;13
286;154;12
211;999;48
121;420;26
789;696;34
706;585;46
616;157;7
488;257;5
36;402;37
659;962;38
820;623;17
792;902;7
180;296;3
366;834;11
950;629;9
809;347;49
417;563;37
76;22;25
329;408;25
444;37;29
240;287;46
930;112;3
95;577;11
345;604;49
840;826;4
134;506;48
160;949;27
319;17;33
607;895;43
297;544;31
384;122;22
563;928;43
620;54;14
787;887;17
359;742;40
526;628;33
316;388;40
72;739;48
930;958;50
54;312;39
286;666;9
501;414;27
480;806;25
48;114;8
809;132;36
766;917;33
64;673;6
23;250;15
5;254;3
376;732;41
511;582;37
981;961;3
774;374;40
486;321;43
93;277;3
69;230;3
556;322;20
722;621;4
159;462;14
9;770;47
824;389;39
880;949;49
22;211;38
185;10;36
677;258;50
145;307;21
873;774;3
235;420;41
649;574;32
856;4;6
277;383;47
368;57;29
978;300;18
38;169;10
868;395;9
673;843;6
120;970;44
825;505;35
143;509;7
109;874;18
214;519;36
80;561;26
994;109;38
554;15;10
267;552;48
53;317;20
376;917;6
344;696;15
295;512;28
453;362;1
343;118;28
377;412;39
540;357;44
668;962;41
360;432;39
839;964;25
862;31;1
53;51;13
895;807;28
350;462;20
81;692;41
965;324;44
339;689;30
72;806;1
685;231;7
303;501;38
930;869;41
591;410;26
465;190;28
204;858;5
635;262;47
308;816;22
273;546;38
1;756;48
712;214;2
982;392;38
573;953;4
514;205;5
790;213;9
135;129;36
424;590;36
70;549;29
492;833;2
344;514;34
442;938;23
537;926;41
630;761;39
499;527;43
75;563;40
342;289;38
916;714;9
744;300;5
756;955;30
438;978;19
626;507;20
825;690;29
19;467;33
34;7;37
717;332;5
208;780;28
691;974;13
805;584;15
160;658;28
976;438;23
294;850;3
790;75;35
154;862;42
401;43;8
536;232;50
241;544;23
757;948;8
172;912;43
274;876;46
621;596;46
821;136;35
86;689;15
448;807;7
265;868;4
626;218;6
985;159;31
295;322;11
193;864;50
914;603;21
542;315;40
6;397;41
430;962;1
639;585;17
422;355;8
408;654;44
690;953;49
626;965;19
631;727;22
347;780;34
488;998;41
298;852;32
212;864;10
865;26;34
914;931;37
980;11;13
45;301;37
873;265;13
341;347;11
848;172;23
757;770;16
224;21;49
688;226;43
101;374;19
737;654;33
674;418;9
482;985;11
433;145;2
206;961;16
327;463;32
490;198;5
184;199;6
363;951;44
956;432;4
200;343;13
711;743;1
693;828;25
111;737;44
218;641;3
892;291;28
529;654;23
54;477;50
362;593;38
269;154;45
884;249;36
141;231;44
498;462;4
315;424;49
350;698;13
610;496;28
714;481;44
875;970;35
661;826;38
688;902;35
169;611;34
472;759;32
165;789;23
732;709;47
920;57;11
511;217;17
140;656;24
39;511;28
885;62;7
919;169;10
212;292;42
784;518;3
67;46;4
36;440;42
609;242;35
357;66;7
527;698;43
720;874;9
930;644;3
455;174;41
190;349;11
357;910;38
148;733;40
39;852;25
818;762;10
187;906;47
161;790;41
137;137;44
340;799;5
641;730;14
896;157;44
811;827;18
205;155;27
747;151;11
197;482;20
930;405;2
525;848;6
224;93;20
785;352;7
458;613;41
77;965;16
869;53;12
764;750;14
232;429;33
632;682;29
579;233;39
910;352;8
750;965;3
909;880;42
361;95;13
237;111;24
434;641;47
464;581;45
846;189;47
312;553;30
187;254;4
918;370;49
814;700;46
690;365;5
761;88;1
416;105;19
472;280;6
913;637;35
728;495;26
935;502;41
457;899;16
574;89;41
569;63;19
791;945;26
799;498;15
895;790;14
773;270;3
263;429;6
229;375;46
272;633;6
927;967;33
253;88;12
655;958;1
952;555;24
365;317;42
407;552;48
323;829;34
655;793;44
755;172;41
356;630;48
308;371;8
996;968;10
516;841;18
962;122;45
346;682;13
732;674;35
886;601;4
865;859;42
986;191;12
286;265;17
393;94;36
309;792;2
246;670;33
268;702;1
819;861;15
473;656;30
602;931;50
396;13;16
60;565;37
279;531;41
284;172;2
443;752;41
897;466;43
261;740;23
614;523;12
235;166;37
951;263;42
418;20;10
899;448;6
899;359;25
542;857;5
335;140;14
234;476;6
636;870;3
207;192;49
1;622;46
203;832;35
820;35;28
276;552;16
291;496;11
580;948;24
578;938;6
155;741;16
377;214;5
767;692;35
473;773;13
534;557;25
640;643;31
724;334;4
882;586;41
986;815;26
193;628;18
829;127;30
122;505;25
370;385;33
421;577;13
899;820;26
154;437;11
688;382;44
643;962;22
748;668;3
301;190;9
664;638;11
844;938;46
598;939;13
876;856;28
920;111;14
296;418;45
756;627;50
205;450;42
655;569;44
123;356;36
506;339;42
697;607;47
673;592;14
216;787;45
752;282;35
972;361;3
157;770;27
238;292;48
832;101;15
327;880;26
764;903;22
129;635;1
525;348;18
945;470;36
887;448;27
367;172;9
690;612;29
507;837;30
995;231;26
986;534;2
442;520;32
603;494;42
463;525;41
826;885;7
600;809;43
82;564;22
827;634;50
729;582;44
851;85;32
452;9;43
491;877;36
488;896;24
551;169;15
384;226;18
702;867;6
699;243;33
159;424;12
804;671;32
569;792;41
804;277;29
509;500;24
318;258;44
890;908;1
15;640;40
146;117;33
810;530;4
761;601;22
390;952;33
609;418;25
493;350;40
417;680;6
682;489;47
6;290;10
997;164;46
21;144;50
228;254;16
20;878;48
114;704;43
878;587;16
639;661;48
428;574;19
454;250;25
898;277;35
754;375;49
608;262;24
332;128;2
375;290;36
95;387;8
150;836;34
448;178;3
869;706;11
906;634;1
722;536;35
107;347;42
817;379;23
695;358;46
996;504;39
209;973;35
422;436;31
693;388;21
944;798;48
362;989;13
944;553;48
616;881;30
388;664;37
713;718;22
945;408;40
534;962;2
884;794;41
708;265;15
405;928;10
81;668;29
305;834;41
272;25;23
665;329;8
492;875;3
280;577;50
713;549;45
566;996;11
125;686;11
910;51;5
971;598;12
36;471;38
303;336;23
313;963;43
112;519;43
34;717;13
658;634;46
785;444;4
23;52;26
531;720;47
81;772;24
964;535;22
613;723;26
739;292;46
983;667;20
417;477;21
723;887;14
215;337;25
965;381;10
148;882;20
43;923;12
771;293;42
283;432;50
857;302;38
592;531;14
886;156;11
778;649;4
803;879;47
954;173;23
856;477;49
395;305;5
931;79;8
979;150;50
532;355;38
631;138;29
149;742;19
473;66;3
449;428;44
747;256;38
741;958;12
712;43;17
219;953;27
319;28;22
810;809;18
651;234;31
135;267;30
771;138;20
176;767;38
687;418;27
852;823;13
45;330;17
233;873;39
468;665;48
29;718;19
690;860;12
349;372;32
225;514;45
395;467;33
336;309;35
349;203;47
875;406;49
441;761;16
733;631;45
160;445;22
123;520;43
416;321;4
782;822;50
868;896;26
993;687;5
625;766;19
271;437;17
446;704;50
376;54;37
226;413;31
971;871;12
492;438;24
503;526;25
952;116;22
376;442;7
238;1;17
625;325;30
2;637;13
770;910;45
461;651;11
299;776;24
159;799;36
569;28;13
548;681;20
432;91;25
647;986;38
305;315;12
226;938;18
498;161;24
885;981;12
285;468;11
777;17;29
535;927;8
372;598;16
816;510;46
209;170;2
541;306;50
816;517;38
289;884;30
813;190;12
467;193;2
428;774;21
369;138;27
407;277;31
935;260;4
633;513;24
3;351;4
111;502;24
654;907;13
215;736;16
528;141;18
957;861;9
139;611;12
557;252;13
949;901;6
672;824;28
271;595;17
259;332;33
195;510;23
902;663;47
41;637;27
135;660;21
178;877;27
756;87;15
779;119;23
541;630;34
377;518;15
263;74;48
537;808;12
216;823;25
149;353;11
456;958;4
678;927;19
654;721;24
93;545;12
831;983;17
876;728;9
512;96;44
784;302;47
334;580;21
345;432;19
479;755;23
187;275;42
781;442;28
81;847;4
778;586;44
577;490;12
837;919;25
812;852;33
117;382;39
544;995;41
694;406;43
757;875;25
516;642;29
989;356;44
82;979;39
907;52;36
966;68;9
181;444;5
924;163;29
1000;477;7
678;63;4
248;800;33
739;355;49
604;782;13
962;673;16
715;335;45
464;602;46
557;85;16
951;828;28
145;978;22
679;253;37
965;368;16
164;523;6
7;547;9
298;622;30
720;591;30
291;580;29
154;127;27
432;9;46
665;500;8
144;76;13
237;46;4
52;956;2
9;722;26
336;851;7
148;88;2
657;737;49
91;265;40
739;517;42
232;890;48
539;930;35
671;836;12
997;66;17
557;886;8
153;121;32
752;97;20
455;627;14
999;250;20
238;858;18
132;928;22
787;993;6
197;391;34
104;199;18
316;100;22
295;970;2
190;894;7
294;264;29
964;341;18
699;992;43
452;258;22
84;261;47
328;721;36
895;259;46
629;644;50
186;516;49
879;467;16
963;866;45
909;621;38
192;764;25
409;189;32
773;917;29
824;58;14
169;362;28
11;146;10
449;558;19
375;379;49
864;549;11
6;579;14
68;268;39
598;322;19
366;588;10
183;804;39
357;986;32
505;323;29
77;272;27
378;370;37
833;732;14
934;150;35
277;566;29
433;59;40
784;458;7
126;933;18
920;21;13
426;138;7
80;966;12
477;835;49
916;117;30
605;103;22
988;96;33
729;50;30
717;704;12
843;551;46
602;481;37
631;632;7
227;834;25
506;877;23
751;341;15
656;623;48
928;140;19
829;60;23
976;898;31
154;62;45
166;901;28
601;391;9
711;885;45
570;432;25
929;585;29
971;160;38
927;341;44
935;688;23
681;636;39
150;922;44
254;352;1
370;47;49
426;270;45
153;75;41
461;354;34
601;588;17
298;82;49
85;97;40
262;421;7
890;230;43
69;601;9
837;776;32
297;170;30
860;655;49
833;320;18
111;405;7
452;757;6
9;271;24
970;419;47
551;555;35
534;664;8
927;923;19
634;217;24
715;192;37
255;334;6
902;945;39
878;61;19
458;858;23
998;857;44
931;203;26
591;414;10
790;252;34
512;246;9
251;213;19
44;238;9
817;463;30
986;508;10
715;323;42
961;222;46
444;295;34
994;877;24
555;107;26
431;923;38
107;811;14
463;299;26
395;411;38
815;746;13
829;136;23
987;164;39
429;56;1
379;294;50
584;267;1
361;305;14
978;4;14
331;761;17
154;66;31
752;465;19
720;650;26
658;600;25
155;966;39
91;387;34
480;520;47
395;249;41
382;406;43
539;569;47
101;913;10
283;392;24
142;467;9
51;616;14
528;309;17
965;502;13
294;700;42
654;516;33
849;422;33
276;202;2
802;326;35
408;770;43
720;361;11
504;681;11
666;441;45
712;605;43
857;38;16
704;889;23
901;994;50
790;179;44
661;165;41
704;604;15
946;681;16
950;960;5
701;199;33
336;438;2
498;254;13
728;912;30
832;325;40
721;240;9
754;717;26
342;456;49
564;383;37
421;91;38
627;98;33
173;261;6
641;430;7
471;428;5
806;903;50
112;740;13
881;66;9
101;979;3
144;985;32
319;172;35
545;484;10
840;845;28
367;725;11
936;910;10
740;1000;13
801;882;7
225;904;32
53;99;32
307;27;17
855;169;34
166;809;27
992;356;18
876;756;39
923;175;8
66;20;43
409;46;25
660;537;46
814;828;23
321;451;25
135;710;11
218;609;11
505;450;20
864;85;23
452;896;16
634;785;6
803;611;41
461;305;8
338;215;47
467;847;42
856;382;16
219;420;9
404;657;6
317;413;9
740;534;22
486;983;36
991;58;44
395;71;16
88;183;39
470;621;38
295;130;45
961;93;18
820;638;38
595;728;5
573;604;11
170;820;29
635;916;35
613;787;30
261;661;32
993;533;39
725;559;11
973;386;49
222;503;2
169;561;1
646;901;12
868;527;46
3;113;42
3;436;34
901;61;5
527;830;48
350;348;36
676;166;37
39;572;37
997;73;18
19;939;22
321;872;43
930;882;24
678;887;28
970;382;29
377;347;19
294;471;25
865;605;1
973;748;13
997;316;33
950;717;9
921;303;8
602;109;17
750;915;49
269;538;35
597;344;24
834;681;21
459;746;40
581;162;4
601;502;41
583;991;30
525;851;30
361;776;4
205;218;19
508;76;42
810;490;15
226;647;35
841;315;10
214;63;45
50;737;47
103;521;12
880;598;4
417;394;40
670;219;18
869;993;17
660;520;10
826;134;27
200;971;46
278;974;15
261;656;44
428;884;1
729;656;45
893;588;43
688;809;11
564;805;13
150;109;33
85;705;9
307;387;26
271;404;21
80;513;1
314;802;29
165;634;17
90;970;14
141;30;41
461;827;4
885;574;5
945;999;16
358;500;13
54;323;43
750;348;11
664;341;31
147;865;38
910;341;31
535;47;41
913;854;4
67;455;33
406;442;10
593;411;16
66;781;14
457;482;29
313;802;42
793;407;5
930;586;34
889;709;2
138;58;14
702;278;21
545;334;30
89;568;32
867;736;21
235;961;18
81;174;3
466;232;46
987;610;19
853;251;28
901;428;50
894;796;33
106;197;15
520;274;19
444;241;5
764;271;39
106;618;14
755;646;30
986;646;25
71;375;4
893;812;9
724;753;43
788;265;18
870;241;17
878;92;21
798;683;42
246;877;25
565;398;49
726;446;19
7;807;23
322;681;47
570;415;32
469;301;18
261;710;47
15;858;23
129;888;47
674;114;22
592;759;15
836;277;4
361;316;6
368;347;3
906;984;12
865;860;17
584;197;30
542;870;39
779;557;33
696;137;3
74;646;19
906;325;5
137;163;24
844;856;14
928;592;3
266;947;6
892;361;11
599;911;14
355;389;16
752;734;12
183;435;3
153;624;18
897;916;7
705;758;48
809;795;30
865;542;6
479;922;41
201;386;30
164;974;39
228;630;24
597;481;44
221;2;23
637;927;32
334;420;15
311;768;45
38;407;43
825;275;43
537;686;21
544;366;45
510;64;6
560;410;2
241;78;45
970;492;41
241;206;45
883;734;35
443;792;17
977;847;21
787;520;25
305;994;5
109;59;31
854;895;20
313;465;45
119;728;9
806;107;11
16;704;10
245;317;19
821;952;37
883;717;33
61;458;36
666;180;22
37;610;38
515;844;20
806;30;27
298;246;4
486;720;46
472;544;23
370;560;39
272;548;19
742;226;31
3;926;11
393;483;7
798;176;50
181;677;46
3;57;48
873;14;33
788;59;29
294;146;3
65;736;19
646;449;20
410;437;22
680;288;3
419;905;25
915;748;13
476;803;9
547;767;5
747;363;9
454;797;12
912;913;24
542;737;30
76;873;30
776;779;32
965;999;47
332;662;39
865;993;17
418;332;33
907;992;11
622;603;43
153;148;24
203;536;44
355;486;35
291;799;33
722;264;45
223;960;47
722;145;34
605;131;31
873;441;33
427;798;31
630;152;31
229;492;18
364;253;41
716;18;5
188;679;33
5;552;41
413;798;20
917;454;39
661;439;1
742;250;41
692;578;47
839;672;14
284;516;16
383;995;19
639;870;31
388;586;29
334;687;48
902;222;16
576;938;22
636;151;28
757;533;43
699;14;38
819;133;48
289;996;26
850;887;22
311;511;34
467;680;5
391;240;10
550;985;8
699;656;14
672;472;36
11;218;20
244;719;4
548;745;44
631;700;28
421;574;31
245;226;33
685;173;35
54;862;34
265;595;32
433;833;36
548;126;13
363;694;41
664;316;10
86;971;33
390;841;37
184;714;3
364;506;14
399;9;45
94;269;9
693;985;25
585;898;29
324;464;36
40;205;27
699;406;48
63;928;3
801;637;42
12;30;31
296;218;42
684;504;11
117;178;28
29;142;8
811;754;2
343;765;34
809;102;45
289;883;34
710;719;33
119;72;19
361;762;48
714;284;13
707;84;48
683;446;46
787;870;46
571;639;28
677;241;41
516;110;27
298;289;31
118;575;3
821;518;24
637;46;44
687;896;13
305;705;40
349;636;18
163;162;49
796;935;32
617;435;43
692;284;2
136;457;37
117;788;41
574;680;23
270;786;5
634;43;17
93;889;23
542;91;19
336;60;49
169;51;36
689;640;44
437;951;12
653;12;46
238;805;10
580;74;4
642;488;7
192;341;37
735;443;5
487;232;36
644;185;25
583;529;9
247;186;5
116;28;45
147;274;40
568;64;30
715;116;23
319;304;45
347;677;22
347;573;50
96;523;26
241;636;27
842;204;19
899;971;16
249;513;23
473;542;22
482;868;40
261;374;13
8;394;49
34;147;8
16;881;21
110;744;48
425;210;32
671;145;44
145;677;30
364;136;44
722;879;24
743;198;5
272;868;1
560;494;21
66;494;9
342;280;2
900;417;8
606;540;31
80;550;35
864;941;48
749;180;25
618;808;38
493;910;33
399;972;16
11;841;19
331;456;9
415;996;36
127;349;40
204;702;48
878;742;23
586;113;44
68;973;21
487;548;45
962;77;4
252;673;22
157;577;49
122;310;10
113;744;29
652;574;28
353;589;25
836;128;10
159;510;5
383;637;13
447;456;23
936;798;16
372;540;50
688;441;39
386;928;21
224;324;29
803;903;12
50;964;19
475;213;31
666;189;43
54;508;35
444;21;18
297;891;18
809;157;2
985;878;12
330;875;3
612;953;17
202;81;34
323;203;4
635;424;4
55;760;42
225;334;22
772;892;45
643;873;7
906;169;39
240;775;19
424;479;19
294;266;26
367;255;9
100;335;50
698;387;20
727;848;38
380;653;36
348;86;28
517;775;41
787;487;45
527;228;25
831;760;20
900;680;3
814;834;50
167;509;41
481;544;13
241;257;23
518;423;47
409;756;33
117;240;22
221;589;46
13;124;24
962;801;32
299;956;18
128;983;40
1000;413;2
804;775;10
943;614;9
138;880;48
951;1000;41
239;103;40
333;386;13
516;986;33
566;699;2
820;480;3
514;210;40
765;579;7
684;310;14
943;673;45
415;197;8
946;947;31
135;666;2
885;856;43
421;570;9
24;324;26
840;89;6
910;688;1
131;568;40
663;390;19
810;770;11
48;377;13
515;692;40
38;661;12
526;219;23
56;18;14
587;630;41
678;731;12
490;42;39
789;857;38
24;304;34
190;512;25
143;913;31
650;274;21
557;267;46
650;992;2
881;700;42
992;101;33
81;952;6
487;644;31
633;657;40
902;978;26
304;33;6
870;233;42
854;877;33
814;719;44
488;258;13
283;765;25
10;910;48
606;938;43
381;528;5
203;489;43
856;721;26
32;730;45
15;956;21
103;736;33
371;889;20
663;927;37
239;627;48
865;447;22
793;753;9
926;33;28
345;125;10
814;296;37
526;725;14
468;192;38
994;794;16
925;832;11
972;596;20
989;929;32
63;837;38
657;738;21
413;630;21
498;87;27
37;565;46
329;336;8
175;371;16
195;804;28
453;66;2
273;271;22
509;890;33
324;89;24
968;445;13
421;72;29
911;961;39
718;276;32
710;922;4
520;747;20
188;716;5
971;377;1
123;503;43
955;840;13
621;971;24
240;50;26
504;493;38
368;554;14
199;820;39
413;860;25
427;699;10
29;705;13
756;864;40
682;600;11
74;587;21
718;892;19
607;64;48
114;563;40
499;764;1
387;48;9
683;623;30
434;491;45
104;79;49
577;489;40
431;770;39
227;935;33
538;638;25
524;243;6
424;684;22
499;25;24
757;999;37
529;964;41
115;591;6
690;866;17
202;175;39
249;625;4
901;396;35
57;435;50
470;434;3
545;707;21
864;986;43
358;507;33
398;848;42
294;21;41
557;652;13
290;346;17
589;961;42
94;779;50
345;229;43
532;914;21
458;633;27
433;577;27
846;951;10
367;916;37
546;216;6
774;135;29
959;337;24
175;758;12
542;337;32
562;894;50
175;414;13
10;79;28
41;707;6
258;913;30
855;409;1
986;348;7
50;876;11
586;633;28
778;894;45
750;571;31
697;729;31
333;333;40
775;76;33
681;338;46
225;163;16
428;830;21
945;998;36
43;819;16
666;85;15
516;532;35
671;345;21
980;54;3
553;705;9
575;952;44
356;255;4
664;363;5
757;376;1
980;765;18
2;289;38
780;650;23
719;993;1
290;140;20
976;731;11
31;450;41
646;657;18
879;613;2
709;104;25
565;962;37
790;313;17
263;12;10
288;574;22
629;871;20
436;134;33
960;110;42
549;405;23
115;195;8
879;546;41
722;305;27
462;825;39
56;974;1
886;913;45
59;986;29
60;526;18
734;773;37
249;406;38
32;207;31
785;371;27
16;643;12
791;512;7
244;710;27
430;896;16
466;514;29
809;11;28
319;686;1
311;797;10
504;398;14
533;756;29
296;64;50
896;713;23
738;738;14
975;38;2
907;873;38
881;155;30
379;269;11
70;170;32
801;818;34
896;948;41
125;409;2
933;426;38
383;177;11
110;624;28
77;474;46
289;746;38
693;523;15
493;689;11
712;238;50
153;690;38
985;822;39
123;169;25
345;673;45
731;811;13
352;493;11
121;547;31
866;136;47
170;910;28
873;229;21
349;789;49
243;30;46
974;947;25
214;940;9
558;67;33
195;180;45
220;227;44
367;377;38
343;626;46
297;17;17
148;220;12
821;94;11
235;872;21
286;82;50
408;765;50
544;665;19
47;429;1
419;116;22
73;790;33
926;682;9
798;704;35
378;781;46
245;471;23
89;750;33
318;321;35
746;865;12
523;138;24
288;510;20
387;272;11
226;376;40
753;987;40
133;693;37
147;917;50
463;517;25
809;313;30
741;797;22
460;946;36
906;415;41
257;44;26
234;105;5
691;152;14
956;728;22
397;438;22
177;99;26
879;699;30
951;302;1
789;903;28
865;112;47
915;402;13
319;45;39
322;312;42
197;869;25
881;469;9
16;449;42
83;358;34
540;327;50
397;160;46
591;131;41
408;16;22
704;552;50
994;549;35
45;334;13
58;476;2
652;818;28
868;838;24
941;798;34
477;299;22
743;260;3
273;816;32
774;558;25
132;780;9
262;116;26
918;356;30
691;923;23
471;125;24
550;713;5
819;943;8
344;577;32
771;686;19
183;190;19
539;538;22
255;601;24
702;680;16
637;229;25
684;924;7
648;812;33
117;834;34
769;622;45
806;324;28
614;560;49
212;588;10
669;970;39
346;699;26
382;45;41
2;388;27
877;536;27
489;350;20
610;435;48
783;660;39
89;915;7
295;210;48
355;443;11
188;367;38
935;878;8
436;937;13
93;504;38
677;656;30
526;966;11
143;146;30
596;817;22
260;90;26
534;851;20
814;790;41
684;606;12
581;422;14
372;138;50
708;269;43
950;771;27
434;566;40
401;202;2
152;751;3
678;325;21
467;561;34
379;545;22
176;62;5
17;119;48
948;231;46
356;450;18
104;233;34
643;448;4
395;939;38
71;118;3
378;453;17
534;420;35
373;855;14
186;676;18
74;885;34
510;412;19
843;995;40
517;566;6
357;329;9
162;572;11
686;743;34
553;994;15
351;571;12
620;344;48
797;112;12
380;610;27
143;708;28
921;420;47
742;111;39
321;904;5
897;974;5
476;934;40
441;763;36
997;290;39
567;51;3
331;145;38
877;993;16
389;798;26
35;91;2
53;223;1
197;826;48
180;25;27
213;140;41
219;851;11
539;954;47
202;666;15
932;850;47
851;474;21
967;793;48
974;422;19
548;695;19
635;908;23
12;769;40
340;256;48
235;684;48
242;444;41
759;583;48
602;375;34
425;518;21
674;921;2
158;639;34
140;284;9
243;252;28
794;383;14
817;608;36
33;279;16
371;637;45
560;711;21
631;694;33
109;805;28
112;448;7
626;727;7
976;869;21
918;248;27
548;123;45
261;421;48
90;18;34
35;651;46
542;702;40
206;350;20
971;406;46
934;289;44
461;776;30
598;415;17
546;556;39
91;361;7
319;879;21
346;926;47
138;73;34
42;383;37
341;574;28
888;583;33
988;83;46
671;890;34
820;879;12
309;862;15
360;265;14
529;462;16
217;985;25
347;925;23
128;482;36
439;62;27
457;587;31
736;929;22
473;593;5
207;440;45
243;543;36
728;927;39
727;69;21
713;764;36
260;426;43
124;301;19
875;7;38
705;467;28
110;385;32
412;415;6
796;900;34
939;400;11
293;806;25
768;912;43
800;762;6
87;957;10
7;720;20
749;747;6
686;631;8
100;541;32
750;737;5
890;180;9
441;733;29
618;450;17
596;457;40
752;574;23
107;449;32
423;11;7
571;297;33
857;163;45
651;2;25
524;628;14
487;123;8
370;155;26
164;430;48
961;465;11
378;421;23
18;418;41
341;616;45
467;272;13
3;748;16
812;393;18
551;973;44
247;682;16
82;454;3
888;705;34
198;69;47
942;742;4
148;840;20
285;775;39
342;399;33
625;834;6
870;647;4
587;591;13
17;309;35
423;327;36
673;939;47
76;952;19
436;455;28
858;401;38
578;950;1
963;936;23
851;275;24
929;311;30
148;811;10
300;422;15
935;448;29
646;333;34
355;130;40
994;810;38
507;452;31
440;628;2
423;215;7
328;986;15
61;851;45
355;970;50
786;467;37
462;402;50
127;767;27
332;716;21
487;419;40
93;400;5
2;159;11
81;173;25
760;949;2
29;50;35
468;728;28
438;329;16
691;66;12
491;262;5
255;912;47
867;803;43
466;246;1
384;21;30
757;776;4
177;423;6
748;387;47
68;28;17
531;713;10
316;533;15
237;900;6
50;64;27
617;39;14
835;715;29
102;142;22
324;716;18
396;850;36
891;998;36
57;345;17
830;833;29
689;196;19
258;181;22
20;988;3
736;817;48
277;652;17
569;561;40
384;999;7
909;850;46
310;768;48
841;485;1
46;307;34
912;635;30
840;688;24
374;254;45
735;884;38
622;61;16
77;31;8
73;159;32
766;232;17
886;777;22
388;68;16
632;829;5
370;824;22
812;16;16
589;334;12
321;514;22
293;643;41
173;764;35
894;734;36
828;200;22
379;995;22
972;906;46
509;239;38
39;275;17
176;640;14
419;488;16
908;896;36
835;331;38
898;496;3
685;586;32
50;449;15
645;477;37
15;937;8
312;29;40
195;507;47
111;94;5
557;198;4
960;861;28
966;881;19
197;452;31
715;429;11
517;472;19
679;941;15
125;864;12
424;514;44
110;575;45
176;717;40
862;219;3
583;644;21
271;773;32
793;956;49
513;76;11
723;238;12
69;447;10
522;52;1
909;412;39
614;849;11
994;448;40
441;736;26
301;223;36
546;654;40
755;31;24
564;8;4
838;175;8
34;288;16
806;246;27
309;469;49
283;686;4
879;526;19
153;968;23
293;804;15
945;480;15
745;550;44
942;311;34
70;880;40
649;621;16
90;128;47
513;839;32
181;92;32
352;212;7
901;285;28
9;358;15
983;999;44
223;182;11
963;359;27
354;664;17
570;891;18
915;181;9
576;917;10
266;89;18
195;160;43
708;27;34
761;212;25
690;872;23
295;142;46
633;244;15
71;379;45
896;587;3
357;747;8
635;33;33
927;754;24
405;404;35
521;769;38
724;536;32
308;768;17
759;177;10
986;441;45
90;55;41
54;896;17
650;801;47
492;640;3
29;120;31
755;671;14
440;265;23
304;69;30
346;551;25
539;883;21
274;214;32
584;836;18
554;655;39
681;10;36
945;421;30
679;267;41
51;131;24
613;229;43
966;758;14
989;182;31
858;178;40
166;968;10
50;271;50
569;89;21
115;786;24
949;144;39
795;876;9
184;913;2
182;621;12
604;569;3
413;219;20
187;880;15
151;474;7
653;106;21
640;422;34
957;475;4
281;579;20
430;582;10
211;737;19
202;770;37
607;828;15
833;969;21
101;363;21
307;555;37
120;532;17
858;861;23
500;937;50
983;339;25
709;244;32
530;95;31
133;950;19
724;147;3
593;557;11
296;97;28
598;782;29
556;27;38
229;463;13
558;78;30
451;785;50
451;62;49
814;939;25
98;964;15
147;876;27
77;761;23
700;891;2
394;579;6
103;547;8
309;154;17
473;145;43
282;312;44
63;395;16
120;193;25
435;651;50
282;101;4
264;563;34
561;981;21
464;518;14
63;488;30
678;938;40
630;557;45
796;816;19
371;549;37
778;235;14
464;74;21
1;161;3
961;746;25
441;852;14
641;206;24
35;722;29
792;438;15
216;622;44
198;563;27
765;870;49
776;631;1
600;607;49
628;835;3
69;846;5
459;429;35
274;203;26
312;207;2
536;262;2
778;255;6
863;929;7
159;951;37
459;718;15
888;330;13
287;921;27
996;68;22
446;691;11
67;784;40
427;586;10
673;541;26
310;76;49
422;196;8
34;249;2
485;821;46
174;674;21
636;79;31
949;102;40
308;142;42
218;856;29
878;494;36
431;328;17
13;12;22
377;840;25
445;580;45
85;960;23
117;224;42
814;38;34
931;831;38
174;571;10
673;584;30
219;159;22
987;49;39
919;424;26
745;487;42
353;65;6
880;316;24
605;986;5
801;446;46
967;895;43
315;377;6
880;967;11
618;519;46
69;468;26
918;726;44
185;366;42
118;338;4
373;365;39
29;100;10
919;278;8
625;422;16
670;108;30
196;618;33
44;891;48
211;286;16
294;639;14
947;40;30
671;387;10
395;765;11
667;537;41
229;538;46
326;382;37
46;39;17
748;902;50
912;400;2
171;661;12
532;710;19
114;986;16
343;679;41
871;289;46
340;262;37
478;148;30
754;887;18
55;323;47
767;558;6
630;996;30
735;58;24
618;987;14
81;300;24
753;253;34
89;780;48
308;402;33
909;275;31
827;916;29
470;573;45
187;145;3
990;507;27
791;991;11
734;351;26
115;500;31
306;605;26
79;89;15
775;180;19
951;369;23
233;994;18
114;586;15
486;945;17
663;394;29
788;208;17
594;827;28
519;953;31
697;882;41
297;224;39
247;536;11
173;598;46
278;756;11
131;487;50
5;224;31
4;258;23
986;94;37
40;503;9
759;774;9
12;613;13
391;676;36
931;609;26
61;874;13
904;323;32
279;233;22
56;1;9
296;474;7
339;533;4
411;1000;23
534;62;1
720;418;10
388;369;19
821;624;18
839;340;17
927;132;37
944;208;32
527;341;19
955;728;30
997;922;24
21;491;3
70;803;19
699;248;46
455;342;1
807;58;2
759;101;36
635;173;21
590;475;2
355;978;45
765;787;16
543;391;47
521;469;32
281;929;10
244;10;11
423;603;32
120;571;31
366;648;33
300;733;25
286;587;38
774;654;22
190;110;2
789;449;40
708;977;27
376;810;18
512;108;26
884;398;50
419;194;47
87;50;22
395;9;28
968;416;32
303;355;16
807;265;22
486;451;18
211;581;34
688;707;3
170;539;2
565;79;20
728;393;13
378;325;21
661;986;46
671;142;5
318;541;45
524;336;35
518;869;24
836;110;37
999;190;3
421;830;29
32;851;5
52;802;47
240;809;12
155;101;13
428;478;14
498;253;16
276;92;31
711;157;35
589;492;32
511;729;2
143;479;22
427;582;8
86;415;10
50;368;48
220;865;36
851;893;34
211;860;20
132;908;26
212;463;20
274;819;18
83;409;47
58;33;19
909;854;43
124;523;7
614;425;33
236;27;23
658;297;31
993;999;45
528;114;32
218;94;11
828;78;39
258;37;27
1000;590;39
902;618;26
597;90;47
309;723;34
958;662;12
916;704;25
693;205;7
363;540;46
97;251;16
100;533;45
419;120;24
193;149;35
57;783;26
538;520;48
217;290;34
628;650;45
15;465;20
997;43;33
60;482;36
438;294;32
310;766;31
195;307;29
176;231;32
189;955;4
589;139;17
638;893;29
173;722;31
203;550;11
611;64;17
471;726;20
1000;212;44
449;478;35
174;495;22
608;798;6
583;796;25
142;769;4
561;643;33
431;194;1
50;24;23
716;99;42
425;796;26
909;603;38
955;597;28
930;796;49
924;631;4
710;191;34
410;745;42
316;21;24
397;106;7
491;395;42
392;661;24
975;871;15
599;118;42
804;523;31
46;255;43
514;848;31
485;182;34
353;935;10
290;309;23
926;811;5
923;140;3
38;570;18
901;622;45
711;586;32
292;291;46
910;217;22
676;826;28
691;291;7
424;440;30
735;646;7
320;337;14
903;533;50
465;811;22
397;919;44
204;913;18
10;262;44
537;609;46
51;440;30
411;441;49
121;234;9
107;892;12
44;88;37
92;594;32
571;818;2
659;19;25
352;387;1
636;36;32
950;790;49
492;820;42
905;101;25
646;886;13
678;121;37
717;713;27
940;558;6
657;455;12
502;744;21
560;350;33
892;648;15
342;761;19
608;790;50
248;569;3
314;937;32
948;45;48
7;279;6
773;939;47
88;998;34
978;137;42
148;71;39
566;92;23
285;190;9
849;149;44
375;783;3
203;707;19
123;463;29
451;101;28
28;923;5
598;787;35
939;664;37
861;153;23
549;563;45
284;418;48
946;396;23
524;663;36
415;900;36
69;819;16
532;534;28
191;106;46
716;218;5
916;228;10
158;102;3
345;748;5
904;437;43
684;402;1
465;320;48
577;750;16
489;485;19
881;577;21
402;940;32
848;584;35
686;419;3
71;473;40
119;262;22
574;355;42
472;830;40
882;379;26
283;620;41
346;147;22
727;678;25
427;633;38
516;762;50
379;745;12
922;452;19
616;863;18
226;759;7
876;168;14
437;127;48
251;206;11
347;821;34
116;173;44
901;241;41
8;400;1
114;247;9
248;876;41
505;264;49
51;981;11
507;433;7
279;74;7
249;186;36
207;187;30
83;690;4
66;183;20
479;766;26
837;621;47
88;854;46
738;139;50
908;199;33
306;497;31
213;999;14
479;776;49
974;809;41
249;858;4
783;795;21
29;245;21
419;245;33
7;130;24
945;192;46
106;586;50
364;223;42
884;642;3
753;955;31
867;637;50
791;536;26
389;904;9
509;255;15
449;398;45
169;341;49
422;43;6
487;595;3
472;519;39
491;106;6
535;157;39
357;981;20
658;6;35
492;661;4
186;49;34
672;148;50
13;212;36
651;204;16
631;662;19
426;796;17
915;584;15
707;318;34
74;999;35
822;546;49
705;898;13
483;338;34
216;358;24
565;156;21
291;810;47
236;5;2
629;487;28
700;829;16
974;374;28
429;85;42
934;680;25
496;354;39
691;560;42
506;596;27
214;742;46
68;804;30
724;511;30
123;618;49
896;818;11
323;379;24
981;653;34
240;643;24
136;754;27
183;443;36
369;854;12
353;897;8
229;12;19
866;149;47
919;633;26
364;391;12
135;556;46
963;525;34
273;471;10
344;554;25
337;38;9
360;860;41
880;209;37
910;709;9
916;607;12
43;26;49
190;87;45
471;633;25
416;830;27
480;241;21
89;171;11
608;646;10
304;504;3
347;272;19
263;941;41
841;905;46
721;160;1
999;11;49
75;879;50
812;403;18
118;332;16
793;684;20
268;305;27
594;723;22
139;36;14
540;161;27
854;448;21
401;248;18
667;925;24
910;858;49
215;824;49
530;591;44
961;116;48
537;189;3
39;842;29
247;988;47
121;654;24
564;559;24
715;951;49
897;960;32
928;716;43
784;377;29
7;514;17
295;678;30
54;115;20
671;548;43
71;108;35
154;683;50
710;960;47
894;667;3
89;537;43
5;393;4
320;643;38
892;101;23
226;953;34
252;186;34
403;810;35
934;863;38
899;878;3
925;956;4
879;361;42
541;124;31
244;539;7
426;75;33
610;312;44
618;248;4
895;616;30
900;57;49
761;201;11
872;254;42
450;526;43
99;245;15
217;793;40
132;730;35
278;237;31
452;580;49
606;961;36
242;610;17
221;289;32
620;550;17
122;846;48
838;168;34
242;739;14
491;256;22
703;161;5
698;351;47
901;187;39
438;432;25
450;89;26
950;799;20
690;691;22
139;480;46
980;965;3
342;917;20
277;104;17
296;442;33
560;399;36
228;291;22
388;505;11
925;284;37
467;90;7
950;360;29
713;729;15
646;672;45
716;756;7
842;437;21
483;760;22
454;931;18
577;672;16
877;156;45
624;685;37
685;889;14
394;947;50
84;206;16
529;248;10
899;153;40
374;206;12
745;497;10
393;251;10
493;266;7
927;212;49
110;523;37
636;168;31
149;970;13
332;713;42
663;831;20
497;958;9
230;542;3
978;19;24
33;506;24
267;117;20
326;403;10
759;142;5
352;122;28
306;232;17
45;144;21
387;952;19
438;802;45
913;386;39
706;894;11
412;36;38
296;885;6
435;224;46
661;206;2
358;858;48
762;702;11
136;678;35
199;558;2
653;460;3
442;753;49
694;157;11
334;487;15
136;92;21
921;657;34
589;545;9
894;645;30
378;961;6
221;269;27
315;41;1
954;284;36
590;905;37
292;993;34
465;432;39
760;195;49
551;617;26
235;710;4
232;288;26
275;41;49
115;776;36
588;767;34
92;333;8
658;409;39
515;435;38
549;440;20
220;775;45
383;883;10
194;617;46
117;867;8
250;537;12
11;761;20
886;799;10
249;122;21
477;686;18
717;665;37
894;86;31
76;979;48
953;619;9
298;678;35
289;265;29
516;20;24
840;599;49
958;398;50
912;732;20
521;940;41
704;806;11
161;512;22
601;599;2
729;466;19
361;877;14
110;277;23
447;744;10
47;606;6
288;735;4
381;991;27
522;263;8
345;121;39
501;710;48
304;954;7
584;395;41
504;395;25
917;837;16
155;342;12
102;554;20
114;352;24
445;745;27
854;310;44
855;271;28
642;894;38
677;232;26
197;985;32
166;269;17
81;407;50
412;105;22
559;122;4
834;25;43
502;351;48
750;523;31
36;166;12
335;811;43
560;554;5
270;762;9
984;817;28
116;37;24
627;300;15
650;994;49
236;229;2
973;221;36
73;877;40
634;64;1
636;921;1
838;685;18
352;120;48
637;822;50
724;954;41
10;43;20
817;336;3
80;595;32
20;249;47
534;323;16
528;303;48
667;933;17
731;601;8
262;888;19
590;3;17
579;958;3
201;83;28
235;562;17
796;22;12
974;179;8
717;760;26
158;298;3
778;297;21
750;619;48
174;234;22
701;898;36
286;101;22
613;108;24
413;823;28
704;832;37
607;575;2
801;249;1
703;259;13
104;410;27
848;319;23
76;856;34
593;689;25
556;636;42
874;349;30
779;79;23
909;967;36
688;988;27
209;760;42
681;750;20
321;707;19
955;55;17
313;203;46
832;943;24
168;869;3
228;453;33
681;404;35
404;202;21
689;770;7
682;776;15
445;35;38
875;77;13
283;603;48
854;139;16
393;181;24
756;616;46
67;248;42
63;358;35
712;116;43
12;582;32
677;53;27
281;974;16
829;332;17
424;351;41
270;655;40
321;297;6
177;828;50
242;306;17
731;490;10
336;160;34
322;566;47
210;23;8
867;995;49
234;54;41
604;107;33
135;123;4
711;213;3
803;525;39
121;535;27
796;796;13
378;698;8
895;369;12
59;677;38
962;884;44
333;576;48
204;92;42
130;648;37
213;442;45
778;669;28
197;401;2
225;471;29
887;67;26
169;401;5
677;717;10
970;635;13
483;855;30
367;359;39
117;944;4
658;408;20
952;263;46
139;711;31
554;778;6
463;381;41
26;229;50
11;388;41
855;233;34
557;152;11
734;68;34
883;445;28
172;919;43
375;793;32
130;597;29
975;226;44
849;904;29
934;395;1
286;605;29
746;298;2
413;122;41
4;957;50
679;714;9
520;502;33
420;845;5
39;571;13
264;172;47
712;364;25
716;480;21
707;180;36
761;838;42
195;987;18
153;21;48
497;659;36
8;483;32
323;390;14
19;824;42
77;746;5
503;403;50
486;675;22
454;525;25
767;342;36
784;403;10
778;54;14
432;672;24
426;937;33
1;567;42
988;483;32
780;47;17
564;726;50
107;342;29
45;952;44
829;975;48
627;767;33
724;554;29
594;777;36
871;720;40
816;922;38
814;67;15
608;174;3
47;743;40
803;282;2
375;295;16
649;464;45
714;904;47
811;346;41
856;441;41
663;193;7
282;493;35
856;155;16
210;267;6
587;289;19
805;614;5
743;46;29
162;825;13
265;502;4
831;838;12
41;413;26
30;588;17
995;124;34
711;759;49
832;43;41
848;783;26
920;554;23
927;650;43
695;403;2
384;838;7
132;551;35
286;566;19
598;785;23
878;551;12
966;636;16
447;589;27
358;784;28
490;752;3
881;548;41
360;783;15
245;789;13
192;838;41
521;423;8
245;940;47
416;161;15
682;631;18
996;368;3
353;895;23
429;557;33
342;475;11
721;40;18
633;987;31
281;886;8
580;335;34
334;974;14
918;987;22
448;293;44
55;189;14
158;537;37
653;349;26
452;165;7
798;112;13
33;443;16
652;840;29
168;595;14
605;571;13
867;674;47
824;450;17
385;66;45
866;86;16
909;678;47
124;627;20
796;553;46
276;617;15
194;130;25
757;681;8
198;793;9
529;151;36
554;70;25
380;722;20
68;921;21
433;474;15
912;416;47
990;457;29
73;594;38
77;553;43
201;69;26
793;19;18
391;667;19
415;511;28
296;961;24
918;41;21
128;908;18
921;914;41
263;471;1
384;194;39
185;295;21
642;591;38
772;483;35
995;772;1
428;345;43
826;745;37
469;612;25
433;183;12
38;561;18
442;935;7
806;479;39
221;139;12
166;749;29
638;951;6
332;812;36
687;293;34
276;936;37
753;376;9
385;736;21
488;263;18
95;763;7
782;186;17
661;301;6
731;827;23
222;551;12
676;195;18
689;744;32
490;710;24
679;512;7
515;212;26
433;829;5
566;350;9
254;958;3
316;213;32
658;760;8
445;216;45
451;201;23
637;653;11
767;294;35
884;18;41
900;961;45
145;513;8
758;366;20
345;696;9
721;233;18
160;917;49
609;752;31
772;571;33
509;918;46
928;376;15
487;56;6
459;668;44
514;305;36
992;1;47
993;543;31
728;390;10
685;566;22
565;879;34
705;846;38
160;458;38
705;40;9
883;174;17
861;848;23
602;4;50
583;354;9
601;629;1
266;747;33
457;252;44
706;651;46
305;788;15
908;378;45
255;488;21
897;366;10
203;2;15
770;299;8
504;509;45
589;68;20
733;92;48
446;816;16
967;493;24
1;528;25
194;738;22
35;765;7
519;307;2
729;622;34
852;852;8
993;357;46
657;170;29
939;936;9
491;584;49
206;395;6
834;6;35
668;647;8
151;621;33
249;214;28
321;248;36
206;781;11
710;496;25
324;401;20
588;426;27
220;53;5
274;721;16
757;108;8
137;420;33
764;464;7
341;417;45
188;718;42
141;164;31
41;394;28
657;994;48
914;273;15
588;370;27
761;539;39
778;114;18
904;168;37
120;15;12
518;871;30
8;115;39
50;297;15
634;729;39
942;765;20
585;586;41
480;31;34
693;783;3
993;147;28
101;946;24
888;47;14
615;5;50
423;586;42
378;244;43
778;419;45
99;331;19
163;646;24
782;950;20
697;11;4
978;935;41
857;853;48
514;430;16
402;231;26
295;224;39
540;681;17
99;346;31
129;360;4
19;320;5
774;108;18
114;241;25
755;446;43
137;591;42
379;902;25
712;442;4
854;469;6
119;383;48
529;344;12
330;904;35
8;526;14
687;487;21
73;954;42
531;83;27
998;19;20
360;337;21
650;67;4
703;309;15
588;521;12
322;856;12
35;357;7
952;8;12
629;307;37
252;599;5
200;587;41
198;67;4
942;505;44
860;180;15
724;633;26
38;956;9
436;853;28
379;691;9
173;766;13
753;176;45
630;338;44
290;799;40
639;392;8
815;238;7
804;96;44
749;379;27
351;757;11
303;283;23
918;159;5
66;182;11
512;369;16
612;622;47
737;367;39
798;68;21
562;529;34
559;636;38
484;752;7
341;345;50
511;234;9
989;127;3
409;692;8
459;808;33
416;119;30
52;368;28
574;207;39
204;754;32
549;494;1
846;892;35
602;655;8
277;18;49
819;814;32
433;578;49
549;516;39
781;540;28
157;543;22
913;987;45
320;958;4
876;629;11
237;421;42
644;667;22
955;823;46
134;653;34
789;243;50
938;245;15
453;493;25
211;329;19
263;897;21
590;380;49
573;933;38
511;405;29
76;290;37
236;908;33
527;934;9
297;726;17
184;844;48
176;56;38
627;520;8
186;637;10
266;340;31
583;180;50
791;448;42
469;47;20
50;262;47
422;779;43
412;154;44
181;250;46
500;630;39
692;988;17
621;403;43
744;873;1
249;990;19
598;518;21
739;89;46
206;872;19
662;757;1
966;603;49
453;632;16
309;42;30
452;48;30
288;257;45
669;580;27
284;39;10
911;431;13
338;428;39
822;845;43
306;524;10
59;951;29
206;351;47
665;922;31
859;26;12
305;392;36
846;219;5
78;293;12
647;616;3
152;586;39
467;15;32
623;752;20
503;612;34
38;265;49
388;789;32
720;163;17
29;243;23
863;738;35
151;382;4
570;234;12
782;578;26
61;73;31
550;84;28
854;630;21
31;69;13
982;993;46
416;862;26
534;631;26
690;444;21
764;631;38
642;378;44
912;700;26
683;157;14
366;307;29
937;347;11
907;833;4
363;932;18
476;92;9
614;578;37
516;602;27
15;599;39
640;687;13
86;737;50
314;865;10
495;382;37
697;413;27
180;763;2
828;225;36
263;168;5
905;574;31
180;712;29
908;981;16
660;463;30
199;557;36
253;117;1
900;674;22
893;269;24
720;689;50
276;297;20
718;876;45
307;359;11
142;917;50
984;42;14
521;217;11
638;279;6
299;765;13
735;262;48
735;623;20
685;440;12
768;6;50
516;767;44
780;292;40
762;290;33
550;793;26
361;550;17
689;233;48
304;173;37
591;28;3
264;441;15
69;146;26
955;418;45
381;941;40
497;320;42
524;247;30
826;812;16
304;524;34
176;769;23
714;887;32
131;909;18
870;708;12
654;484;11
831;679;32
795;61;48
659;221;4
57;697;8
358;910;6
809;29;3
152;281;24
98;638;17
192;995;12
702;26;38
321;433;23
939;613;20
210;893;27
787;76;9
271;556;37
282;2;41
184;541;46
7;133;22
516;996;26
653;163;32
193;259;12
787;14;39
686;884;10
426;929;12
8;763;33
5;869;27
259;986;14
178;564;48
180;379;7
909;931;44
332;413;21
724;268;47
847;723;14
504;578;25
253;931;8
73;481;15
326;235;30
56;562;1
272;148;12
874;742;7
602;652;20
207;840;5
620;305;32
918;80;40
206;627;21
699;225;27
339;336;2
376;417;46
798;743;41
598;133;28
881;374;41
93;736;49
488;471;10
915;17;45
995;349;36
632;901;23
46;707;27
624;74;1
623;664;9
736;794;6
94;833;37
680;92;13
489;244;8
699;601;45
865;835;29
899;289;27
883;92;23
883;493;32
424;718;27
995;191;27
153;22;27
180;213;49
440;410;33
195;806;31
495;868;38
743;947;33
825;615;37
246;934;32
398;502;21
335;155;38
743;564;30
476;160;35
772;141;24
392;25;39
544;578;5
938;418;17
832;697;23
915;603;11
805;488;31
79;787;17
350;941;15
905;388;16
159;626;15
232;447;37
51;566;24
251;474;13
266;684;20
811;542;20
387;302;10
184;74;12
337;583;4
409;167;43
647;105;44
688;678;37
230;287;11
274;811;1
222;639;14
944;63;23
765;76;36
686;807;38
956;107;30
845;507;21
883;237;33
4;71;13
281;72;34
533;817;45
415;69;7
769;460;25
183;919;12
533;9;12
775;297;4
5;906;1
680;777;19
677;800;45
458;351;11
378;430;27
238;659;37
766;882;14
389;877;37
914;692;30
933;17;5
348;288;20
207;380;5
452;638;14
531;664;17
829;513;26
943;328;9
515;761;29
984;677;25
180;342;36
93;862;29
228;345;37
81;3;2
979;15;33
253;889;19
169;196;6
207;85;45
405;593;15
167;66;37
406;83;16
294;337;46
837;361;45
979;956;12
736;156;3
488;797;48
270;963;50
618;416;28
597;21;3
319;73;36
663;340;4
840;19;27
261;426;7
746;41;40
985;670;24
725;401;39
731;359;10
112;661;34
719;146;10
314;812;29
391;441;8
64;22;32
553;224;28
968;310;2
659;735;46
114;288;36
670;170;47
948;32;27
632;926;13
367;495;20
782;32;43
782;814;21
940;873;44
907;815;19
344;701;49
984;385;19
267;103;43
507;244;45
214;687;30
444;359;23
992;678;38
322;722;3
642;524;16
86;201;41
318;356;50
503;18;42
484;880;5
200;42;13
135;366;9
249;483;23
402;331;6
884;953;10
112;737;45
195;265;24
611;753;21
531;35;8
896;894;25
370;660;8
985;618;9
60;670;34
547;362;15
859;360;24
346;112;50
752;565;3
583;195;34
611;348;4
938;379;28
146;447;27
495;689;39
761;631;4
411;392;46
974;61;20
51;881;18
372;998;25
123;693;50
571;822;43
55;146;32
536;10;33
124;285;47
167;6;7
339;486;10
651;978;29
800;505;22
196;516;30
931;432;21
646;420;14
410;70;27
438;749;50
129;666;14
450;847;48
240;621;12
889;484;10
182;958;18
833;217;12
483;492;22
546;628;2
545;958;43
572;792;49
330;31;10
296;529;49
730;529;28
933;597;42
580;471;38
678;259;49
376;159;10
405;362;17
551;780;30
366;387;5
347;975;27
309;715;39
589;420;37
826;234;25
485;891;12
75;41;17
334;534;6
142;872;26
725;382;21
458;565;43
979;373;31
147;654;8
889;663;41
153;974;8
842;537;35
231;702;7
70;705;49
531;297;27
116;467;15
670;995;21
779;515;34
997;741;48
968;368;30
879;167;12
117;493;40
582;520;3
150;818;28
235;466;19
317;155;8
222;282;40
616;961;19
584;628;16
928;762;50
526;19;47
186;60;19
701;1000;9
313;949;14
458;931;44
623;36;5
182;411;40
885;883;14
504;677;41
186;3;50
469;819;42
374;177;43
205;460;13
945;601;30
631;211;32
881;262;40
771;974;42
909;814;22
407;924;16
322;320;16
945;92;14
965;377;39
586;86;21
663;313;28
967;907;29
640;796;43
704;875;8
946;38;5
428;300;5
778;610;1
546;61;18
255;661;25
670;919;39
150;430;32
766;927;33
421;657;21
765;215;46
723;145;17
43;575;48
529;733;7
476;990;48
586;712;10
402;956;22
309;898;48
133;361;42
171;184;13
667;691;15
407;102;4
881;318;20
944;239;3
135;404;37
454;378;4
137;680;10
570;177;26
41;33;19
847;135;1
812;717;11
928;267;40
795;799;29
269;333;14
933;438;20
767;552;48
543;870;27
447;505;38
40;910;41
460;694;21
908;491;37
259;585;3
873;318;3
500;403;37
922;782;29
512;822;3
329;732;14
893;961;5
27;933;46
681;934;6
423;683;27
542;84;30
7;328;22
212;805;38
6;485;24
298;260;47
819;463;13
130;119;34
73;677;34
499;451;49
22;838;18
65;482;19
576;409;49
234;205;26
17;897;17
869;469;27
827;615;9
777;314;17
132;449;43
392;649;35
502;334;31
572;200;3
864;505;48
948;660;19
136;686;46
69;587;33
855;259;45
620;434;23
560;283;14
405;299;13
518;266;34
685;920;8
791;183;22
765;813;30
329;848;2
110;9;41
555;409;8
557;719;39
485;845;35
70;575;2
633;359;32
904;980;18
930;309;50
685;5;42
140;723;18
105;731;31
27;485;29
798;495;4
91;113;13
828;295;40
537;252;34
177;931;43
72;445;48
361;229;46
171;541;40
17;555;20
19;111;41
745;452;1
167;512;11
851;201;25
346;832;23
925;219;9
193;853;8
638;108;37
348;413;38
684;571;19
795;591;23
845;343;25
140;189;9
42;954;1
243;17;38
437;857;13
795;529;5
920;521;40
699;864;32
692;416;30
774;417;47
180;509;18
42;60;27
752;959;13
694;254;11
862;833;46
512;260;19
488;695;12
142;185;8
907;909;35
215;660;3
90;546;27
503;542;49
3;335;37
774;206;25
497;291;11
318;941;4
546;663;48
928;659;23
938;394;18
623;398;31
500;537;35
185;997;14
642;956;18
146;79;1
314;370;33
833;555;40
407;176;20
819;701;27
746;200;9
641;460;48
512;292;5
2;695;23
108;752;23
612;791;27
323;348;45
235;830;21
649;192;33
580;544;24
415;224;13
977;344;49
922;553;34
500;668;16
862;53;7
478;631;31
56;48;20
532;837;6
960;677;16
168;50;39
936;141;35
677;502;46
912;526;4
501;998;32
983;903;1
732;148;45
273;323;44
227;44;3
180;584;46
472;15;22
525;774;11
887;499;23
875;818;37
441;759;5
453;752;10
519;389;50
853;598;19
446;130;26
708;429;44
350;360;27
22;941;24
233;915;43
446;8;7
804;530;44
479;798;10
371;972;19
358;815;45
744;591;39
755;58;18
111;516;32
956;700;27
411;223;9
149;687;11
501;276;16
677;713;19
778;799;16
895;263;8
44;228;42
804;229;46
303;74;8
390;524;10
580;500;18
141;344;17
470;936;7
729;595;12
726;53;16
530;688;2
903;572;34
650;786;9
362;710;2
551;976;41
820;3;14
676;512;4
460;810;43
416;491;46
441;295;5
179;503;37
699;240;31
793;1;23
27;780;29
665;569;6
951;963;18
837;173;22
415;554;30
572;724;41
796;136;2
176;714;44
816;632;45
758;355;23
536;583;20
479;425;49
36;217;35
349;715;39
407;385;2
239;864;45
940;520;20
610;646;1
871;288;28
299;242;22
790;150;50
142;408;45
204;229;29
62;390;40
865;436;13
622;124;3
809;963;30
1000;22;11
573;732;49
640;530;37
423;322;18
157;854;48
908;705;1
351;351;22
887;342;5
488;366;8
697;798;45
496;169;29
112;510;6
319;149;42
699;852;34
23;870;4
908;521;50
31;667;28
470;965;32
293;80;34
180;123;50
648;761;25
686;909;37
392;743;24
285;830;27
243;433;12
225;768;46
405;91;4
215;156;47
967;293;29
225;430;18
666;916;33
210;594;32
883;342;44
818;883;49
572;545;35
549;574;38
45;810;2
478;227;29
696;626;5
875;858;8
432;98;12
907;985;7
102;82;24
739;905;27
348;358;46
270;512;5
288;972;29
800;630;32
823;546;40
416;600;38
529;974;14
498;752;21
104;150;12
672;570;8
959;794;29
342;728;28
611;663;7
524;688;31
161;255;7
300;304;9
999;398;14
930;943;46
845;609;15
900;413;33
54;257;10
130;160;16
79;738;42
828;10;22
142;229;30
362;700;23
904;226;33
178;620;43
931;566;23
841;634;28
434;78;15
605;602;29
958;247;40
131;753;40
865;27;11
661;920;46
700;981;48
412;526;31
104;189;1
954;96;27
237;509;15
774;939;43
286;449;25
209;485;44
904;237;50
94;547;3
245;889;39
963;740;7
871;584;38
395;942;28
254;478;7
64;672;41
868;778;13
519;717;49
595;16;8
424;449;23
656;716;38
895;11;22
289;18;40
330;513;30
772;585;16
429;638;5
292;445;23
422;846;33
237;409;23
851;211;40
34;396;33
930;984;31
444;927;31
303;189;38
612;358;22
578;734;2
573;551;17
728;926;1
376;674;6
311;895;16
470;520;2
607;748;31
207;79;41
305;390;49
872;948;26
922;699;21
272;379;28
782;722;20
587;958;16
340;692;19
920;227;43
156;442;8
643;278;9
474;846;46
298;182;26
694;569;38
588;982;13
911;834;34
868;616;22
122;296;40
724;131;33
149;901;9
804;632;16
997;343;47
285;276;46
283;463;1
835;248;38
280;813;23
318;724;20
467;410;16
467;809;29
873;398;38
739;597;40
825;559;36
360;644;27
351;312;16
799;714;19
607;974;30
3;843;32
956;718;33
28;462;13
417;327;32
820;525;39
169;939;30
545;885;4
609;409;34
88;968;14
942;609;2
345;661;33
601;26;32
253;579;49
400;501;19
791;256;32
542;242;10
106;642;32
152;808;37
975;905;40
140;337;24
251;58;13
168;167;22
377;697;1
87;532;4
603;328;47
757;274;13
705;550;37
299;282;37
656;293;3
75;848;29
867;913;36
530;782;13
802;292;47
516;628;9
351;707;4
717;737;47
983;452;50
769;763;21
910;310;33
576;335;48
341;61;41
318;315;17
244;847;17
76;293;5
164;719;35
262;353;45
748;400;22
223;875;35
707;163;35
959;630;33
544;634;5
887;78;45
852;345;32
865;583;35
763;215;33
934;437;36
870;274;7
600;423;36
261;221;43
568;142;16
702;127;48
641;483;20
834;846;7
848;749;8
321;670;22
456;752;48
24;660;27
945;784;42
522;757;28
278;764;11
579;441;14
665;698;25
364;879;17
801;119;41
663;684;19
721;650;28
396;532;19
222;276;14
202;936;50
520;95;13
269;966;4
522;577;23
395;302;43
29;466;26
208;839;39
406;352;48
99;722;49
788;448;37
103;159;30
280;945;23
759;258;12
609;139;14
773;194;15
989;414;27
663;386;2
216;772;5
165;710;45
172;465;31
254;741;28
253;712;18
693;634;42
13;916;29
174;358;50
464;972;2
142;731;20
200;61;11
151;245;8
921;518;41
331;878;31
292;388;49
657;761;38
482;703;43
202;358;31
483;40;2
218;724;35
234;343;39
362;758;26
207;428;20
854;528;46
322;204;5
32;283;27
443;609;27
354;893;38
722;858;36
940;140;14
814;946;13
566;145;49
90;593;24
403;336;3
213;523;13
125;164;14
453;688;37
338;671;45
274;249;3
695;642;10
121;189;22
670;522;9
959;589;6
719;141;18
589;992;43
839;392;5
79;290;12
343;462;48
574;248;14
885;624;49
602;21;42
256;561;41
358;942;42
554;253;4
106;435;29
46;507;19
955;765;21
990;730;23
807;949;6
937;33;14
241;28;6
298;818;37
979;176;43
871;861;15
476;291;15
643;507;19
787;186;40
661;872;8
957;954;47
248;368;31
483;183;16
628;695;17
303;744;10
383;9;18
445;232;42
385;867;46
190;527;21
921;553;24
405;76;3
230;338;30
452;885;19
509;731;35
404;72;13
348;531;26
577;238;17
921;17;19
816;810;31
338;258;24
693;582;34
237;713;19
373;499;42
1000;409;44
84;331;22
442;557;48
274;130;19
45;263;38
79;608;33
55;894;35
746;885;46
816;488;29
377;252;45
532;365;22
165;794;30
19;176;4
261;913;8
575;471;44
682;875;20
305;341;25
67;506;12
595;980;4
772;512;39
432;536;11
178;852;23
920;76;33
743;670;37
810;888;44
870;837;47
804;325;35
405;956;18
854;764;16
918;883;36
273;100;19
929;382;6
476;587;29
610;788;30
496;911;32
207;611;50
342;977;14
470;891;22
99;604;21
46;273;3
899;992;9
926;51;20
689;17;19
220;647;2
558;825;37
392;692;26
962;967;18
397;338;31
492;294;8
527;579;12
209;253;7
535;504;14
979;357;40
986;231;2
984;150;33
925;690;45
422;147;34
562;719;20
295;327;23
854;335;27
317;43;34
737;671;13
918;304;38
401;691;18
17;945;37
908;266;37
842;965;42
23;118;15
742;216;15
543;129;38
740;289;3
53;553;12
610;796;27
504;242;33
451;495;20
5;682;35
747;501;23
946;285;18
332;102;11
656;360;46
238;337;30
967;672;17
704;375;47
698;26;42
402;909;47
986;563;12
147;901;25
930;209;1
523;976;24
376;910;39
109;161;31
573;414;43
82;556;5
721;503;3
32;64;29
742;910;26
243;353;27
256;80;34
497;483;34
765;521;41
591;336;10
644;606;33
652;594;36
529;97;14
393;537;9
833;909;47
840;812;39
162;392;47
973;753;32
1000;944;33
225;871;27
528;370;26
746;229;47
782;676;42
131;272;10
738;665;32
849;155;15
628;508;20
771;702;36
188;174;41
324;408;15
546;248;47
928;565;33
508;666;46
668;279;41
451;665;11
183;633;20
645;806;35
921;677;10
555;237;10
421;615;25
79;860;22
410;126;5
608;2;28
502;190;31
36;450;26
871;417;42
745;805;7
561;915;31
848;297;23
29;376;23
141;566;49
800;763;24
142;611;35
449;836;31
311;322;21
17;560;31
876;884;46
333;278;12
342;380;5
901;830;45
51;768;2
827;168;4
363;865;36
706;655;2
916;850;45
164;467;15
963;830;4
150;187;44
141;989;9
524;154;4
20;647;48
787;875;43
10;289;15
301;725;25
380;373;26
194;444;35
230;731;49
774;248;42
997;900;12
717;680;34
217;753;36
15;26;42
300;264;29
885;39;46
396;48;18
115;730;28
829;693;3
96;252;48
186;772;8
623;396;48
753;789;4
566;12;33
944;275;19
748;238;24
368;504;12
606;510;2
740;475;36
880;998;33
909;800;47
996;765;42
160;708;27
411;635;45
170;978;25
833;542;4
60;880;41
927;822;7
972;832;26
417;648;40
485;790;12
322;668;25
179;348;31
673;698;3
522;144;12
451;28;21
169;480;8
232;764;22
785;908;47
249;315;23
112;302;38
5;315;7
210;785;1
941;134;14
674;450;41
616;475;9
616;284;36
947;169;48
843;271;4
246;206;40
866;13;22
249;574;15
714;101;47
374;425;40
617;178;32
201;858;33
189;492;47
34;718;48
84;279;27
809;449;29
330;557;42
828;885;36
240;71;6
501;345;43
858;118;3
750;980;22
307;563;20
813;91;27
792;560;11
885;662;22
102;508;40
337;142;2
833;935;40
914;375;41
858;656;22
101;709;22
500;605;37
310;782;44
883;807;41
914;672;28
241;772;4
576;613;49
209;159;43
988;776;36
47;70;9
317;787;15
278;395;23
874;692;40
742;267;26
836;265;19
601;340;10
117;728;13
812;278;48
188;441;14
856;195;13
872;804;36
354;781;26
804;251;31
35;196;16
648;779;50
407;227;5
805;538;41
205;950;10
673;873;45
477;867;46
103;68;48
149;44;3
213;919;7
641;531;37
958;439;25
74;450;8
561;211;32
375;163;3
744;400;18
149;886;34
14;856;38
33;601;30
405;973;12
889;69;6
656;916;42
305;579;29
523;555;49
77;862;21
431;896;19
229;248;10
76;2;26
465;613;3
993;402;15
496;395;38
741;676;19
126;583;11
112;566;29
832;701;29
197;558;50
415;654;50
125;698;19
146;445;5
727;182;28
406;321;46
640;808;50
810;111;39
669;67;3
73;3;4
883;934;44
72;447;11
714;850;39
299;581;33
954;625;16
989;433;30
739;469;30
494;882;40
537;760;2
683;47;14
395;839;30
493;238;21
67;772;47
514;846;50
473;603;29
936;195;50
714;245;1
959;812;6
199;651;38
152;561;41
632;224;24
944;66;42
784;53;21
890;288;32
769;492;17
844;386;50
894;672;33
345;724;8
555;963;42
846;854;41
542;525;19
27;101;8

