1000
26012
6000
96;68
40;17
93;90
1;94
79;77
2;53
95;49
33;11
38;18
84;15
82;27
73;40
76;33
29;47
29;9
84;74
6;88
95;57
12;43
64;22
22;87
71;33
6;25
15;34
78;52
55;46
27;53
74;67
41;92
62;93
39;85
97;23
23;1
15;68
57;96
77;83
27;11
26;14
12;19
79;15
79;9
53;50
57;69
67;80
88;83
8;9
54;65
74;6
5;75
65;47
8;32
91;71
100;98
56;79
90;90
71;75
48;74
47;9
19;19
4;4
55;75
90;84
11;72
37;41
41;3
64;58
98;97
51;1
35;84
95;93
91;41
89;83
33;82
40;13
6;75
37;60
80;51
60;58
62;73
56;62
96;68
48;84
7;73
41;73
38;7
9;71
60;70
70;81
10;77
56;83
14;97
37;5
89;39
11;58
74;53
16;88
12;59
37;98
34;69
49;51
51;89
82;78
97;83
46;47
3;20
67;58
90;76
93;18
16;80
90;69
56;29
96;14
86;39
87;76
32;89
10;31
24;26
28;70
41;1
96;20
16;66
54;71
2;26
45;83
11;5
97;95
83;47
26;59
95;72
55;86
12;69
86;10
67;77
21;58
68;32
70;20
17;96
100;22
3;73
49;76
36;51
28;99
52;84
100;28
93;7
36;47
67;77
43;82
66;30
20;39
63;68
42;28
62;93
69;30
97;63
56;61
74;29
12;2
18;64
71;2
82;51
31;39
12;85
94;69
88;82
1;21
38;65
65;62
87;5
26;52
67;78
88;62
84;39
28;71
78;83
59;30
76;69
31;80
80;69
70;50
20;92
89;79
80;95
18;16
96;93
74;16
61;99
47;64
8;38
68;84
31;64
24;30
1;60
67;36
11;68
61;81
80;1
55;14
69;26
39;80
93;92
1;81
16;38
13;1
61;93
53;86
34;53
21;36
48;72
50;59
31;20
49;75
91;7
91;22
95;17
26;48
74;83
35;52
12;15
32;87
15;49
18;80
23;45
3;67
32;34
9;67
15;7
35;10
25;1
26;27
43;70
80;79
71;33
13;29
52;54
94;61
61;21
3;76
5;67
74;51
43;70
78;37
65;91
79;52
85;61
46;80
23;7
85;22
40;62
46;55
77;31
36;87
97;22
28;67
100;77
66;85
28;50
24;52
45;94
80;7
81;7
25;13
55;26
45;75
69;63
6;3
62;74
98;66
66;86
22;89
97;69
38;23
58;16
28;98
4;13
63;85
44;27
59;67
90;97
39;16
55;48
29;69
28;82
56;60
4;96
64;49
80;56
48;83
55;76
68;72
90;8
9;45
10;46
34;10
45;5
64;75
72;47
8;28
6;93
2;67
51;65
50;27
88;2
74;8
38;45
30;54
6;47
43;51
67;68
24;90
16;50
60;54
53;50
6;21
57;5
51;58
55;91
21;49
29;23
32;98
7;55
93;59
21;74
68;12
27;63
28;82
14;40
7;72
67;33
84;11
97;68
96;29
56;38
8;49
17;59
92;57
38;95
82;80
90;13
99;78
66;98
63;71
83;55
68;73
40;27
76;88
81;20
41;100
54;97
39;80
89;90
72;5
47;84
48;49
17;63
95;19
40;78
4;9
72;27
5;90
45;84
40;10
73;90
81;31
61;4
66;85
23;88
46;6
45;10
63;41
12;42
1;26
17;53
95;23
52;60
72;5
35;85
51;9
2;50
66;50
81;52
14;49
87;73
80;57
50;26
95;49
16;73
73;71
29;31
88;10
92;73
50;60
12;29
58;14
47;80
94;78
34;48
22;68
68;72
18;41
61;92
53;96
16;67
78;50
44;2
63;6
16;8
6;30
34;17
20;89
38;88
62;70
48;20
86;57
91;59
70;58
94;14
100;19
50;5
13;47
14;77
77;54
75;79
90;87
87;96
65;42
4;38
30;69
91;37
78;17
32;100
78;52
93;19
36;2
94;100
59;59
40;21
29;59
14;88
100;31
85;66
97;44
47;29
41;13
48;39
71;84
97;12
83;71
47;36
17;13
21;74
46;52
52;84
80;68
28;13
49;2
99;52
37;96
35;51
80;94
5;60
44;98
17;80
97;27
66;31
32;95
6;56
58;92
23;86
64;50
77;91
41;20
68;45
80;61
87;66
99;94
43;63
77;58
46;2
96;85
91;55
4;77
78;6
9;74
37;70
23;61
7;2
51;58
74;13
62;28
88;28
2;19
94;1
51;28
72;31
35;95
42;25
21;66
61;48
37;58
95;72
73;29
79;46
64;75
4;29
99;81
73;43
61;27
99;44
65;6
52;47
23;75
51;36
32;23
54;77
31;44
19;25
32;9
67;91
65;99
85;49
60;39
3;84
19;56
68;43
71;66
30;69
32;72
2;5
16;16
13;91
27;41
58;16
66;38
31;97
95;74
3;88
20;80
5;32
22;57
26;3
78;72
45;15
58;10
32;35
25;56
67;33
40;35
77;57
54;7
91;63
1;36
29;26
15;97
72;93
60;86
26;35
56;89
85;36
13;93
95;10
51;17
28;66
56;8
2;5
49;1
17;7
10;69
99;67
14;25
99;59
69;19
6;80
87;77
59;95
32;38
8;39
55;16
91;51
13;95
11;59
5;36
48;67
85;90
45;80
28;22
95;100
47;97
32;9
91;56
19;94
52;40
40;41
80;72
40;9
96;92
54;52
80;20
26;73
11;54
74;37
17;37
39;63
32;10
6;34
50;5
8;15
1;50
13;97
86;31
25;42
21;63
1;19
33;24
7;11
76;44
12;45
17;29
36;100
49;72
90;64
90;21
7;83
15;26
97;6
42;73
51;87
23;80
38;8
29;64
100;94
55;42
74;56
5;67
94;30
54;14
70;10
70;8
3;86
21;19
38;80
11;32
93;24
95;84
63;64
39;94
77;74
62;63
64;38
4;39
84;75
7;16
100;77
43;1
57;57
89;17
10;24
37;82
68;69
81;61
86;71
55;8
45;67
99;80
2;80
62;84
30;37
51;42
75;76
31;1
44;65
5;17
39;78
72;84
87;66
5;45
41;99
49;63
20;69
15;67
32;26
36;43
34;97
52;69
46;3
28;32
1;93
49;89
87;52
9;89
12;31
23;91
39;67
46;50
95;80
69;34
50;19
77;24
61;68
4;43
75;7
42;41
75;52
79;31
36;92
55;30
87;27
46;19
79;64
29;98
46;24
51;20
52;75
89;90
37;92
47;38
37;7
31;5
3;18
73;66
68;10
54;99
37;44
48;78
83;84
74;11
60;25
67;81
35;11
88;6
90;18
55;69
99;100
37;15
37;86
12;22
21;61
3;95
85;72
86;78
42;14
21;96
90;78
62;93
89;94
27;76
51;14
10;64
63;41
43;44
32;38
68;11
93;29
25;59
24;61
11;9
8;35
7;34
71;77
20;88
47;100
17;11
17;99
74;3
28;83
98;80
4;72
53;45
39;71
76;94
30;41
86;5
21;90
35;17
24;88
5;70
93;14
26;8
55;35
100;10
10;5
92;31
86;86
71;85
39;6
12;6
66;73
46;8
89;8
33;8
80;28
16;4
7;3
74;10
26;9
71;6
37;51
79;20
14;94
29;94
76;10
42;25
76;93
72;33
63;80
18;88
68;93
98;33
26;4
2;67
93;96
30;57
9;49
74;36
47;85
96;63
100;24
33;75
81;73
44;56
57;58
57;49
43;39
63;24
96;88
73;29
61;62
44;65
74;53
6;74
77;71
4;94
14;55
65;50
1;45
74;90
66;63
2;10
74;54
3;47
34;76
20;96
97;77
26;73
100;4
6;35
78;12
68;14
18;36
26;31
83;45
53;57
62;86
46;88
5;50
21;18
85;83
17;1
26;42
64;69
71;8
78;15
31;44
6;76
88;90
13;49
24;88
82;7
25;36
67;87
10;87
79;75
39;69
90;92
60;13
9;69
71;60
34;61
50;91
84;6
84;2
69;46
19;44
77;83
67;48
95;34
92;57
75;95
90;75
18;1
54;98
47;30
40;61
35;50
23;60
71;90
66;35
31;47
13;7
2;85
5;50
10;6
77;71
98;23
100;44
50;63
96;89
48;10
42;78
60;46
69;33
23;46
30;57
5;100
5;59
9;25
81;59
10;82
73;95
35;26
75;44
85;75
23;26
69;35
21;20
33;77
45;32
79;44
92;77
13;84
20;74
37;31
16;2
25;43
10;27
28;40
73;80
99;96
71;93
38;88
85;85
75;94
75;51
89;11
20;22
22;36
97;73
99;56
34;88
38;5
37;45
95;33
32;40
4;48
99;46
10;41
90;44
100;1
33;92
31;67
34;28
61;7
53;33
27;58
99;48
54;80
68;35
57;97
94;94
89;96
100;24
47;58
33;19
10;100
94;72
90;77
66;88
65;46
3;56
61;63
83;30
27;91
23;90
10;73
17;77
45;87
81;45
43;47
96;58
29;29
36;35
61;7
96;86
78;29
56;27
96;34
43;15
87;63
21;38
69;43
272;270;36
723;95;25
922;337;12
937;203;4
515;589;12
11;636;13
292;944;24
85;222;29
621;70;33
699;919;45
367;617;44
407;82;27
965;740;50
231;230;9
846;407;38
446;479;12
850;957;43
990;98;6
817;258;28
244;498;3
4;893;40
774;141;2
52;204;38
666;50;14
836;298;9
24;263;32
417;26;1
622;448;17
494;71;45
940;235;42
505;26;27
388;996;50
448;231;17
553;367;44
293;126;41
54;501;33
995;609;26
869;969;43
394;189;17
177;992;43
830;235;6
469;837;39
227;753;31
143;665;2
667;748;38
577;516;43
249;794;50
306;295;5
865;890;10
438;591;12
516;445;13
707;921;44
425;668;24
432;657;31
221;761;13
504;551;43
893;597;47
779;388;25
772;599;34
51;19;31
99;342;37
461;490;45
843;356;48
86;901;9
96;823;30
147;804;22
661;845;26
95;349;16
184;538;35
229;288;5
833;287;6
329;931;39
467;196;37
736;115;8
336;10;37
985;642;14
329;937;15
224;791;5
654;320;38
833;155;29
694;547;12
367;191;11
980;647;28
125;45;49
18;343;6
438;854;35
275;928;27
855;362;21
32;724;16
229;326;30
253;674;43
929;308;39
183;353;10
145;165;5
654;255;12
639;878;17
325;754;16
123;218;49
159;930;15
511;224;39
327;854;7
408;597;39
850;130;1
575;633;26
406;888;38
25;237;41
817;119;44
913;688;12
677;776;13
49;92;13
593;183;40
437;541;11
958;798;47
557;910;35
908;524;35
667;898;43
706;283;40
60;503;20
795;182;22
644;399;34
624;755;21
372;690;1
66;352;26
204;66;42
797;899;15
597;607;17
709;336;17
493;581;40
346;395;42
246;444;29
160;735;6
259;713;26
324;1000;18
33;157;35
268;154;23
560;16;32
109;729;7
5;687;49
316;284;15
525;248;22
209;964;31
167;718;26
463;146;20
580;626;34
99;149;43
28;823;8
536;17;21
668;754;32
119;826;37
943;904;38
145;407;4
129;298;46
393;654;31
963;668;39
46;132;22
847;639;22
642;928;28
397;916;33
677;667;26
604;284;39
555;247;1
168;184;34
842;346;8
511;132;50
915;876;16
813;987;25
80;851;24
809;402;26
507;236;41
582;100;22
692;22;22
695;397;34
34;145;35
998;161;9
851;820;37
969;871;43
507;756;49
456;487;40
980;66;46
578;340;17
779;338;29
370;718;34
560;375;33
668;255;2
415;168;29
741;176;50
141;994;40
495;599;43
738;556;31
747;904;2
929;812;16
982;360;46
173;457;18
189;120;37
555;215;10
927;143;21
135;566;3
951;27;15
629;113;37
165;541;47
765;732;28
929;842;13
949;560;2
811;243;10
764;531;8
115;58;8
322;491;28
528;974;20
522;224;37
173;147;42
628;193;5
913;450;2
434;286;24
378;355;7
580;482;44
560;602;10
783;85;25
24;410;2
138;311;50
815;343;17
81;843;15
533;408;9
318;391;25
1;206;43
43;22;12
505;233;44
549;825;23
182;875;19
182;627;29
627;369;36
436;200;41
592;515;40
102;7;2
2;715;27
835;327;36
287;504;45
578;22;16
570;988;34
720;825;7
693;909;30
506;637;37
631;796;27
180;20;15
151;136;7
586;153;6
74;293;22
386;915;48
401;815;1
884;891;5
470;789;30
875;454;47
468;547;13
554;929;48
703;943;13
615;600;3
911;856;44
529;322;18
431;631;15
342;652;27
168;711;33
546;261;30
758;906;25
748;596;26
214;994;50
602;846;18
340;283;28
674;814;26
749;797;11
482;847;6
765;595;50
56;115;23
124;78;16
585;551;2
265;337;42
920;991;40
662;315;19
485;202;41
934;664;19
534;24;27
3;442;43
346;132;18
980;191;50
283;996;26
554;838;25
474;59;13
116;825;28
89;491;31
14;356;28
387;928;32
341;37;43
208;741;40
523;324;6
967;706;1
243;753;1
847;136;28
179;837;5
901;504;9
957;496;48
293;249;39
865;529;1
430;273;30
938;131;29
439;126;50
561;375;19
202;401;21
65;524;33
932;621;16
10;751;22
521;650;32
643;526;23
707;707;49
42;871;4
541;61;50
894;162;50
510;732;31
413;84;31
205;836;11
720;171;37
631;451;7
209;981;12
862;45;43
925;688;50
9;927;33
753;737;8
843;909;8
551;90;24
777;322;47
764;519;4
284;279;34
152;916;21
874;573;32
976;838;17
171;247;18
701;337;15
528;524;24
577;715;8
457;224;31
241;419;24
364;906;34
121;351;7
368;654;11
332;589;25
238;530;37
571;427;33
698;57;10
544;298;12
808;59;32
448;250;45
943;663;32
840;119;37
966;318;36
788;398;47
629;517;41
709;941;4
739;382;19
638;167;20
264;658;36
901;962;47
383;548;32
539;30;36
882;808;46
528;501;15
20;165;31
582;728;29
676;775;50
489;264;26
216;682;12
935;173;18
395;792;37
71;688;1
284;179;15
325;544;33
878;283;43
718;736;37
978;391;5
384;488;38
980;789;28
702;437;2
917;580;2
304;404;9
572;954;42
679;884;42
282;574;28
204;685;40
908;467;47
943;637;7
876;47;12
767;301;20
515;709;22
969;307;15
916;339;38
598;525;14
59;46;24
827;685;43
343;62;48
231;732;2
159;556;42
906;84;2
762;652;28
87;83;7
123;468;14
853;943;11
768;139;39
522;909;15
497;892;25
212;4;24
716;624;35
831;643;28
936;749;11
916;653;33
865;659;24
768;53;14
855;281;37
514;723;5
478;129;27
891;93;48
960;380;15
808;487;44
519;197;30
456;765;48
976;826;16
248;12;46
501;571;3
432;512;17
772;310;21
659;720;13
143;147;36
910;637;3
270;899;28
605;82;28
339;861;45
685;488;32
349;425;7
616;582;1
748;854;25
462;354;34
355;245;29
187;828;27
943;295;40
771;681;11
448;340;3
966;951;12
840;501;26
85;634;5
365;646;25
228;98;29
726;937;26
311;153;2
916;236;28
996;902;2
607;381;26
805;907;41
115;486;45
333;310;43
518;329;1
109;443;27
647;844;4
765;564;14
488;664;16
136;104;40
590;190;6
837;796;32
326;283;34
525;727;28
637;522;49
52;879;22
333;289;6
650;733;12
81;810;44
198;628;36
96;881;21
512;92;50
946;232;3
688;591;49
310;933;5
587;30;44
786;406;50
945;284;32
575;555;50
746;351;10
588;438;1
431;733;14
826;658;27
785;380;49
424;235;48
461;31;29
194;823;16
569;130;11
746;851;36
821;123;44
39;762;40
9;993;14
947;403;26
487;185;36
776;81;7
507;102;1
320;956;5
101;719;34
237;280;16
333;55;40
919;39;27
361;776;22
458;18;28
955;825;20
801;850;50
973;697;50
159;311;16
381;430;42
786;142;22
358;333;37
789;723;39
506;722;29
612;319;23
541;937;18
523;449;29
761;652;10
330;439;7
859;137;29
878;114;35
160;217;45
393;352;1
63;58;15
326;4;40
796;691;41
616;340;50
406;42;27
276;970;40
436;184;47
57;627;9
511;578;25
393;965;10
985;263;20
281;400;34
761;845;28
410;750;45
822;901;31
2;313;49
603;432;31
183;480;27
120;381;18
504;289;17
94;441;41
899;397;21
867;966;18
921;859;22
370;838;26
429;981;19
449;398;18
926;29;8
627;515;27
349;893;17
407;939;27
334;23;36
759;773;12
722;619;41
598;42;32
411;87;50
950;629;16
927;764;45
314;153;13
533;755;42
286;604;23
613;446;2
635;14;22
482;690;27
289;421;42
987;560;29
935;866;4
424;735;27
324;530;4
899;260;38
712;776;46
370;835;41
838;957;50
790;997;3
783;303;14
846;909;14
426;447;20
934;570;46
900;174;33
208;809;35
210;942;41
219;846;32
440;478;1
327;635;45
665;480;13
271;770;38
594;275;5
110;199;28
932;133;28
68;273;29
651;781;1
390;383;40
590;136;26
134;655;34
999;259;30
800;815;44
701;135;39
730;606;49
680;934;2
783;976;25
694;497;44
765;470;46
520;626;15
994;200;31
137;444;23
825;567;15
459;80;36
959;706;7
721;553;17
969;165;8
631;81;7
187;656;18
747;664;1
78;408;27
185;653;13
991;833;15
217;46;22
801;398;11
501;938;39
614;872;20
123;518;38
880;102;50
610;144;50
882;780;8
58;196;31
510;507;20
960;64;39
357;197;1
810;780;22
251;83;7
175;139;20
187;826;10
643;641;20
258;58;30
565;992;40
172;348;28
259;499;25
289;391;45
92;775;14
489;406;9
658;809;46
338;593;15
478;3;32
461;564;43
131;964;8
367;934;4
557;213;4
851;973;30
299;268;25
901;433;19
427;426;27
31;727;26
8;748;14
623;447;50
59;813;17
236;965;6
512;130;20
154;806;12
827;873;15
389;527;23
244;306;18
33;794;35
863;535;41
609;503;49
920;144;10
822;300;8
691;126;27
318;27;30
793;156;43
201;112;42
244;95;41
710;500;49
763;344;46
309;482;38
132;79;11
704;947;14
237;814;50
605;454;23
952;408;30
534;890;25
210;870;36
285;866;27
992;928;15
764;918;27
422;380;27
100;137;41
115;410;40
793;191;33
834;454;49
407;893;42
211;435;1
46;33;27
285;252;19
600;449;44
324;812;32
955;363;31
910;289;21
197;470;46
274;946;50
942;813;41
94;592;13
385;532;10
844;905;22
142;517;35
166;365;48
926;570;10
921;535;2
693;291;21
793;754;41
511;219;32
268;733;40
860;336;26
566;842;9
327;903;29
370;51;25
161;953;20
115;917;33
44;762;40
563;902;3
326;854;1
359;579;41
390;97;14
154;568;11
692;398;24
621;210;40
59;608;6
528;332;49
722;855;40
604;181;20
552;103;7
174;76;44
863;385;17
571;281;24
774;314;22
351;337;15
792;347;37
449;806;3
831;191;17
972;774;10
104;6;32
418;999;2
612;218;41
481;426;20
339;470;46
412;88;50
509;572;4
950;529;17
422;752;25
857;98;38
316;17;21
448;997;50
798;92;28
568;589;33
5;720;15
822;550;35
178;221;4
436;274;33
366;534;1
17;955;48
47;150;28
93;802;35
936;451;22
956;429;13
455;573;46
125;209;13
624;749;6
433;895;15
213;85;50
562;880;46
708;491;40
204;523;8
641;11;12
225;514;13
965;433;49
346;732;45
356;27;30
628;61;50
109;866;43
233;948;48
896;235;45
866;787;35
133;291;37
636;169;35
495;182;27
700;990;1
887;68;27
822;625;47
645;147;45
408;517;32
483;537;46
428;63;15
835;556;25
502;23;4
88;806;12
168;537;13
730;476;38
439;370;41
721;377;46
408;512;37
882;368;46
293;215;27
825;457;12
366;250;19
685;183;36
573;909;36
293;332;47
73;472;36
419;484;48
344;671;39
532;758;26
450;448;38
12;912;8
337;316;10
453;397;23
65;190;33
533;829;32
297;18;32
390;168;26
46;172;20
313;30;50
110;239;19
349;695;4
708;338;3
564;764;33
793;645;34
989;582;23
376;828;37
397;906;19
894;785;12
750;810;5
520;975;23
201;960;30
958;679;27
626;54;41
807;776;20
407;92;24
816;677;9
543;327;35
621;282;28
637;877;22
654;545;3
878;515;6
67;529;2
645;754;1
207;105;46
853;439;5
36;88;9
241;246;38
503;633;25
42;347;22
240;10;10
569;852;12
520;739;7
949;793;30
429;529;44
924;194;8
435;948;31
310;818;17
723;107;29
909;666;32
244;733;37
563;282;36
366;968;33
145;741;49
66;101;3
232;319;7
884;936;31
134;830;27
402;159;1
31;357;4
380;481;4
56;40;4
775;742;50
242;587;41
680;294;39
651;973;31
768;12;6
299;217;34
680;970;7
106;901;42
533;818;44
621;514;5
577;58;49
518;960;9
472;905;8
132;512;17
369;176;29
713;394;42
37;574;22
167;960;33
801;764;50
897;81;34
174;940;28
71;27;8
839;6;47
618;421;23
846;971;44
536;749;9
799;7;34
516;651;5
335;462;21
485;966;19
452;102;23
828;455;20
554;826;24
217;787;5
928;559;28
878;597;22
26;10;12
856;704;11
989;222;12
671;772;9
614;831;9
716;613;14
77;801;48
592;623;26
457;460;32
68;586;11
277;797;30
374;480;28
344;688;1
55;80;7
202;416;2
590;714;7
584;836;2
951;606;40
303;284;6
357;914;22
321;36;10
585;21;36
788;939;13
950;34;19
931;441;25
98;240;17
419;958;34
316;563;32
579;692;7
244;260;4
305;449;48
415;950;4
251;231;13
806;296;49
94;945;12
387;966;29
619;734;50
139;456;27
354;270;12
476;828;1
992;74;48
201;84;27
46;83;13
813;800;25
511;589;44
586;352;47
331;979;41
679;24;5
454;265;21
871;456;8
10;487;16
742;456;36
88;987;2
81;819;12
24;138;43
535;798;43
603;189;42
722;625;2
900;534;36
862;359;27
792;552;7
217;922;38
367;952;33
507;50;18
965;895;6
187;700;8
25;959;11
892;903;46
371;288;8
829;424;21
44;194;21
109;277;49
247;158;27
887;746;5
134;968;1
964;62;42
856;602;2
971;91;19
279;561;21
944;545;42
604;559;40
28;973;45
75;634;13
890;619;21
935;388;7
674;259;41
86;455;27
507;538;44
689;772;46
34;602;3
971;322;45
292;999;37
883;553;23
890;265;9
808;985;13
293;350;41
310;167;38
602;56;28
32;11;5
405;220;45
952;500;13
48;440;38
757;715;28
840;4;4
372;124;32
827;175;2
570;838;20
573;704;24
309;10;10
743;381;31
506;567;36
934;760;17
479;571;1
489;545;26
216;779;36
595;680;50
73;268;27
968;273;15
314;343;10
831;644;12
819;195;50
604;898;16
123;878;45
284;256;16
393;539;36
636;301;6
141;886;26
810;262;24
313;729;36
280;2;40
745;851;9
122;496;25
143;515;9
310;587;14
68;588;4
880;687;24
474;360;42
400;352;18
542;450;46
910;15;11
938;786;7
610;643;37
785;376;2
77;360;8
25;159;49
866;783;46
267;228;13
134;531;28
315;535;29
857;650;2
857;245;44
999;654;46
668;127;37
222;899;25
442;365;16
409;453;46
493;707;5
195;946;36
524;598;20
989;518;12
754;666;46
672;980;17
838;561;48
902;248;44
83;740;6
788;656;47
586;609;35
58;192;50
477;838;49
490;584;6
462;528;40
58;97;15
300;709;2
472;263;7
783;904;7
752;367;46
864;128;33
675;460;48
553;826;28
319;775;20
233;784;14
663;32;30
718;365;29
46;549;44
848;386;42
420;90;41
578;524;27
990;274;9
396;613;32
195;853;17
760;210;31
819;538;1
534;7;41
646;978;22
404;746;34
895;151;40
809;184;24
565;784;7
413;431;36
633;332;6
937;90;10
694;4;23
454;411;40
812;753;31
927;464;49
405;231;14
632;220;41
556;935;30
327;859;9
81;643;17
150;833;46
355;88;4
983;987;6
399;705;41
166;955;6
593;397;10
212;962;28
545;819;40
352;127;35
241;644;19
930;780;4
911;568;17
30;536;7
968;93;49
631;626;26
38;273;39
487;698;27
512;9;30
445;30;4
431;280;8
625;57;46
58;343;50
139;392;44
14;576;40
201;337;8
538;620;32
167;998;21
84;421;46
657;855;24
652;605;1
954;386;50
159;537;4
774;29;49
948;283;10
392;109;18
349;336;1
252;627;37
875;562;45
210;785;49
689;833;17
152;42;41
485;407;13
610;661;47
668;369;10
401;179;1
455;517;20
387;169;32
573;301;45
499;524;21
637;587;21
786;256;48
692;485;20
665;211;44
985;269;47
93;388;8
944;1000;14
685;468;9
791;997;21
695;396;46
658;647;20
733;581;34
77;829;6
861;995;7
953;522;34
437;713;19
984;43;3
656;66;40
61;209;22
213;610;24
321;160;8
856;925;24
160;577;4
847;248;19
326;742;32
473;363;29
718;195;15
286;919;13
788;205;18
389;918;38
550;426;15
916;373;20
186;200;12
893;946;29
529;969;39
833;850;3
681;18;4
229;738;5
496;463;29
389;152;5
495;96;28
788;310;38
467;952;28
809;122;38
538;291;46
157;624;15
460;9;16
615;226;49
745;788;50
893;797;1
147;824;4
868;475;13
62;963;47
793;705;36
458;126;16
958;758;47
367;141;22
643;691;8
1;18;22
160;825;1
556;480;10
369;38;4
253;539;34
910;42;31
899;45;17
850;17;6
722;730;36
733;600;11
102;138;5
166;558;19
153;194;5
412;635;50
886;50;41
969;71;41
211;725;41
648;219;48
112;859;33
284;423;3
291;923;19
536;772;15
940;83;23
945;203;2
770;578;23
325;11;50
583;887;48
969;776;44
204;829;13
4;544;19
638;696;47
475;640;30
849;427;39
987;859;38
779;644;2
835;822;23
183;261;22
741;844;50
836;581;8
868;857;12
395;491;27
171;476;26
797;913;6
700;12;3
14;676;33
687;752;15
63;447;37
547;139;18
557;408;39
87;851;50
26;921;1
656;354;4
970;868;36
92;355;17
686;707;1
160;839;22
775;753;38
373;140;17
767;832;14
124;472;19
457;234;30
684;314;27
454;316;42
86;95;44
217;768;23
852;108;47
772;323;36
711;953;9
598;380;27
956;226;23
105;893;38
224;445;34
711;984;29
484;679;13
746;251;48
59;329;14
198;538;39
339;322;38
960;401;2
214;47;7
14;215;45
977;646;3
45;1;8
84;191;25
613;216;49
534;371;48
697;89;37
312;846;47
150;707;11
119;748;6
211;33;11
766;220;5
102;312;42
586;888;20
691;661;36
991;811;36
806;919;48
590;365;22
604;178;47
825;722;40
888;19;30
593;574;37
238;920;34
466;737;26
419;933;24
558;982;39
456;931;22
831;391;17
34;120;25
978;526;1
508;918;11
198;383;10
722;604;48
178;209;10
757;278;21
980;264;48
185;474;9
300;663;14
331;288;42
299;323;24
594;955;39
40;567;2
271;120;33
371;71;37
805;788;18
505;589;43
33;822;18
540;529;32
764;371;27
149;348;20
878;93;50
590;671;34
897;455;16
774;662;38
207;146;26
637;66;47
459;791;3
804;198;23
164;774;48
997;163;43
160;937;18
425;568;22
631;306;23
590;806;11
325;357;12
535;631;15
645;222;19
652;67;6
545;926;4
224;588;41
127;285;27
829;531;33
257;213;36
963;247;22
37;863;3
128;703;38
676;114;47
815;774;26
668;499;26
567;612;18
519;239;6
430;692;22
814;72;21
49;770;3
187;179;50
833;516;1
792;736;39
774;436;15
715;104;30
579;867;44
881;761;10
448;857;48
235;362;16
900;899;39
493;304;50
690;865;30
3;117;41
363;460;5
9;123;23
888;795;40
961;74;43
944;486;34
368;634;10
532;74;38
741;525;43
236;386;39
516;395;28
792;639;43
46;270;18
558;79;5
512;144;32
620;705;18
306;722;41
205;849;25
842;735;14
950;793;4
804;389;37
252;508;44
717;549;12
233;146;50
775;934;46
758;983;32
900;646;3
259;950;39
903;255;50
231;860;49
402;972;49
304;379;38
343;176;21
867;316;11
78;859;22
525;387;19
526;304;20
558;865;13
388;374;35
674;315;5
875;751;34
184;139;44
838;825;36
790;427;11
696;843;40
540;156;20
753;26;33
985;675;47
531;157;48
925;608;26
891;406;28
537;463;33
728;422;31
4;652;7
10;69;2
65;777;1
834;732;20
913;112;31
144;954;41
988;460;1
497;572;3
941;176;27
434;51;22
570;200;28
318;619;18
418;668;44
135;384;1
709;441;6
627;52;2
255;992;20
126;234;2
275;426;50
342;904;42
210;974;3
103;147;35
497;391;6
685;877;21
435;129;23
739;781;4
695;39;31
540;965;49
962;267;31
208;152;13
886;791;45
417;389;48
61;798;42
427;269;10
99;20;23
73;86;40
889;73;10
922;985;16
942;136;35
812;644;36
116;88;33
361;728;46
637;22;34
988;280;6
300;143;45
562;383;23
982;168;25
324;732;8
311;848;32
305;461;20
700;724;48
892;730;46
431;128;50
485;134;44
690;910;1
865;186;15
304;241;41
202;588;49
581;41;38
273;487;14
272;680;4
619;123;5
681;367;25
109;684;35
371;231;45
693;160;11
307;592;50
768;928;31
274;606;18
989;735;31
902;791;48
796;123;25
919;835;27
947;120;9
572;798;9
589;549;1
486;297;14
648;316;15
163;324;31
301;682;41
346;133;5
939;48;49
345;988;31
591;443;10
841;294;43
134;942;29
336;892;5
775;353;6
346;963;26
829;732;30
104;269;39
900;651;2
96;482;11
55;546;37
551;640;41
586;347;3
914;859;2
468;808;15
411;495;42
86;836;4
198;480;29
982;891;1
550;727;2
761;756;9
845;566;40
524;559;6
364;981;19
579;143;43
87;547;10
816;16;35
979;114;22
956;395;25
727;417;36
878;904;43
420;806;48
167;358;26
601;270;44
866;586;47
783;87;39
276;909;4
328;583;46
876;116;25
547;389;38
666;662;36
948;584;46
162;876;24
971;476;21
198;950;41
647;929;26
235;241;36
789;213;39
196;246;31
272;848;40
892;10;22
476;178;44
720;502;3
265;46;12
601;546;13
711;219;2
864;500;45
531;816;37
113;962;12
297;322;28
953;158;40
673;267;39
614;297;28
615;367;32
291;731;20
913;964;40
72;950;16
497;721;43
587;640;20
782;243;24
990;126;43
575;570;19
877;391;19
2;218;36
472;553;29
878;142;39
427;819;35
601;775;17
547;630;3
259;640;10
117;400;41
352;923;32
627;822;20
324;696;8
894;886;36
252;893;27
462;750;43
600;918;11
448;388;28
63;31;18
755;365;37
435;820;22
740;57;3
428;571;27
870;205;38
884;883;38
265;934;12
948;35;24
446;838;9
114;540;8
848;632;8
505;571;35
6;70;39
152;449;7
281;658;48
255;677;33
140;517;21
291;527;38
108;360;16
690;184;27
634;636;39
385;563;6
967;934;35
74;948;28
374;317;2
914;295;17
720;64;13
970;86;8
744;933;18
259;775;17
343;75;28
448;811;16
216;909;2
910;460;5
667;145;20
78;932;25
746;512;14
134;108;12
958;563;32
775;886;26
15;14;23
222;325;50
422;639;23
125;396;23
873;967;37
610;820;16
394;625;31
327;131;8
394;340;1
86;446;38
391;759;41
271;808;22
362;86;10
715;562;26
725;589;36
121;769;26
987;905;11
880;785;6
930;119;5
295;197;7
915;643;31
302;707;14
458;462;5
457;354;41
54;726;36
604;240;48
848;850;49
946;251;7
405;397;36
74;264;46
917;518;5
253;923;28
319;714;30
370;583;22
35;306;43
982;809;40
530;134;47
953;496;31
13;626;19
973;657;43
415;530;50
531;925;26
894;820;17
781;36;13
287;473;48
925;497;28
836;864;28
905;572;32
70;40;48
204;890;44
352;873;35
184;159;44
130;21;33
939;711;15
116;640;26
991;751;1
960;404;36
235;201;36
505;992;37
788;755;10
620;433;8
916;385;23
290;116;43
331;692;43
954;847;43
961;607;23
705;749;44
1;831;37
174;342;35
704;442;50
918;824;3
405;155;5
405;851;9
247;969;32
695;533;26
958;79;43
54;297;37
506;636;40
527;419;20
423;554;3
393;28;33
121;128;28
526;904;36
583;32;6
930;174;5
464;686;6
26;677;10
261;109;15
394;691;45
639;910;16
656;862;28
952;56;40
978;839;46
712;533;50
754;736;27
364;302;27
293;847;31
663;624;2
902;811;48
360;641;43
337;652;17
536;375;29
76;325;27
386;595;6
285;933;45
52;436;12
664;822;23
731;489;13
415;360;28
411;635;48
591;1000;48
522;227;43
172;437;32
344;337;49
121;707;20
119;283;43
703;659;42
703;169;2
896;57;21
968;943;16
547;905;41
554;65;14
738;967;31
540;668;8
89;831;37
257;126;6
949;726;3
259;647;40
113;552;9
196;674;1
921;372;6
647;411;12
569;869;33
615;668;45
806;74;10
8;278;20
337;198;26
258;191;20
741;700;23
850;909;7
264;23;11
747;322;31
700;280;39
59;800;23
688;413;8
154;599;48
188;48;46
444;732;19
119;777;10
515;936;2
54;196;5
650;135;20
955;309;28
670;819;8
102;459;36
973;939;1
881;538;49
313;318;19
295;283;45
610;617;44
192;260;12
982;507;32
275;208;26
786;70;30
560;650;44
838;392;24
93;232;24
192;904;46
413;479;38
67;693;5
734;810;30
233;935;9
803;711;42
411;159;30
810;374;6
121;629;7
759;240;8
807;511;37
278;512;20
485;493;10
975;232;7
227;908;43
33;646;43
579;612;17
535;70;12
856;729;34
540;641;21
712;169;11
981;931;3
207;743;9
38;383;28
198;294;2
668;730;3
897;118;33
309;468;6
254;349;24
833;706;7
596;325;30
485;534;32
137;931;8
52;590;13
292;668;24
61;731;25
824;411;13
807;945;38
618;915;31
459;569;3
13;958;40
627;841;32
737;752;49
52;192;21
378;626;36
244;634;10
876;217;13
975;395;1
794;856;8
20;348;46
833;753;5
633;98;21
874;782;38
293;593;30
246;696;29
849;144;18
874;675;7
480;862;13
695;962;45
796;524;21
69;834;1
138;243;49
298;169;17
996;381;25
802;910;18
222;770;9
223;390;26
169;439;27
389;364;4
101;906;41
359;434;21
667;173;11
414;214;12
161;790;31
456;419;29
94;170;14
261;412;41
121;806;25
130;1;34
788;913;2
160;230;19
438;984;18
466;472;30
593;5;32
330;45;46
196;779;19
200;440;26
440;693;11
680;689;20
116;818;10
567;799;24
972;904;13
658;139;35
54;993;2
217;920;37
425;265;16
756;83;32
300;262;15
212;893;38
562;423;30
31;173;28
880;813;12
318;735;26
139;236;39
192;940;34
727;193;15
160;317;42
295;576;47
795;737;5
654;76;46
369;507;47
13;793;15
821;253;25
915;970;38
82;993;29
660;146;2
340;827;8
542;903;38
602;220;39
534;773;40
244;882;2
638;954;39
94;546;33
241;374;20
816;622;8
152;958;21
47;158;30
49;77;26
250;863;45
833;557;46
183;940;11
689;72;26
945;10;11
173;400;41
65;366;15
666;419;30
501;532;20
831;430;33
876;668;37
419;21;34
545;13;47
680;479;46
36;113;36
350;441;14
164;273;34
477;749;38
702;513;47
380;869;31
493;131;31
64;336;49
470;297;45
255;74;37
474;187;48
136;563;49
303;423;40
366;241;10
892;407;26
277;367;42
366;600;15
815;286;16
994;102;8
403;163;46
315;520;35
677;716;11
663;319;33
351;774;44
22;882;23
753;630;14
106;481;25
943;418;37
250;865;32
101;605;13
490;189;35
899;325;3
392;704;26
556;530;44
947;782;34
169;454;42
490;996;50
238;970;31
40;881;44
446;409;3
290;249;50
320;729;50
701;600;32
928;625;46
831;521;42
617;21;5
969;904;3
24;416;50
932;760;11
191;152;8
422;699;13
533;213;42
814;724;41
336;537;23
822;977;37
91;266;4
927;321;14
222;680;18
67;808;7
753;904;23
795;467;37
250;228;48
746;11;22
362;689;37
519;972;9
706;675;50
308;735;34
507;256;26
137;109;5
406;61;48
49;233;24
75;8;38
761;41;5
804;958;12
515;564;36
889;118;20
58;612;4
268;422;23
836;303;41
902;77;7
284;339;20
510;310;8
356;724;28
186;342;7
857;461;20
895;866;2
988;425;40
234;702;47
700;190;1
372;781;10
211;876;2
590;835;14
134;30;27
382;517;23
97;430;50
191;602;25
620;286;25
277;66;50
328;615;49
449;560;34
239;595;6
269;368;19
300;855;9
431;150;19
31;308;50
622;805;28
438;257;3
707;557;29
431;199;32
434;90;31
130;149;30
134;773;27
302;371;29
968;147;23
307;78;40
574;659;30
149;610;20
415;200;28
410;373;50
495;931;10
169;916;31
568;443;31
661;608;21
261;768;2
689;287;24
286;297;30
314;772;14
30;848;40
472;529;32
354;896;23
355;546;39
879;734;33
568;769;32
252;435;34
568;266;23
501;184;33
460;565;11
317;611;13
999;176;10
764;312;28
137;69;38
777;963;17
163;875;1
757;649;7
641;85;12
442;503;7
406;116;35
817;128;43
517;896;30
791;617;30
628;922;39
667;28;38
238;136;48
972;416;18
53;356;21
931;612;18
383;627;6
274;423;39
606;783;40
781;516;40
186;41;35
454;470;31
150;7;50
312;476;41
508;264;44
287;976;21
800;715;26
123;781;23
367;353;22
529;698;28
450;960;45
330;569;42
723;420;31
502;564;44
185;671;22
703;109;34
553;998;26
676;462;6
774;378;46
76;782;11
405;915;47
449;193;39
546;577;27
125;765;4
175;455;33
946;368;47
298;291;34
947;832;41
261;639;50
91;146;24
14;408;30
900;871;28
127;125;29
969;302;20
428;698;46
711;728;26
375;794;23
587;826;49
996;35;16
892;312;27
916;980;4
206;345;31
927;546;25
104;238;28
372;192;39
318;312;36
26;951;12
655;894;4
714;753;50
498;957;28
105;261;23
898;31;8
754;958;27
153;652;29
890;286;1
272;178;15
463;515;30
304;742;23
263;2;10
762;359;22
542;446;4
557;231;19
775;417;26
351;605;27
779;539;17
429;19;34
489;848;1
583;118;14
981;234;25
17;413;1
319;280;4
876;637;34
271;220;39
47;93;11
115;25;26
987;221;9
125;133;37
773;965;37
521;709;47
152;120;36
328;891;42
512;431;43
497;328;2
624;913;26
631;550;45
914;318;14
414;117;27
273;214;16
796;953;22
241;87;17
649;340;33
836;533;7
615;309;29
539;58;4
403;320;13
291;882;50
722;781;25
887;114;6
43;148;47
678;874;35
49;356;27
976;909;37
468;941;15
888;720;45
124;643;38
442;153;16
10;778;25
47;858;15
172;479;24
542;165;8
114;167;5
809;398;38
871;968;13
754;801;14
499;680;13
218;559;49
905;214;22
576;763;21
724;803;15
738;438;18
688;212;6
977;693;19
619;934;5
781;30;41
171;606;6
346;911;20
672;607;14
427;689;28
440;488;5
508;869;44
884;91;24
574;841;39
71;436;17
969;758;3
97;181;22
330;956;16
479;542;40
50;570;10
751;440;40
31;791;1
324;499;34
350;958;45
753;231;50
939;429;48
747;476;6
884;62;43
434;513;28
931;244;17
123;530;41
472;830;13
479;250;33
161;765;23
513;754;48
876;655;12
378;852;5
608;559;2
39;55;25
78;890;30
224;764;32
771;287;32
216;360;11
246;531;4
656;360;24
28;693;47
460;703;15
939;148;24
113;590;22
217;382;33
660;977;33
715;179;46
671;928;20
297;689;21
506;748;20
416;290;42
178;459;21
268;257;19
784;611;22
426;339;9
27;934;7
345;191;41
890;102;31
366;381;44
931;791;30
770;40;6
841;845;21
405;86;17
530;593;39
762;906;1
702;388;39
169;622;42
585;473;47
831;335;48
520;672;45
203;901;10
757;88;48
780;868;37
819;136;21
616;290;46
401;403;23
358;529;27
167;440;33
897;8;39
678;765;16
495;405;7
145;303;40
648;534;50
321;133;35
103;533;44
937;488;1
656;43;5
538;155;42
126;177;19
337;447;32
469;131;34
837;214;13
295;531;3
781;394;14
578;601;50
734;233;2
423;53;1
36;263;49
322;249;30
46;180;8
324;782;3
290;733;12
117;313;36
205;518;48
633;169;16
793;403;29
28;814;19
595;839;42
543;738;47
51;870;16
840;110;44
855;116;14
974;638;5
278;423;7
659;718;14
747;307;4
768;966;16
820;153;31
962;194;31
674;110;44
983;967;46
556;807;38
226;787;50
527;363;44
702;617;23
569;533;40
582;761;4
908;897;29
779;467;42
454;462;30
139;446;10
835;32;27
565;544;5
12;51;50
370;955;24
124;423;20
1;736;33
457;741;11
988;738;36
813;264;38
422;653;30
142;528;32
148;848;43
215;712;24
529;816;12
612;472;40
765;998;26
739;848;16
620;847;38
987;848;24
724;485;40
904;736;1
984;254;31
536;709;16
40;282;10
839;171;27
530;920;50
689;425;20
949;196;3
789;325;33
570;984;47
79;492;37
152;184;17
445;640;28
310;168;17
168;966;36
645;398;23
376;334;44
14;269;16
231;785;45
315;435;16
729;401;12
90;469;49
898;754;2
337;435;44
442;134;10
926;55;24
839;750;34
273;490;34
949;151;24
78;341;7
35;505;35
906;39;18
584;823;23
660;57;46
128;842;3
12;21;18
944;888;15
847;449;5
825;532;41
803;357;11
336;176;49
7;872;43
500;70;4
390;180;44
718;930;43
52;251;33
59;642;34
97;134;34
907;824;34
749;36;10
320;587;41
270;654;31
429;134;7
716;183;29
949;808;10
779;626;20
899;97;6
711;279;26
260;989;32
348;582;22
933;918;10
962;148;50
456;610;12
576;804;40
149;743;45
889;828;46
688;524;36
617;558;42
54;119;18
466;795;32
525;800;18
756;921;30
719;375;31
615;663;40
512;646;45
609;671;13
452;41;7
522;5;32
537;706;50
612;776;36
201;305;6
314;546;48
687;583;5
737;45;29
788;603;13
882;423;39
17;837;31
286;498;26
983;686;31
673;252;4
414;466;6
217;366;15
895;776;1
421;704;44
670;149;19
434;753;45
588;443;25
497;939;20
453;302;44
508;482;26
85;405;25
878;848;18
232;18;13
772;131;46
39;893;16
38;930;38
15;234;9
844;931;36
753;968;20
60;393;49
159;772;13
785;207;47
448;228;36
512;57;34
25;746;23
599;941;19
794;347;5
263;96;45
883;519;27
606;661;4
681;297;43
256;347;1
674;720;48
493;141;30
23;784;8
513;388;20
209;255;41
453;177;39
328;760;22
1;58;50
530;668;43
624;429;28
361;716;17
639;212;45
16;925;2
440;264;17
515;223;16
232;883;48
14;574;49
275;421;30
915;373;24
318;196;19
902;490;11
347;640;21
153;45;19
612;943;9
961;447;23
997;42;23
588;524;32
303;511;43
383;176;18
263;930;11
943;413;20
191;167;27
731;892;23
356;97;19
34;140;15
108;453;24
149;804;30
803;569;34
351;153;14
772;501;10
276;979;24
114;483;6
998;858;12
586;341;32
791;7;37
210;203;50
816;288;49
456;456;25
728;764;46
580;785;43
157;11;34
645;698;21
493;136;18
856;790;50
187;273;27
634;759;12
795;690;38
126;351;15
28;745;47
415;368;4
33;92;47
381;178;29
970;966;18
444;684;35
213;312;18
89;60;47
250;535;3
714;310;41
750;704;20
729;948;37
362;875;2
984;697;26
286;942;9
101;935;14
905;721;45
89;757;38
483;930;6
583;840;34
146;101;34
172;612;29
146;242;7
240;307;23
364;446;11
508;414;12
679;548;6
467;789;25
856;724;8
206;701;44
700;815;42
734;322;12
968;582;35
698;574;4
805;377;22
540;179;16
609;361;24
793;510;33
677;474;30
720;668;12
5;997;7
269;188;35
456;734;22
707;647;47
664;225;41
223;48;22
125;737;45
742;671;28
349;334;13
146;769;36
310;371;2
427;12;49
244;41;31
270;195;40
927;699;26
477;927;42
802;922;37
783;277;27
664;120;22
848;978;9
413;137;41
292;126;10
519;923;45
643;950;15
475;823;37
484;470;50
118;833;5
337;57;28
950;786;50
715;921;25
542;846;14
534;67;18
166;514;28
3;147;3
878;540;14
902;317;42
611;520;21
998;80;24
668;816;11
817;206;48
550;286;37
377;508;33
85;838;26
482;834;45
443;753;49
562;602;12
987;811;39
7;584;44
541;627;10
547;323;29
723;401;16
307;488;37
62;221;36
615;452;18
441;305;6
366;22;32
409;80;7
162;396;4
690;34;22
86;119;25
862;188;16
622;961;31
701;358;50
574;630;18
225;250;5
767;871;47
70;596;42
556;506;25
768;740;17
673;220;8
591;800;21
625;351;36
24;884;12
760;403;46
748;822;11
409;223;33
27;441;35
366;579;12
195;319;17
361;492;1
31;61;46
379;131;43
734;27;24
464;243;6
166;851;29
716;781;36
845;118;22
470;728;21
710;277;38
470;611;5
596;398;43
344;73;15
852;948;32
269;3;34
717;504;2
21;609;16
739;193;13
382;707;50
202;554;21
147;107;21
123;240;32
307;272;48
659;772;29
234;592;3
63;931;34
381;441;42
559;9;22
202;942;46
791;652;2
820;316;6
42;450;18
688;549;31
206;444;44
411;714;18
307;82;25
491;456;1
186;31;30
223;651;4
336;300;1
20;710;5
38;434;3
374;744;31
839;769;3
291;804;21
206;805;12
765;385;20
994;751;1
855;280;1
510;987;5
458;596;31
408;212;47
949;371;6
175;384;40
210;825;10
803;600;49
385;139;11
727;761;16
683;812;39
122;753;20
266;411;33
484;406;17
826;359;45
541;640;24
111;393;4
685;636;37
295;619;23
303;42;5
136;947;9
701;663;5
884;52;23
764;977;42
607;541;12
774;92;17
110;111;5
785;1;3
508;643;30
453;724;39
338;217;24
263;551;25
720;308;43
881;189;1
562;740;10
424;447;16
849;1;19
392;937;47
340;601;3
338;125;22
397;304;28
439;334;6
289;787;26
614;931;48
670;644;38
306;306;37
167;470;27
275;882;22
793;393;1
916;964;47
359;254;10
187;254;25
461;308;42
815;35;36
256;568;42
793;66;35
312;437;17
456;211;12
444;440;13
501;498;31
712;292;14
224;550;36
125;965;48
762;114;10
779;16;18
471;99;36
285;247;20
126;834;34
516;407;42
458;934;47
881;2;50
728;402;21
59;238;30
616;155;26
496;905;31
728;594;14
792;840;5
308;782;16
392;813;39
388;79;14
373;847;9
973;467;37
144;464;39
275;181;9
915;116;45
293;790;46
446;551;2
834;610;23
186;577;39
389;19;41
36;126;26
409;130;49
555;716;1
203;996;18
411;76;25
981;259;49
654;506;26
829;305;28
621;656;29
309;901;19
731;363;21
902;735;49
72;70;48
695;982;21
965;929;23
867;820;29
925;410;37
743;995;29
170;21;43
945;670;8
472;126;27
563;122;19
654;640;11
22;317;30
147;42;18
942;588;14
149;692;5
569;86;43
675;841;49
607;711;2
31;725;25
352;950;19
155;315;31
581;889;5
902;927;39
878;664;3
614;475;17
321;833;35
804;893;20
238;510;12
31;262;5
784;535;3
353;300;43
120;860;21
981;501;19
396;676;46
881;42;33
365;227;26
146;833;9
806;947;11
314;150;29
185;642;26
530;450;17
99;926;30
931;604;48
534;567;7
760;818;19
192;613;22
697;293;18
64;172;39
395;444;29
763;392;11
644;290;5
857;669;33
951;747;46
95;318;16
46;20;12
59;197;43
201;450;14
948;422;32
916;921;1
100;898;14
778;991;47
929;594;12
150;397;46
2;670;40
804;203;42
46;403;1
417;722;41
692;884;49
9;970;37
819;207;32
133;357;43
89;652;14
736;914;21
671;119;50
601;783;12
72;535;39
251;140;36
838;245;6
858;693;3
309;364;40
931;11;21
370;506;13
203;621;48
892;387;42
549;356;20
908;620;11
343;829;40
932;728;46
381;948;46
264;574;39
675;298;10
755;448;33
176;48;5
59;106;2
351;458;48
144;776;43
960;236;9
626;337;5
235;310;32
42;67;28
416;842;26
224;571;22
743;480;27
236;138;13
422;181;27
987;665;28
131;877;14
314;39;10
544;874;5
595;623;9
294;959;4
644;850;45
471;588;39
217;519;1
130;962;33
669;894;33
256;74;40
600;768;20
797;64;29
520;636;29
697;150;20
403;317;34
563;491;4
614;797;29
407;820;3
931;770;19
664;55;5
487;822;13
830;948;14
18;257;25
794;898;36
652;972;41
233;372;40
649;594;36
156;826;39
343;984;28
281;270;26
675;608;26
173;41;38
599;540;44
555;667;23
692;216;37
607;823;38
66;507;17
90;730;39
242;508;6
797;980;35
960;312;49
803;240;1
70;462;30
604;328;9
416;974;9
654;364;38
311;104;49
234;217;5
771;685;18
586;839;19
276;807;24
437;729;25
451;588;11
337;78;30
964;455;10
435;938;47
518;562;35
594;677;9
259;105;22
399;295;37
676;656;29
997;249;17
339;385;35
780;312;7
546;265;44
256;960;19
805;156;19
210;721;23
250;67;13
392;376;12
683;158;12
638;296;3
224;757;36
348;762;8
444;505;20
47;529;14
442;624;19
75;459;38
618;449;34
940;584;37
532;611;45
133;838;43
499;868;26
353;283;27
687;719;13
254;776;41
643;775;25
424;641;34
957;346;8
782;864;3
234;811;40
797;507;25
706;984;25
597;953;44
72;766;38
363;421;10
297;820;2
68;575;50
890;870;47
755;553;49
689;68;18
254;780;44
623;631;4
563;761;14
723;307;42
149;765;19
315;253;10
811;383;26
58;248;11
650;485;47
687;253;10
499;123;9
431;877;40
427;204;11
372;334;33
745;904;1
383;138;29
976;740;39
571;869;5
319;460;22
275;552;38
368;665;38
850;477;2
90;690;25
546;931;3
478;284;47
724;908;30
278;661;6
590;23;26
681;884;6
286;874;35
917;396;34
833;52;16
1000;72;50
794;509;15
815;572;4
363;508;23
772;860;48
506;759;20
588;359;23
35;537;50
967;119;18
818;353;49
573;847;16
622;237;49
2;718;5
554;968;45
793;382;6
608;34;15
540;167;23
16;349;6
884;654;24
580;48;18
958;597;40
38;418;38
602;225;5
163;125;39
683;292;10
101;200;34
561;660;2
566;991;46
972;410;27
661;141;45
454;244;4
705;166;48
273;113;30
80;946;22
191;781;16
182;205;32
668;148;25
323;523;5
862;475;28
25;568;23
767;124;43
456;975;10
949;120;13
54;184;5
189;151;45
690;607;36
101;257;38
965;345;46
237;821;17
78;803;19
969;829;39
534;494;22
755;879;23
843;455;43
657;778;29
902;443;38
80;310;26
318;212;19
657;910;25
661;800;16
122;917;28
693;995;1
536;823;31
379;142;19
582;163;46
493;844;32
485;328;22
614;906;46
464;784;19
810;68;49
340;673;10
201;687;1
589;394;32
835;204;1
823;793;50
267;194;10
896;499;43
624;686;10
344;251;14
346;357;16
752;131;41
457;3;31
420;834;46
572;533;48
274;68;49
116;535;9
42;971;32
81;584;35
35;407;48
691;285;22
225;390;48
744;630;8
285;273;6
416;343;11
728;184;37
251;985;43
114;186;15
686;589;9
279;320;5
696;815;20
102;332;49
621;279;34
155;556;11
438;740;28
654;308;16
289;813;38
168;455;8
425;950;38
839;911;40
135;898;6
112;106;48
588;849;33
25;371;39
494;793;17
472;364;18
498;146;30
881;447;6
55;167;28
666;223;46
311;648;23
861;473;48
888;384;17
886;297;6
993;140;6
234;100;19
779;902;14
297;963;42
813;433;9
2;386;40
877;515;8
80;466;23
352;704;42
617;741;24
926;759;12
63;648;42
573;883;36
614;205;42
453;396;36
795;998;16
924;945;10
254;62;4
501;295;30
55;632;31
222;650;18
283;449;29
992;537;4
586;21;36
139;57;29
635;301;39
213;819;30
373;426;6
821;167;2
301;457;43
442;119;39
930;682;38
668;903;29
142;655;35
865;531;14
689;76;10
150;605;19
969;263;49
192;224;44
45;105;41
722;208;20
125;990;22
377;121;7
764;265;21
496;734;9
1000;219;16
907;879;37
972;649;27
936;295;6
361;581;26
163;632;16
586;411;43
77;507;2
618;187;47
794;583;24
772;786;15
301;470;46
684;777;16
941;182;45
431;800;24
278;138;50
69;987;9
763;216;5
491;30;1
735;731;18
811;48;33
911;323;11
106;776;4
130;830;36
316;309;10
538;282;4
689;170;26
114;796;50
806;476;39
684;464;33
222;715;31
974;11;16
535;320;36
160;565;7
361;820;24
716;751;21
48;977;46
884;582;44
900;896;41
619;972;13
34;767;12
244;550;34
18;268;9
896;575;16
361;700;46
51;686;23
847;748;7
905;451;42
41;677;35
452;801;14
741;932;42
335;978;24
289;969;36
313;145;48
131;378;3
102;576;18
359;124;9
304;969;21
812;976;28
623;954;29
881;449;11
752;3;26
761;365;39
67;289;34
21;93;35
282;589;40
643;324;33
555;433;15
166;983;24
803;813;30
847;205;2
602;672;45
356;229;1
725;750;32
887;728;35
571;804;10
886;258;27
174;406;43
803;49;50
278;100;1
823;340;34
42;318;29
889;166;18
436;674;33
154;954;34
362;957;25
768;4;12
668;827;9
875;737;23
14;434;41
987;879;49
326;980;20
52;543;33
759;915;35
629;481;26
509;443;45
897;416;43
486;39;39
529;210;39
434;557;4
921;942;11
729;900;10
755;319;44
194;978;47
290;142;44
324;422;1
328;990;23
984;435;46
743;188;1
172;366;11
622;902;9
471;908;28
185;1000;14
55;162;23
257;356;17
480;843;32
839;433;25
313;263;5
434;640;7
778;860;35
648;600;25
933;159;34
494;503;14
563;343;7
703;617;28
750;897;36
17;920;5
248;95;11
664;133;35
641;948;26
397;786;39
767;97;35
347;584;22
796;945;8
872;952;45
777;172;32
68;2;2
921;914;2
589;688;24
401;845;29
281;89;32
93;45;40
625;981;27
347;700;13
297;17;36
439;19;50
333;577;15
316;755;2
49;291;3
559;138;44
379;221;27
913;865;34
545;143;34
397;482;1
499;6;14
975;420;5
196;568;49
393;627;10
364;957;11
205;485;3
293;507;19
37;796;10
720;385;29
849;92;28
61;307;9
580;623;3
439;700;35
318;972;13
1;437;11
990;584;31
821;72;13
584;930;36
305;915;50
843;981;36
920;197;1
57;470;37
636;262;49
49;703;18
321;809;49
812;851;35
383;61;33
738;503;49
931;635;6
347;539;39
773;261;33
886;453;32
697;158;42
951;355;43
681;356;20
810;203;31
913;334;20
340;253;16
144;374;12
946;158;41
255;737;37
902;973;22
258;11;24
985;365;49
980;851;42
380;458;38
295;323;19
947;379;3
620;887;12
832;654;47
287;696;15
541;199;32
303;686;49
184;49;30
402;782;36
401;27;2
663;591;19
92;918;1
143;505;2
696;10;34
479;531;4
492;937;39
41;492;39
317;795;5
180;250;33
69;479;8
819;153;39
603;979;21
125;430;1
73;909;21
261;226;26
196;144;38
294;299;29
936;317;49
591;811;1
255;328;12
290;865;42
551;707;36
180;736;25
319;87;5
836;485;4
808;372;29
158;817;23
418;781;47
778;824;3
297;165;44
996;189;22
778;813;9
887;80;50
69;940;25
60;744;30
923;919;7
448;958;50
663;185;43
447;778;32
576;902;50
222;565;30
526;380;4
827;241;5
571;235;11
808;48;11
808;371;11
343;676;32
73;205;21
532;746;6
97;823;13
65;59;21
374;546;37
315;345;34
104;276;7
181;731;33
72;22;19
432;93;12
600;916;8
610;558;2
22;983;43
477;57;14
916;950;42
486;935;30
432;993;29
347;932;23
524;744;40
443;795;13
810;436;20
963;192;49
525;831;40
942;420;26
890;447;49
46;225;27
718;455;15
371;192;34
176;776;9
789;90;21
646;956;10
263;295;17
108;962;24
766;984;37
33;411;45
739;834;36
531;986;40
444;98;41
330;622;23
33;224;23
828;880;1
426;567;27
139;618;2
222;322;23
655;622;16
60;663;10
615;902;19
435;670;1
316;367;13
634;70;11
777;467;1
448;529;39
88;678;15
514;994;43
447;707;7
71;662;1
500;448;17
976;494;25
935;888;46
921;988;20
39;784;35
498;642;20
88;509;17
228;191;49
545;458;4
510;284;43
370;274;33
566;5;26
775;400;21
501;731;11
382;586;11
783;136;31
252;554;43
612;100;43
341;89;28
392;143;17
955;286;46
295;457;22
623;310;7
378;882;13
840;259;28
449;712;8
576;733;47
82;401;28
799;672;35
247;609;13
310;132;21
851;678;38
529;648;32
444;618;21
609;842;20
837;433;13
538;546;28
128;112;36
366;538;32
307;119;42
826;757;47
530;828;31
625;638;28
474;79;41
318;648;17
990;416;30
926;766;9
965;938;27
235;543;41
992;661;6
300;776;10
965;598;30
830;225;23
983;842;14
198;154;11
629;558;45
810;767;8
413;43;35
53;20;14
964;16;12
944;206;30
811;836;38
47;170;23
595;636;42
908;332;36
690;401;2
989;93;39
270;429;18
618;137;22
293;715;30
989;665;26
126;999;47
349;917;28
475;257;9
220;402;10
196;524;11
983;871;19
72;561;43
878;400;40
714;379;42
330;781;1
4;297;36
414;186;32
500;886;31
778;62;28
283;542;18
499;808;5
291;152;44
164;45;25
340;617;16
678;761;46
561;489;20
760;312;37
902;161;31
909;803;37
536;935;47
599;974;14
813;169;5
204;481;32
621;705;13
352;471;9
700;463;27
568;928;32
394;802;2
789;268;9
651;142;29
840;514;20
368;239;23
221;495;1
791;849;47
651;908;13
586;758;19
166;446;42
841;356;1
143;732;19
726;85;44
65;80;9
864;561;17
548;282;5
839;723;31
698;97;37
624;236;7
708;976;12
662;158;4
787;394;16
981;916;14
134;628;38
862;817;7
171;681;24
513;766;5
271;739;33
478;705;36
920;840;23
561;48;19
877;593;43
833;316;25
191;769;13
39;423;23
553;451;49
377;286;7
284;318;19
208;165;13
263;990;27
266;32;18
163;278;37
382;731;40
772;376;40
762;702;12
57;683;23
921;902;18
203;517;25
429;860;6
463;617;47
551;82;44
997;53;11
246;629;42
85;952;30
715;952;31
373;289;26
839;850;32
802;845;20
164;198;12
510;377;19
807;360;22
326;720;45
553;338;30
110;998;32
642;104;35
785;616;13
363;667;37
408;143;3
430;193;26
575;105;6
28;252;10
948;298;31
845;464;11
8;348;27
9;612;10
533;723;15
442;682;46
342;717;1
889;270;33
40;806;5
611;917;17
61;885;44
918;104;33
690;710;8
604;666;1
189;270;17
142;432;49
813;12;42
819;672;19
719;958;22
289;597;26
79;443;33
86;206;29
217;715;10
604;207;16
688;359;46
89;405;2
335;61;1
227;780;26
902;453;14
549;984;37
943;890;2
733;838;39
318;797;9
948;713;27
160;299;7
34;613;24
881;764;12
167;865;6
591;989;8
15;917;8
136;254;3
456;971;13
975;371;5
673;845;19
894;961;7
484;302;48
11;879;49
695;549;35
706;156;10
817;85;17
323;959;35
450;761;26
94;93;38
78;525;16
672;884;34
343;384;15
838;585;13
897;731;13
508;719;26
989;883;49
976;814;6
898;967;31
587;429;19
962;547;13
676;301;7
916;953;36
823;362;11
798;555;22
449;498;3
517;630;47
139;746;15
971;174;21
29;861;22
492;479;1
383;339;30
52;846;25
934;35;12
608;375;48
924;191;30
50;977;25
313;173;3
40;719;40
36;782;3
269;457;32
870;810;46
236;208;35
104;992;5
631;776;4
615;624;5
923;332;16
78;913;10
100;829;12
908;5;10
95;441;44
606;702;22
621;734;44
76;331;2
772;60;33
385;4;47
988;675;30
305;265;45
975;14;12
510;816;38
529;276;2
976;278;38
153;773;9
570;537;25
34;512;15
981;769;27
546;210;4
634;947;27
321;498;5
751;780;5
123;498;35
598;646;4
447;897;4
597;390;12
549;668;11
197;651;43
311;459;40
37;183;19
86;254;2
17;607;38
701;574;37
165;69;37
698;700;29
838;128;12
516;572;31
440;741;30
751;230;30
619;541;11
878;561;15
510;965;36
273;237;9
596;907;43
453;36;8
480;758;42
940;34;24
939;746;45
728;791;37
79;319;27
617;762;29
522;759;45
418;995;45
200;324;46
208;459;39
518;435;27
548;892;10
214;909;31
916;468;31
939;985;29
754;686;17
853;362;29
781;28;13
967;45;9
587;834;3
751;324;35
119;42;6
358;865;22
513;712;37
628;719;33
528;715;7
920;41;34
400;977;24
203;75;25
791;542;23
881;895;24
331;913;33
215;697;3
81;656;34
614;257;50
42;359;22
904;561;27
590;445;12
496;695;28
319;825;40
408;602;46
937;420;4
936;513;29
591;72;17
198;955;32
821;829;36
358;502;14
630;100;20
362;831;19
747;242;31
279;144;45
123;581;2
870;165;21
32;63;48
401;859;8
546;326;19
446;892;31
476;512;18
933;941;2
111;479;17
907;349;39
350;430;30
641;351;39
423;991;34
754;514;49
484;509;19
504;122;11
795;155;19
60;788;26
871;645;2
704;454;15
406;223;14
818;377;37
155;995;26
679;141;45
525;511;34
703;524;1
260;427;39
714;997;50
29;538;10
761;311;21
997;748;29
66;555;37
216;978;41
806;76;33
43;784;33
300;994;30
801;483;22
136;816;30
647;48;21
285;940;1
591;847;13
428;96;40
569;752;19
856;304;35
13;667;20
724;357;48
488;916;50
223;137;40
607;394;27
847;246;48
758;865;23
937;858;30
146;94;25
674;498;19
391;106;19
921;847;37
559;573;9
14;793;45
394;539;15
709;275;1
718;392;43
591;263;11
358;722;20
127;623;32
771;604;38
315;513;50
948;420;48
988;882;16
414;801;9
509;638;12
653;426;3
507;13;34
537;376;12
436;257;6
97;590;14
202;944;33
290;87;47
554;489;7
615;36;16
923;564;39
958;456;9
874;677;41
221;804;15
822;757;3
6;701;49
625;495;23
557;308;10
16;690;34
336;640;1
358;676;9
156;556;7
617;619;29
653;702;45
716;901;46
511;497;18
691;999;49
378;779;38
997;86;18
91;75;3
549;1000;24
749;928;26
929;592;9
935;771;24
999;381;48
847;65;14
924;533;12
370;269;1
72;219;32
536;67;8
286;616;3
844;436;30
75;911;5
876;707;32
381;238;33
555;659;15
295;804;25
736;73;39
814;541;20
188;136;5
973;397;29
608;722;8
416;928;25
994;707;31
660;303;35
674;292;24
295;269;22
897;757;45
614;140;3
243;250;14
582;109;49
954;1000;36
177;68;13
912;266;8
650;804;6
784;66;26
8;256;22
812;752;28
333;504;30
948;711;42
410;550;26
912;557;18
616;519;22
570;616;24
676;101;13
194;789;21
563;698;41
298;372;41
341;30;45
835;321;6
760;457;2
493;732;19
114;271;7
825;296;10
786;678;43
172;810;36
879;399;10
459;199;25
781;537;43
60;511;25
315;915;46
459;18;2
217;620;8
285;55;45
902;206;4
118;934;47
711;152;49
42;234;2
322;815;25
376;333;47
424;453;21
618;400;7
275;388;21
580;213;50
486;623;47
69;497;29
940;268;11
103;365;15
224;388;9
482;168;37
168;825;28
436;221;29
278;683;14
532;771;43
114;740;14
460;393;26
502;639;15
612;505;48
914;706;31
364;794;29
658;114;3
889;983;31
917;868;47
897;978;28
288;276;27
852;191;26
599;701;23
895;209;10
805;819;3
151;691;34
525;185;38
765;502;39
351;371;31
375;984;3
277;426;21
730;186;20
143;311;2
832;362;45
528;507;6
455;734;28
546;516;29
454;406;31
519;6;3
66;227;42
941;518;49
709;787;28
701;215;2
235;283;34
264;455;31
943;578;33
9;665;32
236;842;27
75;602;45
704;235;14
527;757;9
911;683;42
394;679;23
449;795;21
391;920;17
957;634;37
215;214;43
565;209;19
445;567;22
865;40;50
525;179;41
148;871;50
456;258;1
521;876;12
628;926;15
706;509;16
240;922;34
957;396;24
744;317;10
555;152;42
559;337;15
38;843;45
292;352;29
229;370;32
832;485;16
757;934;16
524;296;40
522;315;10
149;9;40
359;223;2
663;172;20
25;924;18
515;448;6
233;619;35
407;532;36
937;350;17
53;168;17
698;395;42
615;627;25
350;644;6
272;702;36
817;941;6
612;876;31
929;920;30
230;31;7
82;794;27
255;535;18
27;512;30
100;178;25
7;863;9
746;204;10
727;569;50
224;777;17
30;543;26
176;211;35
202;368;1
592;875;35
236;145;20
654;504;3
917;556;5
158;205;19
593;97;24
554;859;12
608;646;27
252;553;40
82;104;4
134;461;28
402;663;10
792;585;29
534;659;37
658;287;10
900;660;11
142;614;25
128;20;30
852;915;17
636;960;20
21;401;22
18;767;19
476;646;46
165;614;36
497;3;40
707;261;41
64;501;37
596;457;34
383;590;48
241;99;34
870;484;19
960;703;39
563;253;22
224;565;22
485;152;1
973;950;36
20;797;39
345;404;34
538;340;48
506;857;12
901;987;32
234;433;41
462;615;19
995;313;40
454;96;31
608;551;4
849;930;14
231;218;41
932;492;1
759;434;10
460;998;8
35;13;16
203;897;43
468;444;1
186;83;49
256;724;33
223;307;40
713;952;19
874;312;26
93;325;46
506;280;45
452;903;39
88;292;33
799;713;46
412;271;23
809;191;7
401;56;28
756;212;4
201;355;38
46;470;8
313;647;12
895;804;31
263;973;9
952;986;12
353;997;13
943;143;38
423;321;19
435;980;16
207;415;23
27;986;46
794;650;46
438;655;4
268;287;17
550;300;35
115;839;31
399;169;9
269;898;21
201;797;16
400;536;31
535;171;49
667;986;14
293;129;21
196;357;7
855;212;50
691;792;48
525;681;22
909;935;35
29;982;6
710;442;8
982;125;20
799;279;34
187;86;39
324;263;43
512;613;24
142;652;2
119;920;24
852;107;46
445;547;50
809;920;16
175;58;10
249;570;21
902;733;43
115;268;22
10;764;24
949;410;36
55;941;47
892;982;12
372;160;1
354;130;1
823;12;30
559;774;36
719;857;12
296;911;45
887;50;12
694;165;15
723;838;33
296;760;42
356;108;10
669;172;18
870;994;37
684;900;5
993;693;47
381;907;19
264;865;32
634;444;41
266;490;43
648;246;6
746;682;20
660;135;43
804;462;6
203;283;20
22;110;47
119;851;35
312;950;47
540;407;6
537;476;34
190;488;33
271;162;16
952;495;46
900;120;17
267;857;24
480;841;25
328;107;34
386;711;35
665;588;12
996;193;11
65;596;24
323;352;28
465;944;37
172;240;46
558;911;19
343;354;35
631;181;30
793;241;9
903;637;3
856;766;14
393;990;24
176;604;12
612;303;18
491;203;47
714;719;27
768;898;17
498;572;10
185;332;13
248;565;37
147;988;45
807;978;31
27;55;12
593;405;23
799;63;41
757;976;40
566;866;17
64;492;39
199;964;31
303;481;13
557;67;7
144;595;29
174;311;10
544;274;10
67;908;20
519;600;20
939;50;46
702;860;37
628;700;19
618;202;43
690;639;2
789;207;43
39;936;1
367;286;8
508;77;7
191;325;43
754;745;26
205;906;47
435;146;13
793;488;22
107;351;13
513;614;39
413;104;12
321;864;28
958;570;42
27;866;7
731;323;13
619;676;29
264;336;23
862;416;7
695;391;28
875;651;21
263;730;24
69;727;29
103;88;10
92;254;31
955;65;50
289;753;46
561;825;23
678;669;26
501;421;12
696;394;1
636;798;20
614;12;44
27;382;19
208;533;47
879;837;13
783;810;23
174;740;11
233;373;41
873;583;48
573;253;1
912;8;13
456;933;48
102;806;28
539;492;16
141;693;6
1000;820;5
418;887;45
626;448;50
724;912;49
557;985;19
732;535;33
529;297;12
939;755;48
817;335;2
937;251;28
596;274;5
781;834;43
232;462;1
963;600;43
700;506;3
680;869;3
335;782;48
701;730;31
318;192;20
375;635;1
591;536;11
29;832;49
967;120;12
193;743;5
648;482;19
286;493;19
308;823;41
21;540;37
217;190;23
264;330;33
816;80;29
443;51;7
381;489;30
398;447;35
534;466;24
232;661;45
720;932;33
211;593;27
142;959;4
829;460;36
743;896;27
768;446;14
572;410;26
916;772;13
630;227;38
678;996;43
947;957;5
680;534;45
404;89;36
691;104;50
897;85;21
785;476;49
713;897;36
915;171;30
747;316;41
137;576;41
800;518;20
695;847;35
601;67;19
550;846;34
912;118;8
834;32;22
372;689;5
500;898;31
924;303;38
27;587;2
606;460;28
604;643;43
503;1000;31
101;40;43
497;592;47
652;262;37
104;683;27
680;241;9
669;234;11
584;756;13
164;296;25
600;267;41
217;669;45
362;328;16
313;548;45
995;898;35
666;332;16
194;301;42
109;969;28
664;938;11
832;762;45
220;252;17
718;979;15
976;236;8
38;787;38
728;879;8
149;101;46
652;667;43
484;813;11
500;902;25
776;618;24
253;673;40
970;553;4
397;139;1
957;896;38
355;226;22
587;244;9
445;415;34
572;299;5
548;656;45
898;533;1
772;888;44
382;208;43
231;751;39
781;415;27
595;194;44
512;368;42
489;368;16
998;81;15
358;22;28
386;767;6
748;656;4
296;753;13
432;955;45
268;582;1
442;575;8
87;103;38
79;980;27
68;194;25
463;592;10
182;239;8
583;157;17
448;327;31
89;647;19
654;905;37
704;485;45
691;16;37
880;721;38
752;343;9
203;638;38
677;29;47
876;740;27
976;914;13
615;985;37
874;208;11
127;678;45
953;385;18
484;157;35
628;317;9
944;659;49
576;912;3
482;407;29
156;917;44
592;440;17
513;152;47
192;75;7
523;390;48
565;229;25
359;161;2
428;217;42
895;890;1
346;831;29
912;113;1
650;44;14
560;322;37
519;778;3
157;104;46
428;188;8
298;149;20
306;829;40
551;650;50
30;740;22
389;562;8
346;640;19
157;504;11
892;374;5
655;207;23
739;704;50
875;715;6
273;466;24
491;548;27
963;298;34
381;630;41
557;311;39
667;784;44
73;37;23
490;175;50
124;721;1
792;968;13
925;593;31
877;185;36
527;729;14
89;406;14
37;706;16
8;58;39
666;229;1
312;895;21
108;244;24
734;872;36
907;278;32
239;909;16
532;474;38
546;956;3
217;432;5
414;41;21
164;563;10
570;360;17
521;743;38
838;353;18
447;277;14
153;458;38
856;456;41
417;695;26
604;978;27
122;102;40
65;11;11
831;992;47
871;855;44
791;478;33
347;9;14
868;852;48
172;486;25
664;548;27
644;273;14
433;356;50
308;605;6
608;604;18
831;490;45
224;929;46
881;877;13
979;640;40
682;284;13
620;211;40
882;924;36
326;447;11
31;993;49
415;403;50
325;676;47
879;993;25
876;305;42
638;318;7
184;426;38
635;226;22
625;322;15
472;127;34
27;532;46
630;658;41
702;926;33
181;63;21
772;50;15
108;311;46
950;782;7
554;604;34
743;862;40
37;727;34
460;500;25
312;523;13
290;455;35
447;268;21
841;542;32
645;116;36
10;120;16
358;677;32
463;374;6
10;400;10
812;966;25
838;214;41
37;966;40
260;297;43
530;670;11
825;228;45
992;672;19
40;143;16
865;677;19
179;953;9
18;236;41
134;866;24
573;786;44
10;71;19
866;794;32
735;250;15
601;814;27
970;820;37
960;838;10
113;719;37
966;917;50
79;890;45
723;507;42
951;789;14
53;389;36
595;248;33
689;880;35
790;639;38
956;451;2
967;906;20
955;255;41
19;735;41
98;238;36
958;521;31
202;276;32
697;295;46
568;300;22
332;463;18
769;482;33
263;288;8
470;713;9
342;266;37
633;105;17
910;829;33
862;463;20
691;531;12
499;931;45
609;259;4
16;623;24
919;203;27
214;53;29
462;791;42
314;117;32
695;674;35
398;722;11
361;804;35
539;979;8
169;5;36
300;651;15
744;416;45
331;581;37
90;379;38
152;459;7
930;489;18
194;74;26
163;547;22
440;431;45
881;914;11
554;186;36
285;204;20
20;722;43
671;804;44
627;659;50
625;393;26
392;317;11
837;683;33
955;295;23
92;400;23
772;901;43
663;254;49
287;776;38
574;320;50
388;118;4
785;172;10
652;604;22
759;77;24
714;524;10
222;844;40
27;374;44
910;228;33
231;210;45
548;359;10
173;796;45
492;854;11
331;261;2
934;660;13
239;408;39
796;834;27
781;501;32
528;360;39
747;475;45
836;920;39
822;299;21
731;341;18
895;800;45
503;406;18
970;564;38
314;572;29
886;968;17
376;847;15
475;421;23
717;390;41
497;419;41
294;589;45
584;346;7
711;619;32
371;646;32
158;256;3
371;926;43
359;313;45
274;39;26
129;272;34
321;820;30
690;181;1
155;977;16
296;877;16
433;481;34
389;755;40
228;696;34
744;7;4
884;459;19
395;112;43
365;577;8
738;523;30
864;765;14
208;856;37
406;809;13
488;809;12
7;556;33
825;861;49
56;950;13
610;592;45
750;672;35
559;222;17
974;941;44
55;961;3
719;480;17
403;987;29
759;491;30
919;446;8
30;326;22
180;145;32
314;911;36
252;293;19
333;449;49
940;678;47
141;533;41
344;918;37
453;609;9
49;26;11
467;799;42
762;533;30
290;101;1
447;615;11
889;405;29
506;550;32
281;672;11
460;495;21
517;835;11
659;244;15
192;465;12
284;433;25
811;370;19
903;741;36
122;281;46
387;472;1
284;263;11
886;485;19
870;863;12
18;512;13
988;432;14
24;732;17
996;239;42
441;878;2
87;662;2
442;22;38
667;689;7
483;531;31
752;132;32
61;494;14
225;430;38
416;565;26
767;510;16
385;518;7
897;724;37
284;314;19
182;902;4
968;231;40
802;754;35
686;585;39
271;32;3
750;105;11
738;87;39
179;399;36
101;598;20
967;303;18
590;340;15
705;147;16
596;159;45
96;522;22
828;722;19
832;519;43
575;488;4
935;783;43
328;926;39
619;276;44
309;525;31
678;446;8
496;624;5
325;657;16
976;201;6
490;249;7
204;819;33
408;448;17
403;810;12
762;270;15
133;982;14
311;12;36
654;73;17
730;570;44
568;280;36
875;891;41
945;997;49
822;132;16
568;602;23
435;500;10
138;672;17
940;850;34
974;118;43
237;173;38
539;689;21
418;636;35
46;790;31
98;572;12
996;297;27
582;538;20
799;422;8
846;96;17
497;162;28
709;347;19
982;235;19
806;540;7
217;674;29
146;699;30
192;556;24
619;943;47
60;14;18
352;689;42
602;614;38
107;195;4
703;802;26
802;676;27
759;982;12
167;447;3
318;77;4
119;153;34
302;255;35
559;932;30
429;330;38
245;891;5
506;681;15
997;258;10
256;510;25
110;869;49
907;627;12
543;581;42
11;801;13
45;468;17
542;813;43
319;800;41
554;983;17
611;404;8
625;503;25
358;441;17
955;57;50
314;239;13
965;870;8
549;694;46
8;379;7
805;528;18
812;224;36
747;804;23
678;833;32
19;687;42
398;243;5
314;844;7
700;940;17
408;360;31
796;410;14
4;937;19
848;229;19
697;326;12
686;531;26
980;693;4
85;686;45
978;740;2
575;767;4
739;825;40
8;337;41
173;676;29
687;967;2
545;923;15
650;199;22
945;944;31
66;871;24
805;179;2
936;159;5
109;613;23
628;530;26
914;807;24
653;607;5
832;24;19
822;754;48
511;445;13
704;163;15
903;504;16
75;898;13
570;199;46
577;400;13
170;474;32
124;915;41
121;240;16
799;573;25
251;435;24
723;79;23
566;566;3
189;694;34
84;72;24
203;997;22
270;137;33
779;110;8
932;409;43
756;370;27
77;696;23
568;63;14
406;683;39
453;616;30
705;859;10
428;728;4
198;997;42
82;94;49
448;163;45
556;587;48
201;634;8
46;851;40
551;719;18
478;992;6
384;172;14
387;520;3
754;704;36
276;803;26
465;657;4
669;602;32
890;821;27
732;646;33
986;119;22
277;441;15
183;169;26
781;436;42
754;203;16
218;80;47
410;536;33
183;26;31
518;719;17
762;338;13
81;571;13
125;514;27
918;301;44
149;759;42
661;448;38
833;480;29
493;397;49
442;224;7
664;177;24
619;106;20
527;632;33
431;751;8
539;332;8
842;376;12
770;690;27
868;629;30
526;855;32
647;730;35
306;396;24
257;674;30
772;141;29
424;222;2
530;470;30
482;971;36
33;234;16
671;699;9
280;622;32
381;916;10
551;348;42
590;475;25
717;435;24
74;325;22
688;479;42
226;39;47
290;459;10
262;913;1
262;316;33
738;797;27
767;125;10
317;994;28
534;502;12
650;651;13
333;445;15
147;569;2
82;362;25
424;631;4
748;266;25
774;738;34
405;890;37
954;735;17
496;621;16
259;964;45
521;100;3
522;107;42
796;56;20
99;671;8
564;373;32
535;66;9
169;489;30
553;647;47
777;669;28
385;890;6
162;421;17
362;143;15
130;55;34
404;318;41
688;830;37
707;39;12
412;974;1
396;410;24
372;11;31
617;471;6
482;339;10
237;373;2
199;168;2
385;206;18
231;966;19
852;198;17
524;433;15
125;606;47
717;453;28
145;144;41
701;543;9
504;570;21
315;170;1
368;909;49
703;905;9
195;793;20
415;838;15
202;293;17
116;342;33
976;275;29
547;820;14
921;281;7
836;711;6
827;767;10
631;223;49
777;201;17
64;129;42
528;645;2
611;831;14
18;638;31
915;617;15
142;542;2
16;158;14
346;589;44
263;25;42
187;236;8
866;992;17
112;688;3
969;544;10
913;736;41
332;249;7
107;155;8
329;63;28
454;608;13
592;337;31
810;712;20
633;86;37
377;11;39
1;225;45
166;863;40
1000;556;25
719;345;19
271;577;5
986;438;50
971;110;16
574;970;43
247;161;35
755;41;45
144;200;4
584;619;41
997;733;36
867;791;7
311;960;10
409;472;46
222;758;2
304;728;1
454;248;10
379;322;25
182;66;42
506;14;50
649;570;29
438;212;41
507;781;2
2;967;42
852;615;28
693;428;7
653;137;11
886;941;27
478;889;21
723;804;2
323;897;36
377;603;45
26;631;17
252;492;48
362;747;13
856;956;5
371;54;8
415;990;25
149;147;31
328;857;27
492;893;9
209;132;39
900;123;46
732;111;6
868;810;27
621;713;34
770;688;27
443;299;20
602;713;17
823;305;6
319;784;38
455;699;8
321;628;43
191;142;45
447;111;38
784;411;20
746;668;4
947;266;33
37;16;12
479;824;13
185;286;10
804;947;37
472;400;20
480;68;22
846;433;37
810;23;33
656;711;30
415;391;35
833;492;37
251;549;13
365;935;5
763;999;6
418;661;12
414;141;33
372;614;2
81;716;42
588;53;39
782;548;22
623;840;9
320;634;27
997;248;50
354;839;19
585;677;9
810;100;44
100;928;41
545;50;6
722;497;12
827;777;11
606;714;2
890;669;3
917;682;34
907;366;46
518;521;34
921;755;10
212;932;13
845;912;8
808;55;35
149;887;32
348;744;22
571;316;28
225;963;5
950;437;13
995;19;4
905;757;11
413;900;41
675;649;45
539;322;24
166;593;27
301;52;33
129;15;12
793;442;5
274;817;10
325;856;40
463;781;37
753;291;47
671;236;14
823;628;16
490;409;29
742;574;26
886;85;6
256;449;22
289;682;49
276;993;46
698;335;30
973;272;32
883;104;26
423;152;31
267;173;45
953;175;29
291;3;35
71;285;39
109;999;6
275;440;44
675;233;9
5;575;23
657;790;42
20;836;2
691;994;27
598;594;10
875;747;34
146;133;19
180;674;26
61;747;40
252;583;27
261;846;3
686;405;15
318;902;35
573;156;46
214;288;43
226;113;34
238;973;11
229;368;3
847;531;6
124;509;50
662;735;25
32;315;41
5;333;23
961;831;45
943;819;7
525;191;8
506;235;26
681;683;50
744;840;30
444;892;28
39;411;32
945;983;1
747;858;14
153;118;40
397;819;27
40;922;31
718;539;45
993;447;26
836;753;32
212;252;1
230;588;18
551;7;19
365;391;41
617;345;11
478;879;1
850;762;40
714;450;19
622;535;5
901;467;37
302;289;11
757;814;14
491;798;35
615;19;48
380;17;15
669;800;15
378;743;29
59;155;19
265;864;9
4;416;2
737;605;13
730;360;45
815;79;26
837;746;3
346;519;11
31;554;30
859;473;35
698;274;14
936;631;13
730;241;41
723;827;25
988;369;46
222;269;27
919;946;1
346;252;50
580;55;33
701;668;5
485;628;4
19;516;9
542;645;2
594;398;43
369;684;4
246;946;30
140;342;33
114;2;44
417;593;43
19;510;29
784;187;9
443;707;34
117;661;12
154;597;8
723;530;48
704;972;16
489;248;44
52;963;50
122;105;10
641;487;1
374;43;6
513;11;40
8;523;30
829;477;28
574;638;32
590;499;6
269;407;40
973;591;38
278;591;29
17;108;47
982;953;22
926;651;26
783;728;50
323;237;41
126;286;42
802;521;5
662;483;1
250;56;3
490;24;5
68;749;49
458;181;29
281;220;24
226;4;24
167;767;3
884;884;5
6;922;15
475;707;3
842;613;18
800;271;31
134;932;14
153;972;17
474;930;44
179;96;43
224;536;27
25;604;25
723;263;49
158;688;3
253;859;28
628;560;39
812;591;19
375;344;5
752;417;39
567;817;19
111;209;39
887;543;17
326;10;27
151;546;16
283;870;1
478;733;36
36;774;6
226;415;18
806;138;34
635;91;3
537;673;12
136;245;46
601;958;19
121;509;33
799;3;48
328;753;5
922;43;15
892;30;14
306;815;49
638;31;33
281;155;38
442;254;35
924;676;34
730;553;48
136;642;45
253;474;24
524;320;20
692;472;1
201;122;43
596;376;44
347;288;11
531;420;10
45;850;30
706;654;21
257;317;29
693;83;4
591;992;38
847;14;10
961;650;41
319;816;19
964;261;25
411;432;37
127;881;36
766;427;19
714;492;46
506;323;19
910;464;26
181;715;40
617;842;27
603;415;2
551;622;5
394;8;49
935;512;28
594;738;15
799;797;44
942;177;48
528;72;23
234;996;1
47;2;3
787;908;27
893;701;17
246;109;34
148;236;26
364;767;28
800;644;46
251;406;20
4;210;6
916;649;14
245;806;19
703;854;29
369;11;23
189;462;44
463;454;11
223;650;46
205;842;41
298;788;43
595;400;23
161;626;47
14;921;1
643;992;16
286;544;50
630;308;20
401;868;15
919;20;39
284;295;16
964;644;31
513;321;1
539;582;8
708;174;31
169;157;37
11;644;2
520;976;46
588;564;35
156;688;28
799;16;21
1;272;48
878;11;21
629;207;3
397;322;28
786;963;37
292;127;36
597;550;22
498;576;26
100;907;39
782;894;11
503;438;19
957;822;49
189;778;16
574;268;46
357;286;49
595;808;36
638;250;11
278;782;6
119;583;19
107;539;16
461;307;27
854;279;30
494;355;47
782;981;40
785;25;49
229;232;10
270;218;33
135;117;8
157;703;45
258;296;35
721;962;32
972;413;45
4;747;41
423;324;1
360;962;49
14;931;2
555;808;24
314;209;40
84;275;31
706;111;6
477;458;26
184;541;33
547;555;12
101;6;7
600;98;24
159;812;28
598;557;7
62;532;31
749;910;14
215;142;16
431;921;9
690;568;41
525;12;45
990;102;36
599;717;21
201;482;23
448;587;34
382;454;19
172;398;20
689;711;12
704;774;19
13;159;21
449;143;28
44;293;23
754;638;42
359;669;41
920;819;10
211;529;46
709;595;42
227;255;47
794;265;45
615;44;33
556;535;45
560;941;32
919;412;6
887;966;4
134;647;22
890;347;2
976;189;41
451;874;41
149;951;1
446;995;22
505;200;38
356;809;46
188;833;41
911;863;18
852;375;22
150;467;26
2;90;11
332;300;32
336;381;46
923;176;35
92;985;19
775;979;50
401;625;43
166;116;43
687;181;48
459;57;5
248;678;35
313;552;5
587;265;36
610;503;46
938;901;36
691;20;43
980;591;16
346;700;4
878;583;30
737;290;34
699;62;27
723;863;14
968;674;19
439;102;12
634;906;6
46;961;29
338;830;40
348;817;4
917;391;46
493;599;9
770;676;32
408;421;40
924;377;34
522;158;33
118;26;36
211;394;12
253;531;26
773;512;25
243;871;10
148;551;6
391;618;29
767;60;10
5;151;29
274;492;31
786;926;3
293;587;43
400;890;38
266;771;9
651;20;17
147;925;44
189;775;30
6;854;14
996;827;49
366;514;3
40;863;30
118;131;19
288;97;29
436;173;39
150;480;41
46;324;26
220;857;36
27;138;38
571;792;4
628;91;1
938;588;47
4;793;12
977;747;20
988;971;8
336;969;21
915;148;19
780;818;9
258;601;19
318;306;6
542;667;15
778;305;36
164;153;47
533;77;44
182;736;12
184;53;48
529;572;1
851;156;49
958;268;29
783;95;48
58;326;28
883;625;33
590;313;39
301;488;44
108;398;32
146;265;45
251;273;36
536;754;45
79;718;42
414;300;16
262;700;8
588;416;15
614;162;38
448;471;50
623;992;22
445;962;4
723;429;18
1000;431;16
229;593;8
384;128;37
790;831;10
471;290;42
420;73;24
436;754;22
690;666;39
752;803;48
595;905;16
318;529;21
652;36;7
721;33;27
855;862;34
881;892;41
265;78;34
622;205;40
641;536;18
251;722;44
884;970;37
686;231;6
984;667;32
556;752;20
625;483;5
53;692;4
563;585;23
74;615;41
193;366;36
585;446;49
102;919;22
455;757;33
98;94;43
913;48;45
783;373;48
844;477;11
986;789;15
7;412;1
206;474;1
22;708;6
416;781;15
455;660;46
366;36;5
6;418;15
471;726;41
529;241;35
563;494;8
190;475;5
88;570;10
641;19;31
561;562;38
871;752;3
739;484;25
310;350;19
469;151;18
639;110;6
866;351;49
303;629;31
164;476;35
783;265;10
378;546;8
146;726;39
230;19;47
443;262;14
871;809;15
511;337;17
725;786;1
410;435;39
450;62;49
218;902;32
359;315;19
149;253;45
266;542;44
823;11;49
108;419;15
644;253;1
613;519;1
174;23;28
261;792;25
859;54;27
617;550;30
470;726;37
731;844;11
979;342;39
68;39;10
199;474;11
329;863;41
349;288;40
788;822;4
152;882;32
438;722;6
369;643;15
903;1;49
186;903;9
740;706;7
532;633;27
831;438;17
43;140;18
23;481;15
636;310;12
484;899;5
635;830;24
636;7;37
548;15;24
851;877;4
9;667;1
380;13;24
699;842;33
326;631;1
330;721;23
395;978;20
242;79;13
323;939;23
563;954;16
469;409;39
884;552;38
268;239;50
181;665;10
745;969;38
493;228;50
98;383;48
901;527;39
602;409;31
356;395;41
636;357;21
190;639;7
335;725;18
407;156;26
844;962;24
797;801;22
440;104;16
89;970;22
145;104;38
719;697;26
240;823;50
547;821;18
743;877;35
129;440;35
594;750;4
692;492;28
475;230;34
685;363;45
155;483;9
494;551;45
371;902;19
998;56;21
807;693;27
63;10;45
139;561;41
351;608;43
72;839;18
435;914;2
749;231;47
1000;230;22
246;337;23
4;357;48
183;415;46
103;43;6
555;357;10
106;866;28
590;339;12
71;406;41
136;358;7
692;959;13
190;624;47
741;873;27
817;652;30
279;632;9
16;350;11
810;925;13
213;736;32
49;990;24
995;204;12
687;85;7
961;659;47
723;338;17
790;106;31
766;516;18
112;906;1
862;109;43
939;537;41
741;172;1
850;142;4
662;221;43
914;797;31
333;150;7
990;839;45
196;693;4
768;604;8
337;824;45
348;736;30
726;945;20
180;319;18
730;623;46
627;797;19
346;13;30
245;101;6
710;713;38
644;408;43
224;610;16
98;400;36
344;998;14
114;811;41
446;557;37
654;400;39
698;436;5
367;815;50
157;124;31
264;643;22
183;981;29
916;371;50
66;37;28
844;487;5
69;678;9
461;433;3
495;381;36
760;631;33
727;413;18
839;450;3
896;249;35
246;865;4
576;576;4
318;880;8
587;341;16

