500
12353
3000
61;46
79;31
79;22
63;2
5;8
98;96
38;98
90;9
7;57
31;54
79;53
10;26
93;83
18;20
92;96
22;31
35;22
34;4
91;92
56;25
42;75
91;23
46;8
71;67
87;83
43;19
66;5
17;64
31;53
20;63
49;61
20;59
70;51
97;86
66;32
42;22
25;94
46;20
78;38
70;52
54;28
79;47
46;18
25;93
1;49
29;83
45;32
96;97
50;47
70;70
12;15
59;84
47;75
68;80
50;7
57;20
44;86
94;67
84;15
36;54
35;65
92;87
100;68
47;12
7;72
17;67
11;48
84;41
66;80
56;98
84;35
85;6
73;100
49;22
76;37
28;70
1;95
26;100
69;74
89;11
1;84
9;25
53;16
1;87
64;60
10;18
94;35
86;79
89;26
79;20
13;100
79;47
55;94
61;36
61;9
38;83
100;65
14;32
87;70
77;91
72;86
67;56
77;15
60;99
89;56
68;90
8;99
27;87
17;57
45;9
23;70
38;12
33;89
40;17
4;95
62;8
70;36
22;5
68;58
79;82
67;30
9;2
77;79
93;75
88;46
80;63
57;60
69;17
59;34
28;51
61;26
55;96
98;73
95;12
56;29
79;71
97;61
61;95
11;35
25;63
78;28
77;20
53;92
55;48
97;30
66;98
78;68
51;77
60;52
71;45
13;47
63;11
38;43
37;58
99;100
27;86
9;75
21;50
7;85
43;11
33;44
29;55
58;89
48;56
68;55
74;28
74;88
89;42
14;93
44;81
29;13
11;22
52;70
98;100
100;88
43;11
67;7
49;92
58;16
16;37
39;89
90;54
8;70
39;76
77;59
58;11
40;50
97;69
95;71
88;90
72;57
81;3
49;41
31;52
69;21
60;79
40;54
65;86
15;30
47;9
48;57
52;12
29;65
81;52
11;77
82;21
87;35
66;29
72;93
14;72
41;9
33;23
19;94
91;76
6;67
23;8
69;44
90;96
75;75
46;63
74;12
40;8
16;6
27;11
33;2
46;22
32;28
65;46
44;89
23;17
98;70
92;42
70;98
50;4
32;11
50;37
58;12
95;23
52;63
42;70
43;66
16;37
42;85
33;85
83;62
93;76
3;54
50;23
66;4
2;51
98;19
39;43
22;21
50;7
30;14
12;10
26;80
76;41
72;13
33;99
76;7
94;49
96;89
25;55
17;82
50;26
37;55
15;57
14;43
81;87
3;78
21;67
18;32
28;74
74;7
28;87
16;35
13;96
86;75
77;90
55;25
13;63
38;68
52;35
34;2
93;75
59;24
81;44
35;18
70;9
16;71
12;100
9;94
39;14
100;25
6;31
80;35
35;8
21;41
79;25
58;14
97;23
37;75
63;38
54;78
82;21
37;3
52;15
93;57
15;18
36;91
16;15
49;14
5;48
86;75
24;6
58;63
78;48
2;76
81;69
13;28
19;2
90;16
39;40
3;34
17;72
64;76
58;66
81;52
54;12
48;14
43;19
99;41
59;13
62;18
50;41
26;76
73;81
51;65
71;42
27;46
78;33
52;32
14;43
87;19
47;15
28;73
88;96
32;80
69;42
24;34
25;6
52;30
21;17
67;39
34;10
6;41
33;88
97;12
82;64
97;13
23;73
77;65
51;57
96;68
3;83
34;39
67;19
95;54
86;22
83;45
89;21
38;87
19;45
23;96
59;59
34;96
70;18
49;9
96;10
37;50
81;49
21;50
45;41
67;100
49;5
98;21
40;52
29;48
43;32
82;59
94;61
3;58
45;35
9;57
62;34
87;92
12;63
24;94
65;28
96;80
69;72
9;95
43;66
78;65
42;58
29;1
97;18
10;49
27;50
96;6
19;2
28;67
39;86
5;12
72;68
31;38
54;33
72;56
38;54
72;64
26;94
97;44
13;97
69;40
32;26
72;96
73;34
49;31
2;92
64;32
98;12
26;6
85;84
54;83
81;23
70;86
74;52
93;9
38;16
22;74
45;20
58;18
49;97
91;17
34;19
55;37
35;57
79;96
97;7
73;53
20;54
33;35
23;37
51;35
76;57
87;69
10;62
81;85
56;89
53;83
71;90
44;23
15;51
49;77
14;8
90;2
23;27
58;96
47;56
100;75
66;5
59;24
2;23
98;48
76;8
59;70
24;90
75;39
5;66
64;11
85;46
72;77
29;85
98;23
22;45
87;76
94;79
95;83
53;3
65;68
10;67
37;71
57;5
86;13
75;58
73;51
26;30
45;71
28;50
227;210;15
184;326;20
423;185;13
381;255;33
110;449;16
478;251;46
150;453;9
304;164;4
390;110;18
182;362;17
198;448;27
51;374;18
90;399;46
461;55;28
365;30;34
461;327;4
46;15;18
198;350;17
115;311;25
230;207;28
326;457;22
480;277;16
344;242;34
414;279;36
331;247;49
108;323;5
455;419;46
438;19;46
32;227;33
93;492;28
108;212;8
367;419;26
229;199;18
272;263;28
262;294;27
454;156;15
85;369;19
421;75;19
117;363;13
203;91;20
493;309;12
176;2;12
93;137;6
282;270;39
129;130;2
246;70;27
312;258;42
259;164;29
162;304;49
192;193;10
363;71;47
127;49;22
177;208;9
334;312;25
399;267;17
376;83;4
76;64;25
398;208;38
406;24;35
255;216;50
175;163;8
179;95;28
462;429;8
317;289;43
123;124;10
68;75;3
1;16;29
111;347;15
123;134;11
166;148;11
160;136;22
191;84;28
319;142;12
414;347;25
206;206;34
292;84;36
466;365;34
249;142;32
125;160;5
106;211;3
280;475;47
349;416;15
205;374;29
103;372;49
101;438;42
405;451;48
488;493;25
197;424;3
374;81;45
337;81;13
94;276;39
301;474;40
158;440;27
381;407;25
441;6;21
151;210;29
232;356;5
485;340;49
149;439;46
284;468;29
20;280;35
405;283;34
123;294;39
353;195;40
371;194;31
471;37;8
95;252;15
393;324;47
169;496;14
60;38;5
201;251;1
37;346;2
427;120;50
229;26;33
497;236;10
221;11;32
62;115;39
395;148;27
235;48;10
15;17;10
183;443;17
39;35;46
375;350;39
160;286;14
88;275;35
53;362;19
140;247;45
295;146;5
372;35;41
55;183;49
444;59;30
286;112;22
268;134;30
86;279;42
73;376;35
73;217;35
498;280;17
15;424;18
415;17;36
121;373;4
426;79;39
21;243;27
211;192;32
342;370;48
235;9;4
467;81;8
491;469;16
137;279;40
292;307;45
338;70;20
276;355;3
232;346;43
214;16;5
185;145;21
17;346;46
189;19;9
191;420;24
449;356;8
53;451;22
490;242;1
500;406;41
173;116;7
40;296;29
376;487;14
151;382;45
221;408;10
179;176;40
355;368;31
35;396;16
251;432;50
171;310;6
41;408;41
449;469;17
26;428;9
424;230;37
454;316;6
5;28;9
172;359;8
447;94;28
211;160;46
175;9;4
89;486;25
34;47;48
37;415;49
120;418;31
378;234;2
180;403;44
399;371;15
397;303;15
35;296;42
198;123;26
252;404;19
307;284;48
107;478;19
276;227;3
378;21;14
52;78;20
458;387;47
4;26;12
498;270;8
34;167;45
179;16;16
25;3;49
260;53;6
150;336;8
61;198;29
64;282;18
412;31;33
468;136;39
191;21;40
282;165;39
388;437;50
390;238;26
47;14;41
342;27;34
418;245;42
399;436;21
215;366;29
365;103;44
402;83;7
207;152;37
481;290;39
459;422;4
273;102;21
13;145;29
190;207;30
372;262;32
320;281;14
37;75;29
389;215;3
385;203;22
43;338;31
84;392;28
258;334;36
411;293;46
486;83;12
209;150;29
204;152;15
90;124;22
367;194;41
5;209;16
169;68;30
91;7;4
183;379;12
199;302;25
442;10;46
375;480;49
147;190;40
51;367;9
187;344;23
166;249;45
166;423;28
214;166;12
181;38;10
205;241;22
328;455;41
51;346;40
70;290;11
273;378;27
30;428;25
380;212;50
347;469;10
358;122;34
182;148;2
472;483;7
260;212;49
439;226;23
296;391;38
173;223;10
161;482;32
315;331;44
306;180;48
227;340;38
177;206;48
78;64;34
348;334;7
97;224;3
21;337;9
450;141;38
243;416;41
302;66;7
407;130;36
261;325;31
296;58;33
356;118;32
325;234;23
240;43;8
122;299;7
296;53;34
478;310;12
73;87;10
161;93;20
339;103;8
322;200;11
442;260;14
235;281;14
422;388;48
302;220;49
39;104;13
237;12;21
100;241;29
467;445;31
87;423;14
486;454;11
311;48;21
396;244;33
343;157;10
312;345;35
463;222;39
88;259;17
155;123;14
223;42;21
183;189;3
74;138;30
345;279;21
103;213;42
250;464;41
296;275;17
264;69;12
83;287;23
489;72;16
190;477;7
138;14;12
413;441;24
368;350;20
355;140;29
147;269;16
37;335;15
287;276;40
232;408;1
318;181;46
53;195;1
316;2;48
309;104;2
218;405;18
179;329;27
252;305;3
350;354;2
54;152;8
70;293;4
266;274;32
166;296;38
305;41;5
67;480;44
207;204;31
246;325;44
358;499;23
407;263;3
284;68;15
205;107;3
52;246;6
319;309;44
405;83;39
280;477;50
390;9;14
72;304;16
468;306;21
123;330;13
66;408;46
358;76;33
366;242;32
141;21;7
356;210;6
224;272;47
43;219;18
141;155;40
311;65;23
465;402;32
498;27;40
414;324;47
127;450;45
114;126;15
18;81;17
325;205;47
141;380;23
119;114;14
340;296;36
399;472;42
164;61;32
353;449;1
45;198;33
118;109;11
145;23;1
338;15;34
69;252;15
261;488;24
463;189;38
496;238;19
36;3;45
344;473;43
446;230;26
408;42;24
424;482;3
270;216;21
98;136;50
407;107;1
375;412;27
438;375;2
242;22;25
451;187;7
470;323;36
360;49;28
255;364;22
164;431;32
252;191;9
480;274;46
147;251;37
262;112;33
386;96;40
422;361;10
52;1;22
320;491;43
111;133;14
106;110;34
310;371;3
355;91;20
364;229;34
443;396;12
316;435;47
368;266;6
302;473;50
167;182;49
409;430;14
348;495;10
332;193;41
110;167;16
186;254;10
169;71;44
13;265;45
67;444;36
413;72;14
242;338;37
475;4;15
285;443;4
236;88;6
437;101;42
170;195;27
43;38;29
182;263;13
142;323;47
208;344;17
471;233;2
356;83;5
260;173;33
17;490;38
348;249;10
109;431;42
163;383;48
482;61;28
114;474;40
194;125;38
176;249;46
207;207;30
393;448;36
335;192;15
421;178;2
115;470;33
86;191;35
34;399;40
274;337;24
281;470;43
490;393;8
18;449;6
110;482;38
29;262;46
221;468;10
48;348;46
12;188;47
81;358;8
70;73;14
91;207;49
25;210;6
66;432;10
9;356;24
202;331;22
1;330;19
146;121;24
158;222;7
83;51;36
178;202;16
180;89;37
77;230;10
35;193;34
9;178;4
323;302;14
468;356;37
354;258;41
253;100;6
472;13;26
321;475;8
52;397;23
227;436;22
223;50;3
270;190;41
1;58;33
103;11;7
129;166;4
19;446;17
474;390;28
441;91;15
116;144;37
345;448;45
86;432;3
84;428;2
40;285;12
24;461;46
49;445;25
196;343;48
452;302;11
251;174;41
167;466;29
104;453;11
257;3;12
233;356;7
148;1;46
82;246;5
265;74;30
362;261;3
236;185;22
106;411;25
443;346;2
172;305;39
342;478;8
102;397;12
27;210;15
291;131;2
196;458;19
225;14;24
2;299;3
439;427;38
438;8;25
344;495;39
417;345;22
352;102;40
290;162;33
430;239;23
220;158;44
77;190;46
229;409;39
404;87;9
329;72;26
147;61;42
395;300;5
424;190;25
457;401;18
210;336;30
338;99;3
87;101;26
251;231;34
485;471;36
409;436;9
361;81;35
221;418;16
10;488;21
44;168;41
493;56;26
269;402;18
393;277;9
325;338;42
255;97;4
441;333;20
250;305;22
360;444;29
118;191;17
215;165;37
203;443;36
116;56;49
233;94;4
179;184;34
208;326;48
178;260;50
321;263;17
86;216;11
262;477;30
132;338;45
103;274;37
297;243;33
279;21;11
312;185;14
256;318;17
436;405;11
363;394;8
171;108;35
214;164;4
81;216;3
328;351;24
216;82;50
36;424;5
389;197;14
48;252;25
288;305;3
218;358;9
261;152;15
328;378;43
105;348;14
166;245;3
417;67;9
398;464;32
152;238;31
71;230;13
115;185;1
196;464;40
156;248;30
31;51;20
67;170;50
128;348;46
385;356;49
337;382;10
441;395;48
380;369;44
82;29;19
58;414;1
307;239;37
314;76;24
420;424;2
129;38;5
224;392;43
261;480;48
15;99;17
13;347;44
302;361;29
288;475;28
182;164;20
6;35;20
251;297;41
64;7;27
431;202;12
337;191;2
205;177;22
21;220;39
437;378;42
409;433;47
231;387;46
274;326;26
72;426;50
107;199;39
369;182;43
65;22;25
351;409;37
234;369;2
467;107;5
374;475;17
440;465;33
16;17;38
214;450;22
144;162;47
428;86;1
217;210;34
437;71;45
322;53;4
434;249;5
378;266;48
470;260;10
285;18;31
191;10;17
171;130;41
450;107;13
55;428;13
40;488;5
309;281;49
421;309;16
104;204;29
28;365;22
251;149;32
76;133;29
485;18;4
476;14;16
252;14;12
5;216;25
461;302;21
402;349;45
66;199;1
98;394;39
68;30;5
334;163;7
90;338;41
479;126;9
323;58;47
97;386;46
75;56;14
408;368;2
143;208;7
335;19;11
459;468;12
3;315;3
275;485;47
399;165;19
316;482;42
306;242;20
56;449;24
471;101;2
500;24;43
330;111;50
295;243;28
433;493;29
172;481;9
21;168;21
498;185;1
242;5;29
163;64;32
266;179;38
376;404;8
25;1;29
300;316;23
195;61;5
103;191;39
469;138;24
493;306;36
471;407;40
497;451;18
297;469;29
399;433;36
66;75;50
391;275;17
408;269;37
434;187;10
270;209;28
374;277;28
345;457;20
362;276;27
424;311;10
388;70;7
152;332;37
345;44;45
169;357;6
214;426;19
259;358;32
185;12;20
358;166;47
324;383;19
129;29;11
246;79;9
91;268;12
142;277;2
134;285;16
277;432;34
432;338;20
315;199;29
360;438;9
83;33;32
350;404;11
369;378;25
296;466;49
93;451;16
122;76;46
494;155;10
60;479;35
277;252;34
316;344;28
314;414;48
446;491;3
205;118;26
39;409;24
366;406;25
43;147;13
249;461;49
300;61;32
58;440;32
87;243;45
423;85;1
484;125;25
140;29;32
349;371;23
23;73;36
412;23;26
139;232;37
230;336;22
353;260;22
381;215;35
475;408;21
298;322;32
259;350;35
64;206;11
466;330;9
104;162;24
324;152;31
89;168;23
129;216;17
380;449;14
147;482;11
443;254;21
51;207;50
398;55;42
45;62;29
420;472;49
71;171;41
485;353;15
2;182;48
132;368;45
73;473;48
277;361;35
115;497;18
439;409;20
493;313;3
431;356;36
253;10;50
372;500;32
419;34;39
60;315;7
316;67;15
60;419;8
379;243;32
385;148;16
194;238;27
341;157;16
50;212;12
227;309;11
314;319;38
442;258;31
184;10;2
150;426;24
380;414;30
300;420;19
441;288;47
500;48;13
74;330;36
310;40;21
234;491;39
492;346;3
110;196;36
432;374;25
416;310;46
368;423;16
432;297;9
349;448;47
188;263;1
261;62;38
469;156;28
269;470;28
394;466;37
298;281;47
269;268;31
232;239;23
241;96;25
172;431;46
10;25;21
409;481;20
172;379;3
481;450;3
69;156;25
425;434;29
114;1;19
319;448;4
173;304;14
183;98;5
104;22;23
225;454;34
367;228;1
1;242;39
132;380;35
350;397;36
457;166;18
350;159;4
7;410;46
437;422;36
201;314;2
65;456;18
352;405;44
285;271;12
178;49;7
425;458;25
300;244;14
428;299;6
142;437;36
382;426;7
18;295;30
264;339;21
270;198;4
472;146;1
252;303;35
159;101;17
1;255;16
335;189;18
388;328;7
172;346;5
173;47;29
396;76;27
300;144;3
388;258;40
193;495;41
190;429;42
244;4;32
206;220;39
173;397;22
389;238;5
267;445;21
136;297;47
473;326;15
208;288;6
458;210;24
489;197;49
28;470;48
214;436;15
242;169;18
424;145;19
125;217;25
144;248;47
240;76;39
139;48;20
310;326;47
265;383;9
398;321;30
117;496;18
252;460;37
147;233;44
321;493;39
212;228;31
380;360;40
218;473;49
382;82;15
122;184;19
116;11;40
256;329;35
399;292;19
316;390;23
480;45;41
385;449;38
462;24;23
244;257;8
345;55;30
312;265;50
102;277;20
287;86;46
271;342;24
382;188;44
438;396;45
236;369;6
218;489;13
334;201;42
487;122;40
267;434;9
254;329;45
370;341;5
333;228;30
499;124;4
336;339;44
238;8;16
206;483;3
195;162;43
322;303;25
99;390;17
368;133;30
63;211;16
92;281;25
440;222;44
57;417;42
236;119;11
449;477;23
345;398;15
121;463;9
54;430;15
377;216;23
316;197;13
439;124;6
186;112;38
116;458;42
174;186;25
33;377;41
316;306;27
411;235;10
10;370;11
194;315;48
310;73;9
99;78;31
341;168;28
239;124;2
456;403;36
243;405;14
131;486;47
218;61;41
429;205;46
152;303;19
174;323;35
99;40;25
115;8;13
173;375;14
181;409;43
373;477;1
14;259;40
389;419;1
383;237;49
317;448;13
5;187;41
64;337;44
165;486;7
249;197;16
207;385;8
413;197;7
294;281;6
367;69;22
450;202;2
74;89;35
347;370;50
86;433;12
218;336;43
448;206;18
212;320;42
383;34;5
225;321;12
427;273;40
246;221;44
470;408;32
110;55;35
445;117;12
198;372;10
159;228;38
393;214;50
426;159;17
467;109;43
87;141;46
34;246;17
39;276;11
453;60;28
476;402;22
470;76;32
431;179;43
398;440;47
233;150;29
144;51;28
181;273;6
34;170;39
217;28;10
332;297;17
89;297;30
126;277;14
18;422;6
294;185;22
58;293;24
401;488;21
273;281;42
232;387;39
9;13;38
335;225;13
325;105;37
29;401;37
173;324;7
154;122;46
20;8;39
87;211;28
417;168;4
157;72;44
387;423;34
4;409;32
232;78;47
29;390;10
247;24;49
156;89;28
231;337;6
318;172;39
417;24;38
22;117;46
69;461;46
390;52;15
273;277;14
461;416;32
339;424;20
114;408;35
383;226;17
53;361;39
493;423;7
490;264;22
436;35;11
277;311;49
92;174;2
406;335;33
221;70;11
477;417;32
371;449;23
437;411;11
447;330;28
128;245;10
452;448;10
158;457;8
409;398;3
228;437;15
223;222;50
302;489;48
470;282;43
214;287;42
26;463;39
22;123;2
499;366;13
153;42;30
500;296;14
298;91;46
365;348;29
380;277;28
293;416;32
75;111;32
345;110;34
136;467;45
323;77;23
349;181;49
169;1;44
171;110;33
310;296;10
97;105;50
148;233;15
159;477;39
147;294;35
103;134;29
282;469;16
163;305;39
214;324;12
169;85;24
77;178;29
461;396;34
143;314;22
160;464;42
436;196;31
304;369;8
462;380;6
359;136;50
482;461;46
329;184;44
123;1;35
74;261;26
40;499;22
370;174;19
159;258;47
283;219;36
371;212;35
298;462;31
131;208;42
477;457;43
104;401;43
264;307;49
140;107;26
19;439;8
50;377;24
275;329;28
467;355;23
324;106;26
383;261;49
159;206;20
27;359;38
270;208;6
236;310;33
243;386;38
306;492;49
348;391;8
347;365;18
391;64;41
349;104;46
173;314;48
254;235;27
41;169;7
76;498;38
270;410;45
481;128;31
167;207;44
253;194;18
324;52;4
290;390;29
211;150;47
253;381;17
220;395;14
425;376;35
180;398;32
310;203;45
300;114;36
300;92;25
177;173;39
460;217;8
432;196;26
208;122;46
465;17;46
378;231;23
25;351;39
485;299;46
26;51;14
338;63;47
149;295;16
121;492;26
342;78;41
136;99;29
332;175;8
28;108;31
244;403;15
1;188;39
303;168;27
405;172;6
296;258;47
404;236;5
329;262;5
389;290;26
207;222;10
94;236;34
435;328;22
404;20;2
58;219;23
215;428;34
20;332;7
380;224;45
17;252;45
143;191;39
110;111;47
342;141;8
299;353;28
68;182;26
374;232;21
9;377;17
42;418;36
234;4;35
92;496;18
39;462;13
466;469;11
74;37;46
488;478;17
11;37;50
399;470;1
52;457;43
385;400;50
312;412;25
128;161;42
343;180;41
162;281;30
304;272;23
402;307;50
264;500;34
25;108;37
124;491;8
154;147;42
415;485;17
488;146;35
232;169;3
91;83;15
498;193;26
202;252;1
29;257;1
300;186;46
80;202;25
62;144;16
95;23;7
283;484;21
425;157;2
461;353;50
45;16;45
330;280;6
336;45;9
194;83;16
327;110;21
35;416;2
47;228;18
64;476;17
66;307;48
419;55;48
427;6;6
319;141;17
3;277;50
427;329;5
200;109;21
303;302;1
142;216;37
53;396;36
143;164;12
294;265;33
448;448;32
151;50;12
443;144;23
310;247;17
16;186;3
13;252;45
447;133;10
292;455;29
246;318;7
452;53;42
225;230;45
492;359;30
354;71;9
298;40;10
41;269;48
104;226;36
60;111;24
330;167;22
500;286;37
495;352;36
330;17;25
70;453;47
364;114;48
32;363;27
191;297;14
20;120;3
6;75;11
233;218;38
390;207;41
90;65;34
55;255;14
156;239;33
458;5;25
172;285;30
421;400;33
148;51;25
417;284;42
229;252;12
188;248;23
140;397;23
489;134;22
71;116;39
381;69;36
228;477;27
116;97;29
351;100;32
474;339;34
280;98;4
251;375;29
337;445;41
241;362;37
415;459;37
1;394;24
136;34;7
289;203;2
294;85;4
46;92;4
143;159;1
126;279;21
71;465;1
128;277;7
445;471;34
238;200;25
217;413;31
132;128;43
92;176;3
399;335;9
253;252;13
58;415;40
121;16;33
392;51;31
66;299;28
225;66;19
382;379;4
48;21;3
209;276;37
465;16;28
28;204;39
154;477;4
73;181;37
423;171;47
496;328;23
121;76;40
140;14;26
179;418;31
234;370;27
163;27;40
491;100;8
239;29;35
322;344;43
5;397;34
220;431;36
120;92;27
151;484;25
36;313;28
65;252;16
213;276;10
237;398;23
111;448;13
40;11;47
372;295;26
495;195;33
370;246;41
126;395;40
476;23;26
210;192;39
192;467;7
469;251;14
394;163;48
454;140;13
323;241;46
315;322;5
192;130;12
11;492;32
59;165;14
117;293;47
304;198;16
195;325;18
349;432;29
93;129;35
143;1;2
79;253;41
73;308;23
132;171;19
117;490;25
248;147;14
223;71;21
340;462;45
169;402;45
193;280;35
360;288;36
174;224;49
310;397;23
250;198;9
103;85;7
24;30;45
21;217;22
492;116;18
436;37;11
470;407;26
127;47;1
20;417;33
109;356;36
95;497;3
75;446;42
354;403;39
317;392;30
303;474;49
164;320;12
152;68;30
108;299;39
315;290;43
260;463;28
311;483;24
151;288;28
205;345;13
420;477;13
78;196;24
320;315;22
110;317;48
477;473;14
246;98;10
109;453;11
327;118;12
206;32;45
91;147;34
463;344;27
385;493;4
89;387;9
418;151;46
288;347;20
133;119;1
379;86;31
170;78;42
273;114;49
423;186;18
374;264;23
92;283;29
62;250;49
405;380;18
326;66;9
40;333;22
251;45;18
281;44;31
281;312;30
358;385;38
364;330;17
121;379;16
245;107;38
68;472;47
349;487;50
248;7;19
128;82;4
269;444;17
120;186;4
450;405;20
306;291;27
497;5;14
169;398;32
195;182;4
318;338;36
37;296;29
448;476;40
25;52;50
295;105;31
493;191;27
223;219;23
104;393;21
216;351;5
143;45;14
222;102;25
172;53;28
147;359;34
271;135;46
490;128;45
407;104;11
246;328;13
120;169;49
94;449;43
121;110;1
112;167;6
191;33;26
18;92;36
460;198;34
258;313;5
202;469;30
144;16;45
292;55;21
51;112;20
457;100;45
137;301;20
84;379;13
198;370;39
409;468;10
152;60;27
231;322;49
267;233;39
40;89;1
454;27;28
143;339;45
450;261;41
178;293;35
372;357;33
384;273;49
35;155;25
122;367;43
79;481;21
445;108;38
256;102;42
297;405;28
254;177;13
328;24;3
392;150;5
393;246;48
354;445;32
176;225;44
56;194;32
337;371;17
169;246;19
425;133;47
81;363;12
350;429;45
448;363;15
155;378;17
16;358;49
457;59;37
416;264;40
479;396;14
236;202;36
186;170;49
239;90;46
322;59;3
440;319;27
206;489;11
461;269;5
14;198;33
48;327;30
492;440;20
84;350;41
142;499;38
341;158;27
57;375;34
371;357;25
138;206;45
269;436;41
230;236;28
47;267;42
289;352;46
78;340;24
147;261;11
312;330;21
75;182;10
388;399;43
2;222;40
416;173;38
433;119;15
83;353;10
20;291;44
408;150;13
267;229;10
344;172;34
52;188;37
84;403;43
247;12;37
142;102;17
443;153;14
182;209;32
227;213;42
13;162;39
73;484;46
263;92;49
456;375;6
440;500;14
393;134;50
26;448;8
402;453;10
160;25;48
214;492;47
137;394;28
169;16;12
57;292;31
141;220;23
446;359;3
86;458;22
172;322;3
18;56;8
267;74;19
68;308;36
82;66;18
132;317;13
135;13;12
398;249;43
377;199;36
72;80;42
98;22;37
201;33;42
325;191;37
83;58;47
340;40;3
447;242;7
246;344;35
499;95;32
454;292;25
230;294;30
137;202;30
164;319;17
412;418;24
448;225;23
473;208;14
220;244;11
435;225;18
280;161;23
297;345;19
349;251;22
79;235;34
351;464;12
393;122;45
445;310;25
469;363;3
265;219;15
361;113;45
80;35;27
160;357;4
30;181;26
210;461;45
461;16;46
114;131;29
280;282;43
203;66;25
470;23;26
18;462;40
170;479;9
99;226;13
17;64;6
453;209;47
149;115;7
62;393;9
213;177;24
158;30;14
12;388;6
397;93;33
255;102;36
159;447;10
83;96;44
108;285;41
298;55;17
242;327;15
184;51;28
155;404;36
244;470;42
316;165;9
410;4;15
412;116;39
238;237;35
61;326;1
455;284;24
208;330;18
386;6;44
257;183;37
313;367;35
384;229;23
289;488;43
68;223;16
2;150;4
248;422;3
24;234;46
416;2;3
177;257;23
175;441;25
4;85;10
433;333;30
251;352;18
133;424;21
283;214;27
1;65;18
373;258;19
124;152;28
348;90;32
61;435;20
183;495;29
206;390;1
30;469;24
158;365;27
135;381;10
344;309;12
466;473;41
291;174;27
21;311;45
480;108;2
372;284;10
123;139;36
367;86;34
369;338;25
425;358;20
85;34;36
362;262;3
224;327;29
75;93;27
35;325;27
495;494;39
64;405;47
133;499;24
4;144;1
23;402;26
350;260;9
345;57;12
178;119;14
255;349;37
247;280;19
168;70;21
488;76;36
425;275;19
296;364;8
230;371;32
46;437;2
85;176;27
16;433;38
200;135;50
318;343;14
427;447;27
6;220;2
387;19;12
18;70;15
441;66;12
293;149;27
61;115;13
480;88;7
152;426;36
320;445;36
18;16;16
343;10;49
201;68;49
134;296;43
206;263;16
429;138;16
46;6;13
435;420;16
39;16;31
206;455;19
119;169;13
459;57;35
432;435;27
343;498;42
59;57;48
193;430;36
228;175;16
128;122;15
189;395;14
468;65;24
335;304;42
184;320;41
237;287;45
285;335;42
102;216;19
499;298;33
466;192;35
16;163;11
250;152;47
110;189;35
392;25;37
422;201;42
7;109;28
105;470;13
27;459;29
246;37;22
408;121;31
500;225;30
384;471;36
394;389;18
46;49;13
300;23;49
261;498;50
223;57;24
220;135;29
188;456;43
128;363;23
460;67;47
97;152;27
332;176;13
368;107;18
98;133;24
264;167;27
274;237;10
244;444;6
189;393;49
76;216;44
398;383;38
500;172;12
83;98;20
120;395;7
101;300;37
50;71;23
463;4;24
108;330;30
486;497;20
399;234;29
128;51;44
419;5;10
16;91;30
228;225;20
337;389;44
174;384;50
30;444;3
122;43;36
204;38;28
465;191;27
138;237;40
215;354;2
67;126;33
122;108;33
97;258;27
18;69;38
440;18;33
147;371;8
400;78;42
82;177;4
328;232;49
82;366;7
307;258;17
259;308;8
19;253;30
140;412;25
327;216;18
26;230;3
227;425;45
230;110;8
75;219;22
187;66;47
475;479;25
13;44;7
495;286;42
432;220;23
384;282;40
348;27;20
466;331;27
69;337;7
97;272;16
120;121;42
122;451;13
251;116;49
148;404;43
388;155;28
177;200;30
375;337;50
426;360;18
171;27;49
404;330;36
261;473;30
297;162;39
475;465;26
447;47;22
478;211;3
353;204;9
69;176;44
257;174;14
110;186;43
460;212;50
55;430;29
397;43;6
474;104;18
311;397;30
225;142;50
99;418;50
170;291;10
421;280;47
124;390;21
38;473;38
303;284;39
448;66;18
309;216;5
329;456;48
334;465;47
275;312;8
334;293;4
265;349;19
325;72;6
231;389;13
47;240;27
249;205;2
478;70;48
238;280;24
397;130;30
426;402;13
437;354;23
246;246;35
120;56;41
119;422;46
226;38;10
69;95;2
394;36;3
166;360;26
449;284;44
109;357;47
144;401;10
89;146;33
148;226;36
426;293;11
77;157;24
35;16;27
416;185;22
443;250;44
54;459;35
486;349;38
139;28;43
385;484;42
122;353;22
394;477;47
80;417;8
456;435;6
176;93;20
120;406;50
396;30;25
366;6;29
474;402;35
73;208;39
390;396;25
127;415;15
115;271;36
275;363;22
271;200;20
402;200;32
273;382;27
145;251;23
160;387;41
376;447;34
173;91;43
219;92;30
149;405;47
206;235;11
349;427;3
9;204;12
51;80;17
179;100;48
490;193;3
146;347;35
222;423;48
313;1;36
443;25;44
162;193;6
9;22;48
309;357;3
225;95;49
397;331;8
159;483;42
46;435;41
3;490;31
118;132;33
147;354;47
41;339;28
94;338;39
486;323;20
59;339;19
311;35;33
19;133;3
422;415;4
407;165;10
410;211;37
441;15;38
221;355;27
109;440;44
54;74;12
115;137;38
252;300;46
113;72;8
304;214;2
106;279;7
37;344;38
419;297;13
127;6;10
28;223;22
386;233;13
426;475;34
58;197;21
139;191;26
443;232;49
368;333;41
130;403;19
120;411;27
499;443;8
7;291;31
203;129;39
204;39;46
101;18;37
231;405;9
465;353;27
93;73;39
105;334;8
327;13;30
262;62;8
492;159;28
184;100;25
442;171;16
313;336;36
329;126;39
289;333;15
488;347;43
470;197;32
150;270;37
355;244;37
179;411;31
263;311;23
173;113;49
263;109;21
316;199;24
274;13;11
468;368;16
182;389;43
229;369;21
129;184;40
139;364;27
115;101;10
277;200;48
275;96;2
297;296;1
459;95;10
154;290;42
246;208;17
195;24;14
38;247;31
140;434;32
67;14;32
314;71;34
495;455;4
244;377;7
170;477;44
308;45;43
399;398;19
384;180;10
57;474;4
359;2;27
490;463;25
78;455;27
99;26;26
463;379;36
215;447;31
26;137;23
387;286;9
58;8;18
451;249;21
226;35;45
192;471;44
362;153;1
343;59;40
161;28;12
21;426;49
2;26;16
422;234;37
37;72;18
465;212;12
428;389;27
365;226;22
226;305;39
260;244;39
28;430;35
344;287;4
407;386;45
136;138;43
358;370;21
230;344;3
181;238;42
483;131;11
63;305;39
371;383;24
278;345;38
268;419;26
11;82;36
479;154;29
353;239;14
6;498;4
210;98;37
148;381;20
471;111;17
329;405;22
177;341;24
264;260;49
369;196;5
387;369;50
11;149;28
264;452;5
226;406;21
286;294;10
274;301;26
229;131;26
32;498;25
499;150;14
16;401;10
268;241;13
209;396;19
492;239;23
411;456;49
298;367;6
263;274;37
176;456;36
53;235;6
270;179;19
415;350;40
112;380;8
328;290;31
267;360;1
264;294;20
194;210;13
150;165;34
475;212;21
148;61;12
266;489;5
402;220;32
473;308;7
313;47;36
257;438;18
168;353;43
75;409;9
218;417;16
5;489;40
423;39;15
139;414;35
475;353;28
159;481;36
136;448;30
220;393;46
164;285;27
324;269;2
282;28;44
495;439;46
343;167;49
315;196;31
189;432;11
356;475;34
113;74;48
449;205;39
296;170;4
227;251;34
315;453;8
348;484;19
360;23;32
283;424;47
140;245;17
101;376;1
50;327;47
105;215;17
100;365;16
104;145;15
290;174;18
366;285;33
385;497;1
214;314;35
323;140;7
75;455;16
94;311;41
494;73;48
367;135;27
215;383;28
69;254;3
14;260;2
111;469;48
500;460;44
432;433;37
109;105;4
291;273;37
432;465;1
360;401;8
297;80;31
116;274;49
274;122;48
227;413;32
183;185;22
39;443;30
352;11;50
345;106;33
203;21;45
472;470;23
251;334;33
434;186;20
331;134;19
171;256;23
106;391;6
7;113;4
321;236;24
479;147;18
173;463;41
38;283;13
392;46;31
325;455;14
30;194;22
72;150;38
476;238;21
268;420;31
154;127;9
438;173;26
313;497;46
139;84;26
278;479;29
52;463;8
374;239;37
303;440;6
54;497;14
131;344;8
391;40;42
115;152;41
23;381;9
377;157;22
341;292;47
256;295;13
252;11;42
227;437;48
142;192;38
132;83;14
474;163;37
275;49;10
329;368;45
153;274;25
174;388;32
366;302;34
156;483;9
81;167;26
384;205;23
451;168;13
433;246;9
50;5;25
336;250;3
221;174;47
174;190;17
401;63;17
203;326;20
179;293;5
385;460;44
183;128;17
434;387;1
137;476;49
138;439;36
338;198;41
153;394;49
305;386;16
164;120;7
209;275;5
496;326;32
259;476;37
250;375;28
387;201;17
341;236;24
146;374;45
414;416;24
446;386;26
172;366;38
14;353;39
489;146;4
352;375;13
16;289;23
149;162;43
257;255;26
355;299;2
213;310;25
70;275;30
489;353;45
119;90;13
135;44;46
209;363;6
80;136;1
165;245;25
385;253;32
427;34;23
404;405;47
118;36;49
49;114;4
253;207;18
459;220;11
441;110;24
193;401;36
101;125;17
370;334;18
290;376;23
90;22;27
258;8;7
6;266;18
490;433;32
101;478;22
130;365;18
93;490;22
432;315;18
70;481;40
497;2;7
418;421;36
378;479;20
337;478;30
105;427;27
338;201;9
189;200;42
216;262;5
84;422;23
450;255;27
462;225;50
203;233;34
107;402;34
106;67;25
6;185;40
200;369;23
65;216;24
217;160;35
354;50;39
336;495;34
411;26;27
464;435;24
133;222;20
248;366;5
483;474;25
124;430;41
437;188;9
176;148;41
303;55;3
412;441;42
492;291;37
359;44;21
370;31;30
387;278;32
86;355;4
401;62;10
269;300;49
377;154;8
453;429;35
276;263;18
300;210;35
58;117;1
488;312;38
402;156;16
38;371;38
17;274;36
398;376;44
488;497;27
320;150;5
28;256;22
310;243;1
408;330;28
304;232;13
71;443;29
431;306;3
49;249;17
33;46;20
25;484;1
367;155;24
311;239;12
448;282;24
240;122;13
346;397;7
429;344;9
407;133;30
184;318;29
145;77;40
35;275;46
301;144;40
33;491;2
500;121;26
115;191;38
482;303;11
110;39;5
129;72;8
151;177;2
350;303;43
470;329;36
320;408;4
91;474;1
495;247;23
183;245;2
249;123;9
85;100;40
423;105;33
490;297;27
353;368;5
50;81;18
419;175;42
197;310;21
40;475;4
474;258;21
125;295;17
270;313;25
132;402;2
2;436;17
187;170;26
186;346;45
167;5;33
134;106;43
14;270;15
85;407;45
85;496;44
408;297;23
477;230;24
93;6;12
186;269;21
470;203;28
234;351;4
133;118;33
269;327;33
271;408;15
326;277;42
94;367;29
411;109;30
311;470;39
224;192;44
21;139;8
468;374;41
320;458;26
143;467;9
146;281;33
166;121;16
273;403;10
92;228;17
259;325;16
453;422;43
13;339;26
397;420;48
149;463;17
351;97;35
251;190;46
386;355;47
180;42;35
91;77;7
393;106;22
204;70;13
330;284;39
268;443;42
353;126;1
297;418;12
366;15;29
490;279;18
456;352;27
83;238;29
311;70;33
376;497;33
20;368;7
253;98;19
211;218;49
63;298;50
303;20;36
225;240;26
297;211;6
107;66;14
424;40;25
304;19;5
462;194;20
291;410;1
29;195;49
124;171;26
88;204;43
270;64;31
424;371;36
399;336;27
264;108;29
482;364;5
41;378;46
214;225;16
370;106;49
52;428;29
397;57;42
92;302;39
357;402;41
466;378;20
323;338;36
120;453;11
485;371;40
10;415;17
343;418;11
389;483;18
422;173;19
443;178;43
421;82;34
411;459;41
321;329;6
100;110;5
289;106;17
62;312;24
68;331;7
324;289;26
249;22;44
376;158;45
345;12;28
251;250;22
447;374;9
273;192;50
375;217;14
97;452;2
99;271;43
16;362;36
263;203;18
152;448;50
95;190;37
421;322;18
108;339;34
434;150;49
103;401;48
78;208;28
142;476;22
323;341;23
467;177;13
471;317;40
103;482;30
367;333;44
326;176;14
122;497;45
247;207;1
96;38;25
390;373;43
160;270;32
33;215;13
433;150;24
194;91;4
231;272;15
226;233;3
331;237;23
47;395;39
16;302;35
115;240;48
425;473;22
331;15;42
433;316;12
448;8;10
216;421;32
16;344;21
500;276;26
343;471;42
376;79;36
229;35;7
206;243;35
299;488;28
170;38;8
88;320;26
412;317;26
129;331;10
179;307;20
159;15;33
372;120;32
86;70;14
310;407;20
194;173;37
172;14;5
36;337;34
467;368;34
215;319;39
3;341;42
104;415;21
172;483;27
57;462;12
275;239;11
252;8;19
29;397;26
459;221;43
3;424;26
147;394;2
334;87;30
327;278;18
390;333;39
104;237;43
396;117;26
138;417;3
419;413;1
436;210;30
261;79;25
408;96;12
423;498;47
349;245;24
338;107;36
448;326;46
254;478;32
429;38;8
361;40;33
2;238;26
493;223;36
81;481;32
180;72;19
418;186;21
272;6;7
409;490;35
147;189;45
463;404;45
457;453;21
184;276;30
207;201;7
197;113;33
238;7;37
121;154;45
172;473;22
291;402;20
285;386;14
356;212;50
218;278;25
338;105;34
432;329;21
211;483;4
165;224;29
407;64;47
88;35;14
85;31;41
186;259;41
451;212;3
374;208;45
170;98;32
274;75;14
490;208;21
393;381;38
89;19;9
205;195;5
146;190;2
224;127;39
390;58;12
240;363;26
394;412;5
245;348;31
363;243;37
484;64;17
151;113;21
31;186;13
183;217;4
83;277;47
87;247;45
300;465;13
435;384;27
61;383;24
33;328;23
378;106;3
234;295;25
261;214;6
341;380;42
336;166;20
70;125;35
475;151;47
305;25;4
307;18;10
92;344;9
481;238;24
161;78;11
439;24;4
193;451;28
290;30;35
299;219;26
156;173;22
356;185;12
370;115;1
67;103;9
277;197;13
46;343;44
16;37;7
323;169;27
239;240;44
421;488;9
334;407;9
255;64;15
312;59;19
184;404;13
239;82;21
68;49;14
67;466;23
226;334;37
132;256;46
251;279;1
188;206;12
378;102;4
265;164;21
429;59;11
37;130;39
164;419;3
144;5;39
197;79;13
400;180;21
119;379;10
283;132;24
112;470;30
171;273;13
198;419;9
396;215;39
207;239;2
489;56;19
431;188;30
147;16;1
250;316;4
313;494;20
130;202;4
399;487;10
180;356;20
261;133;17
255;91;44
83;489;9
421;292;10
89;350;41
371;263;46
399;39;11
163;280;47
243;127;1
192;98;42
376;343;18
249;319;43
392;96;14
196;206;17
202;109;30
5;129;42
184;338;17
220;298;15
192;168;48
1;149;16
487;261;45
259;189;3
346;404;50
176;260;25
373;490;33
376;142;47
36;88;6
54;335;28
235;304;20
235;238;50
336;311;41
476;147;29
12;145;50
33;399;36
82;132;45
158;297;46
50;272;27
315;123;9
401;139;28
403;16;16
472;23;49
246;331;20
27;493;11
83;120;17
348;139;41
33;181;30
215;86;23
56;217;25
5;19;39
450;476;15
460;354;6
120;2;40
34;114;46
467;293;2
254;305;34
83;441;8
462;263;6
485;285;23
300;16;11
17;263;8
140;319;32
456;415;3
421;193;12
166;477;13
416;52;44
299;240;1
23;279;28
274;126;8
380;241;21
302;139;17
495;484;20
88;305;17
497;173;16
234;181;16
391;256;40
175;370;42
489;294;21
8;63;17
330;400;6
25;237;24
166;476;9
499;303;42
255;83;50
356;231;32
298;427;10
268;292;8
464;137;30
266;28;32
270;217;35
99;222;18
475;418;1
340;199;9
173;24;14
437;45;42
34;426;6
463;205;43
133;21;15
409;320;50
487;47;42
273;61;12
369;487;20
360;218;45
304;51;30
139;317;13
411;223;21
477;289;20
64;197;43
304;394;47
446;53;15
125;179;25
380;418;30
166;259;22
363;160;13
152;214;5
458;182;26
132;44;27
136;482;46
62;480;11
439;17;32
76;81;10
341;42;30
366;143;22
17;7;36
478;450;45
411;251;38
225;160;37
387;129;12
295;353;45
421;363;31
166;390;15
241;270;4
173;387;31
406;402;19
1;354;12
300;443;3
460;54;14
426;446;38
46;295;17
206;198;12
223;499;3
481;7;47
264;314;25
420;168;41
325;63;42
9;188;45
292;269;11
419;412;12
473;227;47
23;165;37
479;412;38
191;270;14
369;476;1
494;4;13
464;424;29
86;48;48
430;259;49
164;163;23
142;362;20
239;439;38
99;446;25
484;23;38
404;355;3
191;286;10
473;474;48
23;361;7
259;150;18
2;125;45
39;214;5
475;266;13
458;234;23
194;234;33
94;209;11
195;452;7
58;226;23
69;210;29
176;374;22
29;467;29
388;153;44
214;211;9
329;204;47
365;400;32
112;184;42
233;324;31
121;252;43
53;306;10
17;343;7
331;380;19
190;480;17
372;196;50
279;327;46
255;245;48
293;306;6
18;165;11
59;115;1
197;454;45
30;17;17
76;30;44
31;177;23
313;378;39
72;189;48
472;477;23
282;92;43
486;108;28
366;134;11
242;387;30
83;284;8
236;39;20
282;189;23
58;256;7
166;384;3
43;317;49
111;163;6
84;203;3
381;420;27
262;188;32
295;379;10
238;222;44
229;232;32
485;350;24
156;367;46
277;286;35
193;38;44
264;171;44
56;331;4
385;214;38
431;349;19
52;130;3
451;114;31
187;369;50
422;349;3
79;320;37
424;30;5
411;282;28
72;231;29
316;413;50
149;451;45
455;272;26
24;9;17
1;64;37
184;23;14
455;335;14
66;359;17
58;246;48
179;350;19
278;395;45
84;347;45
475;324;3
36;181;24
370;415;28
273;455;3
162;57;15
46;261;17
393;318;28
288;442;5
387;411;10
152;2;16
240;152;35
170;99;33
413;450;19
289;349;4
260;13;30
313;10;27
127;164;14
441;260;3
223;109;40
281;229;4
408;305;15
345;208;16
18;2;12
47;354;28
206;486;1
277;373;41
112;197;15
2;461;27
493;408;11
424;305;8
262;44;48
182;35;20
296;142;23
113;450;15
274;52;41
284;405;22
120;42;45
167;418;44
18;395;46
275;450;12
15;39;22
360;478;4
309;43;25
358;310;27
425;142;4
275;384;6
65;178;10
319;387;50
468;487;21
338;51;39
441;367;32
351;72;3
147;23;37
95;444;12
268;109;28
212;292;22
443;381;35
331;5;41
407;66;6
419;4;41
147;360;20
388;125;31
255;383;50
64;201;32
199;22;38
129;226;46
467;249;26
469;287;44
118;141;38
422;199;47
43;371;32
475;429;43
331;7;25
319;402;18
469;220;40
251;55;12
26;76;13
184;332;44
306;280;39
84;49;15
426;81;5
358;485;42

