1000
25692
6000
95;59
55;47
73;56
45;22
93;64
37;1
100;19
78;84
27;73
11;52
88;90
16;57
8;73
35;76
98;95
40;90
68;85
27;56
88;28
97;39
94;66
54;1
41;65
53;91
15;18
13;19
19;44
89;14
22;35
36;39
62;24
51;78
48;81
40;43
92;91
67;91
3;4
32;16
93;80
68;34
77;31
25;99
54;12
90;100
27;10
4;27
51;92
87;48
52;68
56;80
59;37
4;32
21;17
34;62
52;18
27;40
88;21
67;14
73;37
39;23
71;30
2;3
10;6
33;27
92;33
12;98
7;65
75;24
100;78
5;95
50;16
57;69
13;35
31;97
72;75
57;30
94;80
39;5
73;61
80;55
15;97
80;34
98;13
32;67
63;66
10;58
72;90
38;78
80;74
8;75
48;86
15;25
19;64
19;15
94;71
73;33
30;96
61;25
51;84
8;23
47;22
47;96
45;49
43;66
68;61
56;58
27;50
2;32
59;93
67;90
91;55
11;84
24;85
29;40
51;14
99;34
100;5
41;25
64;39
43;9
34;73
89;100
19;91
57;79
5;35
5;90
70;61
10;52
87;9
84;78
48;87
68;95
41;92
12;45
88;65
30;23
33;13
61;10
55;53
45;99
78;19
58;39
38;85
51;58
36;75
72;5
3;43
19;23
35;94
16;32
14;96
61;17
67;58
78;96
15;28
24;99
66;9
53;88
56;7
1;80
62;32
72;47
37;90
68;37
34;44
73;9
35;70
8;26
61;84
81;42
35;20
77;36
28;72
100;22
90;50
84;21
67;15
64;30
61;100
24;81
57;58
94;53
68;16
33;30
86;26
78;87
100;77
65;20
77;37
26;1
42;48
93;18
56;5
7;23
31;9
91;79
73;35
73;32
7;71
86;13
24;16
49;76
60;15
59;77
81;79
66;17
78;24
76;9
49;65
42;77
7;61
16;43
97;47
25;21
26;89
95;48
80;99
34;1
9;78
44;30
56;99
94;58
92;86
7;96
85;32
62;73
57;41
15;94
47;47
53;50
16;16
55;66
82;87
9;94
6;22
34;88
49;84
88;63
59;42
32;94
89;97
53;8
62;11
92;75
16;11
58;85
5;59
6;27
25;23
29;87
67;43
36;62
92;3
74;77
36;21
43;88
88;61
100;35
100;92
84;27
51;70
17;43
49;9
97;52
14;3
76;31
64;73
99;96
83;48
22;32
41;17
87;80
39;71
23;17
61;84
99;65
50;29
12;32
57;16
55;100
40;5
16;27
38;77
82;50
76;46
29;51
31;79
44;45
66;100
74;9
12;92
76;5
14;79
36;75
83;10
21;35
12;6
59;79
99;21
94;69
35;73
39;8
27;99
47;15
37;20
9;54
1;82
63;99
62;13
77;18
9;89
14;22
70;29
83;42
69;22
58;96
50;90
88;25
48;77
67;79
15;14
68;77
28;55
85;15
24;98
7;71
94;36
94;51
93;79
5;6
3;93
98;23
47;81
64;75
30;73
93;68
48;38
94;82
34;92
29;82
61;19
77;19
58;11
14;12
66;35
26;65
80;4
51;46
58;57
74;6
45;20
76;42
86;73
9;32
57;63
63;79
40;15
13;29
85;77
9;89
13;46
52;80
67;41
96;26
77;14
92;33
37;92
8;17
79;3
12;13
79;21
20;31
83;63
58;35
24;40
32;92
50;47
19;75
61;42
58;42
78;21
88;14
27;98
90;62
48;19
90;59
67;47
87;4
51;62
11;39
81;31
86;39
4;100
81;65
27;60
92;30
13;38
52;11
33;39
53;52
100;78
20;59
9;91
81;68
31;13
93;18
82;98
83;41
11;29
29;48
2;28
82;67
95;28
70;65
5;57
94;15
68;91
14;93
53;51
29;42
92;4
21;96
78;45
12;7
17;67
59;30
5;77
13;44
32;56
56;96
62;46
8;84
32;14
100;80
83;53
36;3
90;34
25;100
93;68
32;3
48;46
2;64
12;14
16;73
8;65
8;55
72;16
71;82
55;25
23;25
52;35
80;6
97;91
34;56
59;11
24;27
25;17
12;49
71;77
92;50
78;100
23;79
15;81
40;21
38;89
52;60
50;56
48;91
36;40
88;46
100;50
19;79
47;36
51;87
62;60
52;48
83;56
25;12
40;63
86;81
65;37
82;89
31;19
58;6
79;33
79;27
77;97
25;57
99;100
40;4
17;33
36;98
55;74
62;62
13;92
62;55
47;59
72;40
66;82
50;32
16;89
15;51
36;44
43;55
33;97
28;41
1;47
45;20
73;9
53;5
96;2
35;18
53;7
82;44
71;60
52;96
61;16
60;41
95;67
32;68
92;90
77;6
48;57
54;95
74;54
20;24
80;7
70;18
59;90
19;54
11;88
77;70
50;39
49;78
53;26
5;64
41;88
20;70
64;1
100;62
5;29
10;16
1;21
13;40
32;99
45;22
44;12
12;78
33;58
40;34
82;25
25;60
76;34
57;11
24;38
34;77
27;69
94;5
43;66
35;90
97;39
22;4
40;79
82;9
32;24
19;29
94;8
29;3
84;88
63;83
48;88
52;48
76;42
86;87
82;21
33;3
30;46
3;52
13;37
66;78
55;50
8;75
38;76
20;77
50;76
16;83
21;39
99;72
56;65
100;93
31;50
13;24
90;47
20;61
77;14
33;94
44;39
73;95
60;39
18;3
97;76
59;43
69;3
94;96
58;38
5;61
56;44
71;7
74;10
73;72
31;42
74;27
97;32
35;82
66;82
83;52
71;36
91;74
62;92
22;44
47;76
57;89
3;21
14;38
50;48
94;9
39;49
57;87
42;85
82;72
95;30
5;76
82;61
54;89
3;85
14;5
26;19
28;98
43;88
62;36
33;93
23;84
26;11
83;1
49;64
70;29
71;53
1;91
70;98
78;68
44;28
39;89
80;52
30;67
24;33
28;62
28;92
80;88
46;32
67;86
52;32
99;72
30;92
93;70
28;32
88;99
5;4
11;58
37;67
47;94
62;12
15;18
66;66
17;42
17;8
2;40
3;79
17;75
48;28
44;48
8;74
64;30
46;6
93;100
52;3
47;61
62;9
24;99
13;30
25;46
30;67
71;77
15;41
40;12
54;39
63;33
34;25
6;84
3;32
99;45
79;5
6;29
26;16
41;41
50;5
42;72
81;49
30;65
36;67
7;8
66;91
73;81
85;21
14;78
85;55
85;31
95;16
19;53
84;65
61;9
68;58
34;68
22;78
88;66
18;5
12;10
18;42
55;37
98;97
68;72
71;99
51;42
75;9
20;7
63;80
86;90
45;2
99;97
81;78
8;2
8;66
5;44
37;82
36;56
96;10
72;62
84;76
78;48
17;56
19;37
95;53
48;36
2;24
39;48
19;97
67;72
11;26
23;48
39;53
88;30
17;51
42;96
99;14
29;95
9;35
85;24
76;16
31;88
99;69
99;25
74;3
72;93
31;23
99;43
57;29
84;76
30;32
73;49
73;21
29;66
61;69
30;76
99;37
36;16
87;53
79;100
68;61
87;71
15;58
39;85
29;44
75;29
2;54
91;26
47;78
53;41
63;100
7;85
50;80
15;98
86;74
19;4
56;57
25;92
80;93
36;89
5;84
98;49
51;1
78;39
74;15
18;13
15;56
62;94
59;37
2;90
90;75
43;43
2;24
49;64
65;48
54;49
23;8
72;89
2;80
40;100
88;77
59;13
51;98
83;53
85;52
100;2
45;78
31;79
38;7
76;45
43;90
85;75
73;40
41;63
66;16
99;72
67;57
56;57
45;54
64;64
92;86
66;72
28;79
18;40
85;76
1;5
38;92
36;28
82;59
6;85
44;52
80;32
46;81
78;69
93;43
24;35
72;21
62;75
38;84
38;20
33;84
29;63
18;58
1;63
30;35
98;15
40;1
63;60
65;66
40;94
77;77
63;12
93;58
52;96
24;70
17;25
32;24
59;91
78;70
79;34
46;19
49;3
38;63
76;8
96;9
91;99
27;65
100;57
3;42
98;81
2;59
65;21
49;74
43;26
66;39
57;47
20;39
100;63
73;85
71;32
100;64
26;36
51;79
61;87
19;87
75;60
83;79
100;89
92;96
42;15
88;75
97;71
62;95
39;34
81;35
83;75
35;1
17;14
43;30
32;82
36;42
76;85
5;53
31;32
37;24
55;90
98;82
45;22
15;51
53;81
4;22
70;82
71;46
69;88
97;19
38;50
74;32
83;94
73;10
22;57
24;100
38;76
41;1
26;19
67;82
58;6
40;77
79;9
15;57
97;22
81;13
23;42
57;55
76;9
54;49
13;91
78;54
64;56
4;80
16;88
26;86
23;35
17;45
53;48
51;29
26;57
96;41
87;52
29;9
65;81
26;35
28;31
57;36
56;6
92;22
35;83
32;70
83;48
89;14
18;82
79;85
15;55
94;82
66;2
30;8
13;83
81;3
83;41
59;85
23;2
53;47
15;97
38;66
50;71
302;663;50
976;820;5
356;550;37
977;536;50
29;942;19
49;697;42
782;601;9
892;460;15
118;648;46
649;678;25
105;238;14
165;572;4
672;170;40
869;314;3
513;760;41
773;403;17
736;671;13
818;913;31
652;281;10
793;954;13
150;831;1
552;49;37
942;620;41
813;456;17
504;147;47
380;729;15
691;415;38
867;439;19
698;141;4
293;903;23
136;859;41
411;733;7
215;149;20
614;406;38
343;685;34
355;491;22
311;575;14
481;185;30
278;158;38
854;54;30
302;865;2
348;119;39
66;278;34
945;1000;47
167;320;42
261;300;32
677;872;41
344;154;7
787;227;38
417;97;36
337;614;40
264;512;40
560;255;48
906;48;48
112;844;38
503;497;21
361;154;7
998;31;28
994;2;28
62;34;5
55;828;6
988;15;3
354;699;41
671;278;3
683;497;8
753;697;13
397;618;24
850;957;8
232;714;31
880;557;4
8;772;28
98;21;28
616;625;2
160;776;46
286;224;45
21;633;50
963;316;21
711;273;38
843;394;31
970;917;12
334;625;50
692;951;15
295;431;36
203;587;50
367;896;38
522;330;21
123;690;2
753;534;36
459;863;8
375;603;13
753;861;1
72;88;40
232;143;2
588;673;16
803;571;39
616;810;45
885;309;40
431;474;20
619;58;35
371;416;27
748;315;24
35;227;47
810;925;26
958;87;19
216;301;42
985;398;3
416;615;19
199;139;9
912;504;23
232;678;20
807;324;18
957;601;1
439;254;48
255;937;30
100;208;14
93;894;1
678;421;17
91;794;12
907;738;24
985;683;30
688;309;21
747;529;17
941;843;39
316;174;36
985;537;35
200;297;13
281;825;43
137;685;14
827;773;10
914;356;49
221;192;3
234;986;15
38;295;39
726;590;9
687;679;3
973;269;28
306;505;13
267;44;38
245;192;22
721;331;37
755;843;14
283;344;23
909;80;11
343;850;31
185;517;47
750;283;24
330;534;48
884;125;4
426;914;16
265;190;20
540;985;41
451;579;12
685;417;2
950;142;3
682;474;13
735;590;26
725;406;5
189;947;2
335;991;44
87;395;10
536;279;49
272;148;28
598;937;46
835;693;20
706;969;36
539;530;30
516;405;33
427;78;28
866;208;33
938;470;33
176;974;9
472;788;46
959;990;44
12;153;17
730;284;39
115;107;31
31;620;39
549;944;28
117;573;42
258;437;43
765;36;18
889;920;20
378;513;16
105;506;24
687;471;19
148;997;27
780;659;41
605;54;47
720;571;21
726;530;11
785;675;40
205;847;42
687;269;25
915;29;1
947;760;49
130;351;39
148;853;39
129;794;8
395;522;27
685;284;4
307;456;44
522;185;9
407;750;38
128;505;39
937;431;42
137;446;26
680;602;13
269;473;28
87;677;26
680;204;46
507;376;41
988;264;33
790;590;2
239;182;12
170;607;48
441;774;9
808;267;16
441;795;21
494;508;19
802;441;15
151;347;42
664;868;38
171;135;16
967;917;8
958;36;46
113;516;2
264;906;32
986;579;16
41;1000;46
858;955;16
306;172;36
886;868;37
91;155;27
39;832;13
252;163;45
421;816;48
147;793;24
339;883;39
669;608;15
114;735;45
731;741;36
347;964;18
454;220;27
766;492;4
390;124;25
854;642;2
318;999;41
46;417;19
445;673;10
969;474;6
852;465;29
322;779;42
341;186;18
831;675;18
65;25;16
529;43;35
463;584;46
108;972;10
720;434;25
48;477;10
181;340;49
186;186;15
283;830;35
922;841;12
396;886;6
309;784;26
579;450;1
58;868;45
988;544;22
16;796;35
380;649;6
461;123;5
584;448;22
794;75;4
362;420;48
355;131;5
268;90;29
787;673;31
236;742;14
900;280;37
449;700;25
784;73;47
212;309;31
192;704;8
551;204;12
758;644;26
88;116;26
775;731;21
503;245;20
338;425;42
776;605;42
824;450;26
795;400;26
94;193;17
28;268;17
998;72;26
404;901;45
888;396;8
746;183;13
757;434;40
510;592;7
4;245;16
33;616;33
530;302;21
995;41;40
169;181;36
429;412;43
985;171;20
793;997;8
329;848;31
383;454;9
456;238;13
834;505;5
90;586;26
648;69;28
121;572;3
352;406;12
849;204;8
786;532;3
390;649;29
634;422;3
902;400;41
188;783;46
822;324;36
911;69;49
242;341;40
496;514;6
541;509;4
149;843;32
980;249;31
930;253;11
984;572;41
813;502;36
130;617;10
872;899;3
869;623;16
166;21;48
213;495;18
985;850;33
410;175;37
371;768;33
269;265;50
267;308;12
325;800;48
83;788;5
323;945;24
245;444;20
169;868;31
156;723;9
261;317;40
37;28;9
865;395;19
692;808;38
355;644;29
879;443;17
77;977;41
253;977;44
281;450;10
219;580;47
571;347;43
60;845;44
869;641;20
626;624;40
704;327;20
85;373;40
455;878;38
317;469;29
747;192;47
694;353;13
56;909;21
314;127;10
107;108;6
709;671;27
922;33;1
964;797;3
527;554;44
455;121;31
415;578;28
214;903;21
636;674;50
792;695;28
462;964;7
732;778;28
125;187;6
905;7;43
775;577;40
414;941;12
619;548;20
26;694;33
87;724;20
850;61;16
716;191;15
293;512;46
327;299;6
636;973;30
1000;928;35
19;226;36
503;766;4
309;858;36
967;86;2
263;54;11
199;25;32
157;522;17
895;204;49
532;399;33
989;820;1
359;363;18
51;823;6
900;435;41
658;154;14
320;937;19
269;556;46
7;95;46
391;309;25
323;737;21
308;893;45
141;519;14
773;932;38
740;34;34
730;864;49
42;835;36
202;599;21
7;211;31
517;917;9
988;629;47
894;512;32
357;96;18
181;370;46
243;511;40
901;535;38
147;917;17
342;324;45
396;467;40
950;9;46
462;757;4
636;124;24
739;491;8
594;373;34
199;284;14
27;340;7
436;87;40
880;613;24
375;879;18
506;629;15
486;765;48
821;900;30
22;925;39
652;631;41
60;836;27
913;169;24
127;566;40
687;460;44
88;857;20
891;999;25
368;65;22
304;880;11
621;843;15
782;550;14
89;36;2
524;801;12
520;426;40
533;507;23
394;412;28
346;456;13
739;379;45
282;353;29
769;532;8
708;745;27
935;79;40
796;58;4
463;114;1
165;69;6
133;562;22
981;141;7
686;988;37
677;209;26
200;704;8
259;965;46
266;698;22
641;339;39
994;841;31
135;378;33
185;148;49
757;793;31
768;950;2
16;527;40
688;395;17
260;365;8
36;924;50
3;97;20
627;557;41
847;289;3
742;887;29
508;247;13
112;914;24
81;499;20
783;177;36
93;812;5
881;484;3
620;286;2
291;144;34
823;950;33
773;275;32
557;693;32
681;677;13
486;384;16
98;749;16
379;597;26
513;833;29
294;627;47
649;876;24
141;341;36
730;267;35
690;261;18
454;473;35
82;12;24
511;565;20
573;885;17
843;829;3
226;136;50
516;766;32
474;716;29
16;688;50
26;151;2
41;824;49
61;72;42
209;603;14
414;780;33
307;386;19
116;318;2
19;400;50
992;375;47
611;400;7
296;60;18
476;609;36
685;905;18
509;975;16
453;298;45
463;85;31
383;27;49
974;950;12
537;572;13
257;510;7
222;475;21
26;382;38
920;998;18
59;856;9
832;386;16
880;602;13
93;867;33
213;740;12
984;636;28
131;451;16
933;995;32
155;273;35
43;197;3
694;91;38
149;760;28
527;891;42
782;189;13
453;2;31
820;412;15
243;925;46
963;96;14
716;573;23
411;473;2
56;378;13
699;469;45
957;546;47
591;182;21
352;433;2
359;577;2
394;138;49
769;682;8
925;398;26
359;254;47
372;806;40
244;840;13
756;61;39
292;46;16
759;82;25
205;647;26
842;538;7
353;718;50
635;47;1
545;11;7
809;931;8
204;305;46
553;571;40
160;612;21
591;246;15
763;395;18
79;324;34
431;425;41
948;111;17
851;437;17
393;354;27
819;738;15
350;576;8
754;620;45
341;267;40
305;304;9
74;789;9
205;417;5
898;521;28
865;483;50
489;567;10
804;853;23
549;558;33
458;895;35
701;414;19
290;331;42
841;296;17
216;875;28
479;556;17
273;298;14
538;592;4
779;823;28
710;563;18
18;494;38
509;716;22
129;112;21
846;136;4
131;945;23
998;942;6
779;466;39
283;569;29
594;555;27
894;580;50
764;97;41
488;689;2
617;142;21
717;981;11
353;556;21
182;489;13
737;375;12
278;33;27
785;173;17
106;578;39
265;108;31
78;984;32
73;188;13
253;632;47
689;544;6
859;68;38
446;926;12
309;427;45
18;88;46
389;939;46
526;612;49
889;32;41
894;587;47
21;823;11
495;229;2
154;852;42
382;450;3
658;986;17
283;415;3
325;549;25
536;854;50
507;811;37
708;824;6
349;254;25
749;679;15
448;560;7
480;722;18
541;116;50
371;633;3
115;553;43
2;133;13
956;106;4
748;834;44
396;38;7
957;942;46
842;470;46
460;663;35
946;926;6
693;44;27
720;478;29
8;996;4
852;164;26
924;227;28
405;459;6
209;851;20
343;951;23
542;953;4
778;128;36
507;789;4
610;909;3
577;350;46
783;998;3
139;388;11
284;20;28
125;817;15
792;776;16
508;266;18
311;30;28
780;540;16
192;982;3
133;98;7
365;688;32
414;977;9
854;809;34
666;196;13
696;870;13
188;414;42
277;850;31
677;839;19
888;821;46
783;978;18
534;671;6
592;792;19
493;822;30
740;419;50
449;171;30
729;808;23
515;483;39
487;368;41
593;392;16
321;850;35
109;992;17
329;106;30
278;308;6
146;994;46
218;752;36
79;423;12
244;806;18
92;466;8
700;642;47
377;182;15
329;164;44
339;238;30
495;144;1
771;222;19
973;298;48
703;912;47
198;187;13
643;720;34
890;89;1
240;94;34
889;629;9
248;333;31
499;545;11
510;256;22
818;195;17
596;585;36
258;980;29
962;671;15
239;998;38
54;806;38
330;193;23
700;407;34
929;278;43
823;214;14
308;626;30
601;829;1
530;715;41
150;944;44
397;499;42
223;244;14
77;881;38
906;139;19
341;224;19
799;618;43
238;86;20
428;72;40
891;306;48
871;592;9
203;681;1
958;585;23
301;13;46
82;528;40
242;266;6
588;127;10
668;481;27
110;943;26
145;401;50
670;265;35
764;291;23
57;402;5
724;245;34
335;768;19
962;695;8
416;422;30
81;956;23
750;790;19
438;109;17
972;752;13
567;641;43
686;823;41
192;949;42
907;532;16
916;21;3
252;712;44
384;848;40
615;33;27
230;85;11
581;43;1
718;132;17
902;449;46
385;253;41
689;692;46
649;540;14
295;639;50
647;87;11
96;893;39
100;514;24
740;35;3
668;52;47
279;670;5
11;139;12
929;575;13
393;717;1
783;64;5
803;781;45
905;164;13
296;605;6
786;752;35
832;111;45
944;87;18
966;413;27
356;976;6
40;750;17
778;781;22
271;277;19
42;240;10
990;647;15
183;935;29
426;291;43
266;107;6
490;430;13
304;999;41
349;954;7
791;374;38
396;617;17
905;305;35
931;938;26
510;12;39
87;498;36
772;254;21
401;255;48
850;44;9
858;904;20
583;490;2
559;952;43
337;555;33
451;416;40
746;517;39
204;845;46
281;285;19
870;430;23
73;535;12
522;637;50
914;855;32
122;890;29
457;973;25
40;938;1
114;720;32
418;857;28
426;785;37
486;99;29
455;461;36
305;665;21
88;774;39
443;349;49
356;643;19
936;8;5
702;49;34
906;246;40
204;166;10
370;963;2
897;628;39
387;38;42
52;440;33
335;942;31
206;605;15
701;67;12
920;965;30
261;884;20
481;685;49
504;913;12
413;460;9
891;60;31
690;707;16
712;803;30
534;535;31
481;782;27
444;846;11
853;530;46
437;163;38
377;210;5
540;113;38
936;392;29
200;275;38
985;348;35
756;962;43
311;257;15
854;390;30
433;982;5
778;452;20
865;582;37
549;672;11
704;217;34
689;915;9
77;462;46
785;846;49
52;481;45
755;182;24
413;306;36
370;475;27
422;228;23
360;799;37
727;452;27
227;678;2
484;823;6
319;943;43
571;901;45
867;486;8
489;374;30
959;237;22
65;945;18
722;990;26
559;990;16
962;629;39
289;288;13
186;906;31
221;449;32
598;182;17
118;322;38
679;579;7
877;597;25
64;853;3
860;271;38
165;983;47
477;257;40
558;565;8
101;578;26
748;801;29
326;437;23
905;640;38
483;353;36
323;79;36
385;869;9
508;864;41
591;587;33
542;90;45
917;394;30
765;511;23
168;749;44
261;471;39
334;590;25
198;694;21
255;474;47
251;164;13
656;562;37
607;33;15
495;685;48
608;847;46
954;941;47
835;431;21
266;893;28
676;71;4
126;787;44
628;8;18
86;462;9
944;77;29
733;503;43
390;63;4
838;655;11
450;181;43
712;199;50
12;480;6
420;652;40
53;38;10
722;827;39
946;660;10
339;801;33
867;433;25
338;737;19
639;144;9
731;648;18
304;134;27
596;369;5
605;196;38
901;9;42
437;474;21
192;544;43
631;519;16
510;789;34
646;76;38
427;715;49
439;905;48
328;685;44
744;326;18
113;386;7
627;225;16
180;77;2
714;720;10
781;999;45
275;637;19
275;80;20
31;583;42
192;329;42
273;457;6
443;391;12
701;261;38
285;713;11
796;687;8
143;690;39
654;82;20
526;281;5
505;789;22
775;402;25
929;143;44
960;276;29
432;396;1
654;659;24
628;443;36
482;998;32
703;997;8
185;490;3
856;510;25
228;784;29
198;191;50
581;631;3
232;443;13
866;184;32
720;212;29
841;161;2
976;730;26
24;900;23
402;563;12
546;401;29
118;835;6
936;889;22
947;487;9
877;829;16
616;238;31
255;92;2
767;604;45
975;691;40
610;335;37
727;916;21
704;866;16
944;895;31
138;702;36
773;890;48
554;779;21
222;827;42
683;276;38
59;903;23
555;638;39
421;737;44
490;610;2
361;344;24
692;863;9
283;214;31
360;435;40
741;584;16
312;294;35
850;582;11
868;361;30
618;315;3
679;732;18
574;471;26
260;852;49
853;618;31
838;342;44
302;884;17
433;231;44
547;848;8
983;473;50
535;272;39
300;796;14
127;744;29
495;331;8
331;99;8
57;400;48
336;104;9
873;874;16
24;597;26
383;769;23
223;223;18
989;903;7
501;454;20
344;266;26
598;639;7
469;899;50
327;823;50
427;777;44
533;103;35
734;450;15
578;480;44
732;80;19
648;79;41
934;702;14
403;837;28
685;455;5
123;848;13
727;482;17
921;534;28
348;986;45
941;272;5
455;840;1
467;691;11
984;766;29
195;752;8
939;541;13
620;634;39
785;423;36
571;218;5
135;808;10
802;750;6
619;269;1
522;986;12
635;730;13
46;685;1
999;260;46
512;224;10
821;344;43
686;109;5
462;602;45
632;999;13
422;77;37
726;594;4
971;714;50
940;885;22
259;931;17
45;592;10
396;63;16
213;928;47
817;328;45
930;769;49
221;301;17
570;921;4
781;574;8
463;690;5
25;361;32
494;128;26
743;91;26
118;56;41
38;928;49
708;404;47
473;247;50
239;321;45
476;68;16
79;301;3
985;373;42
571;714;27
810;994;33
194;439;30
184;442;12
650;548;17
893;817;33
920;702;34
573;809;3
961;706;21
437;413;18
292;569;4
282;984;26
711;171;28
374;929;49
537;612;27
433;611;13
934;183;35
832;650;35
644;375;7
772;190;18
823;337;49
20;480;13
806;620;21
439;529;18
149;104;34
188;959;15
118;433;26
420;221;40
187;35;43
670;547;1
483;314;46
178;988;46
593;96;11
956;154;1
897;634;3
249;468;16
857;769;45
307;107;45
905;238;42
790;12;5
840;771;27
302;892;7
332;414;3
231;272;10
751;850;8
631;80;16
233;730;9
378;280;46
753;117;28
434;831;10
785;525;38
607;686;49
495;507;47
85;783;21
685;768;31
936;860;11
742;328;36
735;576;32
814;438;6
802;156;28
778;855;17
356;934;20
58;887;38
946;809;10
932;149;5
707;230;7
472;779;48
702;396;43
638;23;7
349;971;11
9;277;36
678;554;47
926;984;32
395;274;8
142;82;16
333;113;7
80;490;47
778;857;27
946;701;13
305;425;1
294;855;48
213;558;49
773;120;20
924;456;11
755;116;41
551;51;38
440;537;9
749;31;31
621;850;50
644;831;31
31;270;48
544;80;32
208;186;34
836;984;11
936;799;49
134;202;48
391;995;44
851;732;14
563;951;17
201;620;39
932;778;25
351;350;17
370;894;18
312;77;49
432;910;39
950;517;6
528;70;14
842;325;39
374;142;42
524;159;2
23;200;5
225;708;6
818;305;6
239;485;6
122;75;42
181;73;48
295;689;2
375;32;20
195;281;9
203;990;1
493;740;28
646;65;16
541;430;20
810;287;15
521;951;36
255;221;50
977;598;2
25;938;43
270;128;42
582;207;47
414;313;27
215;561;27
273;511;22
636;767;7
874;61;33
656;563;41
522;58;33
141;888;38
742;473;40
856;257;41
181;795;20
145;343;37
766;810;32
550;157;15
544;39;34
75;767;36
622;155;7
503;149;16
135;437;48
937;417;3
129;838;48
661;838;38
163;112;26
56;288;36
108;834;34
52;267;19
473;674;12
692;746;1
544;168;48
600;886;42
382;230;35
449;242;1
781;390;12
285;214;23
399;505;31
969;523;39
930;215;30
915;439;35
135;278;26
947;327;25
146;541;49
772;424;40
777;332;31
700;309;9
97;860;6
629;630;17
669;333;25
117;455;17
101;660;36
503;407;4
943;916;38
736;915;1
751;875;39
488;545;49
954;667;39
24;185;15
729;613;29
50;57;46
228;32;46
525;843;37
962;881;7
62;448;44
491;403;20
273;747;5
645;362;27
485;353;41
244;261;26
490;462;21
185;246;15
772;925;13
955;279;38
804;862;17
994;78;9
827;152;16
718;221;33
2;756;38
525;27;39
177;85;3
188;991;50
417;91;25
97;890;47
631;788;1
587;787;23
833;617;43
881;604;42
871;477;39
479;297;32
881;609;20
503;261;29
710;164;43
62;379;44
827;934;45
183;246;34
536;1;25
65;93;33
785;240;34
324;660;6
419;910;7
570;971;30
738;168;6
624;98;31
475;297;41
668;496;11
489;298;11
911;419;10
488;643;49
974;632;6
990;12;1
599;557;2
186;280;18
467;302;48
416;208;13
516;521;39
632;317;15
1000;576;37
891;405;5
838;310;18
829;438;29
224;42;4
954;835;2
913;19;8
803;754;11
589;543;2
223;801;45
216;11;8
113;749;39
517;892;18
510;13;14
486;348;32
552;241;8
806;670;40
528;199;39
698;553;21
739;416;34
192;267;36
963;611;25
485;302;43
660;713;16
398;286;11
832;313;7
922;523;15
522;358;28
416;292;24
341;235;2
66;407;28
232;231;20
688;99;25
841;810;10
138;326;47
481;718;18
855;506;3
982;69;47
530;62;15
135;111;27
364;554;7
569;344;18
324;20;2
979;891;47
601;580;11
838;485;14
119;61;31
942;321;43
618;924;23
832;585;2
54;366;46
886;288;36
738;66;13
693;126;2
225;733;6
980;372;13
115;866;15
926;800;37
734;233;8
337;747;31
651;945;34
972;46;1
908;309;46
512;300;19
878;719;27
278;104;9
254;299;10
495;645;24
644;371;28
856;967;41
24;124;43
654;831;44
512;49;41
79;678;14
344;684;15
274;911;19
921;208;3
951;323;7
506;258;21
251;546;10
889;153;39
438;130;13
585;598;14
321;725;45
976;281;33
530;22;9
247;796;5
381;959;4
572;127;38
309;428;31
792;117;21
603;661;36
871;336;22
578;150;24
472;318;49
397;985;41
742;583;5
584;634;16
582;40;20
130;479;13
817;787;32
595;853;7
29;207;22
973;756;6
396;216;17
11;175;10
247;87;30
825;572;41
49;62;31
981;452;44
637;889;21
562;121;2
88;152;26
173;812;32
246;36;23
87;874;32
605;500;1
358;856;33
418;342;22
971;399;47
739;249;35
377;234;27
163;690;29
195;726;6
770;623;19
474;303;26
361;421;14
569;409;46
131;816;33
513;572;39
151;2;40
942;663;40
596;252;18
748;450;28
6;196;50
726;413;2
533;545;9
258;807;7
45;217;26
5;360;17
446;945;7
122;356;12
915;300;1
887;369;30
130;621;33
299;716;1
234;244;4
461;157;41
901;439;50
181;168;2
176;88;39
778;238;47
909;373;22
94;292;49
748;717;15
309;499;22
848;113;24
512;973;33
706;143;6
185;496;17
938;597;37
861;370;28
261;787;44
352;979;34
968;748;23
501;43;11
39;398;6
534;547;42
455;211;47
303;563;9
991;71;34
425;774;8
363;461;26
92;22;46
711;272;11
990;590;22
964;814;14
290;559;32
688;330;38
510;360;30
620;934;28
980;129;33
684;902;13
999;75;15
765;535;43
551;655;22
686;217;4
158;736;35
539;882;19
392;643;50
57;984;43
234;683;13
222;859;28
218;328;47
386;417;38
748;549;1
674;69;32
116;876;17
996;130;30
737;36;24
997;536;1
48;333;3
920;524;8
890;305;39
148;278;35
198;911;43
302;696;12
3;525;16
602;404;43
95;304;27
44;299;47
871;441;10
494;750;10
846;848;47
129;644;28
884;943;3
785;562;18
946;792;6
901;738;3
490;505;17
592;462;23
399;542;1
368;763;21
14;845;32
860;166;18
18;674;21
637;152;42
357;34;27
460;13;33
668;184;31
409;405;48
28;660;43
652;260;43
767;859;13
597;132;17
427;399;46
69;16;15
108;746;20
405;434;48
194;826;32
464;581;20
302;786;24
323;250;20
619;314;39
495;857;17
944;953;43
716;310;4
486;856;7
322;795;47
961;354;32
718;292;46
852;650;50
884;241;34
440;433;13
868;357;42
491;43;10
424;449;19
971;220;3
895;770;2
303;679;16
196;582;1
410;652;34
938;489;40
449;181;30
473;624;28
441;516;2
337;442;39
242;767;29
643;685;35
558;168;17
511;544;40
745;669;23
834;947;50
656;163;50
935;816;50
100;772;7
692;647;22
106;135;4
450;194;26
103;749;1
216;561;45
316;908;50
440;911;3
298;63;6
975;481;7
97;875;44
59;296;32
766;168;30
558;603;21
742;949;29
727;614;47
124;878;50
384;372;14
851;218;15
110;246;18
556;820;38
817;400;34
664;798;17
559;911;47
23;959;15
854;826;45
182;567;14
54;107;16
114;80;6
41;87;41
696;642;32
454;359;31
856;883;3
480;231;45
701;948;30
138;128;33
674;437;2
309;153;33
20;29;44
468;115;12
638;652;22
249;714;44
987;799;39
724;416;37
241;904;13
322;562;44
542;20;20
553;412;38
106;712;42
308;59;12
976;54;25
261;96;9
149;487;15
213;671;26
735;96;25
410;674;6
969;540;50
313;525;36
241;611;1
971;775;29
542;264;2
533;896;2
78;188;27
61;995;14
767;258;14
247;148;40
754;721;4
740;830;32
152;982;40
138;662;5
609;755;28
929;900;27
956;292;3
297;319;45
654;701;16
560;168;19
638;853;42
330;269;24
9;547;50
912;317;19
705;904;13
874;294;6
428;719;2
515;537;33
390;465;7
807;129;30
361;766;37
102;151;46
202;690;24
81;515;39
395;335;34
506;585;18
690;772;21
843;628;21
599;132;3
720;232;36
813;262;47
246;556;21
261;130;31
834;601;48
820;949;43
421;845;12
224;818;17
837;556;28
672;460;47
723;837;17
286;35;34
125;299;42
392;50;7
201;712;2
173;103;1
457;21;12
781;953;32
444;793;15
813;530;5
357;181;2
493;240;50
308;459;46
931;826;3
814;746;34
184;686;5
192;768;48
888;465;24
487;13;9
738;470;43
406;461;37
557;582;22
282;258;28
750;705;29
727;657;16
954;666;5
346;316;2
483;150;35
24;192;38
995;287;36
556;889;6
886;990;21
491;944;7
799;83;33
149;326;39
156;20;32
84;463;12
70;859;50
791;991;43
650;617;40
584;111;1
141;771;12
85;399;42
36;581;4
16;248;2
696;370;26
550;79;35
518;626;39
588;224;2
683;627;35
894;886;20
938;522;4
196;473;20
519;311;1
615;212;20
46;880;1
400;559;31
157;110;4
254;964;14
729;388;25
951;309;39
217;117;11
953;309;12
411;623;26
246;315;4
477;402;39
534;116;23
358;38;45
703;983;27
463;323;18
791;473;12
565;467;40
737;549;35
633;758;17
241;283;13
815;406;33
367;427;36
357;385;13
955;786;43
344;91;48
969;262;1
394;810;43
459;312;4
373;717;50
735;211;32
423;538;43
132;164;16
634;464;28
573;771;27
202;90;13
748;444;32
833;219;9
912;143;33
179;545;37
545;645;14
770;491;19
183;139;11
139;364;42
331;761;45
170;765;22
77;546;7
301;244;50
988;149;38
465;931;33
276;262;28
533;598;19
924;773;10
163;679;38
724;602;34
221;860;32
617;119;2
954;661;29
681;983;44
640;642;24
882;559;20
272;418;10
412;351;15
225;843;25
341;597;7
261;779;38
304;881;25
708;706;34
838;808;3
169;592;33
253;66;50
312;157;49
863;317;27
438;447;49
858;172;41
239;892;11
672;898;45
243;956;22
724;398;44
730;657;24
491;481;7
993;725;30
51;335;3
397;880;26
241;906;19
636;339;47
220;905;50
228;414;36
811;465;7
921;69;16
298;230;1
664;318;41
952;192;13
286;110;2
175;129;25
185;902;10
613;898;33
954;878;22
951;397;14
665;466;5
954;61;18
826;671;35
355;178;44
929;807;45
928;857;11
293;813;9
660;921;15
539;656;24
928;666;17
485;80;13
46;134;8
853;862;34
319;295;21
83;485;8
372;412;37
509;464;28
302;62;21
710;799;46
731;922;20
15;43;36
957;430;18
39;29;28
407;184;45
327;651;22
871;215;49
620;157;42
339;742;44
740;832;10
104;248;33
735;150;3
773;586;2
779;597;16
347;398;39
171;963;43
94;979;39
396;258;22
72;925;24
243;738;1
639;79;23
964;226;7
41;822;13
438;532;17
280;478;45
847;375;8
685;813;22
858;775;21
243;937;7
473;554;10
630;36;17
252;182;24
69;266;22
913;855;14
53;664;18
674;426;30
205;233;41
706;117;25
732;583;32
478;618;50
149;929;40
261;4;22
412;268;17
440;573;40
174;493;22
687;544;10
940;711;13
774;264;40
946;618;4
380;379;31
570;373;3
474;915;14
529;546;10
439;495;21
798;489;47
280;477;6
446;754;13
726;217;49
929;869;11
107;719;36
394;249;1
765;225;20
884;576;31
891;413;33
198;326;32
510;975;17
460;20;43
269;993;26
303;173;20
419;672;21
900;148;9
711;578;10
322;525;43
401;342;45
506;360;47
847;969;24
359;121;8
970;247;13
939;533;11
223;683;9
218;930;12
926;716;18
498;805;1
591;362;11
6;533;26
950;963;4
451;7;13
16;214;26
203;822;26
406;879;43
102;220;41
664;769;2
103;345;27
813;123;34
246;519;29
566;880;25
721;81;7
739;565;38
496;159;35
76;804;39
577;39;29
159;272;30
1;547;7
84;176;11
339;384;37
139;275;25
632;577;4
865;596;21
675;499;9
78;382;19
411;836;1
556;536;16
219;390;25
141;859;44
173;241;50
663;60;43
657;373;24
438;689;36
692;829;32
657;412;8
900;879;44
218;277;22
504;102;2
535;153;4
317;140;31
316;74;21
863;908;48
91;298;22
691;327;23
819;840;41
797;659;38
347;288;44
343;804;49
2;104;37
128;999;22
33;688;15
31;541;2
952;406;49
18;67;26
315;468;20
726;503;1
424;848;49
503;383;5
727;378;2
425;636;12
662;236;16
815;628;26
101;814;1
621;54;40
371;47;25
37;342;18
864;106;18
693;367;9
334;383;19
980;519;33
50;995;35
880;752;31
112;763;5
851;363;3
371;559;12
744;444;11
195;185;31
703;461;12
871;682;2
222;167;9
920;525;32
366;460;28
561;648;36
193;825;28
979;715;40
843;338;4
176;995;6
949;617;35
732;626;41
469;530;28
892;150;40
304;248;35
124;161;46
19;180;48
805;202;17
345;699;25
145;503;44
498;671;36
473;733;28
154;348;33
574;138;33
998;435;32
231;931;27
885;222;6
275;729;32
61;209;10
53;964;29
500;684;17
566;518;39
72;641;12
138;532;42
920;861;13
781;819;1
565;799;44
1;673;6
844;118;31
128;14;18
840;681;17
788;295;46
347;692;41
846;712;45
80;225;35
897;567;18
604;212;37
427;752;11
525;707;22
547;710;44
518;945;12
355;261;30
551;291;5
311;465;44
191;793;39
887;41;2
305;693;31
185;229;37
583;213;33
699;426;29
163;594;34
467;661;7
642;355;18
857;570;9
247;626;31
914;892;5
60;290;30
84;198;44
339;99;9
837;810;47
293;233;41
12;636;27
277;134;29
403;547;7
4;405;27
98;182;38
500;217;44
344;514;19
352;837;46
176;252;40
962;390;16
915;516;28
506;147;10
527;807;16
336;103;13
535;985;4
511;170;31
861;80;9
313;899;31
244;925;30
906;767;3
794;896;24
432;328;42
58;949;19
911;766;30
743;881;44
662;638;36
730;837;26
675;793;50
3;330;21
834;509;37
336;980;34
16;807;41
986;784;22
204;652;20
153;754;27
516;415;18
539;688;40
845;406;4
749;90;44
153;512;3
966;578;26
478;305;49
146;130;9
536;727;2
375;432;14
969;302;22
733;810;15
751;660;42
851;44;11
947;560;37
13;648;47
899;705;16
741;512;43
96;481;36
765;496;37
831;119;49
60;192;35
201;328;5
614;690;19
299;191;30
452;458;47
488;752;9
375;134;20
48;323;17
559;246;31
404;342;10
611;634;33
720;647;45
679;321;3
607;347;9
517;660;29
419;744;30
977;404;43
644;849;42
810;963;35
556;271;29
345;315;45
270;780;33
548;919;27
203;121;8
845;1000;11
499;7;21
630;160;39
221;502;15
256;686;40
447;561;3
121;475;27
646;524;49
421;241;37
93;291;27
562;97;27
831;952;30
357;403;16
263;297;8
758;970;29
363;625;34
254;995;30
815;450;50
467;254;32
467;257;25
192;726;48
62;660;1
588;795;38
26;809;29
934;752;12
417;400;33
97;930;34
619;255;8
143;757;36
307;846;37
241;300;40
391;935;48
648;920;40
964;229;23
413;2;4
156;611;4
439;341;40
969;171;39
826;906;23
288;952;3
61;747;3
117;781;40
298;796;45
635;343;29
704;745;1
165;778;32
96;244;39
179;813;49
251;34;19
665;282;43
455;562;31
345;608;39
620;763;29
486;533;26
134;684;32
313;735;6
257;298;46
552;50;10
762;701;49
520;820;46
975;497;7
820;359;36
784;734;50
655;832;42
391;937;20
963;663;32
301;386;35
636;156;44
270;251;15
418;75;22
460;624;25
608;848;20
137;415;1
190;880;44
667;137;34
963;857;17
202;1000;46
533;434;6
946;417;22
725;724;10
131;79;30
623;59;9
34;962;25
558;769;9
797;476;2
707;835;50
702;731;28
974;22;23
636;772;33
374;757;16
41;319;42
23;330;36
235;245;34
941;539;41
932;673;25
990;10;17
718;517;14
619;711;10
113;594;29
214;30;36
546;642;36
699;558;50
476;971;33
500;641;50
367;403;39
476;506;5
967;515;15
370;842;26
616;524;19
580;920;44
281;654;46
813;57;22
488;369;36
511;184;15
32;669;3
929;322;49
817;803;6
707;274;32
806;556;44
814;20;13
402;419;5
341;173;49
608;587;4
906;543;39
554;64;20
433;752;6
410;90;46
489;874;33
488;981;21
665;544;6
459;975;5
601;727;27
752;707;18
253;951;5
962;810;48
242;741;33
564;766;50
217;613;27
699;471;17
642;217;36
5;338;16
822;511;28
522;964;31
38;800;8
805;725;9
919;272;12
554;25;39
76;397;25
731;952;5
228;456;49
728;709;40
397;579;7
369;935;48
140;456;10
162;464;24
8;62;4
693;384;35
460;55;41
455;124;39
152;548;44
627;384;6
901;812;20
330;661;35
119;155;15
516;144;31
938;560;46
968;832;11
204;518;1
301;925;38
559;663;46
818;192;30
768;408;6
990;455;28
693;811;50
97;660;25
222;828;28
245;801;33
907;39;33
405;893;1
816;968;2
631;559;17
751;355;36
928;27;37
790;637;1
611;926;20
570;128;23
661;728;1
241;341;2
355;36;34
227;113;12
135;821;16
981;785;14
895;696;7
986;347;42
449;986;31
564;13;43
488;724;49
53;204;40
177;497;49
376;465;6
86;446;2
433;940;17
920;618;36
680;925;32
839;22;23
134;386;48
362;258;7
227;233;19
637;17;25
109;550;9
966;613;22
993;672;16
242;4;3
814;671;33
242;59;38
358;104;10
915;308;43
291;160;13
412;207;2
898;807;12
982;481;29
473;91;47
401;219;23
388;780;7
945;386;38
685;458;33
355;264;34
653;601;16
536;100;14
92;551;41
218;466;17
31;281;9
579;244;11
938;391;1
841;385;11
669;739;36
891;395;35
133;328;44
770;802;22
6;939;25
839;57;38
227;60;2
908;320;20
343;818;31
71;424;12
520;384;22
929;766;32
428;357;46
449;453;38
93;504;2
39;937;21
162;730;28
27;122;30
598;433;39
600;619;5
452;83;42
9;21;42
773;876;28
948;764;50
810;155;3
745;749;19
166;886;33
745;179;10
945;469;15
97;712;50
261;271;43
607;676;47
638;39;8
972;361;26
853;453;29
865;565;47
584;771;17
625;664;46
299;476;36
220;253;26
348;282;10
1;150;29
913;76;49
84;756;30
202;283;17
403;361;8
77;622;3
692;868;35
509;697;19
12;476;9
917;281;10
252;309;24
642;527;32
211;274;33
790;9;43
40;806;48
57;698;32
25;546;43
764;701;48
866;983;9
247;194;12
283;12;1
171;868;14
414;986;4
940;612;16
981;882;34
796;549;27
350;641;33
617;543;34
948;827;15
955;665;27
138;442;23
201;745;39
454;986;26
589;110;32
583;183;38
769;806;8
345;156;4
886;122;17
512;123;13
339;644;16
430;758;4
680;185;25
637;70;27
453;397;42
634;685;20
7;868;12
223;592;1
23;98;37
560;968;46
145;912;21
380;348;35
242;601;35
205;433;20
883;295;37
222;227;24
212;412;36
856;770;9
910;877;7
386;825;12
241;358;6
76;154;37
64;242;2
760;325;32
988;362;42
229;407;8
135;768;23
671;969;33
795;473;10
397;750;2
216;874;24
522;594;10
705;791;32
89;37;20
885;777;27
211;641;18
197;787;35
900;507;15
756;954;2
298;494;14
41;322;46
566;798;42
123;40;25
754;758;33
45;175;43
849;347;44
369;827;38
728;219;20
34;898;1
745;339;28
496;51;16
2;473;17
92;714;31
799;449;48
263;956;13
760;705;49
703;855;3
778;305;26
779;518;23
873;654;48
538;264;39
833;986;47
733;937;46
509;365;46
722;974;48
56;413;22
751;347;22
594;913;29
846;716;20
742;390;48
959;143;10
318;412;21
505;285;28
960;759;17
701;730;11
1000;73;20
828;680;27
444;309;31
129;764;7
515;613;8
202;769;18
637;475;3
870;121;38
760;142;1
998;791;38
183;875;23
130;114;18
847;779;7
7;470;11
496;580;22
351;84;50
218;786;3
132;297;49
522;181;17
723;484;33
14;457;1
19;862;42
360;288;15
50;308;27
407;652;19
277;805;22
987;19;11
525;158;34
558;165;19
740;975;49
913;736;21
684;867;17
122;153;25
604;607;35
883;316;17
319;735;18
817;310;15
287;71;29
632;517;31
426;468;42
842;26;22
507;730;10
706;110;39
382;17;34
696;902;31
536;338;34
571;205;1
692;902;16
821;681;17
557;670;21
300;164;47
124;742;20
784;498;29
584;994;29
76;148;47
219;296;6
804;541;15
524;162;17
841;821;9
347;579;36
360;229;14
5;980;2
549;132;1
316;109;6
661;290;8
168;265;34
1000;532;49
199;767;47
727;641;41
887;544;27
628;574;47
747;88;18
114;42;31
520;543;4
706;796;27
976;956;28
816;71;15
510;415;47
384;839;50
136;648;10
950;600;7
623;916;43
275;113;45
54;811;42
40;659;17
21;285;46
272;716;15
342;483;15
407;607;42
585;878;10
3;130;14
947;954;25
374;89;48
314;840;31
465;55;16
712;365;15
59;384;50
900;778;2
280;721;21
725;561;7
544;539;7
804;582;35
15;433;49
899;289;10
574;202;43
216;90;11
180;610;4
146;999;16
739;233;10
378;6;29
23;533;9
225;289;33
256;222;5
603;840;23
427;568;45
682;16;15
605;173;45
337;397;40
270;257;9
963;328;35
656;254;3
436;628;16
155;40;6
132;693;13
677;823;6
808;21;19
188;695;3
778;223;14
669;485;44
879;983;49
997;880;40
442;47;18
683;575;9
589;714;26
374;139;3
721;926;17
680;870;28
956;923;1
842;511;29
197;537;35
231;573;44
669;638;43
796;83;47
666;17;12
907;665;8
360;575;18
825;752;50
730;934;23
230;613;9
922;449;26
504;814;2
220;403;29
859;702;29
498;488;22
69;33;15
376;228;41
979;46;23
295;947;12
845;319;45
693;99;5
701;31;20
904;361;40
75;32;43
630;2;6
519;773;34
417;565;31
353;266;48
120;3;20
43;752;2
670;429;25
130;119;24
161;891;4
987;261;50
478;532;13
36;28;50
45;492;4
565;457;3
478;832;46
290;16;14
987;353;33
186;442;2
32;742;30
23;230;45
423;380;32
712;377;34
783;610;12
55;336;37
51;115;14
408;959;20
729;492;18
766;777;42
128;288;16
395;539;33
369;756;2
427;526;13
547;408;29
734;374;46
583;766;24
640;762;37
77;483;43
397;756;40
846;250;44
776;995;1
219;754;8
436;767;23
464;467;13
826;333;47
791;974;39
472;609;16
313;256;27
188;507;45
418;380;37
261;238;36
966;943;41
712;388;14
70;486;41
370;68;27
968;326;30
379;25;36
20;853;16
272;480;5
459;212;36
460;65;28
935;867;41
144;846;49
213;132;7
154;869;10
187;980;26
658;781;1
284;450;18
646;902;34
326;579;47
634;421;5
351;831;38
30;824;42
985;114;37
877;974;25
608;239;6
299;523;22
731;515;40
514;318;11
148;619;1
882;245;13
450;564;5
269;423;7
704;881;39
606;870;43
655;719;13
726;586;32
442;671;49
991;441;22
485;495;8
782;892;10
872;655;46
747;810;31
390;390;45
281;876;46
239;13;28
306;434;35
755;498;3
584;950;17
395;45;26
343;396;32
5;200;34
926;584;4
903;200;12
170;434;38
21;528;38
892;470;20
273;949;1
514;360;16
148;336;28
775;300;11
221;660;18
527;907;19
400;116;46
756;39;19
611;47;41
510;327;39
493;674;8
470;473;13
365;123;1
483;28;32
759;279;9
460;154;11
886;186;31
249;502;50
403;241;37
309;515;39
408;576;1
166;807;26
396;285;26
96;241;24
600;22;33
704;20;27
150;440;32
832;64;48
431;467;30
44;104;22
779;947;10
295;960;8
276;425;21
624;143;9
817;958;24
678;441;9
985;232;48
120;689;10
800;828;18
818;29;14
195;706;34
812;451;23
880;258;21
92;867;38
659;691;39
42;921;44
348;376;28
858;803;38
973;408;14
26;816;12
721;793;50
240;411;50
273;735;17
945;543;30
968;612;19
501;337;2
210;309;19
173;315;7
368;637;11
392;17;4
273;789;10
607;468;8
580;338;33
539;181;21
974;97;48
469;12;45
955;953;46
709;934;29
107;225;2
522;919;22
786;796;15
120;950;42
399;932;49
373;822;25
228;846;4
341;225;27
426;931;47
443;165;21
530;291;2
757;86;37
928;838;29
688;956;33
527;848;50
424;69;36
309;175;21
87;881;6
345;658;43
911;285;5
736;658;38
769;529;23
763;648;11
777;659;12
299;733;1
405;389;22
591;823;11
767;167;36
817;577;30
700;826;10
713;937;21
156;320;26
721;466;15
182;706;44
503;193;5
365;423;39
592;481;42
965;831;44
507;183;6
417;417;35
460;780;26
701;606;23
739;372;47
325;909;29
123;198;47
294;280;34
367;978;20
558;173;21
546;624;15
703;916;16
673;91;36
204;826;20
969;220;17
977;841;36
728;511;19
269;682;25
867;40;16
305;531;45
929;119;43
934;753;36
40;887;32
183;612;24
97;82;44
744;860;47
818;753;25
645;181;50
7;642;47
62;414;17
106;385;25
854;723;37
289;572;13
616;67;38
775;446;31
680;347;40
233;706;7
102;389;35
711;240;13
389;430;24
992;349;20
101;528;44
814;194;45
928;625;12
659;462;6
494;91;25
578;856;37
251;6;9
705;805;7
95;796;30
704;8;21
797;764;44
478;210;25
890;806;5
237;214;9
369;143;40
40;729;9
722;865;22
155;560;6
696;868;20
899;507;21
277;822;41
783;457;11
40;845;49
802;927;42
915;606;17
68;265;25
846;652;29
693;463;29
877;647;43
735;794;16
294;319;13
570;958;22
777;458;20
16;629;26
907;152;49
90;967;40
43;348;8
769;692;35
633;254;24
505;912;18
622;215;4
133;465;4
695;668;49
209;917;16
432;316;39
975;293;3
547;293;26
228;441;32
396;231;8
620;387;25
909;866;29
4;918;21
65;479;17
991;91;36
821;698;25
184;590;29
537;560;8
65;763;46
48;115;16
93;354;2
893;263;21
634;880;12
412;162;34
671;246;39
876;163;35
656;124;10
365;532;16
428;583;37
786;962;25
338;551;1
696;38;20
756;309;38
814;431;26
936;504;23
404;673;34
390;298;4
52;726;38
258;662;37
40;747;8
801;261;13
242;753;45
712;707;40
461;847;41
311;602;29
416;394;36
808;660;47
263;932;7
30;662;5
233;161;33
155;476;10
854;933;45
672;226;2
724;527;4
69;793;17
533;497;31
608;573;45
458;696;5
131;72;28
556;308;30
825;26;25
809;822;26
212;507;34
221;423;19
202;328;48
164;376;1
680;877;19
665;471;17
275;537;7
961;477;33
998;412;12
597;833;34
312;795;43
816;799;1
300;395;10
788;27;47
322;238;37
580;164;28
247;578;12
106;21;24
437;82;5
33;646;39
98;67;7
810;902;11
693;196;6
497;419;43
731;251;45
773;954;33
802;381;15
907;703;28
952;346;35
497;297;50
267;248;27
33;245;21
945;824;16
321;187;42
584;135;14
102;405;49
182;326;42
94;207;8
352;960;38
434;288;29
344;421;15
410;338;48
449;857;23
475;632;3
997;566;19
237;316;42
214;133;44
240;555;18
669;157;27
318;198;12
859;898;24
316;878;47
946;404;31
751;207;50
101;289;43
828;767;38
652;953;22
126;550;26
758;200;5
398;460;42
625;477;17
596;433;47
708;40;38
168;272;25
667;857;27
452;244;15
586;702;43
129;211;12
211;350;4
450;725;8
95;193;41
208;537;32
603;984;16
436;324;5
226;71;5
374;428;40
41;671;21
474;263;3
152;876;7
264;796;30
750;268;16
814;987;28
876;24;5
478;78;37
766;995;44
424;358;37
550;660;18
387;353;48
370;793;15
538;745;10
39;993;38
152;115;31
729;468;18
482;618;16
417;189;33
225;274;8
390;611;41
705;343;20
837;291;9
410;383;14
66;682;30
55;319;47
4;37;41
406;694;46
81;428;3
177;682;36
775;154;46
373;761;29
705;420;3
480;528;4
842;758;21
977;187;10
118;216;15
791;743;35
644;802;13
244;985;1
331;835;36
697;373;40
115;305;23
880;811;26
355;639;47
717;117;20
547;924;26
780;888;8
237;5;31
264;271;50
213;236;47
471;168;4
582;913;10
685;847;3
948;89;37
372;36;7
872;398;38
531;815;31
292;371;1
561;641;28
815;778;22
867;760;12
820;820;26
453;658;34
43;943;9
764;796;35
115;320;44
340;83;9
289;39;1
285;398;4
375;939;14
849;51;38
669;402;33
487;130;31
312;734;15
97;497;5
786;334;26
404;73;48
100;645;38
838;840;32
193;668;18
756;600;15
112;238;4
783;960;38
243;897;46
509;180;35
843;62;49
280;630;30
433;931;31
146;845;47
478;102;34
857;705;29
374;788;14
68;251;30
209;612;30
555;869;5
905;773;31
396;30;45
680;450;35
907;84;25
571;590;41
264;103;22
378;96;25
511;866;50
188;920;22
922;781;4
784;897;24
490;466;48
27;351;2
839;889;6
219;710;47
680;688;14
224;508;35
475;654;44
350;208;43
725;299;37
553;761;36
778;544;7
612;858;19
567;646;2
797;998;1
242;24;11
911;923;38
747;378;26
328;487;37
509;298;36
373;265;14
988;530;28
139;48;50
347;347;49
928;58;28
296;940;43
750;528;7
972;227;3
330;845;3
589;696;13
46;402;34
907;242;27
266;142;45
785;392;8
902;243;17
840;610;27
822;951;14
406;11;2
395;301;1
549;322;43
86;217;25
796;23;31
41;650;35
152;378;41
122;499;43
664;105;11
523;43;40
848;520;40
945;194;30
329;611;11
354;24;37
249;813;48
254;87;14
555;610;21
846;258;26
26;572;43
536;720;15
964;898;32
986;610;6
847;865;11
45;797;26
772;760;8
984;142;17
666;779;4
419;707;32
930;99;25
296;674;25
954;974;28
532;925;50
624;887;33
94;162;3
590;311;47
812;159;41
8;102;28
367;432;21
683;868;35
946;397;5
304;501;14
719;488;31
825;616;22
720;128;8
215;511;1
499;64;23
21;776;22
959;722;15
444;633;6
430;405;5
456;77;49
859;335;46
587;651;41
707;360;6
293;511;22
768;756;7
808;590;4
62;167;25
904;562;2
863;293;36
728;312;37
798;984;3
642;999;37
712;318;27
314;424;30
443;431;36
786;354;21
972;508;8
957;695;20
264;992;44
255;996;41
799;108;22
674;252;27
294;248;36
808;781;11
320;369;31
186;891;3
101;230;11
580;7;45
245;972;22
633;355;31
528;622;18
542;322;47
783;693;23
186;634;18
684;517;33
993;607;12
750;343;7
684;150;37
988;409;9
555;139;48
922;880;17
985;913;45
308;520;32
900;587;36
766;117;38
767;82;10
696;760;11
222;671;40
578;165;17
287;771;31
176;6;46
575;661;8
517;45;22
539;284;30
691;807;8
105;962;46
717;273;22
588;882;22
965;971;25
420;511;22
683;115;40
9;532;7
830;66;25
386;550;44
830;196;3
427;603;49
17;222;11
225;335;20
460;440;12
229;876;5
678;296;14
910;228;5
800;191;24
920;613;32
109;990;49
588;22;39
995;383;42
260;121;11
567;961;47
420;665;32
994;845;38
850;424;30
299;141;7
472;611;22
449;27;5
294;719;16
817;233;16
73;940;49
650;459;33
618;729;34
823;286;49
270;954;41
238;888;43
886;139;3
319;677;31
94;753;24
123;451;49
184;767;7
671;931;9
829;702;25
862;924;25
208;448;38
253;887;32
820;519;35
89;390;34
438;271;9
518;850;30
850;439;45
452;336;38
342;438;33
827;381;36
920;426;45
962;498;35
68;249;46
6;50;18
342;810;17
656;818;34
806;386;31
35;55;9
493;629;9
305;83;3
550;577;29
506;87;6
889;334;46
76;922;35
403;983;19
841;453;15
297;240;48
910;365;9
211;315;27
623;181;27
845;634;35
123;762;44
999;820;39
12;216;8
292;845;40
800;960;35
722;623;16
165;20;1
560;649;32
540;373;39
328;803;1
284;375;3
600;542;4
116;948;43
216;520;1
181;862;40
241;863;37
397;402;12
574;198;32
259;822;32
992;465;23
483;996;45
271;1000;46
289;151;10
864;617;8
904;864;19
881;216;8
885;864;41
860;661;50
360;414;25
342;782;28
503;810;33
537;970;45
930;897;32
574;842;25
944;733;4
26;242;13
201;951;20
615;769;35
662;969;20
856;393;26
967;562;44
913;4;28
733;330;34
173;86;12
434;882;45
810;211;8
824;460;38
453;932;22
136;681;30
731;201;16
309;911;41
425;99;36
253;601;5
565;480;6
959;671;4
648;809;39
686;700;48
508;836;24
974;466;37
563;995;46
446;289;26
759;981;11
353;983;7
412;857;43
436;303;13
537;349;39
4;728;9
244;717;24
751;632;30
695;626;36
317;260;44
535;276;4
874;805;34
733;229;3
329;923;23
253;717;7
825;809;21
863;872;25
180;726;9
950;879;5
589;396;25
298;535;30
510;779;4
314;201;50
596;541;8
270;740;11
874;643;22
260;994;49
513;875;48
32;70;40
64;552;3
802;743;36
914;418;36
616;683;47
547;750;6
827;811;12
280;638;16
900;385;28
197;493;4
612;25;4
16;591;1
78;189;27
342;360;46
359;349;29
232;808;25
201;506;19
188;966;1
50;921;41
286;140;19
275;323;28
94;514;47
305;228;16
41;430;7
360;148;8
489;385;12
392;381;33
410;445;49
619;713;34
972;15;1
569;822;31
109;602;9
138;385;2
279;462;28
557;805;32
73;774;3
437;189;34
223;565;10
865;716;6
296;620;2
627;818;38
701;289;41
543;329;50
711;134;48
585;647;6
165;435;18
447;992;49
366;424;26
919;656;21
75;78;46
377;612;5
307;383;8
402;823;30
775;827;35
353;925;38
400;437;30
928;420;39
426;899;42
960;45;29
717;796;40
451;851;6
362;488;44
305;267;3
383;187;30
205;699;36
680;104;37
431;705;49
248;328;47
348;279;23
401;143;12
202;529;38
392;203;31
938;748;49
794;824;19
217;498;6
792;532;18
516;19;42
429;977;5
640;793;14
623;753;33
629;65;43
25;64;27
383;459;27
621;351;23
903;121;13
814;741;20
691;768;1
829;164;45
398;147;16
790;494;5
524;570;3
39;438;43
984;93;15
808;705;43
531;124;3
939;627;19
573;791;40
166;433;25
278;502;33
473;981;9
839;796;30
255;689;48
667;85;9
957;968;45
886;972;42
583;126;24
510;176;22
263;730;7
283;486;19
691;340;37
480;861;49
320;935;14
334;282;2
490;688;15
678;698;23
105;112;30
215;461;23
301;237;10
418;737;8
837;270;11
510;373;41
664;197;42
857;811;46
374;296;36
367;459;8
1;494;45
705;614;33
524;974;46
486;736;42
877;958;28
781;49;2
738;136;6
378;81;31
459;61;26
191;36;41
474;135;31
873;772;13
537;222;49
946;438;20
433;214;37
705;355;11
451;418;37
811;79;3
541;414;46
662;23;11
770;577;13
851;605;24
369;84;36
949;637;34
314;245;49
26;642;42
659;89;20
604;102;49
380;349;8
146;683;43
917;965;25
691;355;13
666;275;12
503;67;3
199;856;29
188;28;43
322;867;17
567;582;17
293;269;25
258;145;28
930;712;30
923;523;34
380;612;29
857;401;33
643;973;42
369;802;34
72;580;49
867;495;22
585;789;25
164;723;3
617;186;12
297;997;21
150;104;48
610;167;40
571;753;18
678;368;28
919;19;29
872;97;9
564;503;40
380;210;38
630;594;30
213;437;38
967;170;20
642;662;22
39;516;36
297;81;37
87;180;6
219;598;15
648;107;26
97;9;22
216;273;35
339;416;48
600;679;48
562;157;12
663;435;39
841;903;7
193;414;32
119;238;11
489;654;4
820;518;14
648;83;42
543;150;32
1000;223;22
404;902;21
785;280;1
958;766;13
441;819;38
886;592;48
960;177;39
680;977;11
619;846;24
899;773;19
235;7;31
709;606;14
946;794;6
909;682;17
772;526;50
620;755;25
849;640;23
231;978;49
51;739;33
445;199;44
977;451;21
153;765;2
801;742;1
702;128;28
997;146;49
903;327;25
631;951;37
392;99;2
609;186;31
101;871;30
801;195;12
519;472;46
65;487;20
239;871;43
469;812;16
945;501;40
600;793;6
539;445;20
572;966;22
285;320;40
548;244;30
150;281;12
253;218;16
121;425;5
963;619;25
733;531;46
532;86;21
88;991;39
877;212;8
975;15;39
342;792;25
666;188;45
439;510;32
800;894;14
914;363;31
77;326;15
897;255;26
418;298;41
119;161;37
73;788;6
198;762;33
884;997;35
781;54;17
434;851;41
830;77;40
365;742;50
234;413;17
510;747;33
361;608;19
618;642;17
490;357;6
269;498;48
730;913;7
315;228;12
91;332;38
911;588;50
270;260;32
301;337;19
364;645;20
73;948;34
864;128;47
985;418;14
912;469;44
961;683;48
970;340;25
610;174;16
337;155;22
442;264;5
740;139;1
985;407;19
737;271;40
310;568;11
729;49;47
631;172;26
820;346;23
158;322;34
998;564;27
744;39;8
531;298;46
53;801;46
274;365;15
190;113;23
280;992;27
339;57;21
503;931;10
33;962;24
314;262;4
411;154;48
729;787;37
920;988;46
799;748;28
972;826;29
596;153;50
762;390;12
480;240;40
638;234;38
819;385;4
184;901;8
902;457;15
122;274;37
644;559;31
139;398;23
386;64;40
822;665;15
472;248;34
772;607;28
401;114;41
565;260;15
590;851;24
325;36;37
750;781;19
775;527;20
127;400;46
627;486;17
393;494;28
947;312;40
653;499;14
165;438;50
973;260;33
533;32;31
701;989;40
221;111;31
367;380;8
405;838;16
428;943;22
576;642;32
706;864;24
774;292;28
159;572;42
829;156;23
871;766;16
871;546;3
171;482;1
799;674;50
561;186;22
770;576;15
580;125;50
440;5;4
415;96;43
599;941;14
545;304;48
731;338;19
250;185;27
636;558;12
245;1000;20
461;64;29
725;232;21
668;363;27
857;184;45
57;925;38
300;593;26
865;27;39
845;755;2
870;59;20
293;14;18
935;136;45
558;801;49
862;652;24
443;750;36
255;308;19
874;241;28
356;469;17
617;788;40
4;34;6
63;975;16
794;39;38
394;313;10
613;473;34
962;339;45
126;618;45
919;974;33
936;891;8
604;198;9
191;410;40
90;361;37
176;499;36
399;834;3
169;372;18
960;426;2
451;116;38
943;269;1
578;195;11
483;769;5
867;431;19
796;153;27
391;395;50
244;687;4
846;404;23
893;291;28
535;967;42
758;95;19
668;409;24
471;854;6
131;910;24
743;152;30
341;207;16
459;828;29
944;641;39
402;817;30
357;881;42
822;272;43
242;592;39
735;489;2
421;856;9
42;123;40
950;3;40
340;441;31
654;74;7
202;793;10
698;973;24
53;823;2
501;177;41
780;919;33
564;323;4
78;769;15
974;711;32
920;460;7
541;123;13
896;307;25
263;806;35
157;113;16
153;560;9
697;366;21
26;821;13
795;550;9
141;754;16
902;262;42
718;614;26
395;322;34
341;411;25
243;351;16
683;316;40
148;639;22
256;837;49
643;613;12
521;906;32
343;544;19
210;600;34
371;398;43
547;182;35
18;481;39
252;759;16
456;109;31
901;692;5
459;849;15
83;762;39
712;428;25
799;607;4
931;798;15
811;879;32
790;966;18
333;610;40
434;830;12
39;987;33
599;288;20
309;340;26
778;645;45
607;342;20
257;114;40
788;249;30
172;480;9
421;26;2
683;95;24
598;557;1
951;181;20
69;260;40
390;670;26
783;467;28
448;4;43
48;132;26
331;107;44
683;252;45
515;614;15
860;631;30
446;38;33
599;443;28
144;145;12
971;37;47
967;391;10
274;836;28
474;957;15
686;756;36
674;284;23
332;420;2
729;31;25
356;132;48
668;640;50
721;67;23
344;959;37
812;228;18
693;280;25
97;622;36
105;736;43
228;466;7
108;900;22
264;561;44
380;20;33
973;658;44
21;615;41
541;953;34
583;673;34
187;588;16
527;613;21
937;895;31
105;932;4
422;304;19
267;632;36
423;416;9
927;473;29
255;645;1
198;989;27
730;633;41
544;300;2
145;509;44
15;352;20
144;912;50
197;519;13
837;582;23
724;770;9
145;518;37
808;785;48
153;90;50
853;924;2
923;263;4
262;383;20
357;687;1
140;154;15
277;595;36
751;209;42
18;145;40
772;726;3
894;791;49
858;428;47
633;228;13
269;247;42
330;508;40
615;896;5
893;270;12
674;613;6
513;921;10
221;277;3
37;817;50
817;395;20
388;795;39
683;375;50
328;751;33
705;64;26
253;530;11
410;587;13
807;870;4
498;571;37
538;784;34
431;629;40
57;980;17
558;434;17
269;50;11
527;504;36
670;5;2
373;894;25
323;664;41
340;833;35
746;535;31
62;870;46
423;928;27
549;920;35
109;399;25
576;189;2
626;342;9
794;132;10
597;421;45
887;146;33
546;424;46
157;666;35
888;947;16
940;827;9
540;262;29
197;875;9
632;60;39
470;983;46
647;166;4
276;431;3
44;528;23
4;166;1
223;661;33
705;433;42
528;332;28
827;989;14
619;857;32
649;728;10
457;831;20
45;283;39
852;859;26
335;351;13
729;551;41
279;466;40
714;802;43
34;826;33
707;667;12
276;644;39
684;298;50
750;614;31
970;698;25
56;875;49
852;747;32
412;796;4
779;649;33
955;444;2
621;309;2
563;682;2
189;842;28
983;768;46
811;81;24
640;590;48
353;248;28
93;711;18
197;458;15
554;80;3
747;568;40
985;915;41
265;322;6
319;659;40
140;586;35
774;933;4
316;705;13
827;911;25
474;454;13
900;568;24
661;72;14
839;670;18
862;722;29
917;399;2
613;3;47
279;401;10
249;232;25
182;796;4
445;573;42
740;135;41
939;893;15
515;743;16
388;357;26
913;458;7
553;860;39
418;920;16
459;693;1
905;829;26
730;82;8
665;667;22
320;787;9
622;974;25
53;851;45
132;134;9
331;400;32
829;588;19
825;794;45
102;297;8
369;374;28
333;621;41
849;39;48
696;162;11
290;582;17
968;360;37
19;129;6
247;3;18
81;262;42
72;945;1
366;219;32
936;249;22
344;553;37
51;574;47
701;539;5
870;195;7
333;961;33
474;549;9
834;647;29
275;836;9
13;391;6
916;96;32
827;577;15
492;421;23
699;555;1
304;263;18
803;442;7
583;724;15
78;678;29
816;480;1
117;467;45
936;67;1
797;948;41
817;830;28
219;990;32
40;229;7
367;327;45
399;3;7
215;740;29
142;379;33
723;327;11
815;371;42
251;992;45
311;38;7
993;957;50
964;366;21
755;129;33
209;377;40
851;70;23
83;665;37
196;350;19
637;590;43
924;12;20
267;219;32
959;10;33
338;90;27
795;887;38
685;183;6
568;151;44
678;199;45
196;970;30
930;995;15
237;728;16
551;13;4
4;98;8
3;788;37
635;775;2
888;445;4
991;889;14
826;843;27
924;590;28
470;3;47
600;169;21
454;17;47
463;410;44
306;263;15
684;36;44
780;834;46
106;57;13
928;751;50
355;239;26
425;241;45
930;861;26
845;331;34
36;590;50
708;329;36
116;905;1
919;261;12
700;890;32
921;179;27
896;208;1
430;492;3
91;583;1
898;320;33
347;150;23
745;709;50
819;666;24
22;381;36
502;191;49
211;342;49
558;559;11
84;662;32
367;932;40
219;224;5
915;240;8
177;664;40
931;213;11
978;687;13
829;49;16
230;280;41
838;312;36
903;536;37
433;393;35
341;554;13
256;624;32
463;231;31
745;602;15
618;486;1
917;650;31
48;379;2
25;761;39
8;421;19
248;648;28
907;847;30
94;113;33
145;452;40
547;961;12
945;391;15
622;152;1
408;939;42
999;393;25
758;228;36
73;837;29
105;54;38
20;226;18
561;85;44
490;345;10
750;149;9
205;693;5
158;820;23
777;954;44
822;65;38
635;890;30
291;921;15
896;783;36
46;654;15
507;75;13
493;678;19
952;533;39
42;864;31
517;936;37
151;367;24
152;975;9
869;587;48
843;636;48
920;628;37
73;803;15
877;283;11
707;93;29
122;774;40
489;169;13
771;364;20
571;465;19
20;99;13
818;847;27
398;879;28
343;788;15
477;999;10
567;520;15
551;123;42
577;863;17
368;120;5
291;450;9
840;660;42
245;827;29
734;85;7
637;326;49
231;698;25
574;115;14
414;156;16
995;761;33
391;537;48
410;816;42
793;133;15
842;225;18
422;680;41
742;959;25
914;231;28
216;131;24
665;840;21
382;158;50
18;294;46
375;249;22
883;444;22
524;460;38
65;423;17
327;177;34
694;479;12
716;934;29
313;977;14
246;744;48
441;726;45
233;54;48
44;384;48
54;341;19
472;507;7
103;262;30
157;89;48
427;65;42
483;675;27
445;507;39
692;308;50
256;60;9
349;837;3
222;582;10
626;370;29
38;330;48
437;984;43
372;693;20
580;612;39
968;180;7
537;872;39
816;375;8
108;540;9
837;755;20
38;773;28
753;44;28
634;859;33
171;471;1
183;131;47
554;600;50
252;181;43
864;362;40
836;366;39
975;89;27
304;199;10
299;739;20
127;713;27
501;392;30
952;493;40
607;836;17
357;16;24
11;972;22
570;424;31
560;962;19
470;38;1
822;937;28
494;767;6
70;136;34
809;858;12
843;623;18
843;962;18
881;47;38
660;853;38
940;51;23
383;260;4
102;876;1
99;623;24
507;93;13
882;261;10
903;446;31
107;704;18
692;950;33
565;493;8
480;612;36
99;139;18
492;429;22
189;156;50
908;831;49
327;374;34
448;886;8
61;109;13
543;809;13
274;877;33
856;758;10
13;683;41
53;250;4
902;116;50
50;895;16
598;947;22
615;194;17
394;723;41
274;259;24
471;233;48
142;792;35
608;340;47
862;16;39
561;518;42
664;585;3
967;471;33
512;383;50
689;727;21
398;193;24
972;938;10
149;25;41
93;302;45
636;626;38
72;153;15
791;888;17
872;692;3
413;745;28
747;448;29
745;782;42
190;358;9
150;430;35
983;424;40
965;551;17
95;441;26
442;235;31
576;7;31
148;227;22
618;75;29
42;211;16
950;366;12
199;829;30
147;752;17
630;384;47
766;38;50
269;361;22
65;326;31
700;148;20
763;647;12
265;801;16
302;349;14
418;618;23
220;581;23
135;839;18
698;550;8
395;390;50
743;497;32
291;375;18
498;158;22
619;528;25
579;705;9
374;292;40
594;655;26
416;367;17
11;140;17
967;482;28
10;293;42
374;248;18
973;653;13
242;75;39
285;576;10
654;366;6
370;602;38
351;514;49
709;179;19
59;740;10
576;745;16
345;253;32
42;847;41
34;862;32
883;559;8
362;311;30
531;596;1
693;583;48
497;686;36
104;443;49
476;71;23
410;556;8
604;969;22
734;261;7
350;401;6
766;541;3
402;790;12
721;842;42
325;481;3
825;972;48
496;439;8
21;239;44
146;592;18
350;127;11
190;806;31
492;38;43
74;332;49
569;697;48
59;924;50
107;164;10
910;588;17
404;301;36
104;118;20
313;480;24
930;31;11
198;530;15
753;700;22
437;598;34
626;650;28
593;803;18
904;126;50
875;824;48
71;348;29
328;374;12
748;421;44
99;582;31
784;208;32
899;158;20
614;841;11
494;588;37
60;7;24
759;682;6
827;173;3
749;505;10
620;238;48
654;348;43
869;173;45
239;560;5
917;91;28
63;150;20
60;569;50
440;223;7
484;520;10
59;439;49
650;824;15
113;221;16
979;730;31
381;549;31
148;906;10
768;464;39
441;1;43
651;475;22
891;931;50
749;843;16
294;300;40
950;810;17
290;544;16
758;854;19
549;823;18
444;220;5
681;145;27
48;247;27
874;324;32
726;396;2
304;90;12
466;518;23
915;836;37
457;850;46
207;407;10
599;966;37
4;33;19
597;507;39
746;955;43
208;327;33
946;690;2
517;534;2
506;52;3
109;321;15
298;218;30
730;674;9
806;965;14
30;882;9
83;341;17
319;547;35
272;160;31
850;512;5
471;864;47
730;683;7
266;616;30
995;769;2
623;252;12
366;478;46
625;776;42
860;903;37
85;206;5
248;535;3
226;778;32
872;785;13
443;534;17
389;511;26
593;311;39
112;108;24
233;219;6
638;700;38
129;200;50
45;7;50
246;846;48
428;53;20
256;767;1
155;557;40
73;437;48
171;329;15
235;160;9
341;675;19
465;703;42
913;746;7
509;337;29
316;853;11
640;14;28
530;703;39
22;955;39
196;233;44
132;983;31
201;474;32
285;119;49
399;200;32
836;421;15
38;521;35
427;534;47
425;192;15
924;77;6
109;885;11
649;155;9
759;659;3
139;345;35
142;943;6
208;331;4
993;514;38
548;407;33
591;524;18
50;909;4
863;866;33
440;530;32
851;519;28
441;903;30
445;434;30
595;724;50
979;669;3
346;896;16
163;502;6
803;363;10
131;752;6
344;627;30
28;578;1
908;491;42
728;84;21
501;719;19
515;412;9
71;227;48
815;432;9
24;925;29
556;433;12
577;858;50
851;854;40
840;663;4
603;390;33
287;869;37
947;662;7
951;42;37
652;439;36
198;367;43
269;987;2
642;352;16
71;630;9
833;292;43
451;897;49
525;925;19
263;881;11
128;934;5
637;356;28
895;855;13
796;222;29
975;532;6
198;117;13
225;540;2
760;793;9
985;113;46
819;757;25
451;832;20
882;28;47
265;741;25
156;554;10
727;510;18
407;709;46
622;690;14
666;802;23
662;160;31
111;294;28
700;610;37
342;759;9
434;865;46
223;977;33
560;937;47
550;892;38
361;810;32
597;467;29
861;808;34
475;576;25
396;138;45
536;936;34
240;165;7
41;325;9
878;333;42
109;556;28
706;268;47
902;657;2
576;341;34
459;130;46
372;960;12
592;3;12
58;319;18
491;312;18
793;963;10
306;474;19
877;527;44
889;982;22
250;800;12
93;382;7
368;434;12
525;15;25
666;407;50
774;972;8
457;407;16
609;706;44
360;948;5
215;648;44
636;82;24
95;322;8
363;589;31
13;267;5
305;197;42
206;400;3
713;983;29
276;429;8
712;356;47
72;666;31
752;828;2
537;220;2
279;445;19
147;269;44
582;906;20
172;723;36
804;514;22
555;389;33
52;307;22
601;831;35
974;355;34
945;301;18
949;285;13
820;147;50
661;588;14
778;9;19
14;245;11
198;819;19
961;999;50
94;745;25
366;229;36
175;422;48
63;526;7
940;920;15
805;896;1
864;630;17
488;377;50
622;626;46
410;270;3
268;2;2
380;103;7
734;707;45
940;400;45
420;939;14
539;132;34
549;739;37
731;801;25
478;491;9
347;655;16
100;664;8
368;303;47
136;594;30
77;733;47
681;236;10
399;37;12
901;859;33
562;407;6
888;69;12
94;543;16
92;172;22
27;292;33
715;450;24
958;721;14
497;91;2
126;124;10
984;362;29
846;220;39
562;4;4
139;593;43
310;985;31
728;222;2
398;384;37
102;562;27
411;948;19
851;773;11
757;280;32
999;639;43
645;771;35
336;88;9
695;239;22
236;451;44
690;893;25
569;194;4
675;366;9
40;370;7
367;646;41
668;173;1
374;578;28
876;496;33
946;381;15
894;102;13
965;913;48
307;355;4
684;554;5
499;291;5
865;10;8
4;14;35
303;477;22
642;998;16
285;906;34
664;657;3
144;417;5
462;140;48
190;923;7
771;393;5
473;279;1
128;486;13
750;32;31
39;465;36
742;575;50
57;467;12
973;692;23
699;282;26
177;64;24
572;857;12
22;593;44
922;110;3
557;416;38
896;255;12
595;885;48
983;884;15
412;79;28
563;601;25
206;175;41
854;551;23
413;101;38
250;182;23
116;327;10
102;921;20
109;323;7
222;521;30
774;916;39
58;654;38
816;399;38
282;842;42
758;568;50
470;848;35
509;793;15
112;833;5
396;183;31
703;6;7
852;971;15
977;671;48
980;941;23
539;753;17
38;13;47
619;344;10
997;269;19
206;371;10
135;189;49
95;142;6
550;581;22
386;565;24
568;258;9
857;281;5
14;397;8
785;254;46
383;480;32
477;655;17
31;25;8
183;514;20
789;954;28
153;102;19
213;692;13
164;335;2
150;926;9
748;650;3
804;811;34
380;767;16
413;504;2
731;72;24
394;755;17
885;748;36
77;214;11
367;934;1
448;146;15
571;408;46
965;99;7
243;631;1
746;111;4
474;250;5
11;286;25
790;60;10
270;648;27
584;132;18
297;542;7
883;701;2
649;128;8
108;98;7
222;356;20
280;221;12
972;786;14
255;301;8
667;349;49
154;523;8
740;742;36
718;124;1
807;419;3
340;53;24
465;261;34
177;259;47
93;671;33
895;976;47
686;611;42
251;677;37
258;446;31
626;604;3
911;905;36
774;477;40
387;317;26
342;547;32
353;678;34
498;147;13
555;34;16
389;240;45
962;65;45
234;897;47
235;40;9
407;293;35
249;636;16
740;420;35
290;95;15
82;269;8
99;887;3
189;246;30
365;697;12
829;40;48
50;211;25
129;869;49
209;222;7
720;564;47
432;715;24
667;716;35
20;852;4
654;579;35
811;563;28
129;810;34
849;17;6
468;668;47
18;752;5
339;35;8
808;829;6
823;651;14
458;531;23
994;825;35
391;256;24
351;108;42
29;262;6
873;365;14
723;550;34
508;838;13
667;265;34
288;435;34
791;699;45
792;71;24
566;46;49
742;680;43
990;658;37
323;926;24
230;807;26
319;889;1
799;312;23
717;178;26
525;937;8
124;89;34
861;805;29
510;574;5
824;2;23
897;390;43
106;227;16
570;78;13
867;797;24
40;304;35
159;120;6
792;578;31
304;726;32
715;327;44
473;599;16
560;757;30
291;185;14
847;985;42
514;852;27
140;170;17
245;988;18
764;637;29
73;420;6
487;218;11
36;716;13
466;887;43
649;394;6
610;597;26
364;245;45
687;425;12
195;607;11
78;84;10
932;11;26
419;418;28
848;490;43
634;40;4
831;469;30
836;630;26
30;974;42
205;915;38
293;121;13
366;801;38
805;777;26
80;584;26
69;49;12
995;793;2
390;801;25
226;680;28
850;708;14
809;735;41
735;122;9
975;738;38
192;786;12
826;682;1
311;11;14
682;663;43
633;559;1
293;841;46
562;63;16
902;297;17
16;96;24
307;547;44
952;711;27
356;854;35
194;947;21
628;100;28
408;517;36
438;366;42
596;120;39
960;854;10
667;252;9
947;726;38
324;718;18
593;762;39
311;140;14
978;96;1
624;336;14
446;794;9
746;435;25
89;64;18
237;317;34
636;148;16
288;965;4
239;268;17
6;446;26
550;77;22
826;268;23
988;56;18
922;378;8
396;1000;17
828;811;15
731;773;22
360;885;19
920;897;36
317;212;43
961;983;40
987;539;34
640;796;50
630;180;30
34;976;27
887;315;17
412;35;16
285;997;2
205;929;9
326;462;35
889;853;40
564;518;20
307;558;14
264;366;43
634;687;20
496;731;13
832;263;37
259;924;31
767;330;18
594;572;46
963;909;40
611;266;19
72;708;38
154;43;37
185;425;34
978;545;37
869;372;45
669;173;13
438;215;40
713;721;40
135;276;11
557;298;25
303;898;29
829;467;4
45;537;1
14;908;43
502;353;30
309;687;24
798;446;18
633;818;34
467;150;4
224;675;44
791;760;35
601;135;18
883;831;20
677;977;36
897;708;33
979;923;19
928;117;44
130;275;39
178;170;38
234;405;36
765;178;36
486;477;12
981;893;42
376;490;41
892;647;10
179;63;40
591;388;41
968;93;34
222;323;1
636;95;46
736;744;7
287;588;33
959;927;31
53;559;48
652;592;31
987;164;9
603;494;6
536;392;3
196;90;41
611;874;22
385;154;7
636;610;3
517;256;11
285;423;34
723;345;25
136;215;30
803;931;4
559;902;6
903;653;26
718;780;50
611;532;20
445;907;16
46;450;18
115;931;38
649;362;12
870;930;3
451;591;8
144;47;44
536;938;36
189;621;41
299;949;18
163;894;49
232;942;22
797;812;11
959;596;32
959;55;3
31;688;33
287;692;30
50;953;25
898;298;11
702;617;16
237;855;19
716;306;44
639;570;48
765;16;6
840;957;29
654;876;7
101;586;9
656;750;37
971;538;34
98;747;5
295;978;20
998;427;12
490;889;42
726;894;46
281;648;48
673;575;10
947;925;43
327;69;12
42;787;24
17;616;26
279;144;12
59;784;40
779;696;3
571;124;17
757;28;38
467;128;46
335;931;28
940;662;35
320;758;41
877;714;25
143;123;18
642;338;23
582;509;2
256;850;15
259;257;49
94;257;38
51;13;27
243;604;21
433;632;33
863;360;40
946;382;42
906;90;27
816;408;45
511;618;38
531;172;42
896;640;6
629;269;50
839;284;15
250;188;42
866;370;20
263;842;10
376;752;28
448;877;8
573;605;35
461;689;34
219;211;33
82;599;29
132;432;20
279;681;42
70;705;17
454;931;43
865;614;39
586;196;2
653;792;7
5;455;47
478;364;48
900;387;30
8;177;6
771;676;32
656;637;17
102;136;12
903;874;25
442;583;38
656;774;29
897;350;15
174;769;25
989;775;20
974;363;31
857;176;48
39;963;16
929;249;36
940;449;39
318;300;10
115;938;35
557;230;30
84;622;36
786;163;19
284;4;27
291;470;24
702;115;23
635;791;39
859;416;7
624;124;41
520;747;45
233;616;48
336;939;37
790;814;22
955;27;29
172;516;39
707;697;35
129;791;24
520;369;14
364;194;20
23;174;12
39;482;22
477;418;28
324;850;35
110;987;43
185;861;16
751;85;42
408;404;40
173;798;39
270;480;9
156;908;6
386;891;17
29;514;47
352;617;34
700;41;39
643;861;34
126;374;41
981;805;17
344;240;34
716;648;41
633;606;11
49;259;9
163;227;32
49;385;24
396;276;34
669;989;15
775;399;50
459;475;31
835;497;5
239;525;37
47;34;12
699;191;14
324;93;11
445;732;42
245;472;36
193;396;50
363;386;22
534;824;38
263;853;19
255;97;31
543;700;15
670;167;5
607;946;14
609;539;2
171;769;29
794;89;39
138;130;4
67;913;47
288;906;30
324;961;48
592;657;4
888;500;2
679;28;35
885;613;8
818;465;10
554;452;8
835;781;6
358;724;48
145;281;32
451;982;8
659;382;47
138;988;2
882;692;4
55;897;20
341;449;42
355;662;10
352;458;22
676;911;5
742;656;48
759;570;32
9;214;46
696;336;4
415;930;17
854;141;48
226;829;5
653;201;23
403;658;19
745;834;5
334;287;47
210;740;17
236;127;38
361;69;27
824;357;41
409;433;12
588;545;31
610;818;21
170;373;44
889;994;8
927;55;41
555;172;2
582;93;42
656;68;3
421;650;1
133;211;4
298;275;48
960;416;30
174;517;6
373;598;28
320;871;15
635;128;14
736;380;22
582;150;6
779;845;41
323;207;35
51;46;3
711;699;27
621;449;45
226;458;16
164;169;25
286;520;49
196;864;33
60;618;49
966;552;11
646;395;17
165;768;20
588;298;50
140;99;49
579;960;17
632;525;50
609;637;11
209;403;36
739;232;28
686;113;36
495;602;11
163;732;7
530;85;49
513;720;19
284;827;26
941;573;44
347;856;26
673;909;8
443;259;22
872;288;15
464;924;28
759;26;20
606;379;34
791;237;19
805;265;25
623;807;7
89;560;7
732;584;6
825;481;42
187;255;48
979;226;20
489;959;21
657;559;26
13;676;5
757;862;4
949;450;6
112;667;43
951;3;27
119;856;16
906;427;34
826;637;17
848;82;41
731;864;14
8;933;28
455;468;44
358;533;4
402;104;5
713;426;25
292;403;20
483;775;25
956;648;40
33;205;38
429;729;18
85;181;11
428;70;50
432;879;16
119;506;23
230;238;26
431;85;47
351;973;32
625;686;50
484;415;32
412;703;37
218;741;45
23;523;19
673;844;1
603;564;33
581;869;3
149;414;9
932;97;3
802;953;16
128;632;42
915;202;25
671;698;22
809;361;12
740;254;25
147;987;6
773;400;4
203;824;41
87;875;17
68;661;43
479;486;49
708;920;1
909;710;11
994;124;12
953;659;16
48;612;42
517;119;2
444;419;25
266;635;40
452;387;42
983;243;3
380;678;22
522;368;41
900;101;3
162;350;37
415;786;14
189;618;32
938;898;35
491;261;36
601;524;15
869;777;17
335;881;22
826;294;23
371;94;11
653;771;20
209;885;11
774;213;26
588;854;42
119;270;41
944;538;18
880;85;40
769;872;14
311;115;18
541;341;7
741;576;12
763;995;3
601;373;17
89;106;10
412;693;22
740;129;1
470;542;16
70;119;35
183;20;16
670;680;23
686;901;25
910;758;7
151;879;15
904;981;3
757;141;42
29;385;32
127;760;19
365;376;37
728;516;35
396;143;17
178;410;42
963;226;9
25;231;32
188;716;2
152;86;2
661;866;20
902;575;25
68;245;11
555;684;31
710;167;23
409;59;29
817;1;4
648;11;37
515;607;23
777;121;48
696;587;16
217;519;1
787;109;46
287;762;2
378;628;31
471;525;25
774;249;42
611;841;30
716;78;4
891;100;38
415;73;39
973;912;22
176;4;43
549;738;24
455;549;39
256;112;35
701;63;31
782;137;46
568;225;8
497;898;48
479;314;8
647;710;21
51;91;33
133;855;2
851;325;36
636;205;32
287;467;38
49;176;1
227;334;19
803;83;12
558;946;36
868;67;42
737;572;22
566;105;39
533;851;44
72;915;21
875;198;30
824;281;14
72;317;50
447;955;33
643;561;41
20;936;24
944;682;38
632;255;24
72;352;39
784;895;29
634;337;43
817;782;17
397;44;16
16;22;18
230;168;14
991;288;28
837;163;10
495;295;1
744;285;20
113;385;9
337;965;35
919;67;21
727;211;2
363;952;14
447;202;31
834;772;26
600;857;7
887;374;4
880;656;19
825;536;38
870;749;15
687;654;33
709;442;26
128;262;4
325;221;49
366;955;17
444;79;2
543;891;13
524;510;5
48;887;8
373;43;16
186;239;26
376;141;28
978;611;23
566;541;22
160;610;48
240;278;16
307;428;6
347;446;15
626;340;46
797;106;8
402;843;1
137;530;13
507;929;31
35;149;36
842;713;27
160;18;28
853;664;3
573;959;37
57;341;29
217;146;43
245;530;3
275;566;9
42;526;6
329;443;9
753;949;25
471;17;9
43;993;29
245;295;7
623;17;3
955;843;34
439;15;50
542;664;14
58;59;2
99;355;40
992;783;20
228;72;21
247;806;18
404;668;22
197;285;44
658;289;14
292;671;37
22;161;7
276;549;44
400;525;44
945;225;30
313;140;11
194;690;12
792;381;6
907;428;50
137;438;34
294;925;34
492;46;7
115;380;49
232;755;38
981;410;2
846;695;13
117;751;10
194;405;18
506;100;43
755;855;4
650;545;36
973;121;24
310;70;47
498;427;21
451;969;35
435;78;22
236;971;10
328;93;28
474;146;44
117;407;41
964;444;10
493;245;4
525;256;19
148;643;36
371;812;20
746;412;34
577;471;22
642;778;26
145;581;3
606;14;43
263;79;5
942;356;37
893;884;6
16;475;26
917;892;42
413;431;7
751;752;37
334;945;30
252;210;45
652;708;4
603;448;30
756;928;32
66;837;3
507;55;17
967;139;19
520;530;50
19;725;44
108;953;38
416;81;3
938;110;47
528;752;3
162;332;9
614;191;3
288;929;7
556;794;45
917;227;25
737;401;14
647;121;31
368;758;50
577;916;30
519;537;44
213;791;27
834;792;38
719;803;5
853;68;16
635;119;4
30;51;14
268;587;43
47;492;48
943;950;25
945;285;10
87;572;7
893;225;13
831;455;37
574;322;28
39;188;16
419;945;10
258;115;38
872;197;19
272;980;10
740;303;1
856;908;50
987;603;31
487;144;45
714;80;50
665;94;14
455;306;49
59;545;7
726;225;30
795;130;39
881;862;48
388;123;19
864;636;19
444;791;30
192;59;29
961;63;22
747;570;25
575;215;45
961;861;50
266;781;7
919;300;31
604;130;47
344;269;4
965;224;9

