800
19692
4800
33;12
6;39
27;35
1;11
29;99
2;60
17;96
60;95
97;96
41;34
86;90
37;65
52;28
74;41
46;34
47;7
30;40
23;53
42;82
65;3
50;34
97;75
38;38
18;10
17;33
32;75
96;22
94;43
84;92
96;84
30;72
79;26
13;35
77;92
88;95
4;11
31;71
51;27
91;76
72;78
25;72
46;37
94;90
59;55
90;58
55;41
89;7
83;97
67;6
80;94
92;27
85;64
35;80
72;69
48;74
37;1
34;45
36;16
6;14
21;78
34;32
51;94
86;40
61;72
24;78
18;89
52;41
96;66
23;91
79;54
22;23
37;81
31;60
6;70
27;39
74;51
91;8
71;44
92;6
69;62
99;85
61;55
19;70
9;8
38;66
42;23
31;11
25;98
17;40
72;60
33;56
100;59
57;71
24;28
25;9
53;100
40;80
30;67
1;45
89;7
89;22
87;10
28;59
12;2
95;67
13;55
28;74
98;82
93;9
54;57
72;70
23;98
53;55
49;46
50;34
46;87
11;11
3;89
73;62
50;54
22;79
63;46
24;48
41;24
87;42
21;35
17;68
23;19
91;42
6;10
90;46
11;95
9;73
18;35
15;64
39;25
93;82
28;69
89;38
40;68
90;6
93;14
32;60
43;96
100;25
64;12
1;28
41;12
10;88
3;21
12;42
76;61
65;70
52;76
51;37
87;46
47;13
21;46
41;69
41;76
100;27
73;25
47;41
2;38
99;24
79;93
70;52
20;15
46;92
73;91
66;73
2;48
93;63
66;23
83;8
52;84
74;70
75;28
88;36
37;72
88;41
27;64
71;96
23;19
23;88
53;38
86;80
2;84
29;28
16;6
60;96
48;36
19;40
66;93
4;1
42;31
20;90
96;47
12;56
13;24
76;78
10;66
39;56
22;99
18;39
91;38
79;69
90;20
26;43
64;100
47;49
54;46
55;21
93;49
34;100
95;31
58;50
26;2
9;25
34;32
41;10
55;59
68;12
33;7
76;57
51;21
57;83
28;59
26;88
48;22
15;39
44;7
13;68
57;30
100;82
43;76
73;31
15;5
12;88
85;6
36;31
8;29
11;20
80;87
9;44
15;2
61;17
28;49
16;31
13;74
17;7
75;95
51;79
60;44
33;62
87;76
99;78
7;74
19;23
74;1
71;18
48;61
39;7
32;53
11;41
92;90
90;13
20;72
26;50
2;60
64;44
21;55
73;100
32;38
70;28
23;59
9;48
67;64
76;32
87;95
8;72
39;66
44;99
50;28
51;29
53;14
9;77
45;72
41;86
86;92
68;68
74;10
78;11
6;69
58;89
65;42
20;14
2;31
19;38
83;23
62;2
4;64
36;31
39;34
87;23
59;60
70;10
23;49
79;63
27;86
68;61
31;27
85;89
21;71
60;81
45;24
82;61
36;8
21;2
73;71
8;25
25;6
14;55
11;50
99;24
87;34
85;72
59;37
3;74
51;16
61;100
7;96
75;92
49;21
24;18
13;60
56;43
77;91
41;90
32;86
23;10
66;9
95;31
47;81
62;33
85;13
11;24
82;27
74;50
99;87
54;40
34;88
34;80
66;17
24;7
96;44
38;24
96;47
77;17
7;15
52;38
55;26
63;80
97;68
59;75
62;27
73;80
49;52
38;38
34;58
77;91
47;66
37;92
56;92
67;11
41;30
96;81
65;92
39;28
64;52
49;98
73;91
46;1
88;64
25;75
55;53
22;94
20;33
19;4
8;9
13;16
11;39
56;54
31;77
65;49
91;87
13;37
17;25
22;59
69;67
47;97
70;86
89;46
22;96
1;6
2;21
74;12
84;38
92;77
36;7
99;79
31;72
30;70
62;43
59;54
56;62
99;90
82;17
80;1
100;60
43;88
34;68
92;72
57;19
29;38
45;36
27;77
70;36
64;62
32;79
35;75
35;25
38;15
33;50
5;79
75;5
76;27
62;97
90;91
84;85
14;92
86;42
55;67
23;58
17;25
30;32
4;70
24;48
19;76
5;62
42;15
13;95
72;31
68;39
40;42
23;96
100;61
87;20
25;57
35;56
50;7
53;95
32;34
74;66
47;49
43;64
53;81
17;61
64;84
1;87
30;32
70;66
11;43
83;94
24;68
16;48
78;32
45;94
29;47
38;59
49;98
67;19
48;10
15;91
64;90
41;38
20;41
27;37
34;91
35;25
7;44
33;90
59;28
10;83
25;30
10;49
6;34
81;53
86;85
44;95
79;17
4;29
74;70
68;29
46;25
11;91
88;36
10;3
1;27
48;16
22;18
40;2
65;79
44;5
26;26
51;99
37;1
30;71
16;6
64;96
70;26
71;62
14;56
16;87
89;33
46;83
46;43
72;34
59;12
77;84
34;6
84;99
36;37
90;56
7;2
19;52
54;12
75;1
77;53
37;58
2;41
69;51
27;10
36;47
92;64
36;16
53;69
52;33
21;31
93;84
21;29
70;73
40;51
6;56
8;18
51;11
21;37
81;28
43;30
98;18
3;68
73;91
63;46
65;87
91;1
99;31
63;88
40;57
1;53
49;19
97;3
30;55
58;91
74;91
65;72
45;58
32;41
44;55
100;5
61;13
59;77
99;29
1;42
97;62
76;89
24;54
67;21
93;25
96;37
23;26
81;31
21;73
72;53
88;42
96;46
96;53
64;49
39;91
87;71
46;4
6;3
11;54
90;7
96;10
87;89
10;47
78;8
3;64
71;73
30;15
82;58
68;69
23;82
97;48
50;76
94;80
42;94
45;1
90;70
15;78
12;48
13;49
30;33
46;67
60;25
6;43
44;37
91;57
95;8
90;16
12;72
53;46
82;48
20;85
31;49
66;33
55;98
13;63
28;89
42;53
47;57
20;76
41;13
100;95
38;31
62;55
30;75
99;38
82;27
18;77
21;12
18;6
31;91
89;100
76;9
60;83
82;49
15;19
61;49
92;73
48;43
40;85
85;30
25;83
27;60
24;29
20;100
46;6
37;19
43;73
62;4
2;73
26;24
44;5
44;34
86;23
82;24
41;98
11;28
66;98
24;15
85;98
72;29
83;100
48;14
37;71
34;11
39;2
58;84
23;5
50;42
70;30
91;98
49;27
82;14
38;47
46;44
7;22
13;25
91;33
93;19
60;71
40;92
52;99
35;19
60;91
52;61
72;70
36;96
28;70
16;51
17;69
41;11
36;19
75;26
100;37
23;52
8;36
40;26
74;55
68;83
19;95
80;5
4;99
21;20
62;9
3;48
60;33
20;64
73;11
66;64
21;55
7;51
80;5
74;26
18;19
26;34
75;13
3;37
3;24
1;88
30;87
57;56
94;86
91;23
45;12
34;54
55;8
76;22
97;28
94;43
64;31
100;9
5;54
25;34
24;58
73;14
10;44
4;39
51;5
96;72
82;57
59;80
85;12
39;7
87;77
24;74
30;71
84;5
81;92
98;34
32;17
24;12
68;36
42;50
92;86
56;98
14;6
42;27
75;86
47;11
46;18
12;38
6;2
74;28
55;1
10;77
10;96
66;59
28;76
81;32
100;13
77;7
86;56
61;10
93;79
85;46
58;52
70;43
75;41
299;175;10
152;450;14
757;744;43
611;120;14
392;378;27
705;295;31
770;785;17
106;440;27
309;340;36
64;6;18
473;103;34
529;751;43
624;681;6
112;98;24
154;592;16
567;506;9
297;602;6
411;371;32
550;269;6
97;644;39
584;78;23
537;424;20
150;88;11
466;164;1
340;258;49
113;21;5
111;34;20
724;337;41
245;210;8
210;304;37
218;655;5
228;726;35
33;555;25
182;286;11
599;535;2
613;359;47
796;599;46
539;435;4
89;739;22
651;29;34
160;492;26
70;575;31
148;72;4
777;262;45
293;249;40
286;557;24
314;76;23
578;477;44
163;662;18
457;429;12
557;316;38
465;480;42
315;367;3
78;346;42
726;623;28
574;360;9
125;309;13
47;125;43
476;354;8
454;410;11
490;233;21
585;665;2
728;760;26
269;484;44
162;750;32
371;553;1
685;756;28
714;780;10
640;531;33
312;684;50
125;285;21
727;521;37
138;225;9
570;362;26
734;55;40
221;668;5
654;111;39
429;55;49
659;641;19
704;673;8
718;583;5
276;764;20
574;439;2
596;487;10
324;189;25
451;509;17
410;269;9
67;359;8
713;52;46
377;510;27
623;717;20
129;697;7
89;341;15
192;72;13
230;759;23
279;682;27
313;149;44
587;784;45
740;700;31
176;593;44
353;553;11
244;158;25
91;94;44
44;680;48
541;401;43
793;83;42
644;750;49
551;383;20
245;422;13
666;461;45
592;106;20
589;595;1
245;714;11
729;173;7
197;602;26
292;486;24
304;435;37
629;32;19
238;559;40
158;240;5
38;699;10
139;67;46
435;32;1
129;186;18
685;399;43
19;136;36
687;585;28
221;627;40
468;315;41
219;350;21
7;169;18
402;323;38
170;54;39
332;565;49
512;223;35
68;165;28
454;471;5
190;135;19
593;746;47
516;761;40
168;795;27
193;442;32
319;387;41
100;703;13
69;346;45
467;459;3
175;384;21
95;775;11
297;110;18
352;110;50
478;463;42
362;77;48
766;7;39
194;760;3
532;597;5
515;649;1
626;470;48
477;38;13
415;169;34
92;556;24
413;668;48
671;543;31
163;56;21
557;207;48
391;502;40
122;700;28
758;670;31
380;301;33
176;655;3
422;561;48
370;7;46
337;632;16
690;298;21
94;652;17
715;553;26
418;48;30
106;371;42
510;770;4
72;519;48
384;24;8
317;554;46
608;370;8
662;396;25
100;586;47
62;499;26
409;554;11
351;456;39
226;210;19
500;644;27
604;46;39
289;403;44
208;672;26
769;180;9
177;319;32
739;741;2
123;31;45
197;740;33
442;160;18
138;663;15
303;331;7
681;181;16
396;541;46
690;545;36
361;263;15
384;527;44
301;269;14
96;247;50
739;755;20
784;17;4
791;191;30
571;202;41
2;131;27
568;130;27
17;345;30
98;415;36
552;52;22
434;314;39
749;611;18
288;119;27
282;194;40
224;406;23
74;555;9
451;484;40
21;188;32
779;383;48
48;331;45
84;204;42
442;449;22
271;125;22
522;109;38
201;69;28
26;652;18
27;454;14
140;151;25
190;308;30
488;721;6
29;741;4
778;138;5
617;618;50
674;115;17
579;496;18
538;205;30
404;36;16
740;694;11
644;723;34
558;271;12
686;710;16
785;151;39
358;762;17
761;593;42
226;637;17
775;611;3
1;135;49
453;43;34
80;184;23
134;588;7
489;569;26
757;462;10
321;233;13
36;703;43
369;29;30
101;15;49
477;164;40
57;443;2
51;604;31
355;140;40
513;571;35
746;132;10
789;233;4
305;367;27
404;733;48
348;765;38
750;429;6
385;504;40
416;530;27
607;379;22
47;312;29
469;448;22
454;509;1
412;478;30
325;527;34
313;320;4
529;310;20
69;258;1
227;180;2
103;280;34
628;329;6
800;187;35
37;351;43
190;116;46
247;568;7
439;391;3
471;672;35
678;370;23
596;401;41
391;165;40
701;405;5
620;167;8
136;724;39
363;715;35
628;406;39
30;776;44
396;748;3
13;732;13
446;66;2
523;588;24
715;784;49
528;128;16
260;399;30
641;87;33
470;95;25
69;309;1
572;211;38
42;122;33
378;797;33
752;715;31
82;537;6
621;383;11
763;501;3
670;694;15
460;779;25
774;298;4
642;276;26
430;739;34
302;33;26
459;161;10
792;391;38
609;341;6
228;460;21
484;468;25
574;377;25
615;785;50
743;233;6
620;800;20
61;596;32
48;125;28
255;13;14
465;694;45
352;538;31
116;47;9
719;753;50
205;321;37
362;296;23
295;169;19
343;707;18
232;429;36
521;656;50
645;362;48
763;242;30
115;492;31
369;792;10
509;680;13
42;571;6
650;507;11
653;507;24
37;161;16
545;92;23
686;9;24
471;34;20
451;440;26
438;477;21
678;448;2
144;200;9
603;324;22
409;382;8
601;196;18
307;592;27
578;75;33
733;585;13
625;769;18
588;556;43
198;118;41
669;381;2
150;682;47
558;661;38
223;134;2
322;316;24
365;581;15
553;489;3
30;76;6
41;506;8
661;10;7
226;77;30
537;477;11
362;682;7
5;19;23
292;103;31
409;780;28
284;399;37
269;246;13
636;575;35
776;569;32
765;4;28
142;117;36
42;635;49
610;207;34
726;464;50
607;800;36
634;477;4
478;531;24
227;306;1
486;377;8
538;418;17
449;32;11
313;749;13
569;670;19
398;673;13
393;791;14
648;249;5
663;716;47
775;613;37
249;411;48
681;429;21
591;71;22
666;400;34
269;130;22
378;692;9
180;574;3
468;565;22
68;431;15
620;308;8
2;340;32
306;538;19
269;261;14
710;253;25
121;322;19
87;207;10
504;670;43
715;348;21
252;640;32
286;534;14
450;609;32
415;164;7
301;651;45
151;600;31
772;568;11
719;318;4
720;521;23
406;712;10
128;585;26
311;405;14
226;464;45
782;640;30
465;452;5
613;713;25
445;397;11
485;126;30
342;67;42
580;598;48
690;617;24
616;194;43
132;248;1
188;359;13
74;526;37
455;397;9
397;295;20
797;133;42
610;80;18
579;384;38
441;764;50
610;510;5
554;303;43
267;119;16
679;32;43
603;348;19
769;66;32
526;458;26
264;588;1
203;268;45
248;758;16
786;775;5
161;711;41
665;15;31
233;540;5
267;278;26
194;20;40
139;136;7
794;105;38
175;146;27
528;779;29
213;202;38
123;127;34
78;264;26
627;338;41
472;422;2
513;657;2
294;438;44
6;652;8
141;118;19
678;45;44
571;746;10
129;407;49
265;434;34
614;603;25
525;93;46
12;540;19
227;372;44
703;170;40
108;403;21
362;647;15
474;306;49
749;18;23
527;762;43
584;606;19
187;576;44
488;284;14
617;99;34
520;565;28
422;71;34
4;294;21
196;713;12
439;71;11
24;78;50
652;716;6
175;388;40
431;777;42
396;75;8
291;361;2
58;433;4
82;192;31
227;334;8
448;420;3
107;105;1
556;378;29
76;403;1
780;558;44
16;292;6
331;738;42
37;266;40
578;143;35
764;145;20
103;309;2
551;205;8
43;745;36
87;91;41
272;89;27
200;677;47
60;349;3
373;67;29
192;437;3
515;449;11
85;786;12
336;222;21
582;578;22
731;157;7
416;604;49
217;722;1
19;40;23
453;306;44
748;546;5
113;409;40
557;430;41
427;680;14
684;321;32
62;281;29
407;49;19
309;349;50
728;757;3
449;70;43
225;702;26
299;633;40
102;542;28
747;798;47
761;226;32
799;216;31
750;455;49
183;425;49
278;37;25
78;667;18
192;777;13
571;146;11
132;254;12
589;435;3
619;343;19
607;525;8
185;681;16
360;211;17
532;668;40
280;494;23
476;29;29
494;601;17
376;40;10
246;650;23
564;675;22
497;256;20
359;80;40
769;438;22
444;520;25
18;430;27
102;347;42
586;225;6
522;571;47
99;317;50
680;130;24
197;120;35
414;185;42
236;624;37
177;23;6
411;125;43
501;13;48
535;284;27
433;463;4
614;204;34
178;157;12
720;505;13
96;290;35
734;435;38
686;8;17
355;23;33
151;372;1
612;659;5
787;794;24
578;6;9
725;33;19
739;682;41
481;83;39
620;638;29
543;155;46
57;75;17
558;224;21
178;110;41
184;529;34
65;325;32
534;754;22
259;263;46
405;25;11
177;648;25
604;337;37
146;198;13
16;469;47
170;190;14
432;358;10
458;344;23
514;364;32
517;607;2
760;46;16
689;159;9
503;11;2
383;777;36
307;420;36
681;762;36
739;575;10
457;182;1
161;465;16
488;457;16
58;281;2
246;399;16
742;283;18
472;534;6
69;230;24
233;614;6
374;303;44
55;56;4
247;17;17
355;329;27
115;629;16
148;633;50
743;62;45
718;474;20
218;182;43
235;736;44
544;236;17
305;515;14
773;468;13
551;466;15
668;432;14
313;399;33
786;47;3
634;602;20
343;305;50
8;283;37
105;759;26
611;47;10
775;13;46
293;370;44
578;444;6
356;733;16
561;271;11
552;735;22
685;502;21
230;548;38
766;305;12
328;133;14
405;313;17
307;454;31
660;413;19
427;499;12
229;704;41
278;581;10
40;67;23
338;539;50
467;764;40
282;497;11
409;127;17
294;777;47
321;162;16
421;296;4
800;434;17
138;600;40
744;216;25
600;62;8
586;770;47
263;360;2
633;546;30
172;292;34
656;152;25
630;435;12
644;405;37
564;494;31
774;254;31
470;678;5
738;734;46
626;373;46
407;282;48
403;148;50
119;344;49
384;580;19
345;434;35
694;462;13
23;17;13
38;374;49
324;452;34
343;727;6
401;351;19
761;581;35
773;681;6
292;668;37
50;589;32
639;646;4
793;80;11
181;296;40
745;644;15
772;216;39
221;218;32
758;348;6
400;192;41
385;261;11
233;542;42
55;613;45
787;344;30
434;615;9
293;514;30
444;175;27
497;785;29
537;84;33
699;699;34
740;64;17
328;104;5
636;605;15
339;651;24
288;71;42
726;450;11
798;281;6
774;189;20
763;410;8
34;411;21
709;71;22
242;231;10
104;423;28
162;495;28
657;153;4
339;676;25
308;233;9
62;336;48
157;532;23
186;468;21
689;388;5
538;77;7
221;796;12
351;697;24
228;724;23
729;418;21
123;437;14
538;24;17
469;615;34
486;362;33
375;717;21
343;113;28
665;211;17
565;231;23
641;510;37
495;100;46
549;73;38
302;209;3
669;728;24
314;298;43
728;528;19
210;171;17
763;708;1
138;20;16
365;342;29
254;678;14
504;363;38
763;587;21
517;617;50
53;440;14
222;94;1
174;236;50
662;364;50
739;261;3
701;215;25
29;390;35
474;108;34
644;367;7
779;196;16
753;507;46
638;25;43
236;677;32
582;365;42
86;632;20
300;378;13
200;206;41
140;19;7
759;506;41
128;673;7
747;730;48
124;513;32
45;38;16
140;389;34
331;587;6
725;232;2
731;140;33
113;214;33
242;653;11
144;74;26
189;65;43
579;115;44
601;599;4
387;129;6
774;702;18
31;127;41
278;740;45
59;97;47
592;162;49
531;89;42
480;475;26
510;384;12
182;296;14
434;530;48
80;31;17
4;542;15
613;396;9
507;321;17
624;412;30
601;520;37
217;328;39
333;154;35
56;439;42
281;671;12
747;719;11
434;357;5
283;441;41
80;447;23
591;140;47
173;275;16
521;639;47
179;482;44
612;706;2
330;467;15
694;746;2
263;330;29
76;327;20
168;265;3
641;6;17
118;774;27
580;775;3
77;743;28
119;641;29
624;597;45
725;282;24
686;350;16
766;722;2
717;78;27
175;233;35
513;468;33
758;235;29
452;617;43
575;299;46
778;705;2
386;5;27
144;767;33
167;541;31
141;431;3
263;756;5
404;751;31
64;280;45
560;347;11
64;286;20
413;106;50
54;660;10
601;172;33
744;262;4
46;195;22
334;312;47
206;424;11
391;467;43
132;306;33
547;323;33
535;798;46
125;622;16
378;525;16
238;680;35
418;380;4
412;713;17
513;587;48
347;736;4
40;568;19
585;737;4
598;414;20
241;130;44
53;385;39
540;44;46
182;692;3
165;247;46
430;298;47
728;628;10
116;786;44
228;50;43
371;282;3
208;650;14
595;52;36
3;132;25
269;699;23
384;94;9
54;365;36
13;533;1
650;292;29
460;83;44
444;510;33
241;215;23
107;77;14
1;696;3
593;414;13
717;156;45
647;472;17
365;377;4
359;238;21
483;303;21
337;159;37
260;62;45
235;382;22
415;136;1
157;454;46
729;178;39
283;392;11
362;288;30
424;453;12
126;171;12
477;656;44
182;428;14
542;409;40
737;370;15
691;766;44
174;654;38
30;400;3
588;673;50
562;385;33
321;174;24
32;440;19
449;146;23
473;489;36
659;16;30
31;748;1
343;319;38
134;104;15
169;103;49
794;130;21
445;780;46
588;685;36
343;718;24
477;699;5
657;330;19
361;710;49
271;351;46
645;143;34
708;317;39
795;408;25
304;516;44
41;285;49
84;389;37
570;357;43
433;531;27
29;789;38
655;2;32
712;771;14
753;510;18
728;394;2
237;316;4
229;271;5
798;351;11
705;796;34
551;782;43
229;538;49
608;628;36
765;431;15
549;328;24
155;564;23
7;566;24
199;429;47
765;422;27
497;458;8
665;73;25
779;369;28
347;146;49
222;660;29
763;59;15
536;506;39
449;481;9
277;47;49
188;558;49
248;558;19
439;174;16
178;690;14
795;457;25
405;583;39
351;126;11
394;32;14
392;99;11
561;660;35
498;281;12
790;579;38
46;565;33
8;222;28
529;488;12
580;225;16
217;228;35
461;436;23
27;153;17
386;112;37
282;336;44
199;745;2
549;787;50
175;461;40
367;228;4
112;321;14
751;287;24
328;723;40
233;99;29
689;595;21
570;605;16
564;718;27
78;755;5
4;273;35
511;262;8
565;534;28
197;528;25
175;428;19
739;621;15
692;32;24
441;120;26
289;700;9
367;468;37
144;407;15
637;311;37
435;163;6
419;245;33
330;466;26
310;22;33
261;57;25
530;567;41
152;647;3
511;13;23
410;331;26
432;146;47
588;741;21
526;426;39
90;612;47
175;712;6
424;71;24
476;612;48
620;343;50
594;105;31
425;331;26
426;105;19
342;763;42
256;586;37
277;234;12
743;616;10
25;318;26
609;394;43
139;554;1
535;37;3
245;765;15
622;746;27
782;278;19
343;479;45
221;535;40
651;207;30
533;599;26
3;391;19
511;427;22
567;479;21
570;676;35
609;199;31
348;575;30
427;733;40
388;732;40
287;52;31
647;200;22
521;586;7
27;124;46
703;411;45
420;751;7
660;640;8
49;83;2
252;12;44
136;696;13
133;341;5
592;27;25
685;301;34
240;295;23
485;562;22
555;714;44
207;5;3
584;741;31
29;150;19
621;493;27
615;363;9
2;487;25
786;660;34
352;574;40
781;658;18
216;214;28
87;236;19
131;276;11
749;92;4
423;593;39
578;561;40
660;448;28
624;705;18
529;694;38
584;608;29
669;543;22
672;546;11
726;649;6
652;480;49
230;147;4
208;503;16
503;372;37
794;740;13
799;596;23
322;569;31
48;181;7
122;225;28
17;268;8
779;757;15
664;222;9
615;373;30
8;168;5
218;85;2
319;30;46
326;62;12
423;209;49
703;373;29
364;229;21
252;187;19
112;578;15
559;551;20
249;141;41
224;522;47
790;667;41
268;363;15
533;605;28
600;358;23
713;252;21
329;119;28
477;496;50
103;548;25
326;597;29
83;39;22
255;283;13
715;753;4
769;578;21
212;361;1
436;83;44
140;371;27
663;604;12
634;528;17
256;565;35
120;482;25
124;178;18
189;411;46
304;136;21
19;170;26
198;349;33
325;265;13
183;70;49
499;551;20
445;666;44
147;260;7
46;128;31
690;292;39
72;667;16
575;47;7
239;584;20
4;249;50
284;638;39
743;149;1
118;688;6
400;647;40
428;231;39
400;599;26
764;248;18
36;59;37
304;752;41
429;90;46
24;558;3
8;516;35
187;262;23
197;723;13
411;182;48
507;186;30
453;119;42
473;376;4
15;625;47
740;372;26
89;463;42
556;429;31
117;451;25
521;12;41
293;170;2
324;143;45
513;21;48
739;91;27
228;298;36
405;136;19
59;66;34
58;180;8
146;530;22
70;56;31
316;246;33
309;647;26
115;19;50
19;69;43
618;312;13
721;763;32
488;779;39
474;455;14
121;593;3
602;48;21
312;758;11
583;717;3
766;215;5
735;388;26
477;169;34
219;518;5
614;216;19
733;305;50
703;475;39
258;713;7
232;391;39
389;315;5
719;229;38
686;505;46
224;203;33
232;502;24
347;340;43
501;120;22
165;532;15
582;3;35
401;573;18
587;45;27
95;606;33
730;135;16
777;203;4
36;583;10
733;527;41
551;31;23
294;332;30
306;40;33
173;147;44
10;600;15
164;224;3
30;773;31
204;792;35
261;164;14
692;168;17
269;658;42
677;722;12
461;209;19
42;80;26
793;324;39
670;659;34
281;508;10
128;160;50
626;758;12
85;751;37
752;74;5
796;428;25
281;406;30
689;180;42
437;414;8
54;414;43
736;321;9
60;9;27
282;237;46
316;485;16
456;17;5
87;51;47
199;471;7
703;165;26
639;351;30
13;104;24
493;216;2
79;99;47
125;171;8
721;214;38
148;325;15
41;82;49
67;225;12
331;29;45
581;697;6
665;743;16
344;607;16
213;77;16
284;278;22
707;254;44
648;666;13
620;261;10
662;657;31
773;15;48
707;167;19
74;336;6
795;750;38
223;729;18
726;30;48
728;677;46
112;115;21
218;592;46
689;257;45
648;322;29
772;319;44
207;782;31
541;323;34
743;589;43
189;643;45
327;444;48
768;459;6
377;112;5
167;48;24
457;452;43
632;416;6
711;631;34
577;119;37
729;733;10
634;167;6
91;464;35
747;440;23
260;474;34
141;177;1
308;743;41
567;249;43
160;279;37
622;761;48
156;421;20
723;480;24
505;392;43
746;81;8
606;300;26
57;707;35
623;616;9
314;708;28
381;440;20
572;741;12
419;612;1
455;446;25
711;348;40
535;355;11
569;10;1
483;305;13
592;63;37
155;115;23
768;601;26
361;90;35
323;186;13
669;310;7
501;558;36
154;425;11
314;409;32
322;460;18
558;528;9
572;5;37
471;531;22
16;77;26
219;481;27
56;342;17
275;750;42
410;543;5
719;361;8
599;773;40
635;155;45
752;651;40
645;361;40
704;70;30
226;114;18
457;434;3
359;417;45
634;671;40
88;242;33
86;517;40
176;647;10
130;425;42
66;65;24
620;538;40
409;749;6
433;507;9
299;580;35
725;673;9
25;757;1
725;270;20
800;355;17
92;62;11
366;636;43
337;324;22
65;707;19
636;441;7
769;488;45
123;459;36
347;8;2
620;312;22
495;695;13
217;198;2
154;622;37
400;534;7
138;206;46
320;307;14
131;619;39
711;468;33
166;387;9
497;559;6
679;300;30
789;725;47
664;752;38
697;222;42
475;433;23
373;336;8
322;124;9
749;687;1
236;111;23
549;742;38
434;335;37
743;421;49
56;714;8
118;27;43
784;90;5
393;409;6
671;52;45
214;617;13
767;73;40
564;548;25
160;494;5
420;87;37
611;687;26
237;353;11
328;352;14
280;464;2
394;468;16
244;22;26
620;735;35
692;663;12
654;197;46
425;316;26
767;516;12
594;160;24
574;256;37
4;349;48
455;204;24
275;2;49
549;739;37
88;579;18
434;313;19
778;560;21
779;312;15
77;281;38
13;331;45
780;718;30
512;615;31
575;369;46
221;738;35
188;392;2
32;96;43
160;716;12
398;92;18
607;455;33
152;139;13
110;224;36
528;527;46
545;292;38
335;150;11
185;381;2
105;395;3
330;262;9
233;323;1
765;113;1
525;151;30
392;592;3
173;788;14
799;114;6
210;557;12
98;347;27
367;604;42
686;226;20
776;316;3
575;779;14
304;299;43
737;181;38
621;353;7
633;484;31
73;413;13
16;566;1
710;73;11
394;4;7
368;328;36
633;720;14
241;623;37
536;244;20
26;425;10
248;369;18
479;630;38
552;256;8
71;338;28
75;18;37
486;459;42
677;462;10
419;729;28
425;570;27
668;769;50
628;306;22
465;328;28
549;777;16
232;689;25
797;648;38
395;485;4
524;344;32
410;789;36
160;546;4
525;613;24
416;6;23
547;8;42
634;649;23
153;346;39
439;54;13
102;261;41
58;104;10
251;734;13
348;636;49
725;706;42
237;683;4
628;739;11
104;32;28
640;240;30
746;271;14
573;225;37
518;610;1
656;249;11
194;666;43
618;548;17
42;644;26
217;702;6
624;51;49
215;279;10
84;301;2
629;371;6
353;276;34
519;760;47
749;530;43
374;224;45
687;706;19
389;440;23
475;349;17
650;296;42
762;121;1
400;476;33
683;50;8
617;32;21
494;798;39
229;796;1
198;626;28
215;56;45
788;759;2
378;792;50
480;507;4
385;605;43
157;290;22
358;728;16
529;627;1
445;567;2
137;798;16
315;186;43
400;586;33
474;669;17
233;606;45
486;267;6
262;47;44
330;172;15
685;339;12
206;539;15
261;697;24
662;345;45
1;285;7
686;630;24
512;28;22
7;461;38
408;662;21
408;533;36
574;300;12
116;568;4
84;483;38
368;476;1
720;90;14
21;774;44
292;384;49
105;260;17
778;241;19
235;630;14
308;751;36
486;2;37
630;405;32
626;176;1
523;389;49
184;424;36
76;800;36
204;30;14
630;217;48
280;463;11
741;418;17
788;91;7
362;753;44
394;543;37
533;27;13
452;112;44
655;147;43
278;493;40
704;319;40
171;741;7
385;206;15
650;332;27
173;494;29
342;444;31
505;554;7
280;231;7
224;246;45
449;577;43
753;314;48
337;659;3
203;175;50
387;677;32
45;325;35
356;266;30
620;314;24
348;562;26
285;308;36
510;794;29
537;190;35
356;448;27
423;163;10
615;229;30
351;167;14
378;270;17
650;655;3
637;170;14
690;452;24
781;116;27
70;96;28
24;298;44
550;260;32
754;444;47
224;763;3
483;589;32
260;566;14
779;24;49
73;239;46
475;586;23
704;547;3
568;406;43
167;546;34
47;782;33
239;113;5
101;312;4
532;159;2
59;669;35
349;510;3
664;169;41
43;647;15
361;445;50
388;94;2
29;81;47
617;345;42
749;473;20
160;667;23
280;752;17
25;487;42
484;649;11
615;559;10
463;657;49
272;95;23
754;790;21
670;679;36
569;669;43
320;571;35
382;612;33
590;158;46
559;504;36
401;781;50
84;785;50
285;765;40
118;721;27
721;626;21
606;355;38
577;627;44
270;154;31
693;122;8
742;71;39
279;382;18
193;480;21
448;122;1
787;156;42
249;638;30
404;572;34
585;183;37
231;406;43
661;89;48
236;270;11
386;247;47
314;199;48
737;279;6
357;51;11
764;685;17
638;96;49
340;451;11
60;277;11
462;456;34
376;94;50
696;164;33
574;776;47
540;1;45
798;40;18
452;158;39
54;61;32
444;488;32
570;573;30
557;657;25
120;727;50
349;466;19
642;532;48
676;789;46
341;547;34
42;73;1
410;323;10
483;56;43
323;428;33
274;632;36
433;585;5
8;733;18
112;308;20
754;153;45
380;688;27
715;698;6
587;454;38
563;485;49
154;723;32
116;596;31
663;623;19
245;672;39
395;486;40
461;2;41
789;565;3
246;295;10
22;27;23
159;740;7
596;423;41
85;95;48
672;232;38
128;199;9
65;507;47
119;195;42
75;463;34
561;64;10
366;735;32
179;497;41
762;799;37
462;713;27
743;751;47
17;25;50
519;30;18
38;516;2
608;461;17
661;235;44
549;112;19
242;18;2
189;502;7
227;325;23
96;314;12
170;247;48
5;56;49
483;222;16
662;168;23
186;757;4
366;521;44
76;474;8
537;149;28
571;651;10
174;730;40
261;147;41
459;49;33
550;657;39
611;690;35
751;616;47
254;613;11
683;442;32
584;544;18
456;76;10
110;218;35
103;109;13
765;112;23
753;758;37
324;97;9
572;425;3
57;677;10
791;200;15
689;308;36
674;28;32
503;431;12
54;743;40
717;290;44
642;615;3
739;315;48
386;542;36
50;624;5
555;409;47
39;49;3
393;119;2
705;739;25
261;270;18
638;611;40
475;32;48
312;611;38
330;523;23
156;8;25
562;573;47
501;354;44
509;447;10
640;497;42
628;88;33
402;611;7
122;640;23
256;538;42
478;42;47
486;733;9
52;137;9
215;649;40
259;141;14
701;679;16
421;500;7
598;253;18
187;327;16
381;407;46
616;65;25
460;389;42
575;573;38
349;747;31
267;42;23
251;633;28
569;762;19
171;625;10
551;393;17
449;461;25
225;610;2
290;170;29
729;272;47
743;778;1
555;288;1
525;18;36
338;620;16
754;94;48
197;464;26
3;547;14
722;574;27
620;411;21
580;114;23
296;224;19
28;447;40
534;421;31
103;660;1
485;310;29
170;726;30
724;44;10
763;674;12
332;68;4
296;448;11
253;481;27
134;245;2
19;388;44
646;228;4
230;749;19
296;478;16
243;43;14
207;153;47
306;389;5
293;342;7
613;179;7
65;34;20
294;427;18
641;224;50
120;732;16
569;756;50
741;208;6
732;456;42
124;259;7
573;702;5
16;553;43
37;628;43
510;7;14
81;420;24
461;442;6
771;299;3
667;30;33
271;456;5
324;276;16
470;119;15
686;448;1
626;540;29
99;388;23
207;519;17
393;739;48
4;474;38
227;608;34
597;60;5
519;441;44
238;631;45
369;374;1
382;296;7
70;527;37
260;349;40
15;762;1
399;409;6
697;108;34
467;159;26
97;180;41
250;733;20
387;171;29
431;783;44
428;13;48
186;422;13
680;606;41
453;595;5
642;444;27
373;564;38
772;232;35
194;541;4
1;185;11
374;250;25
774;222;43
231;386;4
705;133;47
397;161;37
767;451;34
178;234;25
597;347;46
781;337;49
61;677;37
433;590;49
561;544;26
616;311;1
636;97;4
366;391;16
531;427;10
18;105;15
771;183;9
633;266;32
357;761;23
408;174;41
148;210;33
671;665;3
199;248;1
740;97;13
260;703;35
366;765;47
657;309;22
759;732;6
146;176;46
745;632;2
222;460;23
650;634;4
477;757;29
311;254;27
397;404;38
650;477;26
630;799;29
554;202;47
362;13;11
503;118;29
507;346;45
535;310;30
403;303;2
288;620;20
141;334;25
313;364;4
285;152;43
422;604;38
577;665;11
74;418;16
178;647;40
250;83;18
72;490;41
778;518;30
61;595;4
704;103;39
551;143;31
744;737;49
292;592;15
241;466;34
673;3;41
104;586;45
780;386;32
477;482;35
638;92;45
211;525;18
673;455;50
695;597;15
586;775;10
175;719;10
46;343;29
783;660;45
379;476;19
1;767;11
577;561;21
132;307;32
291;697;32
345;797;39
326;286;27
318;271;11
288;690;47
532;370;34
709;789;15
578;684;8
197;205;45
771;532;3
258;38;46
38;273;19
525;116;5
721;764;50
88;282;9
524;73;36
676;491;36
394;174;23
218;672;2
787;96;3
282;521;8
63;268;17
47;427;8
560;607;50
205;107;49
559;640;40
80;96;29
291;142;29
697;780;20
392;460;29
168;340;36
558;748;40
71;440;25
244;632;20
143;378;50
200;788;36
600;679;3
695;575;25
204;35;10
247;151;45
372;174;17
701;574;33
175;743;25
164;569;38
219;89;19
217;226;17
656;200;12
16;179;26
176;668;12
656;85;46
14;94;34
139;427;38
613;497;25
125;494;33
462;86;48
77;59;34
271;324;25
598;730;45
791;220;13
549;452;39
655;273;7
720;32;44
502;277;16
225;86;9
760;387;28
222;221;43
586;101;32
45;460;18
466;604;31
132;382;49
742;433;32
368;665;30
260;608;18
608;737;24
133;60;37
527;649;36
780;656;6
583;38;30
744;554;31
95;3;40
678;187;37
389;457;36
658;32;14
732;31;35
728;557;50
733;755;18
409;227;20
428;92;3
464;474;46
576;632;40
576;466;27
215;599;9
593;334;20
85;674;46
233;618;18
14;192;13
596;762;6
557;83;46
464;733;38
540;398;46
305;389;28
712;528;16
507;599;5
150;762;28
196;117;24
401;642;37
724;213;34
610;689;23
277;416;1
121;286;31
384;139;15
367;74;25
185;732;33
604;685;39
114;283;8
154;223;14
477;103;28
54;238;10
641;660;29
64;65;42
650;252;15
488;384;22
512;757;16
621;43;42
746;411;8
532;453;4
691;70;26
136;64;43
497;763;50
185;360;16
742;568;39
257;56;19
191;54;14
213;359;46
577;3;20
96;125;33
650;538;34
157;436;14
127;193;5
531;796;24
417;752;9
515;382;41
710;627;46
411;287;43
436;19;47
109;246;43
408;758;25
348;158;33
696;311;31
789;20;49
464;170;43
168;285;14
143;635;47
585;640;21
112;425;9
527;665;16
44;404;35
680;565;29
255;327;27
173;611;23
317;640;17
62;584;21
152;787;39
87;151;42
521;140;43
549;142;12
292;402;12
747;302;33
513;618;33
674;164;49
49;91;23
540;407;8
541;731;44
769;305;22
3;412;35
288;236;41
771;573;40
597;495;48
529;559;7
734;136;11
757;537;3
470;16;16
51;321;22
62;222;28
363;692;26
576;547;48
414;72;21
631;396;21
707;727;9
397;734;42
761;232;25
88;438;38
578;453;19
216;478;20
273;522;20
507;791;21
188;2;29
87;466;16
177;352;6
500;601;33
726;706;49
602;30;33
726;480;15
730;622;49
178;765;23
717;772;9
6;259;13
440;63;2
563;469;37
336;517;29
295;418;37
699;744;34
767;169;16
438;302;12
629;117;41
160;398;39
747;322;33
521;407;35
469;49;6
1;145;1
731;544;35
384;652;32
14;100;42
708;35;2
623;136;10
675;247;11
223;727;11
393;483;20
481;211;32
132;222;39
244;648;27
246;106;17
787;382;39
739;238;41
441;683;46
712;491;38
143;210;42
133;290;22
537;516;26
320;770;21
719;216;10
761;484;5
136;362;13
208;555;36
675;260;50
689;346;17
643;354;46
617;475;18
217;162;7
96;166;16
513;317;42
139;83;24
320;425;7
349;460;25
490;24;39
496;792;28
557;2;35
283;735;36
173;88;48
572;455;15
487;573;6
42;382;35
88;168;44
301;78;14
614;314;39
759;767;38
168;760;18
100;509;15
383;343;32
293;407;5
8;250;18
469;771;19
163;130;34
686;24;1
382;3;45
441;60;21
46;580;43
737;1;34
584;771;41
501;656;48
228;304;45
225;284;10
750;362;25
687;607;2
701;591;13
254;265;17
56;33;27
213;799;26
650;82;18
731;2;22
359;521;48
529;208;20
440;252;37
517;158;23
745;27;45
181;559;16
667;561;36
723;95;12
206;740;33
359;622;39
13;678;33
712;751;25
448;131;28
690;204;1
188;174;39
170;45;5
151;458;45
209;40;39
41;455;22
228;46;20
145;150;33
97;504;23
437;103;2
7;295;29
616;500;11
745;32;26
127;495;32
545;16;10
677;345;22
528;742;1
305;658;43
193;779;11
697;69;8
548;330;22
66;266;30
560;43;8
340;220;46
619;186;23
796;447;23
404;504;21
695;138;34
176;11;31
262;157;42
458;438;9
460;794;40
627;235;43
196;441;16
232;366;14
413;154;37
21;506;9
579;616;27
598;525;21
137;85;23
295;641;48
346;132;31
528;369;43
154;533;36
407;99;38
658;452;2
578;620;13
28;477;46
62;280;16
750;383;43
7;551;11
624;296;44
368;384;15
559;36;45
775;16;15
37;457;47
425;123;8
503;322;27
468;342;33
175;774;14
633;319;5
758;471;12
776;121;33
729;186;31
404;714;2
329;351;13
485;72;28
30;367;45
673;191;33
550;131;25
594;491;24
605;190;31
709;534;22
126;227;27
246;680;5
338;780;9
562;627;32
578;714;20
444;457;42
745;233;50
26;800;35
750;245;37
11;34;26
534;527;35
722;318;1
75;647;41
679;569;15
455;284;48
589;318;45
791;564;46
80;647;25
226;309;25
319;214;9
104;368;31
285;227;48
723;257;27
369;119;33
118;475;45
734;7;28
420;134;18
112;707;11
799;308;1
20;467;30
729;11;37
213;291;28
205;704;5
631;278;39
793;29;21
250;637;30
427;275;37
314;25;16
255;172;3
284;271;42
103;264;33
376;725;49
518;242;16
612;430;5
395;466;16
167;306;24
82;496;25
456;50;41
260;501;16
92;690;43
573;605;24
170;580;19
646;225;17
645;425;4
423;317;24
760;554;8
301;599;16
221;410;39
607;401;17
186;23;35
537;625;29
72;313;10
533;531;3
147;22;38
621;167;39
65;5;2
134;109;17
264;281;26
44;470;41
280;649;45
620;135;13
196;714;23
664;420;16
418;118;13
679;773;36
356;244;35
271;72;44
560;487;21
436;123;46
631;631;29
331;333;13
649;762;12
624;416;16
454;47;34
702;157;29
27;79;7
273;7;10
602;168;35
655;323;24
116;648;29
586;629;45
739;329;26
124;49;4
758;292;29
544;564;11
637;705;21
181;137;40
49;609;10
566;78;28
438;378;48
442;767;23
658;692;44
90;412;18
403;193;50
90;708;5
768;623;20
530;517;20
184;728;28
559;56;43
591;524;7
527;320;49
739;699;44
405;648;34
372;746;29
329;654;4
33;5;33
258;784;9
586;579;49
168;561;10
64;696;35
437;267;34
460;380;30
742;324;49
122;800;44
400;360;8
370;593;23
214;607;5
588;678;24
277;705;20
389;524;30
48;509;6
786;761;26
114;568;7
198;473;25
339;209;24
521;722;19
734;156;2
611;798;50
652;115;3
778;600;2
271;542;17
159;496;7
316;233;21
231;427;9
332;633;19
4;360;5
638;411;13
76;325;43
486;582;32
336;92;50
558;320;22
764;258;37
619;96;6
130;562;8
238;358;24
558;649;21
2;481;21
392;726;11
554;106;7
140;139;31
314;193;19
270;564;37
356;157;22
655;337;15
68;16;18
461;73;36
658;758;3
673;219;22
681;247;43
661;219;38
556;450;32
471;299;24
413;120;50
448;81;46
555;493;27
722;424;10
538;616;2
413;37;36
787;212;29
538;359;13
786;78;8
606;190;47
697;49;46
543;333;28
260;354;5
39;290;13
136;714;23
21;696;28
215;555;13
604;719;19
6;223;18
530;548;34
236;286;21
718;18;13
92;181;17
333;785;34
373;183;17
233;536;8
60;236;20
734;586;24
267;350;2
581;457;36
35;578;29
213;362;40
677;673;12
783;701;47
678;393;28
225;448;41
780;81;34
379;686;40
242;468;21
488;281;32
338;323;18
369;629;26
532;513;49
37;485;2
331;717;18
441;696;37
640;396;50
713;697;50
124;418;20
748;424;9
469;313;18
25;765;9
695;755;4
288;721;26
357;292;21
393;39;27
16;10;45
728;18;37
251;205;48
689;781;22
206;596;16
383;493;8
480;545;47
690;661;17
743;126;19
155;313;25
369;701;29
204;17;35
473;367;19
552;279;6
369;198;2
404;355;8
163;685;6
299;652;14
361;341;46
748;158;28
18;33;28
705;168;17
201;505;24
380;578;26
467;13;11
483;565;28
255;417;10
487;668;42
66;349;38
235;771;11
638;767;11
258;70;32
373;355;29
61;345;47
438;206;42
712;319;5
14;710;46
458;545;29
723;156;26
144;431;14
676;34;41
54;248;37
604;235;13
775;419;21
532;594;46
257;25;32
177;698;19
129;105;20
402;433;13
491;142;10
777;778;8
787;720;10
366;41;41
633;443;50
398;739;34
612;422;24
557;458;8
413;47;48
511;157;49
553;246;45
717;35;40
506;783;37
745;643;6
663;101;26
284;311;24
141;40;40
714;186;8
282;48;20
31;206;43
48;761;47
234;424;24
268;269;5
738;83;46
129;259;19
735;472;44
297;292;3
680;230;31
489;215;34
613;258;33
328;657;33
120;751;16
31;706;8
255;656;34
523;31;25
234;571;40
562;159;39
790;68;13
543;172;23
630;491;24
77;738;20
52;605;38
583;252;27
32;47;38
318;325;15
485;609;48
250;324;15
554;793;38
792;632;39
18;157;29
404;541;36
637;182;31
799;177;13
610;624;45
242;585;38
221;575;11
266;598;19
214;142;8
511;367;50
624;373;16
683;619;3
104;233;39
18;790;40
499;690;3
51;37;17
41;19;19
2;296;47
578;676;31
601;786;17
541;614;14
378;590;1
778;380;10
737;523;47
92;13;6
526;43;43
437;556;8
34;31;14
174;516;17
791;639;33
793;311;12
777;645;6
523;642;3
643;129;21
229;618;46
321;486;23
470;320;18
781;1;48
689;593;7
476;684;5
317;90;21
787;736;11
329;715;50
628;83;47
183;123;26
590;693;49
254;582;23
531;19;2
385;510;29
739;711;30
562;687;20
250;687;23
446;375;37
288;489;48
550;457;15
581;69;45
209;664;4
43;766;22
233;423;19
723;507;8
705;24;16
219;786;14
7;732;38
204;106;18
690;791;32
17;537;27
147;23;20
483;146;50
771;549;8
9;719;34
251;724;12
580;2;36
496;488;5
498;404;34
79;629;38
656;138;21
365;613;3
197;779;20
213;55;47
492;135;15
740;638;50
250;375;48
533;233;43
608;18;15
373;770;35
798;409;26
68;383;1
707;654;14
305;44;6
456;18;21
663;11;29
317;212;24
313;458;30
402;728;39
686;501;25
461;580;24
737;710;24
652;800;47
387;617;19
81;339;3
772;170;31
691;496;46
213;310;21
333;692;11
331;580;29
233;134;23
381;95;26
299;556;37
358;177;44
6;82;16
245;241;33
649;510;17
494;351;31
755;180;10
40;125;8
280;759;50
287;244;24
639;378;46
226;776;23
361;640;15
790;595;30
754;129;20
572;485;32
75;198;11
531;133;18
263;463;12
44;620;12
504;495;7
277;412;38
254;114;38
624;619;34
119;164;6
501;475;20
55;544;42
605;674;11
515;413;7
137;474;42
386;243;39
112;52;15
16;181;27
31;686;6
379;775;47
152;289;36
406;276;24
635;333;22
282;474;9
774;440;32
719;795;18
663;248;5
304;744;29
667;689;19
770;247;45
221;90;16
790;682;35
308;128;34
11;13;29
10;245;36
423;402;35
284;46;2
634;295;8
170;5;46
693;364;44
215;169;41
352;672;4
83;740;2
288;283;3
462;579;36
50;346;36
520;309;3
203;662;47
100;480;47
205;98;29
308;197;22
112;198;33
572;305;3
639;4;27
167;148;17
220;166;12
12;229;25
558;696;46
345;538;23
445;799;23
427;582;29
379;273;1
194;556;22
222;6;26
795;233;45
71;326;45
539;614;43
381;380;29
251;583;8
286;199;32
28;236;44
220;105;6
115;113;24
378;774;31
601;498;9
507;125;49
36;775;43
614;39;1
674;450;14
686;715;1
404;113;27
364;13;47
735;419;6
370;555;3
508;686;13
593;139;30
462;799;11
483;564;43
566;113;23
196;364;4
386;294;11
145;219;10
398;244;39
734;39;44
97;599;21
376;436;32
44;684;33
492;331;30
385;101;4
278;779;30
3;611;16
433;747;38
678;510;23
574;582;34
673;652;45
111;303;23
68;560;24
51;770;17
572;761;37
524;319;26
21;717;7
313;207;40
669;400;19
442;148;17
510;213;39
461;594;10
436;196;11
375;132;38
12;91;38
28;735;46
544;7;19
699;242;31
525;9;24
56;792;17
769;133;23
121;280;7
694;69;28
526;557;34
771;148;44
38;90;4
376;125;5
445;473;44
146;46;1
157;529;27
422;39;35
745;446;32
541;488;34
204;696;31
373;261;9
592;133;11
783;351;24
571;417;14
566;221;48
795;299;30
706;82;49
589;487;16
652;631;44
768;543;43
221;428;49
412;116;16
19;3;40
773;532;34
769;166;15
215;333;16
191;369;15
446;294;32
188;67;12
398;175;1
382;653;43
576;238;3
509;315;21
223;515;29
706;788;18
304;51;22
311;307;38
712;13;12
2;49;43
380;638;27
54;332;23
172;772;35
670;23;16
636;578;37
49;12;14
723;594;1
361;622;3
690;291;25
551;355;31
443;213;45
732;203;12
656;159;36
636;182;13
20;92;10
226;4;4
32;580;42
571;161;10
242;4;28
419;484;34
453;342;44
721;701;7
354;661;16
23;548;26
392;707;30
331;585;7
39;517;31
81;418;2
404;654;19
134;336;16
590;178;47
141;251;16
214;163;12
485;793;28
97;699;23
93;485;28
403;472;45
506;681;3
36;548;26
436;163;39
648;87;5
327;746;34
357;405;45
411;25;47
166;460;44
11;423;35
562;610;44
36;680;40
726;462;2
444;107;20
427;713;28
590;732;3
463;798;41
696;220;45
331;677;31
328;661;32
734;277;29
386;283;36
346;98;28
793;605;28
410;643;42
81;482;30
250;504;26
521;621;46
106;186;38
587;194;7
340;157;43
608;68;38
125;82;49
249;670;20
775;250;17
53;302;19
13;718;27
348;336;23
85;295;7
650;757;37
152;292;50
677;672;9
370;122;26
27;431;7
355;2;49
585;196;9
50;66;29
318;171;30
788;532;18
91;639;18
341;731;33
621;417;11
339;10;20
315;289;2
249;97;40
135;189;12
710;735;39
308;448;16
101;366;26
797;623;11
655;190;33
523;57;12
54;488;8
337;59;38
203;774;45
667;14;24
111;347;1
705;96;47
593;596;15
357;645;49
618;206;29
266;48;29
364;104;50
108;290;38
222;186;44
367;499;33
158;424;22
646;105;34
180;28;34
66;32;32
570;521;27
470;155;5
690;242;5
706;161;7
549;437;35
383;755;38
427;76;41
427;649;13
594;46;23
219;389;18
41;385;20
52;350;1
608;313;34
625;315;35
512;682;13
26;261;3
697;63;3
587;21;37
184;340;5
547;342;29
48;438;48
559;35;9
159;247;12
389;261;46
735;37;10
237;617;43
689;587;34
45;338;40
68;588;21
575;247;26
717;737;24
516;310;43
287;778;1
311;11;27
382;183;25
277;403;32
465;128;18
410;429;15
746;621;48
689;511;3
539;476;34
626;461;48
194;317;43
796;468;20
729;25;4
232;164;27
463;303;45
457;351;30
323;618;25
759;269;29
520;459;43
679;31;33
709;359;31
688;396;11
73;81;25
109;614;5
693;18;29
520;475;35
33;7;28
752;251;40
671;778;13
218;543;33
402;10;38
797;515;43
329;523;27
532;118;30
208;338;43
786;153;28
87;746;32
724;658;6
774;441;33
573;405;14
100;597;41
526;173;11
767;430;18
759;745;50
220;496;44
96;193;3
361;68;34
484;372;29
444;701;6
637;539;48
657;539;14
52;525;27
217;347;42
66;720;1
658;409;2
558;120;6
511;438;13
375;46;43
542;799;33
531;670;29
341;545;46
535;728;29
49;383;7
504;536;2
657;346;14
480;474;48
549;140;24
162;520;46
451;101;20
500;260;18
63;184;39
167;61;33
330;297;12
405;118;8
378;635;22
685;269;40
231;497;28
154;326;16
752;422;29
175;356;48
555;322;4
43;758;42
7;49;19
150;750;22
282;317;23
10;776;49
326;599;4
209;487;2
122;515;41
427;359;2
262;239;27
604;338;36
352;124;17
279;651;1
272;493;36
721;16;5
177;391;42
645;227;8
456;385;42
277;596;2
458;170;48
316;566;46
270;179;3
74;698;9
329;224;18
720;715;43
782;705;48
621;514;31
287;47;1
597;126;46
370;243;2
161;796;30
16;221;16
203;399;38
452;51;20
511;214;1
305;480;38
423;492;50
347;507;36
408;355;28
755;412;36
202;288;22
344;593;4
203;755;45
444;199;49
15;419;38
78;405;13
110;556;27
661;787;22
582;745;25
722;250;19
401;599;20
797;129;38
50;591;5
680;655;13
387;564;12
483;350;7
144;387;22
73;595;15
465;250;31
260;536;8
2;534;32
106;197;7
669;443;10
299;163;24
190;180;48
604;52;12
611;205;33
671;498;11
665;797;31
59;776;47
48;652;38
796;311;11
219;758;37
555;244;9
232;259;49
106;385;41
168;352;39
773;353;44
573;690;32
532;376;15
592;210;46
88;415;49
142;434;25
344;575;16
348;393;14
146;434;25
395;61;13
229;237;9
222;677;7
102;127;39
394;370;26
683;753;28
571;568;19
657;58;9
589;444;49
212;617;23
672;543;29
30;246;10
603;250;30
472;390;4
166;250;16
208;624;40
33;194;45
469;263;32
555;511;21
357;448;21
172;487;38
677;471;40
344;178;15
128;549;25
205;386;2
145;237;11
720;217;36
616;692;1
433;597;45
363;456;45
484;276;20
436;133;24
578;627;39
513;108;10
568;689;18
593;227;49
647;36;36
277;484;38
313;133;30
291;726;7
380;685;20
337;157;39
262;158;23
527;598;42
663;212;12
576;99;11
351;445;11
386;54;10
31;554;31
191;259;1
55;41;43
403;114;45
178;330;49
57;198;32
538;678;13
364;63;18
26;742;18
506;686;26
483;236;40
46;630;2
52;650;14
258;56;38
773;219;16
122;773;27
551;65;7
643;565;19
731;468;38
661;282;36
516;219;25
398;333;36
247;266;37
140;181;22
39;537;8
399;346;48
300;31;50
733;272;38
49;135;36
129;486;16
544;147;40
510;758;3
776;656;47
292;169;26
697;95;16
704;294;46
309;377;46
82;777;8
683;519;22
340;554;29
673;140;4
568;87;39
420;245;22
183;641;21
725;734;24
426;460;48
700;235;33
752;428;28
339;83;47
790;6;28
548;728;13
574;129;2
381;645;40
290;329;37
722;499;34
727;499;22
521;428;34
26;222;46
78;109;27
596;66;1
326;127;46
9;585;38
644;775;29
113;236;40
24;641;24
48;531;9
175;589;19
120;375;47
115;800;37
316;573;8
262;66;37
614;130;30
670;224;16
473;548;30
270;194;5
302;432;43
558;413;29
653;767;22
741;591;50
386;376;48
420;373;38
167;441;35
718;170;14
88;468;22
174;268;36
317;340;46
293;299;20
209;236;5
351;754;46
189;291;27
744;787;35
510;230;49
115;232;32
66;587;50
520;454;48
261;372;23
41;424;34
272;158;19
756;318;49
8;450;13
6;619;46
419;573;37
9;99;50
428;387;41
364;108;7
73;785;2
447;190;46
735;384;33
156;498;12
344;301;34
219;724;34
443;324;26
662;148;17
289;619;2
277;695;42
752;750;48
243;605;42
683;328;3
141;543;31
551;316;27
228;184;44
516;230;36
151;63;12
393;153;49
210;749;28
378;358;40
424;60;49
166;651;46
250;434;18
48;198;39
772;160;32
346;643;21
107;549;23
467;101;10
430;373;16
499;490;12
103;638;32
436;314;49
755;373;4
566;460;38
27;235;6
695;115;10
635;165;5
264;684;46
4;667;8
565;361;18
657;12;18
7;164;44
440;452;5
486;378;11
163;255;38
276;713;5
28;99;2
278;348;18
736;86;19
608;732;16
252;630;50
159;180;24
738;75;7
644;457;37
219;391;33
635;126;17
188;469;8
510;188;35
472;50;43
305;196;3
423;145;19
747;129;26
36;58;5
708;434;36
544;465;27
39;82;17
118;428;45
704;334;16
405;268;38
458;598;28
290;156;8
778;781;41
775;42;31
712;397;44
432;385;11
331;681;24
273;530;20
44;369;16
337;150;2
705;214;31
47;634;12
313;287;5
436;183;12
714;26;26
771;498;9
357;315;20
445;637;31
597;324;19
442;661;26
283;602;44
158;96;5
271;445;1
627;630;2
501;290;30
232;783;5
560;163;45
776;683;20
444;84;11
386;629;26
232;157;41
654;193;2
37;210;42
673;723;19
721;80;48
478;67;27
688;356;34
416;701;27
761;599;26
63;752;19
583;124;34
270;219;39
564;696;21
259;33;27
345;674;25
333;358;12
389;763;21
278;187;39
505;404;49
68;708;48
623;766;17
766;63;18
510;620;26
274;777;24
484;588;10
357;244;19
737;43;36
618;211;4
17;83;5
474;214;8
598;348;48
197;457;7
493;252;10
190;645;2
208;634;9
602;217;40
452;92;45
259;692;28
701;532;20
82;723;49
364;785;23
375;693;29
98;343;12
64;654;28
587;48;36
39;390;43
27;435;34
469;94;10
651;739;7
423;290;29
635;350;44
697;440;8
708;472;16
758;654;28
707;189;20
62;75;4
684;508;25
327;679;46
106;426;34
406;36;28
709;718;39
739;45;15
80;664;32
460;581;38
395;343;19
754;310;42
424;282;45
600;9;43
673;799;17
769;57;25
649;746;35
51;128;18
511;162;21
38;189;38
664;749;48
690;235;27
323;137;35
199;678;31
637;764;7
119;764;21
537;125;17
418;355;23
743;39;15
106;437;7
15;542;1
141;287;21
582;219;32
719;482;35
130;281;14
294;651;43
460;138;15
569;444;19
7;416;9
238;269;38
584;562;50
388;580;29
767;635;2
758;15;4
424;414;31
423;417;30
451;515;29
165;141;37
369;18;10
15;575;7
655;695;29
88;260;11
709;523;12
369;558;13
214;687;27
336;124;46
313;298;31
287;667;10
362;310;31
242;507;8
345;218;41
195;118;36
110;348;37
560;654;21
739;240;40
721;329;27
579;48;28
782;508;8
739;408;44
670;728;16
787;21;25
231;785;47
633;439;33
567;66;24
197;659;2
470;76;18
428;467;19
340;603;15
550;502;4
729;141;31
625;535;40
307;141;26
344;283;21
120;583;18
422;315;33
552;338;46
290;590;48
397;6;41
493;265;13
185;632;1
795;569;17
484;4;41
430;451;42
463;505;34
253;254;50
266;406;23
341;105;35
721;572;44
554;557;14
650;55;8
652;127;30
274;436;43
613;121;25
794;438;47
734;115;14
434;636;39
569;300;7
574;169;2
529;196;50
459;277;19
294;610;31
683;789;22
5;7;9
105;421;38
501;251;49
660;320;44
182;203;11
772;661;34
610;434;19
170;702;9
115;133;35
81;334;50
744;659;49
228;764;16
706;719;36
155;248;5
790;240;35
711;628;35
442;114;45
473;664;37
84;475;17
455;790;43
579;683;18
545;652;11
634;56;46
20;664;6
308;785;47
194;749;15
790;178;49
217;98;33
786;253;25
215;329;40
575;789;18
38;544;26
9;364;43
190;195;45
163;227;10
214;301;13
402;743;12
112;753;2
690;7;7
435;640;11
329;138;38
83;249;29
781;463;37
126;670;16
624;649;4
306;336;17
566;446;9
243;196;25
716;406;50
534;88;41
541;487;16
689;471;30
419;520;20
278;28;39
461;574;39
384;50;50
344;287;28
561;722;14
185;368;15
724;692;24
683;299;16
196;468;42
110;58;6
183;139;20
697;243;40
511;356;7
542;318;21
75;73;30
341;537;14
409;708;32
14;537;38
53;553;9
73;99;5
395;790;14
613;793;49
477;198;24
52;221;19
673;285;12
474;180;14
91;385;40
264;707;33
181;88;31
225;476;11
404;181;38
296;163;21
254;64;42
633;215;7
586;609;14
740;39;17
621;326;27
349;370;8
251;441;1
217;697;37
287;435;50
334;316;36
8;82;8
17;71;23
566;291;8
223;528;35
347;335;40
746;424;17
82;532;20
379;533;48
336;509;44
165;128;5
269;63;23
175;272;38
139;23;38
308;443;1
733;767;19
649;680;12
523;419;12
256;501;23
699;455;1
220;140;19
591;679;48
292;83;27
732;239;11
607;129;24
117;54;27
768;293;3
287;325;28
506;431;25
600;723;32
148;128;17
186;425;37
775;272;11
45;278;15
496;605;3
73;798;40
573;30;28
353;340;7
464;602;20
603;68;48
721;640;4
410;228;1
397;340;43
128;395;46
670;441;27
48;196;15
758;294;15
187;169;3
140;373;25
271;322;21
484;42;1
40;307;42
116;601;8
595;736;23
724;563;21
337;786;28
426;717;20
263;120;13
280;140;34
475;373;14
252;593;13
259;741;35
558;440;33
304;76;40
160;322;27
616;714;1
634;269;39
50;572;17
627;143;17
610;276;42
534;662;31
707;437;36
611;709;16
579;483;28
367;397;44
636;713;14
695;379;17
255;431;23
723;26;46
304;127;47
685;515;31
721;686;15
718;436;20
227;333;12
617;150;24
112;506;5
508;250;45
661;76;23
375;386;15
310;408;10
255;662;15
365;653;38
654;603;11
342;124;8
154;278;14
684;785;2
541;132;3
608;144;35
414;15;39
471;541;7
107;224;24
475;188;31
713;696;34
424;115;16
30;673;30
615;296;41
535;423;45
250;422;41
165;756;41
213;548;47
440;339;44
792;77;50
58;559;28
653;306;26
648;206;2
745;129;7
551;289;13
131;674;19
69;742;16
482;233;8
242;124;50
637;707;42
771;512;27
560;217;20
220;777;8
461;323;21
675;632;22
456;771;21
588;337;9
15;148;11
458;576;40
213;14;27
49;364;17
231;55;25
309;764;23
709;619;31
493;720;31
289;637;17
721;447;17
217;205;37
630;703;29
270;688;39
17;109;44
239;512;31
222;597;27
414;633;32
800;405;10
278;442;38
346;468;15
583;579;5
478;145;15
789;117;26
264;311;33
602;709;19
399;165;16
609;263;40
114;632;16
5;518;36
150;569;26
705;560;20
760;6;28
82;98;23
296;796;38
743;666;39
691;782;44
515;497;27
773;126;15
694;775;31
28;461;9
111;623;34
233;80;40
339;427;40
756;120;30
164;414;30
137;227;21
114;130;17
677;656;50
226;720;48
737;708;39
421;356;7
462;461;24
185;553;16
464;248;16
171;669;30
68;526;16
200;746;3
302;193;12
315;128;23
796;546;17
90;402;41
254;244;1
756;67;44
270;638;32
421;581;30
422;445;10
331;110;31
156;196;11
426;86;47
614;537;35
600;308;13
536;661;35
524;105;13
204;535;27
773;44;49
364;187;34
21;762;29
428;211;1
251;545;32
796;125;47
116;259;20
310;695;15
371;300;30
110;583;8
660;673;41
202;88;32
191;555;9
146;733;24
514;222;25
686;177;10
731;435;31
645;261;49
711;81;1
744;775;47
92;616;43
216;695;50
741;170;4
303;225;34
375;9;48
696;755;30
675;523;35
549;574;29
172;3;21
563;121;42
68;559;35
202;379;18
573;721;11
199;791;10
616;263;45
173;279;41
79;669;32
301;299;1
604;734;15
103;94;25
693;342;16
246;203;33
685;396;38
447;578;47
774;588;7
282;16;39
509;617;10
666;764;4
200;785;34
319;332;10
533;235;36
612;106;19
108;573;11
334;292;11
595;188;39
433;602;15
138;403;5
488;334;27
59;434;22
228;116;14
193;105;5
318;20;16
319;388;3
761;336;7
375;557;38
678;397;32
212;225;23
615;123;27
241;556;20
272;379;49
315;5;8
741;15;9
470;404;14
128;109;9
689;333;25
374;247;5
110;481;39
574;571;49
284;49;50
7;547;2
89;126;16
560;704;23
123;728;17
606;470;40
374;330;8
593;737;14
48;238;29
21;433;12
699;514;48
546;640;9
724;90;41
621;708;49
563;358;39
390;611;48
704;308;26
671;156;38
180;47;2
444;124;37
83;645;8
436;154;19
13;388;27
397;653;44
628;308;49
150;104;30
213;540;39
232;568;3
323;696;21
535;425;16
678;269;28
21;565;13
120;278;43
311;258;20
743;416;44
10;635;22
624;437;22
737;508;5
3;404;9
142;376;23
529;332;9
551;557;30
93;507;14
782;259;20
451;540;48
777;791;16
424;439;11
638;413;28
370;426;48
286;538;13
186;226;46
383;497;42
789;532;37
527;33;30
46;259;47
383;331;20
654;284;28
416;19;28
108;410;37
370;98;7
93;272;26
349;546;37
644;385;6
249;81;25
510;523;29
335;326;15
766;256;8
168;612;48
104;65;24
559;185;37
777;37;46
47;518;4
43;255;22
644;668;39
580;346;4
382;368;7
14;343;8
177;461;11
788;56;37
203;55;9
139;65;24
175;746;41
619;577;42
118;698;16
529;5;34
34;398;23
185;755;47
723;463;40
669;158;45
14;750;50
27;544;50
592;81;20
252;706;41
241;727;25
612;34;32
437;81;38
105;261;23
404;531;30
241;766;21
455;579;11
771;270;14
604;130;38
700;506;30
418;36;39
164;319;48
499;425;21
352;771;30
432;2;1
12;416;43
160;356;36
377;3;37
423;271;28
628;27;6
652;452;30
676;413;26
514;91;13
145;616;13
348;28;6
444;794;20
427;232;21
527;436;13
296;577;28
16;266;27
461;711;23
307;483;33
217;753;44
148;410;41
195;55;17
775;224;34
663;1;10
601;559;39
10;108;14
740;315;1
292;135;41
9;552;31
424;448;7
53;158;17
385;646;21
261;554;15
484;685;12
775;38;21
566;701;48
545;735;44
152;425;39
373;341;12
389;576;22
426;426;47
224;527;42
582;526;44
105;154;1
610;543;28
326;484;34
422;781;45
373;693;45
445;47;1
42;529;12
593;44;11
284;248;40
744;313;4
179;403;6
775;582;12
796;336;19
368;49;5
796;155;16
179;230;20
251;88;22
573;571;43
391;163;35
431;499;36
328;507;21
518;302;3
774;619;39
236;290;9
309;94;10
712;624;38
11;709;26
150;383;9
629;385;33
408;113;14
787;435;5
285;129;27
671;108;43
191;557;39
92;538;44
118;434;10
167;463;11
461;650;17
296;376;50
520;704;26
220;138;1
430;403;37
756;184;18
428;620;3
330;212;50
481;24;7
737;718;49
20;148;37
53;767;40
142;716;43
710;646;36
245;583;30
119;161;46
415;706;27
697;574;3
40;76;14
288;214;20
623;267;21
193;763;32
466;535;23
304;650;49
295;664;47
225;417;5
364;402;27
187;155;39
784;271;46
779;228;46
229;652;29
97;611;21
169;725;28
615;643;43
300;168;1
80;444;42
481;704;2
614;284;1
114;717;27
96;37;42
712;766;30
687;705;23
341;750;47
466;617;6
200;687;13
589;657;44
704;701;43
301;360;38
601;226;32
219;172;35
726;185;14
637;117;18
314;632;41
790;742;7
790;537;46
305;230;18
387;699;29
742;100;45
800;635;35
792;596;26
382;162;14
752;460;33
702;598;14
705;767;16
253;715;27
35;254;44
263;769;21
85;443;30
78;187;3
486;774;13
186;336;49
147;766;17
162;384;29
334;483;8
599;671;37
472;18;10
410;402;44
293;123;35
450;397;39
169;576;36
449;164;15
424;326;41
404;785;21
262;689;26
204;160;45
372;3;14
24;791;22
125;73;9
485;58;37
723;641;50
695;512;18
232;608;14
174;397;48
33;621;24
469;520;15
186;374;14
774;37;38
550;82;6
481;514;12
334;44;5
51;498;19
180;321;35
397;565;17
309;790;13
450;338;34
454;280;22
774;218;37
675;84;13
529;34;21
477;519;15
293;508;17
543;455;24
503;585;30
606;310;46
490;276;17
366;680;18
386;104;35
148;523;20
306;647;33
387;315;39
7;650;27
455;112;22
615;422;6
654;235;13
703;620;16
415;250;28
61;329;34
390;343;49
181;50;35
416;429;50
741;111;15
731;753;46
421;78;23
362;195;35
610;350;18
324;47;47
678;117;25
117;468;33
225;570;42
746;706;34
657;744;19
143;472;38
45;141;38
568;748;22
514;708;17
795;368;30
552;155;47
169;22;6
515;79;5
526;683;34
637;72;48
465;39;7
656;269;5
601;368;26
413;760;25
159;145;46
341;594;22
194;329;46
771;108;35
351;291;6
606;280;49
775;767;41
10;709;10
296;310;35
792;548;48
62;117;50
13;793;14
601;179;37
56;3;48
117;509;11
42;650;42
356;641;4
88;793;49
168;123;49
401;380;17
463;273;37
58;224;30
569;163;48
147;393;1
764;431;30
319;527;26
645;565;14
75;697;27
272;205;9
203;34;47
730;313;23
83;501;26
729;661;14
64;800;48
46;642;4
50;179;20
509;768;30
338;591;22
118;530;5
617;389;2
570;238;41
429;439;21
394;573;46
104;745;16
778;754;18
238;61;2
318;759;30
504;297;39
404;664;42
129;227;28
358;707;1
201;365;17
759;594;36
553;72;3
744;172;29
792;229;42
481;258;23
118;170;46
485;220;50
336;217;43
243;349;23
789;223;41
108;557;18
250;567;15
220;114;2
622;695;50
323;164;12
632;257;46
632;144;36
147;729;38
155;165;16
339;312;34
204;782;10
604;159;47
792;553;13
445;177;18
647;12;36
407;663;47
225;308;2
88;571;2
543;31;13
547;800;41
18;588;39
510;754;33
494;563;8
549;70;32
228;619;23
387;332;22
497;625;29
476;36;10
30;636;2
285;613;37
773;425;46
439;253;10
354;587;17
109;657;49
741;562;38
494;317;10
734;511;10
158;582;12
683;596;3
149;314;2
213;523;48
754;523;25
521;303;25
85;41;26
210;137;23
388;521;21
620;157;48
60;391;35
17;719;13
49;308;18
597;315;1
28;175;36
242;451;26
600;158;49
252;238;24
537;665;27
579;690;40
777;161;28
779;169;48
547;670;41
401;646;21
515;175;47
28;178;22
523;270;19
115;701;21
254;384;14
631;781;39
154;51;12
378;542;50
15;447;40
691;89;37
705;206;21
690;537;46
783;159;32
677;530;13
565;712;14
395;172;43
148;18;50
554;41;48
233;19;6
461;16;32
146;24;24
23;107;3
226;85;34
740;332;17
477;79;40
16;733;29
642;493;33
759;224;25
267;627;19
343;85;3
475;134;16
685;210;1
564;293;24
510;592;41
217;14;25
537;191;33
238;302;28
479;20;39
148;398;14
377;745;40
75;394;15
239;592;13
89;60;22
768;511;30
632;328;3
792;86;25
637;435;14
188;374;40
316;534;39
397;281;36
678;44;50
186;682;47
18;129;25
704;400;4
189;462;47
750;184;37
652;227;43
791;174;50
27;104;9
152;260;40
301;542;4
36;420;9
727;647;39
136;394;23
458;45;25
604;445;44
306;170;15
458;556;12
198;323;43
679;349;17
582;414;44
719;755;9
766;478;6
91;607;8
711;281;40
769;55;43
122;367;2
581;566;47
484;259;14
479;21;6
336;307;21
66;742;32
451;799;48
528;196;18
98;123;16
800;345;46
514;510;31
357;20;14
569;616;8
684;47;1
344;170;42
653;52;15
471;231;44
322;629;31
704;243;38
217;534;27
752;146;30
313;157;18
510;736;50
154;438;24
511;361;48
273;751;37
259;668;46
252;64;31
126;147;47
514;357;34
435;642;13
231;632;33
375;604;8
106;731;38
367;47;44
793;635;22
384;755;31
635;237;2
277;779;36
266;427;39
427;679;24
134;738;16
43;507;29
357;368;47
739;486;44
304;686;10
291;654;1
550;323;18
346;123;1
792;798;25
353;298;46
382;333;21
134;267;44
394;499;9
193;410;29
712;244;41
340;788;32
76;376;5
348;126;46
366;702;23
700;202;38
42;152;3
433;567;32
68;566;28
156;438;31
520;785;43
552;246;19
391;181;32
744;340;50
363;173;9
571;489;18
411;419;31
38;48;44
717;407;49
374;457;11
295;259;43
448;774;31
355;113;8
710;75;32
790;597;35
474;732;19
277;43;41
215;233;44
756;253;36
75;612;44
481;760;48
349;692;2
266;73;42
80;763;12
436;610;34
540;608;23
191;24;8
740;384;15
687;742;27
396;148;12
373;799;12
723;731;9
794;2;2
509;469;17
548;430;32
437;532;10
304;466;50
705;278;35
766;376;10
255;275;46
686;129;10
623;742;17
519;407;24
349;98;5
450;356;28
524;350;14
631;470;13
356;260;30
141;174;18
375;754;5
107;665;25
731;696;16
480;107;11
413;96;48
65;313;31
775;185;32
113;95;22
237;58;35
417;722;43
782;281;35
560;628;22
502;605;43
105;647;28
477;506;33
216;391;23
205;786;45
402;365;9

