700
17690
4200
57;96
92;28
10;82
28;18
6;99
33;41
69;69
46;89
96;95
35;68
69;49
86;74
59;49
5;51
36;87
11;68
98;3
58;28
6;20
25;70
48;25
84;83
19;77
17;74
20;9
1;9
55;53
56;19
58;27
41;87
80;23
78;16
13;80
73;59
75;18
81;78
69;75
32;51
80;99
49;1
40;59
41;83
16;53
3;15
47;30
46;19
11;50
48;42
79;80
20;81
25;94
64;26
34;84
86;27
66;58
53;4
33;81
36;31
85;90
71;36
85;14
18;24
89;66
44;92
79;26
80;91
72;33
22;66
54;64
89;64
23;85
21;37
50;76
86;40
80;92
89;84
4;23
81;73
100;59
61;28
30;35
9;53
8;67
8;78
37;76
82;21
25;19
42;27
31;87
95;99
85;3
15;33
56;26
97;48
59;59
37;52
87;1
30;34
97;44
53;66
96;3
73;10
93;33
50;37
17;50
70;23
34;83
91;89
35;98
72;89
54;93
63;63
43;66
88;31
47;64
92;22
30;53
49;12
15;47
3;13
39;6
44;29
6;71
60;63
18;63
46;49
80;28
12;17
17;17
63;95
58;78
51;30
60;90
79;27
11;92
56;46
38;70
76;36
48;64
6;6
67;22
5;75
87;33
34;37
9;15
99;6
53;67
77;83
57;15
15;86
93;50
53;80
57;38
76;9
50;38
45;72
65;90
31;4
89;31
83;57
64;39
95;62
66;67
19;31
98;7
20;26
77;23
66;6
88;30
6;32
30;89
1;64
25;3
20;20
7;92
49;72
49;85
99;24
27;57
19;67
81;30
67;62
3;24
15;26
72;27
94;80
50;60
31;37
46;17
6;34
73;94
78;70
41;61
36;75
9;43
10;67
73;40
3;67
86;8
65;11
93;4
93;5
76;69
13;73
64;5
83;34
4;74
5;35
15;36
66;100
12;15
49;84
39;14
74;44
24;89
6;37
61;93
95;84
57;10
21;7
80;38
35;97
94;80
55;11
11;100
81;46
8;90
63;92
94;79
86;38
71;49
36;8
22;94
79;33
81;88
86;35
70;96
27;71
35;76
74;42
42;68
100;51
33;83
4;76
51;92
59;53
77;77
2;8
20;32
31;19
24;42
44;13
4;79
99;71
5;93
71;40
75;93
84;91
79;68
96;45
12;11
86;67
48;61
92;85
54;86
88;99
78;78
39;1
28;12
63;2
7;33
51;53
23;33
57;79
90;3
92;57
52;90
59;31
61;37
3;75
44;81
13;56
31;74
44;86
46;10
50;35
56;26
85;81
29;67
34;86
6;5
70;1
84;52
70;23
56;24
97;50
31;59
80;63
70;55
45;54
45;18
85;11
22;80
85;40
41;63
28;41
10;46
4;70
87;70
22;15
41;95
39;6
86;38
50;79
45;84
40;92
97;22
39;61
39;41
91;50
68;10
55;64
28;82
13;86
94;7
20;92
4;26
66;83
1;73
6;97
38;23
60;44
39;40
10;38
41;35
7;63
17;38
50;50
22;68
37;99
12;59
71;18
41;97
93;14
57;1
29;16
59;14
93;31
26;67
91;77
10;91
50;31
77;14
2;48
46;49
92;48
33;22
53;72
79;27
8;53
2;17
31;45
50;78
35;91
35;16
17;55
7;29
26;19
67;3
2;57
34;33
42;60
54;53
55;67
16;90
35;9
62;13
75;11
40;87
90;33
61;53
78;88
64;29
61;25
55;79
95;85
71;96
79;37
54;43
80;58
58;24
7;82
71;93
18;79
93;41
15;97
36;92
95;82
81;19
34;82
22;53
45;2
25;78
28;33
53;64
26;10
27;30
30;5
77;78
16;33
85;39
37;91
33;65
91;8
30;50
45;14
87;73
76;41
64;34
92;62
76;64
26;66
9;99
42;48
63;59
24;24
68;39
75;75
91;54
20;88
43;35
34;30
63;71
99;5
4;9
19;71
43;60
7;35
77;45
38;36
53;32
3;64
42;15
7;85
83;29
55;54
31;70
50;28
89;12
31;63
65;95
37;48
13;71
74;4
7;2
34;70
28;89
9;54
35;55
57;90
92;1
75;31
36;74
63;17
13;3
47;94
78;12
90;12
58;81
7;2
63;75
38;40
75;83
5;42
50;17
31;88
86;11
22;63
36;61
71;30
96;97
68;96
45;39
18;61
98;31
17;8
77;28
54;32
55;33
4;83
33;99
10;56
62;38
45;85
25;77
1;69
5;56
42;73
85;1
6;70
50;4
2;31
97;52
78;52
91;99
18;66
82;86
55;11
75;14
11;50
9;83
17;68
49;18
57;82
65;22
12;43
46;88
19;34
83;25
31;50
31;58
2;38
3;18
69;99
82;87
21;13
37;34
63;29
91;59
40;22
34;14
74;16
17;35
83;14
71;9
60;4
40;41
65;16
50;67
96;82
90;85
83;55
33;60
7;26
100;69
43;38
56;45
51;9
99;38
36;87
32;41
41;16
1;16
50;75
40;96
12;94
55;9
72;3
53;99
34;30
35;26
28;98
12;90
15;86
93;100
14;80
52;48
2;60
59;7
91;88
33;67
49;25
38;50
37;30
25;32
23;52
20;73
61;89
8;26
19;11
58;97
67;29
53;12
91;42
9;91
53;78
81;46
15;41
6;29
14;23
33;63
41;70
52;98
79;51
52;77
81;4
2;14
1;23
36;19
68;21
39;51
87;86
64;49
3;4
56;96
82;3
1;100
66;95
86;74
61;69
58;31
11;9
14;58
92;22
22;90
86;28
26;67
7;99
30;26
39;24
19;81
6;37
69;46
9;2
70;36
12;3
69;47
56;2
29;85
70;1
5;9
4;53
57;52
54;82
15;7
25;43
43;24
98;94
8;66
43;89
9;36
12;72
69;35
63;59
100;27
49;29
10;35
33;83
25;57
24;82
38;66
4;75
9;71
61;86
92;44
10;91
55;75
20;89
1;77
3;20
42;29
65;81
61;2
27;58
1;98
16;80
65;49
48;26
64;8
76;56
55;40
96;80
98;7
49;89
91;58
25;61
91;2
92;22
45;92
34;65
29;99
75;28
82;92
2;99
49;90
51;16
50;98
35;75
85;46
47;61
9;25
34;59
84;30
8;23
56;86
100;22
30;45
88;5
74;81
88;46
643;174;17
463;285;9
65;334;17
656;493;26
152;264;13
268;240;43
401;209;23
648;262;30
304;103;14
191;282;46
644;310;49
394;543;45
688;66;33
148;300;17
500;659;3
9;390;43
284;688;16
443;207;45
245;175;29
13;383;42
508;272;1
197;192;38
40;273;27
25;444;27
561;493;36
273;614;11
273;263;3
370;461;20
600;522;34
95;299;38
132;277;3
631;55;42
666;659;40
615;554;16
552;93;15
281;252;35
172;547;23
308;114;4
332;569;42
591;535;2
34;231;49
644;145;21
474;25;42
256;659;49
433;96;8
196;355;42
29;541;29
337;496;39
640;112;48
357;78;24
614;314;49
130;303;9
248;243;44
402;615;24
335;32;4
620;547;48
436;164;23
642;574;45
561;435;21
348;374;44
92;73;37
481;220;47
193;255;25
432;115;5
81;533;11
394;566;42
62;587;45
43;541;6
415;584;6
308;574;23
586;455;24
297;404;9
544;593;25
247;30;10
522;554;39
369;527;43
425;526;49
103;696;1
112;342;49
90;663;10
74;434;33
388;470;43
180;626;50
53;556;40
34;613;10
325;19;7
163;42;11
516;526;38
472;628;27
222;47;45
457;399;13
316;642;2
426;205;30
180;160;45
77;531;44
384;139;4
353;46;48
548;474;31
555;401;46
462;195;29
379;150;2
593;508;43
6;533;34
585;224;36
437;73;1
79;121;33
637;625;5
478;465;23
484;392;15
10;291;24
104;243;49
124;246;42
439;445;34
36;292;15
396;16;1
214;448;31
470;666;38
106;347;19
63;459;24
367;664;4
470;657;46
141;472;37
513;140;49
629;320;16
581;4;50
25;668;9
373;173;19
636;160;11
354;514;29
177;420;50
356;329;20
33;604;13
514;613;24
249;354;18
86;684;29
187;4;9
206;132;9
61;403;12
574;522;38
174;11;33
626;454;44
171;303;36
451;68;13
88;133;5
434;430;27
636;494;38
253;43;35
558;552;16
424;522;12
621;248;13
257;447;4
190;86;3
578;522;16
353;277;19
398;361;32
103;402;28
662;596;35
355;16;12
625;656;48
342;272;48
159;86;34
156;234;14
296;653;14
465;651;49
558;153;26
687;114;36
464;67;23
115;210;28
543;26;39
325;447;43
605;362;38
474;143;20
535;304;45
241;369;27
67;133;50
608;109;16
604;72;18
334;98;1
391;447;49
569;600;4
420;69;35
211;186;7
199;602;33
154;643;35
451;503;39
684;663;50
659;450;43
623;118;45
631;91;46
110;319;25
101;341;21
559;47;48
665;345;39
626;394;1
92;584;45
506;299;37
222;678;6
564;88;20
589;180;16
525;245;40
152;166;3
103;657;27
175;160;46
449;239;38
148;486;15
617;253;10
674;226;5
177;393;6
309;104;14
304;367;38
627;372;31
514;260;25
323;359;25
367;544;8
518;231;13
309;488;6
98;589;7
647;628;15
65;208;32
41;657;6
1;212;16
574;254;29
453;524;50
488;543;36
228;700;15
411;250;2
671;123;19
686;657;5
438;548;33
198;153;39
162;385;32
497;558;46
76;365;15
383;513;29
555;248;7
12;264;2
479;481;30
376;662;42
502;202;10
688;65;1
177;429;30
639;13;32
348;163;26
145;463;33
240;396;38
97;407;43
74;187;26
617;412;17
138;16;9
146;438;20
651;665;11
104;51;9
285;146;38
240;589;38
25;405;14
15;579;39
607;227;20
59;129;5
354;221;35
588;570;42
423;335;49
411;685;12
17;695;47
355;340;45
224;162;9
184;7;29
562;410;32
126;382;45
270;663;9
527;193;28
432;82;25
207;458;10
427;376;34
298;72;33
491;214;39
107;339;45
651;312;35
10;43;49
148;38;23
456;695;17
96;555;16
493;263;36
521;88;16
245;680;42
26;239;21
43;115;15
428;467;49
297;356;49
135;477;17
454;27;10
211;90;12
110;64;28
251;691;1
362;452;35
151;526;10
511;548;27
215;126;6
43;635;40
195;307;37
40;153;3
572;373;28
585;502;23
292;150;4
220;380;48
80;508;49
571;388;23
103;96;4
496;83;20
4;27;17
461;75;39
217;336;8
532;494;2
340;602;6
328;81;49
504;142;41
519;676;18
448;198;44
635;257;24
236;131;39
627;304;20
480;99;17
239;581;29
85;154;37
444;420;19
48;408;37
584;593;25
100;382;46
445;661;36
582;457;28
60;86;44
79;538;39
502;5;20
313;415;35
235;28;32
406;157;11
45;201;2
283;446;28
672;321;42
240;78;8
391;530;32
603;97;40
170;436;30
296;592;47
488;428;19
226;410;40
34;532;8
387;69;6
694;131;45
611;207;38
197;567;4
543;165;49
671;639;18
509;584;15
439;309;30
489;14;24
535;566;38
577;283;4
599;609;4
235;90;35
297;579;35
473;653;21
131;178;28
28;155;25
583;34;32
537;450;3
396;116;2
610;177;19
124;396;23
185;681;31
290;620;15
535;626;44
81;238;27
644;298;21
69;570;19
480;588;41
227;346;11
529;7;40
268;342;17
243;472;7
396;369;20
443;573;39
200;492;35
419;557;23
675;27;3
131;604;32
618;561;43
113;653;8
483;286;10
506;474;33
462;160;11
334;59;35
279;187;1
272;325;46
223;649;48
481;323;27
671;288;15
381;84;31
396;174;12
224;464;40
543;322;32
2;342;41
509;20;33
171;551;32
209;189;34
508;338;17
347;117;3
633;490;12
171;71;22
622;620;31
278;12;29
7;587;32
598;641;11
97;322;42
180;249;36
114;375;8
517;127;35
29;197;4
347;308;18
421;199;2
251;183;15
279;18;38
677;241;16
156;273;44
359;64;8
630;23;14
373;342;25
463;501;26
471;174;8
627;550;35
31;297;9
240;567;4
156;657;50
553;17;18
204;253;48
149;93;43
512;16;3
190;130;21
531;300;31
90;107;43
619;291;44
512;494;7
195;359;32
555;242;11
67;489;34
607;441;20
429;509;41
401;666;4
387;632;19
693;472;48
312;650;25
488;76;30
359;59;29
348;579;18
425;5;46
492;176;28
686;19;5
88;83;21
569;345;37
69;13;49
583;206;8
97;281;48
41;118;35
317;550;8
613;196;50
287;129;11
648;123;6
336;481;50
589;567;34
642;152;18
437;439;44
417;146;6
326;403;24
308;52;39
109;529;2
692;346;43
321;164;46
483;78;38
148;282;18
480;340;43
312;328;11
77;184;4
107;631;4
42;629;19
284;189;33
322;210;44
633;79;16
384;527;6
334;259;24
333;410;20
359;475;50
48;451;5
462;6;41
10;319;37
19;612;6
585;153;20
36;624;4
672;146;33
381;210;6
549;346;15
297;270;18
56;65;3
22;8;19
56;21;27
62;86;3
286;55;50
306;316;23
565;550;6
556;21;42
260;465;39
656;421;2
603;427;6
665;262;48
209;299;29
284;413;40
698;528;11
415;53;15
253;648;31
646;60;8
692;445;26
494;240;3
475;562;10
310;344;22
48;23;44
178;529;47
484;152;37
314;67;7
124;328;2
463;277;7
119;82;37
11;612;45
592;433;36
204;642;12
428;645;28
497;2;20
170;89;35
417;550;50
367;539;47
19;647;30
577;381;20
674;58;23
229;681;42
198;203;14
66;392;23
406;9;5
610;587;12
429;268;31
496;661;14
381;53;4
513;584;42
675;617;16
321;223;40
259;188;32
376;388;7
346;339;48
699;146;36
97;496;19
353;2;48
338;417;3
644;17;12
165;530;29
698;80;5
446;31;9
492;16;28
266;537;26
78;270;14
38;410;19
558;139;20
322;578;45
251;543;10
209;263;10
619;508;42
97;477;43
328;684;43
301;578;49
200;499;32
408;218;17
273;573;49
313;375;31
587;625;15
131;547;8
154;562;50
651;402;43
231;388;32
487;78;5
491;215;49
449;316;26
228;13;44
391;562;6
644;162;37
635;383;20
186;578;7
450;556;42
217;171;27
367;500;9
528;375;30
471;459;20
656;312;23
690;325;21
81;406;20
448;2;26
95;560;47
483;38;21
198;10;8
556;495;24
404;326;50
348;45;29
163;244;9
472;487;2
61;113;5
214;526;35
637;373;46
679;320;50
638;305;9
275;185;24
143;668;23
556;581;30
566;656;26
42;645;10
361;169;38
415;455;31
138;689;37
385;411;36
665;664;44
630;366;14
117;466;12
378;573;25
373;565;47
495;63;34
431;470;22
569;241;7
645;227;35
128;37;23
578;481;11
213;11;9
119;505;32
477;305;38
554;572;48
368;525;5
310;197;25
85;80;30
453;522;12
74;37;43
379;20;24
277;167;5
4;124;20
326;92;35
335;175;28
35;69;36
250;486;4
650;614;18
49;376;36
270;122;44
535;82;36
680;133;22
371;21;29
619;67;32
424;673;47
382;232;7
590;137;16
499;175;25
227;222;31
665;58;10
123;441;26
148;601;19
681;27;23
176;419;35
622;638;8
239;384;44
325;544;7
691;383;1
690;493;39
533;276;9
115;466;20
490;394;50
165;621;19
466;150;40
65;545;21
170;377;24
506;129;48
483;648;37
292;298;48
423;380;50
93;486;49
379;494;23
634;127;3
445;55;37
692;471;35
208;305;32
173;250;46
445;126;20
537;357;3
353;87;1
16;21;10
269;13;21
403;135;11
252;305;2
285;517;42
408;126;27
150;317;22
19;173;28
671;162;19
473;456;18
150;637;11
359;527;50
234;86;27
23;93;15
364;306;50
136;263;10
293;90;6
61;495;5
1;662;29
9;552;14
584;420;28
282;622;50
304;353;18
300;576;43
143;700;8
131;502;29
415;484;24
247;441;34
104;568;2
459;189;48
202;159;49
129;248;21
473;371;11
365;560;49
369;561;26
540;345;19
77;67;49
486;152;19
555;502;37
676;395;6
682;445;23
78;343;12
471;185;8
421;510;2
387;173;7
124;274;31
543;693;17
358;79;10
428;471;21
9;518;21
516;581;31
665;515;17
395;233;36
42;278;23
82;188;10
600;120;47
310;329;21
142;289;38
97;429;7
346;133;11
555;511;48
283;99;35
85;329;9
540;374;6
460;52;13
521;511;20
64;508;47
671;397;38
21;269;31
182;17;32
1;678;27
310;488;15
644;82;49
2;149;39
297;12;50
613;143;3
692;11;35
394;636;13
317;133;23
185;105;42
229;258;3
404;291;36
530;319;7
235;95;17
256;364;36
77;287;47
607;302;1
563;50;34
375;598;5
338;232;46
214;677;6
38;119;37
485;215;15
426;229;11
423;621;18
221;176;21
76;155;22
593;117;33
60;168;44
594;405;42
522;140;20
435;368;10
181;627;19
458;217;15
674;409;39
573;213;44
304;162;4
692;56;12
32;513;21
432;237;17
172;349;24
179;22;17
22;37;14
308;373;23
336;68;49
515;266;48
304;513;4
691;288;11
612;397;16
382;521;35
317;694;23
551;436;17
225;86;15
123;378;27
323;53;35
391;35;48
618;129;17
592;219;7
544;649;38
197;302;10
211;96;20
105;670;41
492;299;40
362;103;10
649;166;48
214;421;7
244;218;35
250;428;32
599;284;45
210;252;12
136;554;19
479;136;40
688;543;30
218;450;47
581;557;26
491;620;43
82;58;49
628;635;15
502;169;12
161;667;33
231;296;2
400;497;43
542;222;40
485;264;36
179;192;50
597;546;33
147;204;19
283;149;2
180;536;9
18;666;37
633;106;41
558;131;1
54;177;47
480;646;2
213;686;50
86;528;23
383;531;10
152;561;49
394;317;48
395;465;3
622;662;44
322;499;11
51;462;16
555;456;11
67;161;23
93;680;41
652;66;38
635;677;4
467;204;47
443;30;12
514;671;26
234;370;29
202;566;44
461;596;35
340;406;17
628;557;33
32;512;29
628;63;19
468;616;18
657;155;11
384;593;40
106;219;28
496;618;30
502;439;38
12;618;17
495;307;17
411;261;35
340;368;21
242;11;32
280;69;42
664;169;46
295;48;15
439;327;31
362;109;31
666;501;29
699;150;35
206;5;19
473;213;41
225;516;42
430;475;8
596;144;43
164;124;10
397;31;44
511;202;30
556;237;35
602;108;36
201;502;33
52;522;27
107;477;19
43;321;1
407;246;34
394;337;29
74;306;3
516;455;31
187;21;31
98;134;35
151;59;3
665;28;29
422;621;20
459;307;40
417;56;39
428;264;12
50;391;31
611;166;50
356;474;6
208;512;37
47;91;31
138;554;17
517;429;30
597;518;36
379;699;2
365;54;41
527;211;44
298;61;16
8;551;50
137;452;35
142;186;35
491;574;45
521;251;9
217;496;48
675;460;31
343;1;32
425;55;32
14;626;31
341;237;17
279;690;28
446;213;48
200;310;27
415;605;3
209;517;8
484;381;14
39;223;38
286;279;6
623;463;6
457;370;10
474;452;38
233;115;44
517;146;17
112;497;50
22;212;19
353;139;27
208;117;17
461;396;37
405;7;45
479;145;14
34;350;50
168;297;34
213;627;33
645;261;47
427;545;42
487;105;7
133;545;26
24;341;5
669;553;33
67;520;47
651;683;45
684;318;42
278;412;22
571;340;44
481;426;35
236;137;45
10;246;20
214;334;45
49;561;21
438;121;35
592;496;6
437;334;9
38;655;21
354;49;19
214;178;48
697;316;39
158;621;37
254;551;47
353;699;6
214;601;10
352;621;30
664;140;38
541;334;33
647;322;6
49;288;20
202;239;26
365;471;49
421;479;45
92;354;35
607;486;50
173;294;36
564;454;29
414;661;29
3;257;2
459;76;30
191;564;25
496;186;21
690;418;31
344;64;17
150;388;34
582;552;32
446;53;32
603;255;11
323;73;25
566;580;11
148;291;47
230;350;47
58;388;14
367;698;32
185;359;39
517;477;22
314;511;24
448;594;46
235;168;10
99;197;7
369;17;25
445;491;25
554;442;26
23;598;49
352;57;29
52;85;19
614;259;3
344;259;42
680;605;30
177;399;9
335;550;34
61;259;35
560;509;47
164;679;33
279;213;21
549;262;26
404;426;35
544;9;34
365;505;16
207;562;1
128;667;44
594;231;16
595;307;49
698;83;7
651;330;48
419;408;6
686;528;38
288;129;19
471;291;46
3;41;33
453;49;8
113;512;35
689;233;36
43;637;46
24;53;25
259;331;30
599;245;30
198;277;4
631;489;49
369;283;44
433;110;4
36;579;33
67;415;18
625;456;3
41;399;7
397;628;49
10;615;2
435;309;48
439;224;44
417;284;39
595;659;49
79;424;23
352;624;28
37;291;15
182;553;47
35;89;25
28;567;34
269;430;6
293;655;12
103;532;42
679;105;8
572;179;42
312;250;44
694;615;39
26;443;36
318;596;13
274;261;1
594;162;5
283;595;40
461;254;6
659;22;35
392;290;19
421;434;30
121;474;21
595;227;22
190;497;25
74;669;1
481;665;25
531;219;44
270;135;36
639;413;19
250;509;47
428;95;7
88;478;5
515;188;48
475;585;47
241;644;46
467;4;27
610;271;29
407;373;40
9;639;37
665;602;1
468;57;46
452;659;7
553;41;31
134;354;6
141;319;13
604;142;42
157;425;36
448;278;18
419;349;44
98;173;14
266;39;23
329;560;24
95;88;30
138;664;35
120;482;16
553;214;45
279;559;43
143;379;9
29;67;16
46;626;3
613;262;28
419;196;17
293;565;9
606;507;48
257;28;12
525;683;23
642;366;4
352;72;30
608;409;7
259;253;36
320;285;46
516;310;44
384;596;18
342;210;45
687;320;22
301;333;16
180;276;34
364;112;44
697;521;50
381;80;5
533;628;44
132;540;19
675;260;3
268;405;2
524;686;11
693;397;42
204;481;8
89;152;32
284;381;10
681;49;32
280;421;3
251;280;50
288;495;4
512;416;47
204;614;24
52;632;15
209;670;47
206;483;29
642;81;3
405;265;11
690;598;28
379;230;47
265;172;22
629;49;47
497;5;34
198;302;2
107;677;8
287;516;10
182;83;27
673;638;37
435;414;2
228;231;2
479;169;32
55;181;8
354;361;41
229;453;45
271;429;41
364;657;34
517;439;19
451;170;2
264;259;49
483;655;13
425;594;47
137;275;4
500;55;46
145;442;47
230;194;29
527;249;43
460;632;7
503;404;32
520;655;32
546;567;33
104;670;45
377;563;47
212;376;25
699;66;44
27;660;5
465;233;29
276;26;46
85;463;1
551;688;41
569;191;45
621;255;31
690;232;47
282;491;33
336;628;13
312;646;14
241;548;24
692;592;8
68;167;11
117;345;14
307;153;17
116;566;6
481;466;1
220;155;28
77;281;19
349;287;45
90;606;3
664;196;14
543;393;36
314;129;37
687;463;41
226;338;13
463;642;7
263;520;21
606;10;22
181;402;6
404;54;49
280;17;32
306;190;21
683;180;10
581;514;35
140;30;24
694;689;19
412;116;30
382;230;11
678;634;39
491;615;5
457;47;45
107;650;29
211;432;11
562;116;11
286;170;35
65;9;20
228;532;4
696;213;30
664;134;41
561;5;14
468;167;50
131;468;6
612;504;27
195;172;23
543;621;23
302;30;34
492;267;41
164;302;22
526;77;1
170;189;3
492;309;12
613;576;42
190;316;41
614;606;11
47;491;50
345;314;39
664;506;33
21;590;15
241;478;37
177;394;42
211;410;16
650;692;35
308;287;24
587;607;36
204;417;19
104;692;45
598;418;26
396;313;9
188;567;14
452;648;27
258;660;39
511;91;44
560;502;10
304;7;22
440;450;15
256;551;22
207;20;39
37;456;17
483;110;21
534;239;4
349;164;21
141;568;42
189;129;21
17;445;34
58;521;43
364;120;42
450;171;35
292;625;17
575;371;43
570;451;43
626;668;38
603;475;24
308;619;28
339;303;39
666;40;7
557;491;11
656;354;25
515;555;5
683;226;31
573;602;45
367;282;10
575;227;21
137;565;26
142;330;15
85;525;7
176;173;13
434;591;3
282;254;3
533;255;29
440;121;3
354;436;7
43;485;14
480;566;36
95;93;33
404;543;27
646;260;45
116;525;28
213;24;46
184;360;31
274;236;3
133;207;5
453;91;16
589;503;9
443;434;47
338;94;26
226;510;28
346;481;39
541;326;7
634;400;44
150;416;47
487;637;46
375;255;39
346;589;11
264;271;42
577;145;22
370;292;48
428;620;12
49;212;2
160;251;23
652;236;10
686;544;41
37;618;4
122;190;43
385;232;41
416;203;42
276;78;23
82;259;7
469;346;21
492;278;6
416;350;35
350;146;12
415;323;29
287;352;38
306;152;22
600;182;37
146;462;15
5;297;27
354;507;37
265;441;27
215;500;8
135;127;37
567;457;18
568;560;35
15;132;40
490;200;33
524;327;7
80;83;25
20;464;25
104;578;36
529;693;3
60;313;44
435;674;38
198;509;41
38;442;12
27;479;23
315;552;5
472;47;48
4;573;22
109;220;10
245;163;6
117;354;26
205;611;22
636;185;37
151;131;27
336;70;34
205;104;41
205;526;23
376;456;46
125;58;1
499;521;16
338;101;41
396;322;28
293;350;45
409;600;44
585;274;33
345;47;43
632;700;2
609;435;7
243;573;44
646;302;10
157;644;4
469;323;25
280;137;20
214;647;45
76;673;41
339;585;19
4;222;26
549;110;18
544;145;48
674;511;42
206;78;18
524;546;44
412;20;46
345;185;42
549;88;22
435;566;32
116;530;39
78;284;50
58;218;12
625;592;45
546;48;20
230;244;50
626;605;25
491;150;6
522;338;38
123;622;19
585;23;46
17;89;32
67;359;28
55;351;2
689;254;32
2;598;9
495;429;16
93;500;2
30;696;19
347;16;4
322;628;35
71;528;49
565;243;38
340;680;15
137;358;9
560;103;3
601;425;12
511;603;12
485;700;1
419;79;44
513;97;41
538;270;28
664;48;2
584;48;19
157;510;15
120;557;14
587;11;50
26;617;24
160;138;23
376;273;19
10;611;18
263;74;18
682;620;25
138;200;26
85;543;29
252;680;19
192;521;37
238;563;12
55;191;39
386;458;8
444;161;13
499;432;31
346;438;13
234;469;34
623;153;43
538;399;34
646;225;40
472;496;10
690;91;42
53;211;14
92;651;11
331;606;39
289;626;1
456;601;38
147;176;49
97;463;20
416;455;4
193;375;39
429;79;17
95;279;46
49;530;22
563;163;3
435;328;18
507;82;25
563;472;3
373;276;37
119;399;49
63;509;43
8;99;7
96;23;12
168;159;43
2;306;21
212;552;28
645;144;14
369;583;43
153;382;12
374;318;47
349;347;46
603;264;26
464;41;34
326;17;36
407;26;4
321;619;28
558;88;43
697;104;33
133;180;7
481;281;8
455;571;13
393;356;37
546;99;37
28;377;2
614;430;45
460;497;21
312;473;7
115;574;15
369;660;20
316;376;16
589;585;35
337;123;24
273;303;27
662;33;1
611;157;7
346;624;45
401;503;43
404;18;40
291;139;28
239;367;17
35;495;9
641;52;36
111;233;30
513;232;16
422;475;30
127;381;36
101;95;32
683;418;50
524;124;35
412;668;22
329;20;38
114;628;40
668;186;25
471;526;28
317;29;35
411;327;18
58;614;8
662;477;44
699;265;26
409;129;16
679;61;22
269;287;13
555;73;30
695;239;6
212;352;41
677;493;24
532;193;44
678;488;18
225;183;15
331;162;7
142;674;17
323;315;5
368;482;36
309;508;48
86;75;12
158;292;49
43;502;8
526;546;24
466;186;50
323;634;49
291;278;34
571;608;35
552;247;6
691;248;3
634;169;6
426;411;26
298;256;37
676;299;15
348;540;37
615;21;41
637;185;31
242;424;1
2;80;29
193;601;48
223;103;2
693;535;21
224;286;26
310;96;4
657;623;32
687;324;49
357;652;29
493;285;41
354;192;2
619;654;45
573;61;5
165;447;38
157;243;43
360;378;2
19;694;37
504;629;4
63;420;22
105;645;7
505;231;48
489;433;30
127;211;41
491;119;14
666;471;42
309;422;46
427;249;48
497;396;18
159;155;13
262;677;39
376;251;43
508;248;21
474;607;23
234;559;7
676;221;10
274;404;47
620;72;3
41;606;43
352;299;44
209;435;21
89;403;48
105;2;50
638;486;37
193;16;38
638;631;22
514;39;6
285;519;33
491;399;10
442;694;50
383;573;41
140;361;17
389;90;20
166;9;13
3;367;5
156;610;28
382;518;17
288;426;18
658;105;21
90;591;16
291;582;42
376;39;17
159;120;16
186;364;29
129;333;47
379;560;29
103;577;4
99;371;38
91;569;4
12;251;38
261;27;15
363;358;5
264;187;32
652;540;12
273;557;29
647;248;18
478;177;12
609;165;36
115;513;30
140;657;28
193;382;26
576;587;31
424;134;20
417;664;11
110;122;45
293;83;40
412;414;42
441;218;26
321;104;27
472;344;20
28;60;35
319;622;44
102;569;35
358;693;9
627;688;46
58;613;4
192;338;26
445;640;25
488;181;45
420;410;30
20;193;44
317;194;50
470;487;33
676;226;45
69;589;32
160;675;15
40;363;48
348;553;3
617;329;2
212;101;40
337;477;35
131;327;14
516;472;1
593;17;14
584;365;8
517;326;34
377;231;30
130;170;25
601;230;35
301;650;18
206;59;40
162;62;16
651;235;2
368;32;14
429;277;10
169;68;22
382;455;44
372;148;10
502;668;8
679;567;9
325;333;34
574;270;4
573;126;35
638;553;31
553;521;26
562;156;13
587;580;28
535;191;4
34;460;36
650;45;23
500;680;10
243;285;10
287;683;40
59;71;33
635;481;28
20;132;3
117;465;39
520;562;7
146;55;48
638;76;20
9;282;49
468;673;7
23;312;25
130;196;31
67;39;50
491;698;29
478;698;41
258;376;7
323;666;43
608;431;36
598;639;5
123;261;29
54;405;35
630;446;50
217;639;46
319;388;8
98;387;16
421;344;44
298;446;28
162;357;1
239;554;40
245;45;12
349;579;11
469;65;33
506;174;37
467;455;32
259;536;41
679;115;50
697;579;7
560;273;45
341;684;31
68;640;39
525;384;36
2;609;9
104;374;15
511;342;5
372;284;5
636;591;22
167;401;14
492;601;37
19;550;29
659;257;31
300;322;10
288;381;7
467;92;28
412;362;29
553;497;25
585;616;28
620;172;15
70;122;31
546;408;4
597;237;6
63;475;16
520;209;27
149;577;43
558;275;4
134;116;38
471;317;47
362;190;7
700;408;26
423;110;23
235;422;32
602;240;32
389;654;48
101;118;21
604;433;1
311;402;43
651;595;38
306;401;11
441;209;41
541;229;23
511;24;32
13;353;42
491;233;1
220;386;10
585;356;31
356;370;21
159;651;33
641;14;39
251;156;12
172;251;21
671;38;9
124;261;21
120;27;19
82;391;14
393;124;36
284;81;10
431;493;46
657;219;15
383;59;45
446;479;30
189;605;24
354;187;30
389;426;27
304;214;33
40;14;1
111;418;40
44;549;34
566;336;34
541;200;21
88;534;13
304;592;20
148;690;30
76;564;28
25;352;47
558;289;44
583;586;30
551;214;33
41;8;5
284;357;4
677;700;46
498;500;1
41;177;37
106;205;42
347;442;45
287;595;41
24;325;13
425;498;47
305;657;50
263;122;39
310;633;47
567;655;9
451;275;1
244;91;18
480;93;40
387;657;34
184;46;25
277;209;12
546;306;5
88;36;31
17;387;19
244;277;14
264;364;39
453;61;17
223;600;33
579;81;5
573;227;10
403;360;23
132;275;17
143;147;6
199;221;20
239;307;20
24;242;29
149;60;17
552;671;40
686;589;21
312;415;45
386;612;40
253;417;38
215;425;1
166;253;19
339;535;42
399;596;27
436;584;36
15;213;40
146;561;7
655;436;23
549;486;40
230;373;49
253;662;23
108;483;31
31;552;41
470;489;19
461;330;41
86;646;2
573;79;14
583;43;24
463;140;44
446;617;8
478;317;36
135;117;14
131;651;39
632;49;13
103;406;31
60;327;18
45;557;6
616;543;12
567;71;22
693;119;32
177;607;8
105;512;39
681;350;14
429;259;1
494;270;14
368;1;13
525;525;21
452;93;18
504;477;6
689;405;18
663;405;47
246;197;33
447;266;8
525;129;10
681;216;18
471;663;14
561;326;41
588;388;33
372;295;22
180;416;21
300;40;11
631;452;38
699;338;12
684;340;30
636;673;35
37;269;45
553;445;14
551;441;23
660;478;19
294;14;24
97;152;3
588;175;7
548;40;20
148;641;43
323;428;28
351;548;28
596;329;25
659;65;33
21;116;10
529;205;44
84;505;30
133;451;2
220;51;6
124;636;18
620;307;13
131;488;19
318;548;25
575;420;46
670;423;48
691;151;14
166;117;39
266;265;38
314;505;32
209;595;46
51;602;6
388;227;41
242;598;20
398;309;6
589;193;35
514;168;2
53;579;47
593;176;48
564;514;38
280;95;22
402;387;40
106;441;17
159;4;5
328;249;16
342;607;20
593;206;46
662;664;32
506;195;39
286;194;11
627;402;17
205;367;30
291;637;15
119;595;48
255;636;43
182;380;48
578;162;48
81;539;6
698;148;23
565;116;19
682;335;48
203;313;34
352;581;22
350;295;23
189;498;14
186;597;20
92;466;36
666;261;5
282;693;8
533;35;35
62;151;1
49;91;36
679;163;17
643;405;37
475;437;25
515;153;20
108;645;18
23;565;8
320;195;29
12;676;37
614;263;22
550;210;33
560;580;42
104;114;48
475;333;31
238;592;29
337;281;36
414;590;22
212;266;21
237;268;34
304;12;30
124;523;5
431;432;12
304;458;37
310;471;3
141;301;9
613;649;4
433;554;41
675;433;6
575;627;38
500;193;49
374;265;15
569;458;7
55;486;27
631;71;29
700;604;10
229;180;29
580;102;43
316;506;19
461;271;31
690;591;22
665;666;40
528;398;50
178;380;45
63;441;19
396;94;9
399;327;6
629;148;42
359;355;10
437;482;13
562;314;23
494;130;49
260;661;43
103;236;31
317;642;29
206;39;4
505;292;13
185;186;45
582;351;45
465;115;6
433;363;4
108;673;48
420;311;23
97;150;10
81;520;37
613;474;49
146;582;18
517;32;8
502;282;12
232;26;26
116;420;13
206;690;32
20;353;5
609;142;23
524;141;21
294;632;33
427;388;14
462;605;19
438;577;23
106;368;49
420;582;11
605;633;32
489;202;32
175;530;22
105;523;38
195;602;36
422;396;25
606;303;44
250;274;12
467;158;1
391;456;47
44;145;11
243;638;10
634;555;50
310;653;15
653;216;3
642;467;50
600;175;4
641;575;45
299;623;38
190;591;23
267;521;2
13;121;22
596;209;5
463;17;25
399;446;45
378;90;35
185;131;20
242;49;21
599;314;17
361;225;16
243;256;11
144;226;3
692;533;22
178;199;16
357;467;47
175;90;1
404;513;11
366;470;32
608;170;30
237;585;22
445;577;32
33;80;37
83;107;15
281;397;7
188;358;17
301;473;4
62;253;31
373;369;31
490;303;19
130;619;2
410;53;6
17;168;1
286;516;17
122;504;6
233;342;31
582;672;42
421;143;13
274;593;11
381;72;2
274;305;29
402;209;26
355;409;1
620;96;50
436;341;15
161;76;40
615;304;15
495;622;46
33;651;37
339;502;49
372;348;4
424;384;15
550;588;38
477;223;21
110;396;41
429;30;50
546;312;46
507;161;37
353;381;17
108;7;8
565;342;31
196;180;48
118;13;36
641;571;28
638;635;24
644;150;36
516;284;45
387;100;5
529;38;50
257;144;33
220;389;48
268;312;12
104;7;3
356;359;24
665;99;22
403;424;39
303;109;28
367;666;23
5;26;18
399;510;11
209;624;24
40;160;7
56;386;15
482;109;28
110;556;34
585;280;36
480;279;40
572;574;10
220;680;11
366;416;7
123;595;31
183;280;31
430;39;3
298;199;31
586;633;49
689;512;29
686;370;17
54;79;16
322;351;21
89;179;4
180;507;50
664;231;16
84;522;44
570;298;30
580;215;1
403;415;8
514;125;43
493;352;5
589;2;43
135;65;32
249;536;42
602;412;32
177;599;31
678;132;41
287;588;47
183;617;35
268;540;45
154;191;29
201;54;25
565;334;7
245;563;39
662;488;6
239;380;31
88;527;7
212;168;5
572;28;42
104;456;28
58;49;13
305;212;24
415;568;50
469;183;6
551;287;27
168;486;23
67;646;15
174;1;38
288;611;37
333;469;12
302;553;7
227;564;44
615;428;8
603;626;16
398;355;47
401;303;32
491;691;13
370;399;45
93;628;46
493;662;43
394;620;23
244;561;16
657;533;8
371;172;24
343;562;9
486;567;19
242;544;32
224;92;10
206;263;49
564;89;47
209;343;46
397;425;20
359;698;9
243;13;11
507;535;30
72;417;8
382;376;10
620;140;46
164;686;34
642;261;42
290;618;43
220;325;43
362;677;14
47;328;1
228;101;39
40;610;29
690;137;38
262;346;40
328;624;47
371;528;38
558;230;2
289;552;21
359;278;17
611;115;8
656;70;6
352;257;50
68;399;15
18;298;21
554;700;36
511;687;39
136;26;44
241;113;22
691;372;47
326;605;1
497;342;7
440;165;28
19;654;39
120;641;7
328;315;12
268;233;25
616;19;35
216;99;13
212;484;17
513;171;46
445;548;34
515;113;29
568;449;26
72;305;37
452;599;27
473;321;44
578;310;6
254;3;7
480;581;24
696;181;41
446;199;3
412;489;18
636;374;10
390;574;17
393;37;37
699;466;36
471;624;19
183;213;19
456;591;27
139;521;8
60;302;49
217;27;5
151;158;14
411;600;39
471;437;50
345;291;8
527;418;40
52;332;11
679;284;40
360;198;20
577;480;50
172;520;10
623;365;47
423;439;4
127;545;33
116;557;7
400;529;38
196;29;47
204;326;46
293;534;3
283;474;45
633;435;24
7;471;30
687;192;21
316;308;37
327;694;11
17;207;23
507;367;50
140;257;7
636;698;38
194;289;9
19;17;14
294;262;41
524;371;7
195;629;49
73;539;15
585;494;13
406;199;39
310;666;43
33;558;42
324;143;29
574;74;29
114;571;14
373;610;13
699;481;33
130;610;6
274;47;46
698;490;30
77;149;45
388;323;34
509;467;22
416;456;17
613;244;40
14;287;44
80;64;14
194;662;27
509;374;41
122;566;11
423;459;41
218;262;21
376;610;45
628;538;12
380;364;10
107;604;15
233;530;10
147;699;46
170;700;4
3;619;3
107;269;8
377;687;16
6;134;15
5;434;21
158;324;1
634;132;3
103;663;47
549;134;19
180;314;30
486;438;49
104;223;27
602;232;19
562;305;49
675;634;44
561;424;8
506;599;18
587;118;7
228;397;20
108;680;44
561;318;30
187;461;10
317;577;41
623;215;38
360;367;44
381;449;49
639;573;23
650;571;33
33;279;8
442;175;50
475;414;16
5;209;15
89;447;37
609;301;6
284;465;18
639;397;20
569;350;4
580;575;48
474;256;24
184;278;32
18;646;28
406;438;20
315;282;23
406;264;18
47;21;39
53;650;10
368;143;9
171;443;43
82;331;22
212;223;17
380;654;30
442;189;22
304;80;12
392;291;29
345;449;11
315;80;25
62;633;50
551;334;47
333;634;29
118;541;50
133;603;32
536;543;10
656;313;9
234;539;27
348;475;26
639;325;25
493;651;22
391;219;17
188;552;14
94;591;7
238;331;13
89;540;13
24;380;32
694;107;35
367;569;39
529;76;8
8;421;42
261;659;13
683;529;11
115;560;8
182;290;4
170;447;30
281;442;7
86;349;18
595;249;12
650;192;49
161;242;28
635;227;26
66;409;34
182;336;23
551;552;15
132;461;22
598;13;38
341;360;26
114;534;30
231;658;18
250;389;36
619;32;50
481;232;4
695;494;2
681;196;37
193;227;6
602;177;35
165;166;6
337;639;35
190;615;29
101;222;11
493;409;40
683;12;41
456;268;6
10;123;35
621;437;28
274;434;15
181;133;20
286;246;22
572;14;39
103;534;22
353;517;6
412;196;11
664;542;45
545;342;35
364;122;38
448;425;19
602;437;15
417;353;34
541;623;15
366;552;3
346;504;10
145;223;31
99;33;31
612;267;37
639;44;8
462;659;20
493;626;34
503;391;43
237;190;15
132;378;16
451;668;18
616;277;30
8;11;40
490;268;28
533;246;41
416;264;19
690;124;47
177;558;10
574;487;45
473;607;39
144;290;8
408;211;13
303;468;31
633;13;36
115;555;25
233;4;22
22;308;16
284;106;39
408;632;38
293;281;38
162;223;30
686;44;28
688;365;32
552;602;21
429;78;34
435;501;28
250;632;17
569;260;27
630;122;8
20;172;49
347;177;8
269;146;38
597;362;27
672;624;46
589;6;26
691;425;27
284;535;12
140;489;24
225;532;43
96;416;39
127;239;49
204;637;3
427;272;21
44;125;7
475;665;33
214;506;12
628;504;45
266;200;15
254;653;49
636;449;24
673;377;31
235;182;6
559;264;29
518;96;49
406;481;50
171;349;8
430;200;43
293;278;45
139;161;17
505;460;25
437;171;44
233;92;44
517;331;46
401;418;23
637;657;21
651;460;21
550;383;39
454;256;25
55;430;1
42;504;30
408;352;19
153;178;42
108;551;10
561;269;19
340;360;12
161;198;2
680;457;33
77;181;19
262;142;24
597;677;33
480;293;25
358;237;8
605;529;2
432;207;8
226;656;29
209;388;50
100;622;32
52;340;22
276;301;28
254;621;15
265;65;2
69;289;23
212;401;10
422;510;4
94;186;24
426;309;14
360;122;1
89;149;9
674;580;46
589;496;6
619;169;27
442;405;30
189;80;30
39;337;44
139;658;45
224;318;22
281;640;41
553;433;42
580;366;19
197;442;28
287;495;12
466;55;8
594;524;37
173;187;45
499;21;12
366;153;1
458;94;35
693;638;17
432;507;13
60;357;18
109;143;6
507;303;5
538;593;15
695;76;10
175;177;44
686;527;17
185;366;47
244;496;28
4;485;2
616;348;47
343;241;13
364;129;23
414;60;36
80;335;42
659;162;22
373;579;41
487;325;14
222;120;1
274;102;24
9;165;27
513;34;23
499;92;5
683;692;16
119;426;46
371;270;21
523;159;9
662;420;34
548;223;48
546;398;39
231;644;10
323;199;19
9;668;28
526;307;25
526;608;40
301;206;15
422;393;42
286;621;26
223;457;38
547;376;35
598;544;2
1;337;16
219;393;26
664;693;38
82;447;50
335;565;26
60;89;7
408;150;4
568;515;13
56;679;10
551;250;37
359;366;41
496;92;11
623;575;19
586;672;35
295;479;32
455;13;14
483;264;22
495;492;25
12;574;50
592;109;39
667;644;5
164;6;7
490;666;50
520;4;40
59;433;18
178;507;38
5;566;11
441;104;1
466;513;3
564;436;25
336;225;22
574;352;16
361;665;37
14;130;36
554;180;26
513;323;18
605;566;34
176;330;46
665;24;24
634;135;10
64;383;20
510;153;26
630;33;42
508;245;39
466;168;45
5;2;22
323;307;29
47;314;32
243;563;42
656;368;39
696;23;40
13;280;38
558;137;3
424;55;26
148;603;45
121;590;20
589;430;17
226;95;12
367;371;32
222;175;6
539;566;16
328;4;44
385;332;30
120;285;14
647;490;13
23;541;44
503;39;15
54;206;8
383;659;37
25;363;14
427;670;9
229;283;36
314;578;35
178;130;42
318;552;25
340;13;17
432;296;20
113;395;26
361;51;15
18;698;11
694;100;48
668;174;15
145;8;44
657;221;18
654;411;14
225;275;22
60;361;7
252;695;50
130;509;17
549;48;35
312;359;40
392;597;22
621;168;34
603;485;41
359;655;42
523;499;48
555;426;40
555;364;8
246;140;6
204;683;13
349;279;35
7;520;33
48;128;27
48;164;29
313;371;36
415;298;37
7;543;44
561;382;17
397;114;37
345;695;16
374;245;48
20;110;10
339;267;8
349;440;23
121;87;9
631;126;11
485;316;11
313;121;6
413;566;43
262;342;28
250;264;41
31;301;34
513;60;48
521;576;44
692;473;5
180;644;34
50;316;30
76;167;13
486;578;34
100;309;44
664;49;40
122;547;21
651;262;43
644;570;10
557;343;37
51;325;3
674;288;19
98;431;50
418;385;36
29;116;5
545;118;21
54;495;32
386;7;45
562;204;8
576;499;20
199;632;28
338;297;41
256;688;1
142;505;4
660;662;18
192;209;11
10;700;28
438;453;41
137;638;16
385;283;15
223;602;3
196;116;18
404;84;15
510;358;4
618;676;48
144;446;16
116;546;45
471;194;20
697;578;35
205;625;34
402;241;26
122;337;35
571;382;9
412;351;10
573;510;9
30;227;49
245;293;36
420;585;7
272;443;40
652;412;17
595;386;15
561;550;23
304;677;15
256;533;33
501;687;44
208;292;34
436;693;46
602;254;38
692;644;44
597;698;31
218;282;40
520;271;6
404;44;14
513;498;25
207;102;38
350;129;40
425;578;8
128;574;44
178;478;43
266;432;43
275;155;30
397;40;23
150;628;30
623;339;44
360;149;40
66;71;19
264;157;36
312;643;36
142;570;23
659;454;15
190;52;44
156;72;16
651;166;6
301;130;12
17;148;5
608;463;9
57;616;24
459;691;46
373;514;25
61;686;2
396;568;18
294;523;5
126;581;48
246;657;12
271;537;11
624;453;30
528;169;46
362;678;32
395;686;15
458;196;39
533;587;28
79;65;13
298;84;40
371;560;49
438;471;39
503;13;15
225;494;39
356;371;50
518;667;11
336;567;1
327;166;9
138;253;7
214;288;10
224;377;41
602;184;13
647;317;8
267;694;26
78;539;36
279;562;30
545;584;41
625;551;42
624;582;35
47;507;24
305;340;11
300;397;26
42;27;28
618;553;35
88;454;13
122;387;50
636;46;26
612;197;7
176;338;2
668;259;28
85;104;25
448;657;11
166;36;9
547;502;4
400;163;3
700;214;25
423;244;17
526;652;43
88;109;32
183;484;49
629;7;22
553;394;5
55;677;33
453;236;6
165;541;39
97;478;17
267;652;15
352;89;35
583;427;47
608;219;7
38;197;11
433;203;8
199;453;43
265;534;38
656;636;5
534;597;3
598;501;39
389;481;24
108;232;4
244;453;38
389;203;31
1;55;40
12;578;23
258;345;1
518;557;5
626;313;41
457;389;28
372;109;17
511;380;39
627;544;38
236;549;27
398;537;20
166;401;6
118;92;45
286;648;15
64;63;38
479;318;44
480;457;25
263;46;33
375;662;19
89;440;13
584;541;46
138;102;50
411;280;49
660;342;16
510;305;24
609;13;33
247;565;30
471;281;10
52;649;32
169;272;41
259;57;38
563;487;18
508;688;22
200;479;4
112;621;46
616;354;37
294;509;2
23;472;25
302;367;44
461;585;46
138;577;49
667;363;20
64;640;5
303;246;31
87;401;9
648;374;14
544;574;22
389;31;13
170;51;27
358;577;26
84;496;27
307;296;46
654;209;46
660;77;27
668;482;46
597;491;47
261;222;19
474;6;8
534;225;22
67;238;32
633;302;12
311;49;30
543;172;19
644;18;2
45;485;35
341;187;39
495;292;29
324;100;17
665;456;17
265;575;11
421;304;28
607;172;37
609;129;13
462;446;18
129;489;45
116;531;35
550;129;44
170;640;7
433;212;2
539;670;46
565;339;8
160;69;27
171;59;19
680;383;4
86;67;46
401;391;23
556;25;44
440;72;41
428;296;13
434;539;27
349;423;2
90;93;27
458;204;38
671;238;44
319;59;50
11;23;43
481;291;41
126;73;20
525;19;37
454;398;47
237;520;6
36;510;14
614;572;13
147;134;49
519;364;43
258;355;41
398;21;26
599;467;18
636;640;46
23;41;38
262;64;30
193;434;50
656;378;19
404;193;44
543;672;10
61;344;43
556;499;49
201;398;4
481;376;40
383;429;7
26;284;7
388;295;22
117;512;3
571;66;17
356;523;7
216;558;24
129;299;8
436;276;7
226;202;9
637;474;45
91;197;40
217;13;3
76;80;27
279;393;46
133;662;13
440;489;47
597;496;18
321;462;5
105;419;30
326;463;43
469;350;34
119;378;10
228;290;4
496;103;45
148;255;9
292;190;3
346;482;43
414;568;28
159;169;42
642;352;5
452;525;50
497;166;26
172;30;7
36;175;37
398;566;6
127;436;17
38;15;9
695;318;50
409;234;6
363;332;36
647;234;29
604;34;22
570;410;5
394;509;26
363;396;22
346;329;36
21;124;11
334;219;48
500;683;49
352;422;15
139;268;9
34;199;36
269;363;19
243;557;48
454;377;39
23;253;14
644;464;41
286;576;9
303;69;12
586;38;29
96;602;39
422;497;33
156;670;4
234;391;10
8;657;22
157;439;25
397;568;4
645;276;10
414;105;35
595;148;1
600;641;14
248;559;34
121;130;42
113;225;17
344;499;11
577;213;32
429;552;11
606;25;18
586;128;30
321;219;17
369;173;37
15;577;43
588;619;5
382;673;45
163;324;25
438;696;28
397;171;18
594;20;25
512;159;14
532;119;17
282;342;2
66;542;2
151;425;8
453;359;37
594;141;4
543;648;14
445;50;2
509;471;8
160;607;41
498;573;15
182;296;49
160;691;38
282;68;15
287;45;20
6;574;49
606;83;25
603;151;16
181;649;29
67;436;3
518;389;6
25;624;2
450;196;20
572;164;40
130;333;19
541;424;40
291;324;1
336;416;33
485;270;34
352;102;21
480;136;45
44;122;48
95;109;41
45;338;49
664;598;37
322;384;49
373;48;24
550;349;25
188;45;20
134;175;40
336;430;1
186;504;48
31;211;4
407;435;37
550;203;10
561;290;8
229;532;3
4;71;14
149;19;34
139;650;39
414;605;21
143;614;40
54;150;1
555;388;26
527;254;13
93;59;17
488;336;7
392;682;37
672;122;35
367;316;27
96;400;26
448;473;22
77;497;45
499;427;27
630;581;20
380;223;50
146;401;1
125;168;14
527;564;12
277;390;19
534;545;9
625;550;2
326;545;48
553;316;22
237;672;22
351;593;38
325;501;10
261;694;17
634;222;10
76;118;31
188;690;42
538;319;36
375;353;17
556;223;18
32;555;32
274;562;24
188;383;38
124;598;34
162;310;48
55;531;1
155;245;21
192;685;5
237;627;5
343;583;23
634;375;45
509;404;45
63;210;7
219;80;4
427;570;29
499;465;23
580;381;18
226;467;43
540;603;32
51;545;24
228;465;37
530;558;49
688;226;28
257;8;44
478;200;16
279;73;34
118;253;40
304;360;34
558;352;9
371;438;43
461;346;40
421;684;2
44;251;48
98;189;47
386;352;18
382;28;28
560;343;44
346;249;34
512;214;6
405;193;6
605;420;19
283;130;10
139;217;33
154;129;31
446;564;14
490;543;17
557;25;7
79;281;28
505;103;7
523;17;4
577;391;4
146;636;14
151;318;16
418;5;11
551;426;39
360;8;39
121;695;1
587;563;6
415;424;10
269;437;21
465;146;1
414;120;44
323;103;2
663;57;50
289;374;35
323;15;48
633;621;44
105;631;47
544;338;16
109;25;50
245;430;14
689;376;4
635;343;31
26;158;41
252;605;30
234;192;3
671;224;15
288;372;30
77;507;14
657;407;46
113;2;29
611;238;43
50;216;16
555;187;9
548;486;40
432;402;48
611;322;45
437;686;5
48;605;12
521;661;26
472;440;25
270;524;25
91;171;21
607;511;45
292;560;40
29;475;22
152;4;13
202;298;40
515;672;16
348;427;14
542;545;12
76;630;34
169;635;17
241;348;3
502;176;9
574;348;28
181;699;27
630;266;46
634;240;10
262;662;40
482;643;4
581;274;14
295;99;13
694;35;41
94;381;7
425;84;50
133;588;24
12;344;24
446;180;6
124;188;38
65;601;48
206;293;32
573;371;41
166;536;50
593;431;6
317;637;38
612;105;28
304;269;42
140;141;3
551;362;43
118;647;17
290;271;1
502;285;28
222;380;36
104;545;47
103;455;18
274;606;47
268;558;34
551;143;46
487;533;7
635;658;22
122;664;5
521;638;32
633;11;49
153;301;49
201;359;40
371;51;14
424;237;42
333;300;37
266;231;28
258;184;24
616;498;2
480;72;13
537;524;8
465;640;46
332;367;25
118;7;27
27;139;30
378;4;25
585;376;23
23;366;23
340;296;19
216;637;28
480;620;25
134;478;18
487;406;18
386;72;32
690;549;1
147;190;46
159;524;35
191;681;24
352;635;17
571;260;45
299;435;29
92;348;16
498;670;30
315;222;22
301;457;37
632;155;6
375;238;14
412;234;47
110;694;15
533;552;44
85;658;26
142;128;5
662;619;23
251;423;41
586;8;43
182;644;49
278;222;50
617;27;5
98;506;2
647;126;30
482;142;10
268;550;13
366;651;10
318;83;6
565;498;13
254;110;47
579;21;38
361;685;45
19;94;8
608;562;31
329;179;47
162;234;48
91;502;40
682;363;5
591;255;30
564;614;40
618;467;12
556;529;17
604;329;17
388;699;19
557;96;47
674;590;7
587;583;11
379;55;17
591;46;37
578;338;24
213;69;50
515;430;24
390;44;28
406;84;28
601;106;31
621;93;25
156;522;28
312;37;50
617;593;9
260;139;26
82;430;9
86;611;32
19;118;19
140;58;2
305;93;18
551;481;12
581;305;41
239;103;22
486;127;5
72;218;48
167;9;36
197;295;35
400;657;15
534;600;32
600;105;16
16;250;50
584;548;40
640;172;49
17;672;29
518;518;33
549;19;47
305;28;50
558;431;5
647;52;44
122;3;29
76;313;6
129;560;35
632;56;47
70;512;37
23;394;26
301;275;26
201;466;3
643;693;7
475;185;45
360;449;1
647;598;48
567;168;2
172;150;8
89;561;35
305;281;1
546;319;39
466;406;29
269;638;31
649;490;14
56;307;41
442;503;26
397;697;26
269;485;20
494;338;4
244;171;44
616;618;46
165;212;36
280;602;21
196;349;9
447;494;41
207;295;10
292;120;44
498;668;22
564;290;1
472;248;13
180;278;14
537;356;38
53;1;7
243;19;6
52;374;9
68;300;27
239;657;38
235;424;47
492;560;23
613;112;31
601;278;23
162;413;3
23;376;48
56;76;42
333;407;9
243;67;16
368;455;31
360;407;12
250;270;3
423;672;15
494;568;37
473;325;23
92;687;37
513;355;33
446;43;49
392;332;11
275;468;33
216;531;37
301;418;37
444;10;7
45;616;50
374;469;11
341;89;32
626;265;22
267;387;41
70;29;28
509;288;46
617;365;24
422;259;37
462;157;43
105;539;22
241;266;22
612;352;26
632;681;18
20;54;35
290;197;30
115;362;3
283;580;21
601;415;46
695;4;12
345;619;24
655;92;37
204;662;33
360;427;32
567;676;38
690;260;16
365;523;35
458;491;42
258;166;34
345;410;47
276;299;15
460;406;7
84;626;19
400;433;7
541;141;24
419;685;2
193;327;25
577;594;27
72;304;6
410;254;41
134;695;28
20;386;34
532;452;4
176;426;48
672;509;38
36;440;42
340;653;17
686;415;23
273;82;14
422;149;11
159;599;21
296;114;14
165;155;24
542;63;13
323;258;44
524;585;35
300;211;20
293;315;38
105;269;4
587;491;24
25;255;40
284;644;47
88;404;47
601;78;16
48;468;7
585;417;35
689;107;15
19;426;11
214;670;10
296;72;50
415;437;2
621;97;40
470;218;23
10;541;22
301;368;45
414;665;42
512;517;19
238;276;28
559;144;44
74;689;23
149;68;1
63;179;23
620;238;21
35;103;41
157;161;22
466;331;5
230;41;16
555;580;16
119;266;36
42;212;48
684;272;45
469;627;25
635;270;38
578;504;14
326;469;17
195;229;14
481;126;42
596;161;21
184;130;20
317;249;10
262;366;31
105;580;40
139;683;24
337;592;12
353;217;46
669;18;23
397;146;7
295;104;19
311;522;42
568;374;26
375;407;46
116;269;3
77;641;32
106;165;10
201;587;8
243;175;1
183;402;24
512;617;40
495;296;13
699;302;50
678;685;46
325;61;36
83;470;11
476;496;45
482;436;12
81;182;26
316;22;8
480;141;29
594;78;11
328;340;39
225;464;2
438;392;13
661;648;47
506;260;16
112;179;21
516;364;38
423;286;37
3;642;25
463;609;27
578;184;1
590;672;10
7;128;13
420;214;21
462;211;49
524;8;19
308;479;32
267;468;20
472;531;7
571;408;13
440;263;24
97;343;39
377;358;48
262;557;45
535;253;9
75;429;39
541;91;48
76;194;7
125;236;6
562;264;31
540;614;21
486;646;46
239;142;39
74;660;34
56;630;44
9;478;50
37;453;22
546;380;48
656;52;38
125;619;50
608;217;13
168;10;39
379;481;23
554;331;6
429;673;32
232;621;34
437;201;24
201;325;4
231;634;41
82;245;38
674;655;16
149;32;48
353;275;47
280;225;39
691;64;33
212;380;29
550;378;45
530;48;11
10;229;31
186;670;23
575;472;29
281;273;21
641;96;46
553;426;25
499;163;30
227;102;13
26;564;13
639;47;5
602;194;39
544;32;35
326;425;17
94;686;46
577;375;30
46;530;16
292;619;43
428;575;40
53;693;16
43;215;7
545;463;42
132;366;2
307;697;40
672;102;33
259;599;34
201;278;35
352;209;3
231;654;31
339;27;1
15;420;36
286;536;14
262;687;34
544;449;46
448;250;6
235;436;3
335;142;11
146;136;47
444;477;14
384;544;19
636;51;15
422;145;47
111;81;6
191;320;16
500;608;48
343;219;44
316;382;3
351;329;49
390;514;4
367;284;29
463;618;5
87;535;42
200;263;29
484;262;36
104;431;10
593;129;36
667;235;47
475;74;40
102;218;27
500;522;39
105;107;12
47;630;7
560;496;3
344;139;20
388;93;31
417;54;31
568;473;1
140;371;10
496;473;27
573;368;10
610;467;16
690;269;26
150;606;18
100;596;22
217;4;25
339;178;39
389;40;27
236;526;24
588;64;28
326;10;50
579;405;29
130;147;2
392;97;33
332;656;35
120;562;36
383;560;14
443;24;45
58;39;14
380;594;19
232;514;36
497;386;1
239;77;4
390;639;32
67;540;28
635;193;24
540;444;49
437;593;46
434;623;21
568;265;38
551;532;37
195;423;48
563;455;42
168;498;27
208;374;21
393;363;23
449;328;22
537;499;39
428;538;30
239;374;41
196;126;39
353;474;11
75;84;37
515;459;14
304;298;11
694;37;2
604;415;8
78;198;19
360;23;29
276;113;40
513;648;3
635;13;48
605;97;46
304;369;47
220;650;13
424;518;26
248;382;30
644;460;37
626;606;8
363;39;8
87;75;24
67;576;21
590;176;25
582;688;24
291;348;31
563;629;7
591;83;14
654;236;38
494;429;1
208;93;31
231;415;43
613;661;31
609;25;3
496;454;11
75;498;22
691;53;18
365;305;46
626;479;49
32;136;48
97;563;22
56;182;30
418;156;20
468;593;32
259;699;20
588;327;7
374;630;41
121;38;31
546;605;18
58;526;23
373;502;48
371;70;47
592;84;48
341;152;20
274;559;26
263;100;21
598;663;7
319;675;11
242;249;18
154;406;26
269;502;7
266;527;20
115;522;14
208;649;39
478;571;27
572;493;12
20;552;16
298;38;4
172;664;6
561;425;29
339;141;11
39;102;49
437;213;19
390;111;13
457;102;14
299;502;41
590;575;34
99;633;1
610;475;48
198;194;28
418;511;1
193;97;46
108;640;24
32;179;34
290;327;44
27;195;42
303;108;41
358;240;24
199;600;24
412;598;25
121;139;12
627;440;50
488;256;8
267;326;30
20;518;11
384;435;6
244;382;37
80;346;7
152;305;35
475;698;31
158;54;20
215;665;32
15;462;48
477;76;14
395;635;39
410;448;32
657;111;42
194;458;1
258;650;34
524;153;37
387;647;21
558;491;27
115;535;45
107;673;17
650;41;6
513;403;24
2;545;14
633;557;21
133;231;30
106;692;41
300;99;18
303;635;33
513;191;9
612;447;13
559;269;17
549;161;45
429;289;47
417;260;34
570;592;1
162;104;27
97;445;26
420;644;7
236;299;2
325;126;24
540;138;15
19;45;48
502;280;31
374;57;1
657;405;44
283;264;13
597;239;35
659;355;12
440;455;28
201;515;22
558;494;45
133;311;6
622;95;50
473;418;28
357;629;20
683;20;41
191;244;41
65;320;18
73;112;11
546;530;43
284;502;16
543;603;4
613;488;3
156;638;25
328;374;43
677;57;8
220;279;8
583;450;13
358;283;50
459;290;9
187;145;30
62;660;17
581;528;13
231;578;48
488;372;42
624;649;13
55;255;2
5;29;24
477;439;18
340;186;45
496;20;21
500;451;5
594;156;48
389;180;33
462;36;29
130;38;5
427;3;32
545;397;14
183;461;29
280;690;32
146;107;20
682;454;16
180;183;6
98;695;1
281;136;43
678;246;28
273;49;47
234;507;37
58;391;30
664;264;6
577;494;1
60;335;40
283;231;42
505;172;48
519;107;46
63;645;19
437;357;22
196;208;41
384;246;42
367;372;1
668;247;15
91;226;10
588;380;48
224;147;9
336;16;2
473;110;5
376;420;42
386;624;15
477;276;1
297;659;30
6;461;46
194;501;18
253;508;45
669;331;25
64;307;18
564;101;47
367;318;14
212;588;32
644;522;43
503;84;47
543;684;17
360;506;3
393;283;12
247;281;19
493;522;22
47;166;33
598;171;29
578;326;16
484;517;41
593;145;48
531;494;45
75;314;6
591;450;44
111;153;26
176;585;21
95;115;31
336;284;46
451;303;3
312;685;8
322;56;2
105;87;48
521;296;28
64;241;19
683;482;37
647;479;10
273;185;18
429;406;17
4;363;35
283;73;43
278;236;14
348;405;5
457;207;47
48;213;12
647;616;9
139;58;45
412;242;45
551;245;43
332;469;33
206;693;46
661;427;49
57;689;50
514;94;33
656;390;39
548;491;27
103;88;29
177;198;1
504;422;46
624;4;46
421;410;27
422;225;25
100;513;30
694;93;9
168;77;11
269;660;34
433;511;31
216;203;28
583;267;46
596;588;32

