800
19914
4800
20;52
15;25
18;64
55;91
61;96
98;63
19;77
35;93
55;39
67;24
19;78
46;47
39;34
22;53
41;46
76;9
78;53
44;35
73;13
12;32
61;37
94;97
70;79
27;63
64;99
11;49
54;63
74;51
22;97
38;24
58;50
68;49
48;81
5;69
35;32
93;4
93;42
91;94
81;35
91;68
58;9
14;36
7;8
5;19
3;85
13;25
5;43
99;41
96;52
2;78
4;36
38;9
64;56
12;76
37;46
90;68
9;47
78;5
70;69
54;63
26;44
18;77
82;69
49;1
79;19
3;78
53;10
12;12
28;77
55;63
13;35
78;43
45;30
37;50
66;1
70;51
18;9
15;15
94;99
11;19
57;48
16;50
61;38
23;9
95;35
79;38
37;27
59;89
78;83
86;89
15;1
20;71
61;20
11;80
52;98
93;6
49;57
89;38
72;7
14;61
37;12
75;13
38;62
94;21
55;45
36;46
57;17
17;14
81;65
41;15
4;38
30;78
16;53
42;40
86;30
50;58
20;26
25;32
55;16
34;41
9;76
41;12
52;48
44;26
31;25
7;84
83;86
87;54
78;16
12;38
84;91
18;84
74;36
80;80
60;20
88;32
20;52
79;39
5;71
14;29
27;6
12;84
51;51
23;8
7;50
93;64
97;97
71;49
64;22
92;41
93;71
88;41
84;54
44;56
63;54
75;12
24;82
80;30
62;37
39;42
11;12
38;69
41;57
40;48
34;25
97;90
39;56
29;53
64;32
59;78
23;36
62;3
8;20
35;3
100;15
86;5
89;80
47;73
61;82
86;73
92;87
74;55
13;64
51;61
66;20
56;21
31;58
79;38
77;64
65;42
51;54
9;26
26;32
73;21
83;42
20;39
38;62
97;61
35;55
59;99
8;100
14;74
41;52
100;69
24;98
85;15
53;18
55;67
58;11
14;4
33;99
71;100
75;20
93;23
6;69
21;52
30;34
67;72
92;81
18;84
20;87
1;87
69;62
21;69
89;25
31;6
99;5
62;42
68;27
74;41
49;41
56;60
26;53
14;24
69;94
87;95
59;65
4;5
96;59
50;3
14;6
33;64
19;77
38;18
13;22
60;48
20;72
13;11
23;34
7;49
79;78
67;6
27;26
86;46
53;73
23;75
47;63
46;86
71;75
99;56
81;98
23;87
35;37
35;16
48;55
2;60
50;19
29;36
53;13
64;61
76;51
64;16
2;2
11;98
31;59
40;100
74;17
23;15
63;93
47;81
54;58
63;52
2;63
6;71
29;82
88;50
81;26
72;98
48;93
5;54
65;8
45;42
22;1
29;67
79;52
48;60
28;41
46;53
92;46
73;37
58;53
71;30
64;37
75;76
48;22
90;58
71;19
91;70
78;60
11;12
43;77
27;51
48;86
31;68
75;21
79;32
34;58
25;72
10;94
63;8
16;79
84;5
44;7
94;68
98;48
26;17
31;61
19;28
24;92
82;84
99;36
19;98
79;86
78;49
6;75
77;88
30;20
18;91
72;82
69;32
37;76
42;82
52;72
49;65
53;32
11;77
60;75
98;84
30;67
58;88
9;76
3;25
99;87
11;37
32;49
96;25
24;16
23;68
5;17
8;96
47;64
14;24
83;1
92;58
18;71
6;85
14;26
5;39
91;53
33;30
3;71
93;21
88;37
18;70
26;9
13;10
22;17
67;17
27;15
32;68
21;33
40;41
29;49
6;66
5;87
74;35
21;42
25;6
34;41
73;36
88;12
72;43
57;32
91;35
60;44
70;34
81;77
65;87
42;65
35;30
23;36
68;15
26;43
2;53
17;42
85;95
66;57
48;51
38;36
68;10
15;29
87;52
3;7
33;40
65;29
95;39
91;67
66;70
87;65
44;87
35;39
75;67
72;49
1;74
43;49
39;66
95;10
91;25
91;16
33;3
55;94
51;13
74;7
4;53
43;29
79;58
78;56
57;83
7;20
92;35
24;99
56;92
76;30
65;59
28;62
43;40
51;35
62;28
63;21
97;87
78;55
29;39
48;25
80;47
77;41
69;92
39;58
52;32
70;90
49;28
80;75
73;100
22;81
9;43
92;66
99;65
17;75
21;50
25;10
13;99
72;69
59;56
58;83
69;72
10;98
24;18
61;78
49;59
94;4
63;8
47;31
45;38
15;28
73;83
87;48
54;76
64;60
31;14
38;84
56;91
55;50
74;23
36;83
45;63
13;91
25;81
57;82
75;70
36;14
9;29
20;33
81;70
71;17
92;31
31;91
38;94
25;29
10;80
5;54
63;94
82;52
91;99
14;21
73;98
96;27
26;22
77;39
68;67
35;1
43;60
77;67
29;87
1;7
13;61
95;3
5;40
74;4
28;83
13;79
55;9
28;93
55;85
26;17
17;82
71;24
39;51
3;32
79;62
54;6
94;34
39;35
93;64
20;18
92;71
12;76
1;60
75;32
33;29
15;27
83;76
68;61
57;41
71;74
26;66
80;96
74;63
30;36
85;6
92;24
60;24
13;85
43;62
37;2
84;71
51;17
65;79
24;97
44;14
43;54
16;19
87;29
24;48
85;76
80;87
42;18
80;58
85;24
65;43
87;77
47;44
48;12
61;75
37;31
49;86
27;74
31;82
16;7
37;5
15;30
73;54
91;62
59;56
23;91
31;24
72;86
19;34
20;58
14;99
15;21
95;60
37;92
45;18
22;56
44;9
90;14
70;63
26;2
10;44
25;12
49;4
56;80
35;46
12;93
35;75
84;40
87;38
15;7
68;87
89;20
74;22
92;12
62;63
35;39
36;17
9;73
95;72
95;100
27;12
23;96
22;67
6;79
44;91
79;95
42;14
10;1
15;98
91;5
89;78
34;76
25;6
8;29
29;19
46;41
21;72
46;27
90;56
56;84
95;14
90;36
14;78
96;97
38;23
51;75
6;18
40;70
31;9
54;33
36;2
56;93
38;90
34;50
7;86
19;16
24;61
87;78
43;52
35;12
59;51
14;48
91;90
52;97
11;12
27;7
26;71
93;2
65;57
53;85
49;84
97;42
38;30
41;50
31;95
19;64
47;83
30;31
47;15
99;60
12;28
62;81
44;21
6;40
59;19
27;49
43;50
100;84
93;78
71;86
33;51
37;42
62;99
12;84
50;75
11;60
55;6
100;57
22;9
77;9
35;91
74;24
39;93
76;67
18;29
94;36
73;49
84;81
55;63
20;19
96;93
26;9
11;76
17;9
81;74
96;42
75;52
64;76
76;44
75;18
81;71
82;23
91;57
64;39
87;63
50;65
37;46
79;74
38;19
85;56
43;5
83;2
11;27
90;80
62;39
35;99
77;36
87;63
78;97
37;69
17;91
29;96
77;21
7;72
48;59
59;58
45;36
28;51
28;89
96;52
1;43
99;71
11;24
44;72
12;3
20;11
53;27
2;38
36;55
84;78
58;31
57;4
96;94
97;54
29;8
21;8
9;68
55;17
18;11
38;15
56;95
72;32
73;2
29;10
46;3
8;6
35;77
57;52
42;32
26;31
51;77
67;53
42;40
24;58
63;53
89;78
34;88
94;77
70;90
22;100
3;97
75;81
52;16
744;484;31
361;393;35
202;460;46
553;77;21
429;326;35
617;705;11
306;790;4
617;347;45
85;560;3
390;15;46
685;395;13
647;31;8
504;105;27
441;589;2
160;519;26
168;221;19
609;573;18
62;632;14
649;677;11
782;690;36
550;59;5
264;586;1
202;590;8
622;256;39
122;563;4
649;44;37
166;519;29
212;16;9
101;273;1
644;175;14
81;255;11
125;281;11
573;482;8
505;515;3
781;764;34
536;357;47
53;681;23
244;713;34
310;74;42
481;315;13
219;101;48
379;715;18
72;359;1
706;351;36
488;490;17
699;243;31
255;726;37
335;541;16
56;514;26
726;192;14
613;486;49
230;142;42
384;679;16
50;444;19
82;422;8
233;730;23
327;6;13
681;434;8
723;336;5
544;101;49
341;635;26
753;580;15
469;790;32
119;429;32
655;620;44
751;355;5
68;662;29
696;343;49
748;780;3
454;320;30
597;158;23
365;49;8
426;694;42
606;743;41
490;3;23
62;731;16
385;491;44
762;754;25
60;44;29
330;616;23
321;17;47
194;675;43
123;543;41
493;105;25
799;16;30
753;659;31
634;781;25
726;273;14
50;51;22
677;302;37
46;550;35
107;635;32
643;609;24
201;617;24
637;35;36
322;368;8
10;607;10
777;532;19
668;148;39
549;46;40
382;459;26
473;530;34
121;751;6
619;331;12
76;446;49
74;271;3
257;764;21
86;575;6
144;134;44
306;408;15
706;551;40
725;200;33
201;390;2
543;77;42
601;682;10
192;687;31
302;180;7
96;603;6
78;414;14
690;113;12
679;182;32
56;398;16
707;39;44
495;256;41
158;544;19
169;683;28
725;578;14
28;720;46
59;374;47
224;35;50
97;308;19
124;470;10
470;610;50
171;75;4
304;440;42
597;211;17
463;282;43
188;16;20
631;268;20
391;24;50
129;184;49
640;239;47
734;321;49
556;10;5
541;638;13
329;11;3
681;261;30
538;333;40
314;717;27
476;128;32
507;215;4
250;5;49
530;521;42
32;475;23
94;750;41
395;735;23
144;533;44
715;660;2
455;654;5
447;439;50
588;493;32
787;315;3
575;433;25
568;444;13
353;269;7
662;759;3
102;150;37
168;470;3
125;197;29
367;694;9
409;273;14
12;433;41
223;701;8
798;325;29
250;182;46
587;730;39
71;596;36
795;169;33
791;587;34
119;45;43
367;184;20
95;142;15
172;274;40
264;186;30
735;459;42
246;388;36
522;471;34
120;325;45
517;154;19
653;433;24
289;612;48
360;370;24
139;705;1
796;105;50
354;167;8
566;267;25
458;263;6
120;66;32
709;37;9
608;800;11
548;379;48
160;780;8
754;582;26
417;694;40
439;305;17
682;613;28
4;68;2
654;195;28
276;325;32
114;594;42
625;472;26
788;413;31
439;497;24
6;113;42
13;523;50
537;636;23
250;85;37
345;371;45
564;287;34
564;413;32
522;428;2
554;238;37
46;192;32
435;621;14
770;750;48
600;408;42
533;306;44
593;79;2
253;718;36
780;536;4
475;128;25
345;605;29
270;761;16
555;606;4
336;743;28
579;83;46
212;208;48
671;187;23
360;741;46
624;626;13
113;780;42
521;786;50
641;425;24
588;745;13
1;181;34
366;21;43
490;255;39
745;150;38
655;773;22
579;532;15
104;384;39
475;595;4
458;519;24
670;55;42
603;29;30
348;20;46
190;686;47
354;373;11
453;431;35
6;724;18
168;125;11
207;421;43
51;548;32
175;25;25
329;378;30
44;473;29
605;752;45
45;341;23
131;182;49
601;50;16
48;757;50
239;243;46
744;485;2
446;150;45
340;664;8
188;635;45
375;381;16
498;422;7
432;10;15
19;470;6
426;631;25
49;180;37
337;312;8
72;211;35
722;646;26
261;409;16
306;184;41
159;18;31
76;479;11
119;43;14
126;248;39
559;647;17
468;655;35
539;149;44
186;141;25
414;287;46
287;411;40
766;233;13
262;221;33
155;327;18
431;511;2
629;248;48
522;753;29
773;82;43
775;13;5
715;266;37
662;131;50
543;353;46
741;392;10
430;48;33
138;456;39
117;582;45
87;101;50
478;62;38
765;386;17
247;169;26
174;743;36
220;286;34
97;237;26
216;533;26
439;29;39
499;775;19
108;203;50
11;83;34
784;33;41
654;756;47
506;470;15
417;220;12
478;631;16
766;537;46
23;650;28
618;277;48
709;743;31
333;24;28
577;245;37
15;91;46
216;703;45
364;473;29
243;101;40
18;7;19
728;81;49
222;159;5
132;84;43
586;563;27
450;782;16
615;607;28
22;346;15
325;610;4
105;421;12
317;723;31
52;759;30
355;711;18
650;195;24
689;149;23
539;3;20
755;581;12
357;431;41
418;463;14
513;28;18
790;700;29
209;330;28
487;310;5
444;180;18
438;107;16
752;681;37
511;126;17
34;221;36
425;281;18
41;312;28
286;528;43
726;762;8
239;439;48
508;244;18
734;544;6
779;139;46
365;296;21
23;779;8
584;291;14
553;60;40
77;170;4
719;795;45
486;261;11
405;243;14
155;340;13
659;237;27
719;288;35
694;732;7
741;615;36
194;694;35
405;528;47
443;59;46
471;202;40
36;369;42
662;395;31
256;278;34
218;438;20
637;611;24
230;502;6
183;548;7
208;697;9
421;51;44
157;602;27
652;446;28
309;287;28
284;300;41
779;221;27
554;520;15
636;691;9
515;602;45
701;85;28
226;36;48
652;139;17
749;711;11
722;606;43
18;380;15
30;458;39
348;792;38
166;20;21
586;498;3
669;487;32
209;624;2
130;4;31
402;302;38
546;756;49
66;775;26
7;421;38
688;619;34
114;65;4
503;335;48
446;748;32
750;103;31
574;7;9
503;428;19
517;580;45
257;109;30
797;426;46
421;311;36
799;195;43
717;616;41
401;606;3
592;375;9
737;545;44
332;463;15
636;51;45
111;67;13
93;588;20
118;175;23
646;467;48
467;159;11
501;702;15
483;482;46
470;464;43
702;410;39
773;568;30
468;50;17
785;228;40
409;745;32
149;527;42
152;593;29
91;345;30
427;522;14
451;12;15
659;737;19
303;751;41
365;352;37
529;377;5
417;324;38
486;36;4
578;207;3
216;191;19
96;615;5
777;502;5
395;797;34
112;20;10
341;727;21
700;45;19
288;300;27
35;89;47
334;712;25
529;60;9
227;287;2
246;490;12
493;230;9
76;751;20
182;559;32
219;630;7
556;355;6
129;423;4
308;434;42
765;630;11
36;516;15
208;424;45
740;528;50
433;770;34
16;624;12
257;413;31
722;554;12
190;518;46
248;477;14
361;90;45
735;113;47
465;411;44
80;737;48
448;583;17
673;520;27
520;762;44
423;410;34
134;581;4
717;574;39
480;499;25
292;323;33
409;689;35
23;755;6
133;707;46
83;540;9
60;206;6
292;13;23
318;651;44
518;540;19
622;521;25
287;638;30
507;37;5
191;702;7
589;444;37
303;638;16
292;570;30
115;589;27
175;604;47
305;71;4
71;694;24
721;470;33
548;23;14
554;762;25
166;68;35
264;561;3
595;605;21
188;276;5
35;94;20
591;691;16
726;136;36
417;21;30
721;420;30
742;635;14
699;446;33
349;567;50
320;374;21
546;127;22
161;91;41
149;79;19
236;228;1
687;122;41
404;757;15
614;74;35
522;553;39
23;253;3
559;576;24
728;558;48
697;320;48
583;631;19
693;57;9
728;690;31
458;54;11
25;778;15
82;71;34
748;228;13
51;295;22
245;404;11
188;451;27
617;415;8
510;493;17
504;446;25
520;576;2
585;333;19
336;58;3
255;589;2
659;783;19
544;232;13
449;334;33
486;203;47
504;514;17
501;592;41
608;619;5
274;249;7
367;760;17
373;561;23
328;590;15
694;603;22
721;545;5
458;444;44
395;704;11
569;168;39
590;352;40
146;360;26
416;594;39
476;309;25
240;342;49
500;716;16
789;270;10
385;549;7
87;102;8
21;642;16
756;274;43
336;407;49
377;124;18
208;66;34
27;223;7
796;628;32
189;207;39
364;705;15
516;376;14
299;540;24
731;45;48
463;238;9
534;110;28
539;660;10
91;382;45
728;80;23
430;255;33
73;790;26
336;778;15
497;582;18
789;774;9
211;221;20
88;541;11
203;516;31
616;85;4
710;627;47
601;305;5
204;718;50
742;71;6
186;737;38
578;82;23
298;283;24
2;634;24
321;411;21
709;421;31
195;240;43
301;737;49
232;557;39
373;459;49
77;31;10
743;671;4
637;622;12
233;490;7
655;323;23
586;311;17
183;360;8
212;275;43
571;642;34
27;264;7
539;361;37
455;583;20
538;295;10
341;670;5
547;785;7
653;347;48
47;418;41
732;235;21
450;129;22
714;355;24
32;518;41
676;700;38
491;100;9
152;499;27
470;773;45
132;48;31
792;740;37
454;585;34
557;499;31
610;683;38
399;724;24
343;559;23
782;29;36
740;48;26
199;94;21
604;388;44
706;780;37
56;148;40
209;496;11
374;515;4
714;356;10
681;406;43
186;624;17
754;420;29
145;603;48
199;628;34
20;225;41
42;775;30
554;191;41
537;97;38
637;217;48
350;760;39
221;271;24
426;539;43
129;105;2
20;405;43
387;797;2
533;193;19
769;784;34
59;115;41
27;518;20
662;392;50
765;421;50
30;742;6
445;439;5
343;534;34
566;6;42
432;104;41
788;38;14
252;719;46
341;266;12
444;569;30
689;112;13
660;309;24
592;679;31
462;238;1
481;221;48
709;405;13
147;617;14
299;301;40
775;758;37
794;259;46
643;793;10
561;29;50
270;679;5
532;271;25
742;45;16
692;163;14
287;286;11
338;56;42
72;186;36
669;783;32
57;679;44
166;230;12
616;158;33
421;714;1
382;30;24
214;4;49
513;800;17
304;523;34
51;726;38
591;176;10
228;771;3
508;5;12
602;592;16
170;139;17
55;304;5
311;203;32
748;555;21
459;709;29
44;601;5
628;99;29
220;124;48
96;92;11
672;348;5
576;744;4
638;419;40
328;780;5
306;74;45
596;68;2
87;258;39
632;30;4
330;169;23
178;528;50
44;464;13
384;18;43
400;225;12
242;209;49
306;403;18
723;595;26
716;58;37
387;376;32
600;692;8
748;382;12
744;683;25
503;604;24
404;371;11
148;438;10
679;310;38
670;63;46
473;3;6
552;336;50
265;375;6
508;3;28
411;441;33
736;638;35
70;4;5
223;560;30
196;389;26
691;641;14
492;310;49
752;44;22
95;746;48
62;760;46
125;654;18
274;158;33
646;242;30
44;104;10
753;28;23
368;681;35
434;226;10
440;687;35
461;770;28
344;105;39
103;212;43
535;529;43
645;701;38
686;212;14
577;204;15
633;774;1
252;620;34
163;406;1
327;489;47
438;38;48
702;562;24
107;466;23
147;5;6
782;91;18
96;574;15
54;537;30
35;288;33
337;681;17
252;210;39
670;690;28
135;381;34
230;356;1
83;585;21
710;686;31
79;88;22
688;791;46
40;122;20
395;333;6
216;214;23
530;788;12
382;194;22
28;729;46
380;260;30
604;261;13
55;135;25
45;422;40
667;132;10
390;150;2
786;127;39
401;44;5
338;554;13
482;101;7
743;599;20
302;266;28
575;268;11
439;303;46
169;152;24
753;64;20
245;415;38
240;768;11
287;588;33
169;48;26
362;39;49
508;447;12
698;282;36
419;717;3
790;284;16
722;201;7
143;409;23
737;572;47
301;223;25
94;520;28
602;646;28
403;687;42
359;54;22
90;339;3
608;176;12
767;73;3
360;418;18
388;314;28
597;445;36
502;176;41
471;295;34
96;562;10
143;489;46
411;476;23
7;695;1
669;29;43
61;258;42
568;240;47
763;705;5
721;142;49
255;548;32
518;19;12
139;643;37
406;114;50
793;703;49
510;767;24
588;242;31
41;403;5
553;394;46
393;128;32
661;586;46
102;287;49
767;619;48
456;673;12
549;95;47
10;782;20
275;461;21
681;551;24
648;518;50
590;137;29
58;485;27
527;489;18
33;521;40
580;399;34
59;427;44
101;190;34
74;461;5
153;25;8
742;441;49
199;574;9
670;521;22
14;485;2
395;266;36
629;557;4
160;494;48
91;728;44
495;793;36
445;345;26
798;438;26
266;581;6
483;411;50
651;493;50
278;179;13
340;691;13
598;675;2
216;133;12
129;605;21
99;644;18
659;538;6
212;681;37
213;191;2
749;89;4
685;640;17
442;319;10
428;326;6
401;665;18
478;331;12
247;65;44
427;655;48
216;120;21
695;418;20
766;309;9
166;52;41
402;221;20
121;349;42
19;354;3
8;123;3
595;228;18
521;420;17
506;199;24
374;772;20
433;619;26
106;617;3
676;143;23
699;405;10
548;273;13
140;556;10
701;297;47
487;491;9
769;417;39
554;50;33
285;636;2
441;775;6
28;693;27
761;458;10
529;703;24
293;763;35
577;637;12
196;741;26
206;302;14
791;216;13
215;39;37
316;665;7
793;128;46
574;381;45
761;641;36
308;697;4
733;158;19
268;134;30
696;515;39
531;475;25
723;149;45
290;23;43
666;753;16
42;367;13
687;83;25
785;748;47
560;196;12
301;704;37
725;440;5
100;198;9
704;688;3
709;434;12
320;428;21
194;412;16
151;233;3
267;191;30
82;150;36
407;580;40
113;71;35
569;214;41
37;692;14
379;356;41
753;529;17
739;729;48
53;397;21
690;673;23
30;735;40
746;251;45
559;748;28
411;588;9
457;288;21
536;28;35
323;335;48
333;460;28
192;258;44
655;394;22
106;37;37
292;340;38
567;216;43
324;156;28
475;478;28
387;202;2
571;351;21
593;309;37
248;259;14
154;409;22
379;417;25
15;154;10
312;366;24
14;540;50
286;3;14
713;377;42
185;413;25
224;111;42
194;643;42
245;800;21
108;519;16
367;284;22
543;33;6
166;286;18
581;792;2
127;615;36
127;295;9
197;33;15
742;289;3
132;735;35
321;363;31
741;532;46
110;304;41
402;282;30
445;636;49
267;423;46
368;531;44
720;24;34
536;535;28
738;304;30
270;666;48
228;10;36
16;185;22
191;117;20
567;480;16
642;445;40
65;491;25
710;341;6
277;374;41
455;71;11
449;169;19
92;474;44
480;681;45
598;52;30
372;767;41
154;144;36
742;341;31
664;644;48
69;136;5
344;23;3
274;779;34
696;248;9
665;556;47
282;513;39
753;296;17
127;725;3
773;124;8
386;607;33
343;188;38
153;551;42
40;597;45
633;797;9
105;219;16
236;463;36
122;86;18
451;22;42
157;652;47
442;352;45
299;423;47
199;329;50
36;659;26
283;427;2
592;367;11
768;370;16
337;69;21
321;356;48
96;153;2
587;317;30
282;592;14
208;388;3
613;395;8
341;477;35
163;45;16
480;117;30
149;491;42
328;227;49
354;523;4
378;597;3
520;568;25
666;402;42
293;705;48
788;282;1
203;42;27
283;246;43
248;536;39
594;412;14
250;367;39
161;220;11
460;443;14
610;313;3
564;329;24
25;644;12
283;612;34
155;378;8
177;208;23
532;379;3
494;364;47
666;764;1
566;72;5
179;493;4
775;278;42
578;786;50
336;296;16
377;96;20
739;97;17
790;46;44
198;272;14
373;707;3
768;784;40
318;678;50
49;236;37
305;716;5
549;256;15
475;795;9
14;307;40
33;328;26
712;238;26
751;414;47
572;670;30
211;629;17
177;42;14
502;148;16
425;526;32
87;532;14
451;68;27
194;673;44
589;134;47
500;193;2
484;121;2
158;233;46
578;233;48
272;620;29
347;386;2
330;762;25
275;729;38
353;458;37
799;642;23
599;526;35
601;340;2
636;108;20
727;658;11
199;437;14
12;20;5
129;793;3
323;275;28
779;183;24
414;395;33
330;735;30
546;407;33
705;416;45
683;608;11
279;172;31
150;20;35
369;573;11
116;337;1
351;674;41
171;79;14
44;587;22
435;238;39
732;48;48
190;169;9
585;791;7
336;375;5
155;133;41
800;720;28
229;712;10
409;763;34
168;392;44
353;13;39
381;354;24
344;309;32
90;459;44
690;429;24
721;173;9
326;748;37
552;69;23
780;55;40
704;122;8
70;494;39
464;550;22
661;497;13
772;302;45
468;753;8
552;332;36
393;567;30
177;287;19
163;335;30
523;636;5
574;289;9
694;388;8
205;484;30
649;628;33
296;88;2
215;82;20
268;783;25
179;165;15
643;445;9
430;553;44
79;74;22
74;742;42
152;541;24
549;86;28
305;366;48
779;11;45
767;318;20
473;90;30
267;367;39
257;508;20
587;647;8
726;48;50
721;441;12
464;457;16
428;311;2
50;20;24
706;717;4
418;259;14
374;589;15
593;264;27
352;579;38
215;302;40
327;214;44
379;88;25
391;740;33
374;442;26
366;1;30
580;614;23
130;460;44
338;88;18
304;163;35
673;8;47
129;290;11
515;112;40
45;144;9
11;86;27
526;92;17
683;409;45
616;639;43
443;424;12
710;763;14
137;74;45
140;192;31
681;69;27
749;327;47
581;694;8
562;325;32
618;95;42
194;176;35
737;124;36
167;370;47
12;322;9
25;73;20
1;547;32
339;683;11
600;564;21
670;268;34
509;257;29
172;286;36
190;202;45
341;137;42
691;576;22
155;753;16
154;222;14
687;467;7
654;768;21
139;493;12
797;506;29
757;704;44
186;526;29
722;196;34
4;682;47
378;635;30
347;350;34
149;484;39
292;213;11
140;598;2
596;55;6
485;122;4
159;277;46
769;35;14
522;675;34
447;345;15
568;638;15
515;711;17
238;27;6
264;99;4
462;82;36
767;87;23
576;627;40
555;647;38
780;582;11
23;420;45
631;143;25
343;785;17
358;412;7
106;569;22
134;681;43
385;712;28
520;293;9
485;429;44
641;229;26
794;345;48
560;506;34
306;412;6
133;348;22
565;250;26
164;158;6
193;567;4
350;746;14
97;785;23
326;762;31
766;99;5
234;284;39
743;443;9
139;189;19
729;40;24
420;385;5
40;657;50
178;568;17
116;167;1
771;244;29
156;493;29
249;251;2
373;310;28
169;492;6
466;307;19
50;279;44
17;207;16
97;168;30
168;147;24
253;152;22
473;460;44
8;770;46
144;275;49
55;357;3
715;503;50
469;759;44
103;179;24
600;734;12
672;229;38
667;760;49
794;272;23
194;282;44
405;554;25
788;121;1
510;146;10
572;739;35
192;591;33
64;603;48
690;682;35
774;152;13
634;744;15
787;448;7
701;796;2
367;678;37
619;10;27
437;147;46
519;35;19
618;170;14
223;418;21
524;601;4
126;250;34
518;367;8
75;392;50
733;128;45
559;511;22
580;72;12
67;761;43
567;171;32
133;762;36
43;146;2
100;203;45
697;543;19
650;452;9
704;272;50
257;739;20
402;85;7
289;396;18
569;459;19
180;299;12
239;197;47
517;763;37
695;685;27
747;7;49
411;339;3
40;415;29
91;610;47
373;525;31
583;64;43
627;622;1
153;371;45
559;252;42
689;280;18
510;105;12
785;775;6
472;717;10
490;380;35
659;264;33
708;63;16
757;430;30
696;595;33
685;509;44
266;758;25
130;90;18
304;696;34
267;250;26
798;730;1
658;621;25
780;723;13
44;498;26
465;165;49
157;217;4
282;591;12
593;245;15
645;270;22
423;776;32
571;708;34
137;587;26
526;235;20
523;368;1
273;350;38
12;460;4
639;235;44
766;96;34
515;235;14
233;219;34
763;744;1
155;272;16
505;218;35
419;774;42
221;355;13
707;364;39
153;102;6
227;292;3
333;465;12
195;133;30
741;729;16
336;210;16
488;283;20
416;605;3
699;627;32
323;370;41
754;108;46
214;372;3
48;18;28
607;586;36
354;714;39
228;28;43
592;597;8
742;766;16
274;431;32
300;285;48
285;545;41
654;626;5
779;153;26
415;174;41
586;141;19
25;775;36
145;325;2
446;57;6
701;514;35
268;345;34
504;482;47
262;98;19
799;506;22
170;201;22
744;28;1
775;657;12
186;21;4
251;210;13
454;480;48
458;282;5
713;714;6
628;618;50
550;211;18
672;721;48
302;713;26
320;552;40
604;586;19
164;351;7
252;342;36
127;614;49
23;485;50
404;3;31
43;289;38
653;116;31
127;413;17
80;379;39
783;712;29
566;687;5
254;436;38
313;74;14
139;211;18
352;441;43
711;608;39
240;125;25
235;147;43
733;234;17
252;316;33
530;334;45
342;447;37
84;747;11
530;467;11
212;82;36
682;147;48
18;331;9
632;145;36
552;407;46
41;750;1
442;210;50
349;15;29
147;333;29
696;144;29
687;731;50
696;355;37
785;142;22
17;117;34
98;518;15
714;235;25
239;737;2
790;666;4
5;563;29
358;540;35
683;704;14
173;114;15
595;178;48
409;467;18
243;514;46
179;108;13
97;319;12
76;287;12
481;604;22
464;524;25
589;690;37
239;465;24
87;552;49
689;747;45
265;188;15
57;42;43
259;624;34
509;182;36
45;502;29
51;71;46
185;493;28
679;615;29
543;762;50
251;691;7
400;528;29
9;554;30
615;285;11
268;209;39
612;74;45
570;504;40
123;124;18
771;557;27
719;784;19
190;49;1
428;698;27
549;71;42
779;702;44
642;224;31
339;180;7
644;515;46
688;421;27
723;664;30
516;467;23
649;279;45
525;520;1
396;398;31
437;520;16
725;378;44
366;680;29
373;251;22
275;254;31
488;109;45
786;329;30
723;727;36
266;305;3
107;273;19
718;500;21
194;156;32
183;579;16
177;142;22
267;163;18
294;446;21
212;311;26
225;451;35
320;260;13
585;11;42
647;382;16
375;503;16
788;701;18
614;748;29
47;694;32
272;194;36
28;215;37
43;127;17
724;730;33
429;737;27
308;798;35
166;87;12
18;28;10
439;125;29
420;588;8
254;218;15
298;568;8
714;607;19
90;654;42
10;477;43
557;425;21
725;154;15
423;38;12
197;167;30
78;166;4
102;508;32
672;377;2
296;488;9
395;175;12
747;378;43
474;362;44
602;605;45
576;584;38
315;512;44
490;555;25
426;523;1
656;368;29
28;346;14
192;477;25
37;797;43
409;596;41
70;586;7
390;437;40
491;130;48
539;516;31
77;719;25
610;743;33
579;174;31
428;558;2
772;278;35
76;583;45
438;757;45
324;177;38
709;488;34
726;83;47
417;167;39
104;721;5
438;216;6
479;341;35
139;371;20
477;561;46
494;335;45
410;653;19
222;228;21
51;38;28
446;29;29
457;692;36
442;89;30
499;655;25
179;487;17
664;323;29
589;333;10
111;43;20
384;432;12
576;506;8
423;748;15
621;331;36
225;109;50
291;421;39
433;277;11
87;750;20
643;145;13
70;610;43
677;473;48
490;50;18
487;761;16
119;134;23
704;55;21
609;719;50
142;189;1
131;678;49
411;603;16
102;296;41
663;412;28
251;90;7
33;314;8
156;323;19
75;652;10
524;227;33
162;115;11
628;575;46
579;99;17
321;150;10
398;45;20
274;364;29
200;396;6
447;569;43
774;16;24
771;637;11
704;337;47
771;403;1
19;234;31
518;66;26
625;362;18
483;617;46
129;679;45
540;315;18
295;424;32
358;11;8
622;757;18
438;78;3
696;328;18
10;662;34
4;91;49
161;737;50
687;735;26
538;187;48
334;188;30
88;778;8
47;38;32
81;422;3
559;373;37
14;427;45
22;75;41
566;225;25
373;663;6
191;771;20
41;669;4
285;30;43
308;618;14
506;39;4
598;249;29
543;316;24
86;552;4
757;632;9
540;93;48
542;521;2
600;59;49
246;86;40
240;113;2
736;687;29
600;667;19
257;633;29
130;373;38
14;274;38
402;751;4
203;711;18
69;403;16
338;62;23
786;134;44
258;713;11
370;711;15
395;761;14
62;800;37
728;668;43
372;80;40
621;200;47
592;604;43
783;701;42
695;469;45
125;279;21
686;309;44
463;32;38
50;268;42
486;301;16
481;795;32
80;296;44
180;750;9
308;720;2
531;175;36
367;48;17
609;541;35
778;711;31
64;572;23
343;319;30
589;710;2
657;499;5
799;455;22
100;404;28
735;366;30
664;52;31
246;234;3
360;274;17
652;114;15
355;285;14
448;425;16
311;753;38
630;783;14
547;413;34
483;612;10
678;105;15
616;201;40
269;435;45
58;466;48
54;99;30
56;495;50
494;179;21
196;182;6
119;741;14
737;260;50
579;546;28
16;787;10
304;289;16
227;225;12
431;147;48
238;386;22
68;420;37
257;798;42
621;773;39
507;716;8
247;511;4
766;760;14
685;578;31
752;667;9
662;283;10
763;21;17
707;605;21
783;467;40
669;710;15
633;139;6
194;784;34
723;645;24
379;124;3
206;647;49
432;344;18
380;75;18
88;316;19
14;82;9
602;599;42
316;727;30
383;657;45
386;86;28
560;206;18
745;173;21
255;129;23
453;711;15
339;540;10
391;793;14
148;189;18
583;358;7
722;702;9
537;355;49
363;110;14
554;71;26
28;523;2
108;71;16
459;321;26
219;26;20
599;660;44
584;585;28
55;343;50
727;271;24
503;574;36
636;268;44
25;307;23
36;635;16
498;549;4
237;235;27
257;712;3
560;64;9
791;21;16
771;9;24
467;711;4
369;466;36
263;15;7
249;746;25
679;714;13
416;444;35
355;766;18
39;172;50
307;553;24
123;777;27
748;700;15
725;536;33
524;702;28
224;231;11
18;205;3
262;730;35
786;31;24
8;14;37
171;62;14
39;759;20
625;704;38
15;743;35
301;291;36
794;454;38
364;682;24
70;81;17
351;243;1
748;735;23
477;580;30
25;549;17
497;266;9
151;183;31
671;452;26
555;418;42
307;513;42
349;406;23
726;26;17
50;715;42
43;597;44
618;519;33
717;738;47
250;724;4
263;634;46
460;534;50
613;716;44
347;484;34
218;323;24
155;32;1
727;178;8
190;797;45
332;792;42
167;235;28
730;192;16
17;315;50
202;349;24
704;700;11
463;788;50
3;672;42
115;658;18
311;619;10
677;526;38
339;208;13
307;623;32
80;451;34
459;242;32
514;641;21
80;412;8
726;204;1
87;416;31
118;317;24
717;374;18
719;676;8
637;435;33
239;757;48
154;41;50
292;371;13
471;331;39
385;680;47
741;388;7
710;277;15
633;787;15
548;253;21
325;143;38
180;587;10
663;69;18
270;258;16
262;447;5
354;390;3
732;113;1
618;231;18
702;209;3
156;761;36
464;582;50
426;515;15
756;444;10
113;194;25
431;400;36
255;75;4
208;488;2
724;220;49
10;104;17
80;657;29
394;357;6
452;77;19
643;785;6
177;648;38
475;766;26
83;559;29
625;711;39
562;217;25
770;84;25
651;133;21
501;27;26
768;650;33
412;591;22
597;132;38
383;290;31
593;19;22
364;342;49
509;260;15
202;180;31
768;133;29
75;455;42
408;586;49
247;153;12
65;673;11
404;234;20
462;283;44
466;294;11
758;25;12
278;648;43
347;7;21
583;77;40
423;527;44
31;224;19
312;375;19
679;124;19
727;431;35
618;193;10
63;284;17
420;580;48
314;627;9
13;571;30
691;254;3
429;259;9
45;666;6
266;728;50
614;582;39
560;387;40
422;780;40
567;624;45
413;209;42
115;41;35
178;437;43
52;33;48
791;90;19
534;307;41
773;229;16
529;37;46
308;74;34
367;417;48
371;586;13
545;517;30
313;583;47
522;541;39
36;306;31
711;595;36
183;798;46
549;510;48
206;519;40
4;445;29
84;567;35
13;719;31
133;528;9
226;293;39
329;667;23
415;149;14
533;105;10
712;309;41
51;108;40
549;661;2
472;743;14
483;791;24
623;170;1
180;572;30
298;692;30
373;619;30
773;773;41
200;641;7
609;138;50
133;281;33
174;749;40
196;301;40
673;695;16
792;570;12
113;516;5
214;277;12
222;650;11
558;512;41
792;4;27
578;747;34
356;735;28
413;282;15
423;82;9
638;173;13
286;638;6
634;314;26
517;253;19
5;52;26
309;467;45
520;210;25
155;259;15
787;706;11
556;697;42
798;523;35
777;504;22
181;93;10
140;752;42
333;168;30
546;590;49
590;498;46
200;798;35
459;534;31
398;446;8
785;76;14
37;26;23
597;588;23
422;437;12
65;625;42
456;567;4
158;602;45
352;56;1
391;690;26
679;355;26
718;476;34
497;230;21
251;498;8
81;788;43
701;233;19
234;342;37
427;766;42
432;501;16
621;185;35
356;87;33
559;289;16
630;655;19
750;714;29
416;108;29
307;348;20
572;382;32
342;742;14
435;619;48
327;604;38
110;441;22
2;71;19
709;667;35
239;685;37
427;709;18
20;771;5
387;783;1
458;308;41
497;543;35
401;43;49
274;777;7
553;3;14
446;269;22
383;598;39
588;631;48
503;397;46
698;328;17
33;707;30
142;619;44
391;1;18
312;399;5
600;740;9
183;131;44
326;346;20
611;403;32
607;30;5
533;606;46
102;92;45
286;99;38
74;501;15
257;351;15
493;419;30
653;283;4
579;238;40
274;744;20
704;413;16
536;406;4
9;372;12
791;573;20
503;512;28
182;502;37
686;101;23
613;123;32
326;157;42
206;308;24
629;782;1
696;187;41
396;59;17
33;272;46
750;728;47
415;48;17
708;360;31
716;30;47
87;47;45
695;322;33
239;786;36
402;19;26
312;704;11
65;750;39
3;188;1
799;371;20
609;200;28
503;228;31
666;499;20
80;576;48
267;597;6
609;515;8
705;647;8
502;297;28
625;556;21
142;540;16
450;607;48
450;150;38
50;82;5
102;425;11
153;397;5
131;756;29
621;654;9
35;400;8
344;616;46
595;777;32
608;372;14
39;161;2
352;512;44
56;509;18
198;102;49
465;112;19
677;372;16
558;778;10
372;604;34
17;121;35
132;71;26
395;138;4
120;170;28
194;439;32
43;440;17
643;36;8
438;617;28
158;264;15
685;632;3
82;187;8
679;150;26
501;392;30
41;734;5
161;699;46
375;799;47
575;175;28
415;478;9
296;169;37
2;69;27
665;721;31
86;352;24
154;462;36
499;3;31
308;601;31
20;597;27
359;648;13
258;213;5
528;329;48
356;11;42
227;181;46
785;509;17
495;378;7
165;41;40
397;132;20
234;7;46
109;212;46
477;414;12
146;450;43
640;373;37
598;466;49
417;123;42
600;710;11
263;638;34
119;541;1
519;713;16
319;322;8
282;503;49
254;362;20
403;317;42
586;655;27
144;732;42
421;345;9
3;527;30
580;764;37
323;752;45
177;212;18
223;562;10
167;123;10
422;265;7
161;137;42
264;133;3
414;559;47
521;592;12
617;461;31
707;207;5
786;702;16
180;396;50
709;55;41
683;177;44
650;663;37
357;327;46
627;605;29
505;701;42
628;424;5
590;304;42
353;215;14
537;45;36
297;199;5
119;776;46
525;117;35
146;789;23
341;739;2
628;513;3
52;774;8
345;98;32
669;399;42
108;201;20
265;782;31
187;99;41
386;210;6
719;717;11
399;268;27
525;397;29
490;54;31
58;545;17
41;175;34
634;37;1
326;434;6
17;68;23
438;28;27
49;542;36
790;735;31
480;41;9
578;134;40
80;202;14
177;796;18
152;121;23
479;785;4
185;404;50
202;518;3
266;668;19
186;652;46
504;467;12
85;288;10
106;447;16
369;210;48
694;707;49
368;290;28
681;280;32
746;612;33
421;566;24
356;457;31
280;589;3
359;270;8
432;527;23
531;387;35
766;635;30
61;124;33
742;246;9
725;190;44
413;219;4
491;255;42
331;431;16
35;21;39
239;488;18
175;104;24
260;653;25
605;606;11
31;580;29
732;105;24
197;427;37
302;314;35
654;640;49
15;108;30
576;291;30
438;642;13
204;162;10
745;410;13
84;479;24
9;530;39
408;554;1
31;594;50
632;564;44
603;61;31
29;214;11
276;426;4
43;727;8
613;309;45
434;524;34
15;366;16
66;463;35
10;29;20
117;574;45
112;411;26
565;113;47
475;502;28
620;79;43
550;544;6
558;562;13
738;138;6
1;61;46
4;473;13
55;191;1
258;320;49
97;768;10
154;497;33
71;400;4
67;741;14
696;119;8
231;122;41
625;546;6
500;187;43
724;522;3
595;531;27
113;300;25
657;361;24
763;786;46
700;785;33
269;38;23
306;446;41
333;483;31
75;251;3
530;619;32
533;407;45
659;462;13
300;144;5
300;157;9
117;492;20
499;41;12
621;774;43
108;764;30
602;656;41
612;543;9
749;282;33
689;435;34
765;231;40
646;693;18
713;262;42
617;389;18
618;265;4
376;590;4
104;345;10
509;24;21
216;134;13
596;451;27
364;7;22
276;680;42
493;687;44
287;516;35
62;489;27
758;467;42
250;62;39
34;663;41
509;455;37
473;613;38
311;148;9
29;466;1
682;441;2
385;7;45
292;617;31
227;448;26
347;469;29
9;49;17
165;426;47
616;245;47
546;106;18
743;177;47
544;483;9
446;439;47
65;306;30
724;318;1
413;580;43
295;786;25
373;270;22
785;358;43
577;744;18
237;159;50
677;404;4
302;504;29
784;537;23
725;505;7
461;42;20
460;536;40
38;24;27
281;677;8
51;798;13
715;421;34
633;161;15
316;37;16
109;534;30
391;336;7
758;659;22
608;127;28
693;490;27
163;227;23
574;310;33
27;344;31
402;57;42
784;436;39
36;638;16
368;432;37
140;448;5
624;685;9
301;276;24
673;706;4
597;302;37
635;705;40
395;765;32
362;354;33
535;93;22
459;341;25
191;186;32
272;58;9
773;98;15
604;144;29
210;151;7
320;713;41
554;557;2
723;105;38
343;744;24
540;417;26
592;180;31
264;339;46
168;150;24
183;165;26
566;209;46
519;464;10
770;224;20
298;36;17
250;597;48
57;376;18
135;5;36
135;30;4
230;635;47
584;716;32
695;166;9
690;506;7
130;582;38
40;708;6
307;528;23
759;8;11
446;366;1
409;217;12
150;576;16
733;641;33
451;765;23
145;344;41
506;584;33
450;671;9
189;191;28
767;203;44
748;567;33
328;355;12
175;224;28
690;654;33
84;670;1
533;235;26
91;120;4
737;467;19
428;405;34
704;54;26
276;712;18
717;538;21
291;227;28
78;252;30
522;432;8
73;409;35
534;773;17
37;533;22
378;96;12
450;428;4
147;15;25
95;526;22
792;404;37
2;674;8
274;151;7
232;491;9
193;421;45
119;267;18
121;791;35
362;773;28
649;193;15
153;41;1
212;313;22
749;167;4
582;740;21
273;314;41
247;630;13
292;527;30
672;360;18
317;8;30
441;800;50
778;263;35
766;384;21
248;214;20
565;774;10
339;71;33
437;554;8
671;47;20
710;541;19
166;465;36
408;490;8
407;692;40
519;420;38
400;623;22
447;602;1
243;330;41
335;329;6
636;756;19
61;775;22
794;198;33
429;48;26
70;276;15
234;95;9
622;670;41
140;123;18
630;361;36
783;182;47
141;107;3
274;173;36
480;783;11
582;331;14
484;141;29
307;342;24
339;423;39
199;7;25
217;88;2
353;122;28
547;662;45
150;42;30
324;667;4
66;584;22
216;526;30
18;314;47
301;380;1
629;360;38
719;685;19
152;655;7
167;324;26
709;87;43
178;79;36
7;101;26
496;383;21
193;426;16
124;196;30
745;679;3
207;679;22
109;328;25
762;508;14
81;9;35
297;640;16
24;697;11
74;217;13
361;232;33
744;638;9
655;683;10
644;299;37
171;582;12
708;146;21
559;799;15
762;391;17
716;778;24
485;312;38
598;602;21
672;376;46
160;323;48
794;564;26
518;57;43
733;204;32
408;531;24
48;306;5
540;9;28
521;68;3
519;642;44
154;508;4
664;606;46
634;363;9
198;663;19
533;384;36
381;169;35
161;412;27
23;324;35
516;337;30
19;748;7
357;510;5
692;635;41
718;119;31
30;91;42
678;540;6
520;106;38
662;146;16
534;640;50
88;598;39
762;731;13
142;248;30
396;330;48
380;549;39
203;15;39
126;105;42
237;157;29
94;258;13
777;384;32
791;641;49
460;574;33
375;590;2
260;633;36
65;500;24
165;257;46
360;83;17
741;475;34
293;32;15
453;632;36
88;303;28
134;406;49
159;388;23
109;418;20
659;58;6
740;680;26
588;342;48
574;630;12
456;326;21
697;30;15
692;602;39
471;243;7
711;299;27
174;366;15
412;662;28
2;109;49
284;13;45
724;342;20
371;361;6
149;94;8
500;382;31
795;796;19
31;131;2
285;175;21
210;646;30
132;682;42
556;376;38
573;74;2
149;169;21
377;109;48
441;182;38
412;550;10
753;592;26
292;209;17
70;413;18
6;150;23
527;520;24
676;419;24
101;566;48
114;182;24
620;591;8
259;171;9
740;196;16
585;411;24
402;438;3
332;749;12
797;574;48
558;253;15
766;264;22
417;549;29
739;422;48
545;300;28
150;242;16
723;228;15
81;156;16
486;693;16
205;3;19
243;178;20
472;403;20
428;727;21
158;27;24
77;200;27
621;141;16
784;431;23
745;9;15
667;465;8
693;489;5
392;644;36
758;597;40
703;614;10
86;738;27
772;696;11
589;36;13
786;461;33
35;475;41
696;243;11
439;386;33
641;692;41
172;414;30
445;406;49
572;162;11
383;566;39
232;716;37
445;353;17
1;746;37
508;562;41
552;54;29
213;74;42
4;115;10
285;620;9
225;754;9
510;579;49
286;564;24
525;521;33
541;752;44
525;430;24
221;103;48
409;595;46
391;212;22
705;200;18
68;139;25
673;399;19
442;326;46
387;535;28
297;625;50
754;222;44
45;460;1
591;378;10
113;443;31
312;255;40
165;193;39
474;627;2
787;711;30
216;647;4
478;358;18
373;571;46
304;242;13
771;675;12
575;574;50
278;43;34
723;384;24
398;436;6
418;480;2
414;298;4
721;449;38
198;429;35
454;301;36
61;736;27
39;245;33
489;786;43
121;745;41
378;222;6
436;440;37
343;600;49
684;429;16
632;368;34
762;610;11
527;668;36
61;354;30
155;553;11
157;494;40
541;362;46
260;82;37
785;753;22
383;227;31
153;116;15
483;65;10
564;565;17
191;183;3
307;51;18
500;577;46
499;339;33
406;119;50
82;519;29
152;73;41
121;585;26
692;492;32
516;782;13
546;143;15
494;417;29
356;97;20
374;683;12
551;180;40
610;483;46
578;328;33
685;446;46
618;261;49
753;255;3
317;642;46
725;323;39
112;234;19
328;637;26
662;38;39
94;721;14
709;191;18
750;651;1
509;705;4
558;664;11
81;648;5
39;11;32
395;452;36
249;415;8
98;393;14
58;319;34
616;100;20
245;704;45
319;219;15
123;538;9
643;547;11
210;713;11
207;65;19
139;396;9
464;789;40
782;281;34
140;514;48
484;721;21
394;517;8
206;509;13
496;185;42
537;671;46
206;511;12
528;269;26
257;368;8
770;243;19
761;783;1
37;367;45
388;499;22
766;511;42
743;46;45
99;15;38
676;360;30
58;377;19
79;357;2
64;576;6
6;387;45
247;427;45
583;371;8
419;699;5
498;735;8
720;699;27
729;50;8
60;154;6
328;657;21
705;222;46
263;510;25
124;441;41
37;575;1
651;614;16
41;509;40
454;657;32
312;629;6
92;589;19
233;163;25
44;121;24
46;767;29
181;229;36
769;693;13
286;546;30
414;506;45
780;70;34
345;406;19
325;182;16
441;492;27
760;316;8
264;455;27
21;149;42
570;668;49
596;210;10
141;687;44
40;85;13
175;260;10
451;582;4
786;515;22
271;733;12
297;618;5
442;243;11
421;648;29
299;582;14
77;54;39
356;221;41
443;92;46
66;470;13
512;517;48
327;5;25
426;187;23
245;224;38
721;99;36
332;209;35
682;261;5
726;452;24
685;351;14
132;543;8
625;613;45
670;616;40
748;705;22
15;718;47
305;213;30
99;377;9
124;670;37
671;49;28
472;486;14
688;266;13
559;116;18
449;473;29
458;132;30
183;334;5
78;280;33
36;326;45
582;446;42
617;316;32
578;563;6
347;402;40
443;396;19
494;487;15
354;757;25
421;546;21
13;146;1
343;480;18
230;649;18
20;338;44
529;682;27
504;595;13
303;272;43
371;324;34
138;326;17
123;290;45
313;722;31
329;429;30
423;251;11
343;584;5
710;23;14
259;100;40
642;418;27
488;52;26
305;763;14
86;176;41
254;352;38
543;745;42
180;455;12
714;148;9
325;622;45
545;216;7
30;67;42
571;418;31
549;507;15
277;34;43
28;721;33
514;545;12
46;278;47
127;53;6
138;29;23
153;645;43
433;496;6
273;745;15
575;600;29
772;498;1
64;486;44
713;255;25
763;44;5
499;84;7
741;5;48
189;189;47
502;337;21
492;390;15
392;303;10
218;434;29
143;166;15
142;165;12
778;291;19
116;746;32
149;515;32
761;409;8
544;290;8
479;501;49
797;18;30
722;487;30
598;660;5
260;386;7
425;453;49
75;702;40
9;369;48
471;186;5
441;298;2
519;676;20
231;740;42
205;291;36
665;643;23
3;68;47
622;369;47
210;603;27
527;538;2
473;31;10
455;544;39
768;534;9
263;538;43
359;276;12
6;539;16
83;797;44
677;64;8
693;501;41
265;570;16
385;588;25
623;280;16
28;528;49
81;743;31
271;368;29
28;555;34
74;287;24
393;675;8
38;642;11
677;93;41
426;436;28
761;368;50
780;267;43
335;477;15
457;204;32
46;368;29
535;381;50
250;349;21
29;503;21
753;787;3
99;467;30
49;393;3
263;298;15
778;87;17
428;333;25
54;508;19
664;336;35
255;723;44
561;54;21
118;349;23
343;560;23
307;685;23
797;593;24
415;278;17
406;104;33
349;356;24
119;91;44
656;68;6
634;149;17
200;255;14
76;69;17
237;96;11
604;319;39
650;101;9
583;417;6
589;58;9
323;34;11
59;179;41
476;18;8
700;199;39
38;728;44
521;418;46
316;645;1
8;753;10
617;342;41
110;192;16
669;485;10
32;611;38
154;764;43
11;528;28
717;564;8
638;439;48
433;177;24
309;71;37
187;412;2
398;167;37
777;371;24
53;781;48
650;141;48
656;52;30
390;277;15
405;758;10
379;201;23
288;158;12
460;425;25
350;67;26
542;67;48
157;617;26
768;70;31
390;545;7
317;430;12
718;240;24
391;299;22
270;260;37
717;633;47
105;625;2
161;330;12
658;73;11
794;416;28
246;348;42
456;265;2
385;782;18
437;293;24
409;513;27
626;682;24
532;216;6
389;581;31
118;382;50
647;786;34
163;264;30
112;526;36
149;778;15
104;783;24
506;257;30
396;181;27
109;73;18
454;347;48
530;97;46
335;302;47
70;277;26
100;358;2
260;195;33
567;381;35
351;653;37
785;377;25
576;566;24
607;657;8
214;292;38
13;478;28
547;709;32
423;248;14
302;241;14
766;227;25
398;44;22
295;469;27
211;438;46
182;517;27
763;602;48
503;758;33
770;536;37
716;754;22
51;784;13
454;457;18
269;322;22
285;528;2
354;413;21
797;662;4
98;158;2
262;65;33
756;92;44
727;495;19
723;634;35
392;336;19
352;372;41
200;747;45
377;250;47
256;78;46
585;308;50
719;730;22
507;40;12
233;126;44
558;208;45
194;763;31
83;93;39
216;344;13
479;643;25
668;785;7
536;307;25
602;560;9
279;554;49
174;700;21
62;112;44
116;127;30
391;11;11
66;537;29
448;130;34
794;646;38
713;374;14
10;441;34
713;39;16
462;592;24
306;785;32
658;84;8
554;79;10
71;754;33
619;516;18
458;405;47
688;54;2
631;537;45
121;224;32
323;56;21
18;22;39
702;38;5
710;724;11
49;221;47
401;210;21
350;145;24
531;709;40
563;530;40
153;567;34
564;644;16
36;483;11
662;707;48
251;197;50
201;376;26
464;383;13
320;649;29
782;659;47
654;568;16
12;194;24
530;341;50
105;25;38
237;695;19
571;417;16
237;448;50
230;752;50
580;471;12
765;245;3
701;280;48
317;124;26
692;97;36
153;558;26
475;624;29
3;787;33
800;419;36
143;207;15
309;556;15
295;702;47
89;18;21
710;156;36
49;688;41
496;164;33
541;388;25
23;279;24
567;589;7
61;495;45
327;369;7
509;274;36
373;80;30
417;47;34
521;655;12
98;102;29
260;399;44
739;194;29
670;240;16
207;10;29
497;696;21
87;798;34
548;1;32
600;712;10
382;736;21
35;142;2
654;552;7
42;497;26
15;236;18
185;384;1
63;387;41
249;567;35
586;136;41
404;424;43
474;704;46
50;387;49
350;234;42
186;5;3
542;774;24
642;228;35
172;746;23
790;202;9
23;327;13
490;112;20
428;425;30
568;64;2
503;134;21
8;527;14
686;162;36
50;400;27
331;468;23
330;345;9
778;122;17
249;773;16
50;746;33
282;330;42
602;328;21
798;278;3
400;139;24
584;276;46
43;265;2
623;233;10
168;385;46
417;282;17
668;427;7
757;59;5
211;5;28
646;507;25
691;6;27
68;230;38
609;502;44
290;693;23
193;674;30
677;54;48
434;451;13
752;368;29
172;372;21
37;155;4
120;647;4
572;108;5
404;461;49
418;609;46
328;794;25
329;369;45
379;111;30
541;743;2
476;109;11
777;97;48
6;326;31
593;36;19
283;545;18
481;603;18
198;443;35
706;227;44
503;625;8
390;549;38
130;281;16
452;526;37
308;351;22
59;415;40
497;442;30
195;587;9
92;163;24
670;283;20
81;314;38
526;417;33
476;694;5
383;200;6
464;668;31
728;711;46
260;134;21
686;594;24
196;408;7
553;393;20
738;207;16
458;588;22
95;651;13
240;203;11
98;314;47
219;308;28
575;492;9
138;722;44
268;192;24
678;651;13
279;766;9
712;663;48
579;784;32
385;667;25
770;364;18
277;786;1
645;564;36
590;719;2
684;762;50
701;423;27
449;664;46
236;145;36
645;159;9
466;568;36
33;691;43
48;459;27
139;504;10
400;655;46
381;102;27
538;196;24
538;95;31
457;494;22
128;298;33
524;221;19
539;675;4
291;573;50
579;175;20
285;209;25
175;409;14
645;759;41
427;71;37
51;239;9
446;503;16
122;569;25
328;553;35
503;220;11
456;264;15
21;688;30
436;762;19
681;16;22
688;675;21
411;167;12
462;367;50
60;148;45
168;30;42
551;594;45
25;277;7
69;638;26
325;40;50
143;513;25
125;698;13
756;594;34
616;220;29
268;172;17
416;654;27
556;286;35
397;505;43
256;544;44
489;458;5
119;666;14
92;310;8
216;652;49
91;633;10
378;225;7
370;26;18
505;531;42
689;668;28
687;23;44
660;433;44
192;22;47
771;591;43
442;640;42
183;450;10
522;452;29
29;306;50
794;65;46
407;741;35
90;393;47
639;394;19
521;606;1
282;761;29
610;793;6
414;207;12
583;665;15
744;187;15
289;256;33
93;231;23
23;11;37
370;698;15
435;400;32
144;88;42
501;266;27
419;304;47
751;525;48
663;100;25
422;766;21
688;467;36
722;288;14
506;500;45
55;360;25
640;49;32
353;478;16
366;608;50
10;409;19
511;641;10
276;317;5
619;333;5
563;115;17
301;701;6
24;187;29
112;702;27
360;8;26
262;181;26
467;51;11
157;46;14
702;52;19
694;327;24
370;261;6
564;162;41
281;640;30
228;691;21
264;520;26
117;452;28
290;221;50
800;466;44
598;151;46
283;786;25
644;258;38
370;206;3
752;61;38
575;639;44
378;460;47
744;404;43
518;582;27
48;664;42
456;664;8
419;237;48
680;108;35
276;398;13
401;71;2
231;212;20
618;419;38
487;187;8
528;406;24
262;714;1
496;682;3
438;70;25
423;799;1
656;301;24
525;406;34
416;426;26
477;153;30
161;462;40
524;517;23
50;540;30
620;304;42
206;169;48
760;132;24
452;466;13
96;361;22
726;343;2
159;5;27
284;295;29
132;734;42
553;615;13
313;329;33
613;515;13
541;569;37
544;179;4
527;622;8
212;32;49
2;760;6
705;598;31
607;93;32
577;303;33
362;421;10
661;643;11
708;187;28
454;610;8
301;439;34
432;88;29
252;785;40
222;651;13
271;81;35
772;537;3
266;610;43
164;458;40
126;446;1
650;256;25
674;498;36
653;397;35
709;431;22
86;58;28
587;309;36
364;505;25
160;570;47
479;181;4
775;547;36
106;109;29
24;280;46
624;573;21
470;414;23
551;494;31
176;130;8
374;78;6
610;677;37
313;165;43
485;176;44
430;171;24
636;353;5
423;685;7
476;663;10
466;181;5
171;18;22
681;466;34
412;518;30
73;798;28
494;477;15
38;219;1
228;772;14
144;452;25
416;699;3
531;657;30
351;336;42
752;547;35
513;169;10
684;64;35
348;61;19
646;619;38
603;16;19
122;739;1
514;145;22
561;249;24
458;441;26
713;37;49
360;514;29
547;169;4
62;696;31
619;522;36
491;437;24
175;176;32
707;601;49
53;596;25
384;668;50
244;143;11
264;147;48
733;682;32
112;626;35
332;683;28
677;272;41
22;347;32
106;445;46
699;289;28
733;733;47
209;425;30
572;8;24
223;94;18
716;605;39
249;458;24
451;34;1
665;117;1
195;429;10
466;688;10
10;160;36
605;561;37
726;635;5
278;208;11
375;563;35
676;562;44
512;368;30
148;136;31
8;271;39
563;540;8
133;671;13
718;99;14
388;129;20
208;499;41
381;241;5
311;607;6
694;754;42
457;458;14
729;151;10
79;406;48
604;69;33
296;450;21
263;116;38
579;385;46
453;50;27
767;152;20
600;748;6
525;481;26
1;486;28
244;30;48
201;116;38
652;480;20
346;641;46
82;659;9
647;287;7
457;541;23
359;626;22
628;246;44
532;459;41
783;461;43
681;249;49
727;701;50
334;206;45
685;549;24
54;290;14
34;492;46
248;169;45
370;61;33
186;227;6
156;233;43
152;367;47
396;759;15
102;697;11
19;244;30
424;474;31
262;422;39
456;684;45
397;443;26
689;275;21
645;242;25
450;4;21
757;466;13
698;675;47
359;384;4
126;431;38
267;74;16
520;290;24
448;726;12
422;346;31
336;96;25
197;420;12
793;293;14
537;657;32
501;62;21
683;36;21
621;584;27
673;508;15
648;135;1
642;790;11
11;17;26
778;767;2
610;722;34
110;84;49
491;139;21
244;661;25
503;34;4
237;748;50
54;771;10
593;464;41
419;692;39
132;717;33
733;73;3
146;473;33
310;478;14
194;213;35
349;602;44
611;616;24
772;193;50
549;224;8
373;616;34
447;456;29
756;669;41
129;375;18
461;730;21
517;401;9
587;619;49
519;794;40
748;22;37
465;170;6
444;719;33
74;468;29
765;390;39
239;579;42
534;467;50
197;194;17
38;542;40
498;211;48
785;152;33
66;455;34
237;4;18
107;476;40
95;335;43
316;215;22
497;17;27
413;576;35
404;302;31
492;326;44
778;477;39
436;646;3
250;646;29
746;341;30
485;31;2
701;183;42
123;312;39
658;672;29
775;538;39
313;343;37
499;367;2
750;303;11
4;156;47
274;457;46
314;465;3
475;95;49
132;200;24
280;266;32
500;471;41
363;564;18
474;252;25
525;209;49
733;323;45
306;614;11
329;21;29
355;234;36
188;761;33
550;685;33
349;759;4
783;277;45
38;658;42
106;338;14
446;711;16
103;612;23
611;572;26
333;711;14
46;515;6
322;414;28
389;219;12
388;176;34
224;701;34
651;408;24
525;733;26
627;262;31
112;212;23
31;792;11
96;243;49
93;388;14
750;114;9
696;553;2
267;583;45
580;625;20
463;587;2
182;175;35
587;37;38
646;707;41
452;599;41
246;732;45
204;394;30
797;360;1
404;149;9
533;584;8
378;341;39
186;199;20
653;389;3
253;113;19
39;651;28
765;73;32
421;27;38
357;773;35
415;648;49
774;544;2
398;689;44
14;320;41
595;31;10
439;743;17
775;17;32
678;268;29
643;357;48
512;438;25
350;503;42
530;694;12
254;8;29
741;380;5
217;391;50
247;320;31
255;185;33
91;31;29
297;389;9
668;203;9
365;749;2
696;27;15
785;10;3
405;12;19
22;167;20
108;253;20
730;154;35
35;82;28
560;185;23
117;36;27
255;698;34
224;280;32
181;335;25
152;156;50
344;550;6
703;86;47
161;660;22
19;255;9
462;328;42
761;7;35
82;663;21
87;530;32
34;748;23
43;414;31
197;622;29
91;288;7
546;312;28
355;115;48
432;36;4
243;670;35
465;577;35
513;652;1
424;309;37
487;771;4
409;448;37
163;177;26
537;126;50
103;779;6
760;779;18
258;761;28
4;763;1
196;624;41
77;647;19
160;722;25
257;720;24
610;237;28
550;195;27
716;377;29
185;721;11
241;55;40
239;136;37
772;319;5
263;230;22
322;545;31
193;788;49
194;347;3
692;719;44
332;397;2
698;794;11
374;270;19
793;80;37
138;762;31
680;168;6
460;747;32
429;554;35
266;597;4
623;770;32
383;408;34
396;267;4
190;261;45
612;610;20
511;477;50
181;42;11
459;719;43
18;494;24
63;759;29
463;175;20
530;468;4
351;742;38
23;66;16
123;332;7
263;509;43
53;208;49
734;319;1
139;97;43
85;635;35
67;585;12
553;55;40
408;435;35
500;51;22
298;146;50
460;741;1
185;17;12
145;62;8
764;572;22
243;538;35
406;428;21
448;566;32
198;90;19
548;674;41
745;595;13
535;619;43
700;301;30
52;686;24
564;478;8
258;552;9
748;401;47
236;349;33
154;421;14
422;56;44
87;755;1
382;409;26
401;117;20
118;406;19
466;557;36
62;236;4
476;716;29
667;3;40
159;753;48
662;277;20
413;757;7
206;756;46
605;796;37
193;279;6
73;356;28
58;15;11
143;356;41
630;78;38
404;277;21
197;327;46
189;209;20
339;355;29
519;621;48
153;725;10
108;182;4
357;159;19
700;93;14
163;489;29
36;469;42
281;418;17
780;396;38
661;655;50
582;635;29
171;473;7
212;333;36
799;348;4
744;383;44
17;437;50
245;742;6
306;714;16
132;259;19
429;352;47
704;289;34
537;392;5
244;751;29
182;243;18
155;507;45
62;470;25
258;558;15
393;42;20
421;48;45
766;756;30
579;718;20
410;736;33
574;743;20
528;386;42
395;576;37
249;607;27
619;199;21
513;523;23
323;82;9
523;631;36
158;510;28
268;100;27
799;333;11
430;87;6
570;721;18
290;120;22
52;22;26
240;161;35
509;77;42
509;174;44
175;429;17
662;512;25
351;337;49
489;555;11
72;36;35
332;444;35
415;798;29
793;474;36
60;358;41
693;726;16
549;485;44
202;691;32
705;430;13
280;342;30
618;339;44
575;800;4
572;680;38
237;777;36
348;516;16
321;195;5
215;623;30
108;496;5
199;617;41
666;571;50
630;747;29
185;507;5
406;703;36
118;206;39
15;269;12
438;92;15
447;437;21
414;105;11
257;210;13
332;576;42
421;65;24
633;779;14
613;313;24
735;640;25
415;681;40
552;425;26
329;713;27
565;157;8
511;594;30
549;50;38
740;364;32
331;369;21
438;238;31
544;475;41
555;265;50
445;586;41
795;46;19
191;446;19
137;329;48
536;729;40
243;490;9
281;419;14
85;337;47
134;720;7
338;369;28
55;329;36
69;704;25
701;722;34
776;250;10
143;327;9
424;110;26
524;172;30
640;302;40
133;339;11
120;680;34
619;201;43
490;247;15
391;685;39
566;691;50
390;331;30
608;593;30
267;700;27
695;419;9
430;157;43
590;724;48
433;254;45
100;543;35
389;493;28
468;131;48
664;134;46
8;541;43
716;670;19
14;445;1
679;167;2
457;637;31
274;355;35
539;357;29
130;246;45
673;299;49
259;239;43
291;87;20
173;595;32
238;637;8
178;593;25
122;402;26
169;16;47
45;206;17
781;677;32
745;37;44
689;467;9
109;767;31
612;589;43
660;736;24
410;94;6
39;144;14
381;262;37
287;608;44
620;55;42
147;359;8
544;799;6
338;286;22
647;426;8
158;581;32
578;235;4
197;253;2
766;18;20
767;40;34
312;543;25
797;630;39
658;511;3
80;586;22
354;351;8
60;650;1
148;602;26
161;572;8
186;123;25
96;107;4
194;621;42
335;744;30
639;95;43
458;367;11
548;6;3
60;233;37
234;303;49
7;218;44
587;35;1
128;720;3
469;248;42
52;47;26
142;528;5
612;92;35
267;11;7
547;731;5
393;211;35
599;222;18
664;301;2
482;135;47
379;273;38
257;16;49
662;401;38
676;64;15
484;50;3
157;281;17
632;110;25
768;140;9
800;424;32
395;327;3
31;85;14
541;84;33
268;566;35
139;528;34
351;194;1
120;208;37
699;724;6
557;525;32
373;476;10
101;347;2
284;567;21
653;541;19
592;767;30
473;477;48
179;661;20
99;411;13
385;350;4
689;279;30
25;431;32
480;708;27
617;782;19
500;310;39
666;304;48
605;400;30
517;420;32
91;255;6
563;250;13
468;659;21
128;617;8
282;220;29
429;553;8
154;56;45
222;747;39
319;105;49
705;567;41
364;739;13
712;636;41
479;581;40
305;327;43
333;8;30
289;320;36
537;576;14
552;294;9
474;692;5
332;647;44
315;389;33
151;372;43
348;639;29
639;675;18
361;716;9
724;169;40
324;787;45
177;251;34
292;584;11
183;219;26
509;5;38
356;741;39
591;144;34
475;548;34
579;406;48
439;602;30
598;468;28
535;40;28
184;206;3
626;522;14
16;422;47
768;765;36
191;476;37
150;184;30
780;650;29
516;460;18
521;278;30
361;776;11
780;61;41
148;177;43
644;413;21
388;260;19
182;311;7
603;132;21
385;519;37
22;536;33
789;429;24
112;295;4
172;160;20
672;599;48
654;285;25
399;170;28
365;544;43
12;461;11
569;155;49
691;252;38
567;366;35
288;720;50
794;723;9
275;514;14
504;414;9
381;711;37
514;147;11
175;761;44
358;386;30
682;186;50
46;687;47
11;114;1
650;512;31
598;770;21
419;423;8
6;176;30
276;523;1
578;597;36
491;588;48
173;743;14
451;373;45
70;470;8
600;616;17
208;91;16
791;586;15
787;447;35
443;163;40
61;316;18
253;735;29
766;340;21
584;523;42
115;322;16
542;337;7
485;558;1
210;20;31
566;50;16
524;402;25
82;168;10
741;677;33
169;693;33
82;262;30
709;530;42
653;316;42
193;376;6
256;787;39
726;248;27
489;592;27
381;300;32
760;94;48
673;757;1
692;285;18
60;675;46
416;730;5
547;418;20
154;37;43
111;749;4
524;739;40
617;573;19
570;441;38
757;406;30
623;337;43
721;448;40
325;736;16
268;549;16
358;111;16
272;520;30
794;344;20
588;506;7
746;435;10
442;390;38
293;128;36
376;427;11
536;143;15
9;173;37
443;126;32
438;581;37
6;526;31
766;193;8
603;36;12
261;163;5
364;34;1
107;704;6
652;214;37
85;565;47
629;354;39
282;376;45
310;688;29
217;55;21
297;696;47
463;237;3
167;555;9
545;596;21
352;224;25
208;525;42
683;103;28
205;405;50
45;378;22
272;586;33
355;21;22
269;748;1
3;28;47
92;687;47
83;427;28
579;488;38
693;610;1
405;212;10
153;444;39
248;441;36
52;240;12
169;208;18
461;452;8
302;594;13
430;389;36
260;632;28
509;472;35
87;724;47
296;181;21
796;759;35
137;694;31
271;299;40
413;645;45
335;147;44
108;568;11
616;119;17
727;234;28
128;493;21
142;461;2
201;482;24
782;88;50
390;159;46
273;458;5
375;453;15
361;190;27
7;89;46
575;613;41
638;575;40
471;244;15
300;481;50
180;426;1
273;444;34
529;255;40
758;142;23
597;750;28
469;518;37
183;148;14
694;40;32
277;264;41
677;403;42
781;769;20
225;71;37
200;487;18
183;370;32
505;530;26
618;334;37
686;38;39
773;251;40
196;600;13
433;235;32
677;164;22
334;154;20
177;460;17
513;788;45
404;568;22
547;31;32
197;537;2
735;648;48
376;425;33
678;206;22
285;704;3
550;73;16
437;163;47
85;391;26
397;797;2
471;250;29
290;333;6
717;249;3
772;112;48
757;322;10
473;735;15
306;783;28
513;415;29
406;580;18
258;441;26
467;703;48
120;671;27
669;449;47
35;534;32
563;179;2
302;378;24
461;341;37
207;135;29
10;670;15
790;243;7
32;337;19
496;195;44
499;262;50
206;301;17
28;387;5
346;259;32
776;48;29
2;369;33
238;71;28
373;660;30
335;564;12
197;311;7
441;689;44
367;238;38
417;102;36
751;261;46
654;578;42
708;649;5
8;358;29
414;507;14
327;203;33
691;118;24
750;685;28
596;248;25
566;777;29
199;595;2
317;413;39
338;158;27
607;166;42
230;800;50
553;140;11
439;184;18
622;754;47
514;630;42
370;628;45
224;645;13
363;100;7
737;415;2
462;226;34
548;277;39
754;536;36
755;457;30
141;129;20
724;216;6
231;621;44
344;443;49
221;618;17
117;63;2
558;578;34
403;177;3
212;563;35
2;162;42
447;662;2
472;748;44
564;761;39
330;681;23
544;738;41
245;746;3
752;468;14
587;495;27
148;700;40
232;220;46
405;62;7
305;585;48
121;370;28
357;94;40
77;102;11
694;205;33
536;648;50
618;649;49
7;351;40
478;246;3
93;759;17
777;460;21
57;361;48
406;716;35
25;97;49
301;193;23
178;329;12
223;288;27
706;100;20
33;50;16
105;671;12
43;2;37
331;165;30
177;319;11
615;615;5
458;294;19
440;596;12
53;89;11
568;498;48
464;392;30
604;432;5
96;272;4
364;493;33
310;199;26
785;185;18
652;209;21
14;715;14
112;13;26
764;260;48
203;769;24
731;512;2
212;556;3
64;136;15
424;95;37
25;199;7
578;304;33
238;216;2
236;621;38
605;671;48
558;606;29
374;714;34
106;399;33
785;315;43
628;258;17
310;564;2
34;788;6
1;89;39
685;777;31
438;739;14
410;718;33
778;383;44
223;634;34
627;704;44
721;636;46
583;520;3
255;574;15
185;8;20
302;536;5
731;461;31
777;769;3
599;784;47
399;147;18
45;26;37
741;382;17
565;349;5
404;233;34
794;375;17
256;640;36
360;261;28
238;633;23
498;151;45
205;491;15
557;460;27
304;597;4
97;200;30
512;2;49
507;773;13
312;319;12
503;351;16
367;233;20
58;652;24
674;156;35
713;71;25
236;595;10
154;646;7
401;233;28
318;207;22
362;255;9
167;445;39
258;244;37
175;438;23
402;676;7
127;355;7
728;557;44
14;795;49
745;500;47
45;361;34
70;387;19
527;397;1
10;709;42
759;675;35
484;595;29
301;212;43
515;307;3
603;163;49
569;610;31
76;483;11
342;521;39
65;439;12
393;628;47
421;579;35
309;680;41
498;266;48
548;412;15
487;196;33
450;199;9
365;59;27
307;539;6
768;106;50
617;576;6
417;293;21
328;622;46
516;762;44
323;756;12
94;307;37
296;551;14
685;104;34
81;269;12
462;614;23
160;262;40
169;295;28
123;394;12
265;527;43
745;72;2
506;596;27
363;289;46
333;234;14
65;548;16
319;295;25
658;677;18
244;70;33
17;766;44
56;319;26
605;15;11
455;791;25
636;444;2
719;369;34
188;609;5
792;604;9
211;254;8
91;757;23
537;14;22
533;475;4
698;594;4
422;22;25
377;574;6
640;382;7
542;461;26
695;124;18
377;566;9
611;338;42
478;413;33
19;223;8
622;477;32
136;580;6
410;419;37
420;498;17
322;321;28
431;479;25
741;390;2
708;657;11

