800
19844
4800
62;79
44;54
32;38
96;64
55;100
89;98
38;35
4;10
35;59
8;14
21;84
81;42
52;69
2;97
63;33
44;66
22;92
100;89
19;16
16;33
1;7
38;1
57;88
100;95
49;33
79;73
90;43
51;2
94;57
29;45
94;32
30;57
11;24
28;22
68;97
78;9
44;85
63;51
74;93
4;98
61;55
37;88
63;91
14;38
22;74
67;86
59;8
85;66
15;67
92;16
15;1
78;95
11;18
22;59
91;66
83;33
58;2
80;63
5;71
21;99
45;13
4;83
5;83
49;97
2;15
67;28
44;51
57;67
58;72
54;62
63;15
10;8
25;62
41;73
7;81
81;60
94;82
71;5
4;72
19;48
70;7
3;2
48;37
27;61
11;4
86;21
6;9
68;18
70;50
48;24
5;72
85;41
30;68
10;64
20;94
14;65
13;13
26;94
97;14
66;22
96;16
68;33
80;90
45;43
96;47
36;78
47;4
94;58
25;3
39;20
73;39
23;47
43;9
57;15
5;18
89;9
13;20
26;97
94;51
74;59
16;68
3;36
45;61
62;16
11;96
83;49
36;10
85;98
78;20
48;3
67;1
97;46
44;20
97;83
82;44
11;54
62;2
16;93
8;30
64;38
59;31
87;86
67;19
77;91
47;62
36;72
83;79
20;30
39;38
42;20
34;78
6;9
81;96
30;47
2;25
13;100
38;63
17;88
52;53
18;49
13;14
26;31
97;15
38;48
10;45
71;68
57;63
17;83
86;63
31;24
9;29
39;91
83;92
94;59
58;62
56;8
34;65
25;79
89;71
45;28
87;27
17;71
75;16
20;60
85;63
93;17
56;42
54;65
11;84
26;94
53;37
36;45
35;54
28;38
28;6
48;23
75;60
64;45
96;22
38;13
65;75
45;90
83;84
13;52
78;60
21;63
2;34
49;26
48;57
27;86
93;32
92;67
5;37
15;93
48;23
3;53
19;91
3;27
95;11
92;32
43;46
42;72
51;81
39;41
36;68
93;36
75;14
79;66
43;29
28;60
76;96
16;80
10;44
35;31
46;83
88;71
95;30
55;38
14;30
83;42
96;60
80;40
96;42
21;4
26;61
34;94
19;42
24;95
71;18
65;39
14;49
84;43
90;87
99;5
89;97
49;7
47;4
34;97
40;97
24;47
2;77
72;39
64;15
84;61
78;20
9;39
49;71
60;88
36;6
65;32
62;78
67;50
35;70
49;21
21;51
67;61
74;100
20;90
29;69
18;50
27;66
83;75
5;38
41;60
84;91
2;16
16;33
23;11
37;26
55;42
12;72
3;57
71;59
68;56
73;35
5;58
85;17
51;34
25;6
11;29
58;56
63;66
59;26
29;100
92;81
21;77
50;72
54;28
68;37
5;77
81;76
71;85
13;5
60;70
81;11
100;2
92;96
90;43
16;33
8;59
94;2
31;33
6;52
48;100
79;98
55;97
31;22
16;8
2;37
48;21
70;90
7;7
12;17
84;54
81;66
40;35
44;10
21;76
40;38
63;23
49;32
98;3
41;67
88;31
85;86
37;12
78;13
69;9
26;15
29;58
48;6
10;28
53;77
99;36
100;63
6;20
25;80
74;1
73;65
40;88
50;7
65;42
51;57
80;99
48;83
29;98
92;55
93;75
62;90
25;70
86;55
66;4
69;77
43;17
53;75
88;1
93;25
30;17
68;63
15;17
80;17
52;63
13;6
70;27
99;65
62;30
82;59
9;70
2;68
49;44
28;17
54;5
25;19
53;7
25;69
43;15
6;36
61;37
23;59
76;88
8;67
4;20
61;53
71;62
91;8
84;57
27;70
57;28
94;26
26;57
82;44
39;98
60;16
26;55
58;83
19;38
76;20
61;55
18;67
47;44
70;70
91;62
88;32
34;83
50;65
89;23
19;29
96;93
8;38
78;46
39;4
88;98
63;67
75;84
56;47
77;9
96;41
96;33
68;62
15;12
91;73
50;52
44;86
37;4
86;38
56;31
20;39
74;67
7;100
48;43
25;67
54;100
52;31
53;67
76;48
88;62
2;81
16;98
66;61
70;64
71;19
85;31
35;81
42;25
42;21
1;72
45;17
9;89
64;8
83;92
35;66
44;82
14;46
41;75
24;40
96;28
19;34
98;29
67;44
67;9
33;99
82;82
22;19
14;5
89;69
67;79
29;84
79;74
68;8
8;48
74;89
54;4
26;74
89;52
24;34
49;18
51;65
71;7
41;59
82;6
54;62
83;66
58;30
29;13
100;74
44;12
44;70
85;80
27;12
23;19
50;25
65;72
13;100
80;33
15;79
81;23
60;50
64;27
98;100
43;11
49;76
79;17
74;97
68;29
55;23
52;23
66;99
46;75
75;27
89;49
3;14
61;41
59;93
82;15
14;86
13;65
36;76
59;5
52;17
75;74
82;88
8;56
74;10
81;64
28;28
90;18
21;23
44;46
66;48
45;50
9;76
22;73
53;79
25;21
71;34
11;75
27;50
51;81
72;96
57;2
61;7
15;38
53;64
14;12
66;59
48;55
14;38
10;73
19;51
1;81
18;7
59;77
3;34
28;100
35;27
15;89
10;17
15;59
47;12
30;6
59;41
73;75
79;88
10;69
63;84
19;40
12;42
16;67
73;24
61;59
67;49
49;2
30;41
28;42
12;83
36;29
80;27
78;26
67;54
89;76
25;81
83;60
15;46
89;65
34;55
20;99
56;45
82;75
70;4
56;87
70;88
45;31
18;48
13;8
59;16
19;34
60;35
61;83
75;43
15;67
90;15
47;15
14;14
11;6
42;50
56;77
47;49
76;59
13;25
52;37
89;19
61;15
33;5
53;78
2;96
68;6
17;13
100;81
50;30
91;83
5;74
20;65
2;49
46;77
100;97
13;64
71;5
2;3
64;80
2;100
93;39
19;29
94;45
8;47
50;20
91;9
16;92
100;23
19;80
90;70
80;9
46;66
79;99
35;31
44;95
38;55
73;3
77;40
22;34
95;6
32;12
41;99
2;57
32;67
38;38
16;17
81;92
100;87
27;30
31;14
30;11
35;33
29;76
12;16
92;24
5;86
43;5
96;96
85;69
44;69
23;15
49;10
62;95
19;79
14;76
35;13
49;99
74;99
17;46
88;28
13;1
2;43
7;33
77;45
15;63
20;24
47;83
52;85
44;58
3;18
96;38
94;94
19;12
28;5
77;65
64;28
73;82
78;40
48;59
7;16
96;64
56;66
49;26
50;87
87;95
8;3
2;89
24;3
94;98
67;3
1;77
48;64
63;34
33;42
63;71
11;76
93;7
3;33
56;64
70;59
38;25
65;83
94;47
18;95
70;16
32;32
5;78
85;1
93;78
95;69
82;69
4;93
18;25
19;85
94;29
68;21
2;78
28;70
46;34
51;75
72;70
39;61
34;68
90;54
16;69
43;81
23;69
98;16
91;57
46;24
99;77
65;14
94;46
43;83
69;4
23;54
88;85
64;98
87;88
59;51
91;40
47;34
21;79
2;12
35;20
10;48
61;60
32;85
40;31
100;68
75;43
99;56
98;33
27;55
96;64
33;44
48;98
17;27
20;83
39;45
63;497;27
543;633;23
194;782;5
526;649;9
624;61;25
493;593;41
27;136;15
33;800;6
559;681;20
165;184;37
253;708;24
149;552;16
284;472;46
753;668;35
615;209;32
48;57;42
490;370;50
284;618;47
762;624;2
285;711;46
321;389;29
643;653;41
71;200;23
308;364;45
575;592;15
210;431;8
220;29;40
575;510;32
111;450;38
370;627;43
370;39;14
256;663;26
524;776;30
488;308;33
605;455;25
118;3;49
382;333;49
641;772;49
281;732;39
423;465;37
214;226;14
784;780;8
789;315;17
672;33;25
465;742;34
545;164;2
616;580;26
480;398;25
142;295;45
783;566;8
501;536;3
187;513;3
788;238;12
90;285;18
452;464;40
547;634;44
141;97;13
93;669;43
518;209;15
682;739;27
704;618;25
259;38;38
172;323;40
778;731;1
727;638;12
737;753;23
174;521;19
302;612;1
437;1;24
230;703;15
27;466;16
498;786;17
793;174;31
438;18;26
42;437;14
589;345;25
445;475;26
542;753;2
100;579;6
184;185;22
173;161;45
73;452;28
595;126;32
303;369;19
398;161;19
25;529;5
563;176;33
413;453;45
692;298;48
505;762;25
60;766;28
29;149;34
518;160;13
534;413;15
785;162;33
739;612;3
58;127;2
22;686;29
305;767;12
1;746;9
304;326;16
489;604;48
223;790;41
590;255;37
212;471;25
35;742;41
408;95;22
586;428;50
636;291;20
19;96;46
760;92;36
517;215;33
580;267;41
53;752;2
465;431;25
741;691;13
618;298;12
139;454;15
82;20;37
79;746;9
49;343;10
370;36;26
600;240;21
485;689;19
254;14;14
568;628;31
700;463;49
406;686;9
82;119;24
339;519;7
161;693;49
189;400;18
459;391;17
725;312;10
736;565;49
136;19;35
387;74;15
675;613;47
282;677;7
321;54;22
43;459;12
492;78;12
481;474;47
337;36;23
397;307;32
638;756;30
299;343;23
745;228;23
676;469;32
636;216;16
156;519;4
355;709;47
1;179;33
340;599;36
567;52;49
206;785;22
451;34;23
788;358;17
74;88;16
144;53;9
763;401;12
36;567;11
91;57;28
492;242;11
131;336;46
119;335;18
570;249;21
139;171;22
386;595;36
514;298;22
332;306;31
767;628;47
262;414;27
374;309;40
378;776;3
331;91;44
741;259;37
754;750;28
284;193;18
103;798;7
280;463;49
633;195;15
685;23;21
359;562;8
318;748;14
267;78;42
181;150;2
452;115;5
562;231;3
247;401;31
309;488;26
636;116;2
241;122;17
245;218;30
442;180;32
315;172;24
563;685;27
346;29;32
394;79;10
355;227;8
108;606;19
524;177;8
204;115;22
304;544;35
40;520;18
125;178;15
287;500;23
60;153;36
520;8;42
28;538;22
353;505;13
650;479;23
4;387;47
430;163;12
482;719;13
295;204;6
37;748;48
195;261;27
141;481;20
659;305;14
646;522;16
781;271;25
794;203;15
38;328;44
112;478;27
595;685;19
92;277;29
309;378;27
408;42;36
267;126;28
586;68;8
796;278;6
351;22;9
525;471;42
532;243;8
351;152;20
685;53;40
652;673;9
620;169;1
434;90;38
626;14;1
40;371;22
726;716;13
319;226;43
289;605;1
582;660;21
725;59;45
269;655;16
146;383;10
584;120;47
700;385;43
326;489;35
315;757;37
161;30;41
726;781;26
794;140;30
404;745;50
584;299;44
795;261;35
456;281;38
333;180;23
405;110;49
568;194;42
291;641;21
373;201;17
721;120;13
225;95;47
153;375;15
113;210;30
560;158;10
29;435;27
24;249;41
606;288;14
545;405;6
22;486;33
274;419;21
205;778;30
462;50;12
324;423;14
295;313;34
481;179;16
742;517;49
509;227;8
650;438;18
590;86;15
511;408;10
100;634;23
420;285;13
472;614;33
225;561;9
307;659;26
478;4;1
79;406;31
741;168;11
174;215;40
259;32;18
652;385;40
261;782;39
206;259;19
170;281;33
625;330;34
180;613;41
334;350;10
762;467;20
298;140;14
661;541;17
478;82;38
782;382;23
35;180;22
401;89;43
778;799;50
480;676;15
781;691;36
106;325;9
494;531;43
235;20;37
58;408;36
628;442;18
384;637;23
17;311;10
794;770;8
715;570;50
577;649;15
388;247;48
313;701;23
551;394;7
522;13;4
649;174;32
606;490;44
531;344;16
728;489;17
286;219;12
617;714;28
69;529;35
572;118;46
708;580;22
240;572;42
655;38;16
777;413;26
289;624;11
608;489;4
28;36;25
515;303;34
453;44;25
372;778;20
158;182;22
552;380;39
245;704;35
444;520;3
459;353;49
6;612;45
684;438;19
149;169;27
496;770;9
161;83;48
710;142;27
39;308;46
294;238;43
327;210;46
31;200;48
392;594;47
648;751;26
443;320;3
609;791;19
788;444;31
526;320;11
386;455;48
3;423;8
430;541;5
155;525;7
21;466;44
469;755;7
607;181;1
346;593;13
107;195;46
289;47;15
625;165;41
15;275;39
490;651;25
435;500;34
79;785;31
145;7;33
626;186;11
418;373;31
36;711;23
669;614;38
463;510;46
79;325;1
598;135;14
750;530;5
641;337;12
723;618;25
518;387;44
176;337;19
402;114;43
222;715;26
782;302;23
28;44;10
348;701;16
66;697;49
766;378;47
133;173;20
539;221;50
183;37;37
636;354;38
600;506;16
766;519;24
736;519;17
511;175;43
394;185;28
526;459;24
275;718;41
400;511;39
114;649;12
577;459;28
126;48;35
68;456;42
447;449;20
134;181;27
77;536;37
737;450;34
428;272;13
277;501;33
304;783;47
692;650;39
440;538;19
250;555;28
418;401;26
308;300;10
602;179;16
678;772;20
302;278;19
702;417;48
121;674;5
730;652;16
563;641;25
756;382;25
225;732;19
569;615;40
206;432;19
348;150;8
729;771;25
177;553;23
639;233;24
217;702;49
729;514;22
77;227;18
300;165;14
530;599;24
288;719;16
259;325;5
74;707;43
709;49;43
748;485;21
765;620;27
163;244;7
334;339;27
106;388;45
302;728;21
505;423;15
641;32;18
85;15;9
92;616;15
305;633;36
520;476;14
227;585;42
524;392;10
244;35;14
418;500;42
194;787;4
726;240;14
184;263;38
354;484;29
457;429;5
718;16;46
260;129;22
585;443;8
19;304;46
724;526;17
24;366;23
744;385;3
142;493;42
1;186;45
531;35;2
541;769;31
697;142;20
471;288;3
630;757;33
111;490;16
628;526;43
780;741;30
783;456;32
753;760;6
344;701;49
442;565;33
345;95;19
697;216;29
687;605;15
110;320;23
231;167;14
387;113;5
102;219;1
563;364;27
680;616;34
526;6;42
71;628;43
578;109;14
333;754;29
281;641;15
619;142;18
17;376;38
590;200;11
387;562;36
467;311;22
30;447;33
403;755;21
197;509;41
575;197;19
190;31;28
567;173;34
149;91;4
448;305;2
110;477;16
688;560;21
705;127;13
336;569;20
285;791;49
721;676;36
589;289;28
649;347;41
603;734;7
377;234;12
146;768;29
730;624;11
491;584;7
781;527;45
220;616;35
605;404;50
297;427;7
392;600;23
295;732;34
333;87;22
576;46;2
635;334;27
351;150;23
669;488;7
595;353;39
440;463;48
730;466;50
748;647;17
398;628;50
274;313;35
315;561;14
411;331;31
336;652;27
615;188;22
44;481;50
552;735;23
447;506;21
262;643;50
320;515;26
797;30;21
145;46;44
211;358;44
396;237;26
73;270;2
762;496;1
208;87;18
584;726;1
537;455;2
287;343;45
127;495;48
623;248;6
39;105;15
381;122;19
298;93;34
536;88;44
535;412;30
767;75;23
44;435;20
407;458;12
297;303;50
483;427;28
81;213;50
28;313;10
50;248;50
464;352;11
417;614;49
111;747;43
77;747;42
222;554;14
99;441;29
590;41;36
119;2;49
137;637;34
260;473;13
747;644;44
768;721;22
444;337;46
671;541;44
174;507;16
709;556;39
735;572;42
479;212;9
364;98;31
2;318;9
389;649;48
648;305;23
553;646;44
620;431;26
700;681;17
636;571;31
121;83;2
677;475;35
281;624;16
2;476;20
629;159;30
47;306;10
136;98;5
106;716;28
165;744;23
779;569;29
405;371;33
724;481;48
306;448;35
163;260;35
2;406;5
310;286;41
238;434;46
107;725;42
142;757;27
421;797;41
554;581;20
47;380;42
773;71;19
243;610;21
186;709;40
621;308;34
210;263;14
672;517;17
784;618;25
170;446;37
103;489;35
564;228;29
251;57;17
521;230;31
653;590;12
656;587;19
291;46;10
64;376;26
308;128;15
301;713;11
682;260;11
301;485;27
64;322;6
229;408;45
778;180;14
110;383;38
598;742;46
151;113;14
494;674;36
501;693;12
682;393;37
558;18;11
120;318;16
65;725;14
239;100;42
713;373;47
534;686;50
689;229;42
290;352;32
94;118;23
200;368;47
124;485;41
603;372;43
128;392;24
89;70;19
4;11;9
793;563;5
680;29;47
384;212;2
528;131;26
721;38;3
184;249;38
667;171;39
95;11;17
251;449;24
771;346;37
528;657;30
130;16;13
642;345;22
177;46;44
394;416;10
651;239;46
334;218;24
583;25;29
787;754;24
233;594;7
247;574;13
555;329;18
59;71;47
157;110;9
272;577;7
110;704;44
204;390;37
141;127;43
757;505;40
43;37;40
48;552;43
639;584;27
251;330;34
724;560;49
233;91;11
10;657;32
187;639;35
725;408;43
148;266;42
15;422;49
195;765;14
281;227;19
162;290;48
76;114;23
385;410;39
304;433;49
539;600;16
408;29;28
181;754;47
154;333;31
185;783;10
433;560;21
602;481;44
230;442;32
741;94;13
571;395;17
728;788;32
732;350;15
633;22;33
587;328;10
465;417;36
322;470;19
635;138;42
9;727;17
270;127;11
162;350;34
634;48;2
156;350;47
302;184;17
689;450;4
367;268;15
422;180;39
786;2;35
787;430;36
474;52;22
344;97;18
208;213;14
66;342;35
255;439;35
776;573;40
731;159;5
694;300;45
100;671;8
519;458;49
627;250;33
390;356;27
337;542;31
791;600;36
182;678;23
565;77;12
108;462;21
225;285;16
714;27;11
49;215;11
471;88;10
460;21;41
302;190;31
94;35;1
591;479;35
81;549;5
165;188;7
120;532;23
522;253;50
530;431;11
742;445;6
541;376;43
598;212;28
531;506;8
171;215;35
305;602;34
689;8;18
136;777;50
700;363;38
196;47;36
50;175;27
278;253;24
95;53;23
407;676;43
314;788;23
798;209;37
678;420;39
740;105;44
223;632;42
507;185;26
190;80;17
612;228;42
607;383;22
180;223;35
535;659;19
178;60;35
740;115;32
564;770;19
157;152;11
469;264;24
353;330;30
255;404;2
122;568;2
100;668;21
784;427;35
647;472;24
717;12;23
394;344;28
174;279;50
228;350;4
404;4;41
722;501;4
253;555;41
778;676;45
442;125;4
740;596;11
509;394;23
283;754;19
709;280;37
630;333;43
15;128;24
549;376;36
358;79;4
486;505;36
207;42;15
462;623;38
134;682;46
428;549;31
532;505;1
179;114;14
657;504;44
630;444;5
655;702;14
792;736;5
10;737;34
467;791;49
453;456;11
737;536;17
243;703;44
569;108;3
177;593;17
615;120;43
32;596;8
619;664;32
162;447;26
782;795;22
159;190;10
347;370;10
437;206;32
315;630;37
526;47;30
565;342;4
376;84;13
747;599;20
673;418;37
325;531;33
4;133;36
422;322;4
757;143;47
503;634;24
701;510;4
601;528;48
190;743;48
69;363;31
368;453;28
170;333;38
754;34;48
86;709;10
593;53;42
366;277;49
569;605;9
426;786;35
471;577;48
542;83;46
250;393;28
571;597;30
317;631;21
592;63;21
619;678;5
6;281;30
351;684;15
746;763;10
220;310;15
495;640;35
758;510;18
440;145;6
9;789;8
747;44;17
441;317;21
167;468;50
290;14;7
735;566;27
794;107;30
658;184;2
224;369;45
47;561;16
33;108;23
800;568;37
623;296;7
698;609;33
48;608;27
24;11;8
27;241;31
392;454;28
315;115;16
116;491;40
608;397;31
302;679;16
138;510;34
411;235;25
666;382;13
49;229;32
22;78;20
243;155;45
589;151;4
591;102;21
101;11;39
314;483;24
794;725;7
133;226;24
779;796;7
125;704;50
648;147;26
401;629;11
774;271;11
73;423;26
403;355;26
447;42;47
605;413;34
583;765;35
27;704;40
394;73;45
701;467;22
237;471;29
52;328;31
449;644;20
505;243;7
406;604;32
333;302;17
241;75;49
197;1;37
731;60;39
103;309;34
362;211;16
118;130;34
770;724;20
604;704;34
34;645;23
609;359;44
700;200;48
498;238;12
126;528;20
85;496;13
213;100;30
483;43;33
216;21;25
510;469;49
76;312;21
18;456;11
291;691;11
609;710;20
106;663;9
340;661;23
82;758;11
342;26;25
439;724;39
288;13;34
479;457;39
782;14;46
48;481;23
445;791;37
719;509;7
394;748;45
444;557;9
79;628;8
475;381;10
540;723;36
676;576;34
582;219;24
371;344;8
613;606;42
458;124;33
299;395;37
228;786;5
403;69;5
411;27;39
335;288;19
736;720;40
223;200;27
70;456;28
730;301;37
357;294;46
296;658;2
726;580;23
341;274;39
414;487;1
790;387;11
676;767;38
541;237;22
239;432;38
309;175;10
620;56;23
684;115;19
533;761;16
596;778;20
585;666;50
334;618;16
689;321;23
323;110;9
741;348;29
549;246;11
430;349;23
175;411;23
16;252;4
673;568;29
257;581;32
482;325;26
794;576;27
776;639;47
374;99;28
611;789;27
515;594;39
710;734;37
242;577;3
174;750;22
663;191;23
218;37;8
763;630;26
440;56;4
542;755;39
453;243;18
572;117;11
651;674;25
185;571;25
471;80;30
301;570;7
129;681;40
528;416;21
799;480;30
632;730;7
680;637;13
688;676;19
215;316;34
415;13;15
249;235;1
634;260;48
402;130;50
706;163;23
606;766;29
415;721;19
491;532;18
581;201;26
7;263;6
719;179;30
691;294;27
278;383;33
528;453;2
280;3;37
383;56;38
596;735;4
218;582;42
307;13;17
276;44;50
115;436;15
587;628;4
129;616;45
440;441;50
517;253;37
684;51;22
380;378;8
735;229;42
60;739;25
518;206;16
242;276;41
182;440;42
19;647;23
449;570;10
629;718;5
696;661;36
499;202;23
417;27;14
21;552;16
659;459;41
89;415;34
487;108;46
150;102;8
605;274;1
28;412;38
713;67;49
709;78;34
96;377;26
533;448;14
310;761;34
397;232;18
71;355;22
449;553;7
561;111;30
592;569;49
333;794;22
712;381;49
688;693;8
729;389;35
393;323;43
776;795;9
249;717;28
758;72;21
672;632;17
597;389;28
161;276;8
619;152;11
655;476;49
63;468;19
457;713;46
457;642;40
27;145;50
158;289;41
223;590;47
388;359;28
447;781;22
210;180;38
277;756;24
427;506;25
58;371;41
331;115;8
9;605;18
730;640;41
634;229;18
528;688;21
122;417;33
243;747;44
721;702;11
515;791;24
682;762;28
179;508;43
411;646;1
202;283;45
574;644;12
489;156;50
432;519;2
465;420;31
470;197;32
297;734;37
629;772;19
243;415;37
242;659;10
230;156;5
321;784;14
257;554;39
650;443;12
709;787;36
151;580;24
34;707;3
753;773;14
374;708;34
551;593;41
545;469;3
367;413;8
421;466;12
265;542;26
524;38;44
257;278;36
374;506;36
768;211;45
1;711;32
407;80;44
599;187;9
623;91;11
716;224;41
400;321;32
246;524;42
3;432;46
19;576;27
796;152;21
347;539;25
323;760;1
668;742;10
439;485;40
761;496;31
704;725;42
429;759;19
454;412;34
421;165;23
478;770;19
505;134;11
249;385;13
561;585;41
709;769;11
739;97;27
676;646;27
665;25;9
527;408;41
579;581;17
451;216;20
708;546;24
22;772;17
206;8;29
401;673;39
207;383;49
513;206;1
347;583;25
395;47;20
618;531;31
787;193;18
168;596;9
207;346;25
653;427;48
600;485;45
131;38;31
212;715;19
13;699;29
533;269;24
142;324;44
334;736;6
112;282;42
627;20;47
771;727;20
392;692;24
392;579;29
239;462;14
93;468;48
260;740;39
260;593;2
617;482;31
127;555;18
251;661;9
425;767;3
176;381;10
438;215;50
309;602;40
264;227;3
686;170;30
34;330;13
620;122;49
48;463;12
509;133;23
91;349;21
75;247;40
108;491;23
526;54;25
567;665;50
198;785;18
239;760;42
698;610;50
144;77;17
189;18;25
658;204;17
208;69;46
619;116;48
314;715;40
8;303;21
705;740;43
540;618;11
235;483;38
241;215;41
499;774;26
45;659;47
197;377;44
403;685;44
680;746;41
774;464;41
607;711;34
750;548;42
466;603;21
79;103;27
239;751;30
533;698;24
734;392;41
56;374;43
396;443;34
98;566;32
418;760;29
35;797;39
40;644;50
714;677;44
109;354;3
480;333;23
81;733;18
696;26;44
369;386;6
510;440;34
523;753;41
445;617;41
279;751;25
139;318;43
533;303;46
716;231;44
392;785;48
537;473;32
126;718;20
11;200;46
412;311;29
137;654;46
170;52;7
717;29;13
681;238;38
332;761;18
175;345;32
549;721;27
369;566;31
172;444;24
750;369;39
604;681;44
336;438;7
690;556;30
535;463;11
139;637;49
680;151;3
521;448;47
4;334;48
300;670;28
116;502;9
520;511;5
88;626;8
722;684;3
398;90;27
310;525;35
445;211;44
769;59;48
165;782;35
175;217;27
417;2;27
31;716;16
647;400;24
587;782;36
276;748;35
753;491;16
110;431;6
710;413;38
584;548;6
75;625;7
594;475;40
386;267;42
236;102;36
519;350;17
563;125;29
145;228;33
205;191;42
478;508;33
553;687;15
311;164;4
403;593;27
635;52;36
403;302;32
21;773;31
541;442;20
340;662;25
384;115;49
329;754;48
385;412;12
92;690;18
102;745;8
218;16;50
523;800;16
187;468;4
389;129;15
440;556;25
344;476;50
679;553;14
574;649;16
8;269;36
471;477;24
339;180;31
253;386;25
326;638;16
740;486;16
429;564;38
200;24;12
236;640;15
201;799;29
206;701;11
715;532;4
567;179;9
794;593;31
49;312;10
490;725;41
273;711;5
53;374;6
270;386;32
683;357;44
177;779;49
59;22;38
104;613;36
710;16;15
679;56;49
55;244;38
490;350;34
466;342;50
573;707;48
49;784;3
377;115;18
692;521;42
288;6;34
631;559;21
298;23;1
782;57;1
645;83;45
368;669;15
315;229;13
682;596;42
782;476;15
229;379;11
615;253;30
555;20;6
660;265;23
661;540;3
699;71;15
23;248;10
583;735;48
284;785;42
77;619;29
650;92;13
345;466;23
713;781;3
147;402;26
354;652;22
482;559;11
129;459;12
249;100;30
650;795;25
741;656;20
349;532;7
564;70;10
525;186;16
792;5;25
580;454;46
60;630;26
610;715;40
137;771;49
781;119;49
286;781;18
567;413;23
132;693;27
797;159;41
54;569;10
67;26;2
26;4;49
640;444;23
163;221;36
52;355;22
708;555;26
142;759;34
156;367;50
473;548;15
46;675;10
37;556;19
456;244;22
21;651;9
55;368;49
678;208;14
787;483;42
425;284;12
28;15;46
54;756;17
581;637;45
389;553;31
765;453;17
507;14;27
564;397;13
723;292;45
480;749;37
88;63;4
192;680;33
392;190;23
411;5;6
109;471;1
135;779;11
305;49;49
437;765;30
695;510;14
790;53;19
605;1;48
404;358;26
73;372;15
456;648;43
372;265;27
634;251;20
44;417;2
19;776;16
188;569;12
465;87;39
129;655;27
741;695;26
684;774;25
207;443;30
26;731;50
662;84;27
696;737;1
539;162;43
23;436;37
734;152;21
223;16;18
790;139;25
779;194;24
751;307;39
668;35;34
125;778;3
146;464;15
645;528;36
463;295;22
434;371;20
214;749;46
449;651;50
240;414;46
355;108;24
102;277;27
540;275;32
696;215;4
331;726;32
314;406;49
608;105;4
403;1;5
606;160;30
495;661;42
347;796;44
174;387;29
361;593;28
579;534;47
212;648;36
481;783;48
222;760;6
629;643;26
679;242;29
33;124;11
437;186;36
291;748;31
757;746;16
109;473;49
118;30;8
776;245;17
636;260;28
315;679;4
60;384;50
120;759;3
174;27;36
327;583;11
445;185;34
579;165;48
607;347;34
652;624;2
395;439;46
347;788;9
54;176;49
104;360;44
523;524;5
672;718;3
779;480;16
278;13;31
238;561;3
588;20;12
445;158;40
241;99;4
272;711;9
443;537;30
309;114;38
555;501;39
540;265;14
576;776;24
280;780;46
692;607;50
777;307;19
250;387;39
784;508;2
384;193;10
763;710;38
203;642;26
606;392;29
13;233;12
795;561;16
175;111;40
743;799;8
650;708;13
91;594;35
656;676;1
384;50;14
636;713;14
114;418;41
384;265;49
127;233;39
674;330;28
23;56;9
8;21;41
135;475;19
161;480;38
36;332;11
229;711;21
503;191;38
643;633;31
434;452;2
795;137;17
24;647;23
609;104;21
404;724;41
8;361;37
618;52;39
8;466;29
537;7;27
546;380;18
338;428;24
672;633;46
523;387;15
421;344;48
619;304;17
656;47;3
390;369;45
524;405;45
270;466;18
677;289;10
351;771;33
648;425;40
70;587;29
250;197;23
762;118;12
438;678;9
700;81;23
250;297;43
558;159;22
626;794;37
356;47;13
105;642;17
288;43;29
657;361;16
491;215;8
362;310;26
162;646;31
693;274;50
550;26;47
162;206;33
304;102;30
289;228;36
735;608;35
514;388;44
430;201;29
51;419;47
327;602;31
330;717;3
584;2;12
761;4;46
411;764;3
497;683;43
494;185;25
291;426;43
316;368;25
297;569;34
755;504;22
800;4;43
568;397;26
360;700;49
329;395;8
589;748;19
470;110;21
138;203;1
132;8;13
688;741;18
10;327;17
155;67;21
177;661;45
746;313;47
350;730;19
729;274;29
762;655;45
786;694;13
257;303;18
510;69;50
640;14;12
422;108;1
311;425;6
420;665;25
189;302;38
644;460;32
68;413;21
778;387;13
636;114;26
319;615;50
158;325;21
667;292;8
61;490;45
404;586;40
150;507;25
310;724;34
690;220;1
483;410;23
651;712;1
17;753;45
729;295;24
116;292;30
63;621;35
477;651;23
438;252;49
80;640;6
634;250;30
20;13;18
387;559;50
659;550;22
578;218;22
702;127;6
170;335;12
471;169;47
736;324;47
313;74;10
677;672;45
605;485;40
676;761;11
101;414;21
679;439;46
477;671;12
278;568;22
252;756;2
243;486;48
338;685;42
132;703;49
127;224;38
222;202;28
426;688;12
602;150;45
309;256;30
67;441;26
772;366;18
192;662;32
130;725;24
534;600;1
527;289;21
154;205;44
254;714;50
626;400;8
312;543;44
292;550;47
618;583;1
387;775;24
170;13;31
334;79;34
580;153;27
697;498;11
118;717;34
642;795;32
131;457;30
82;80;40
474;105;31
153;174;31
166;383;47
427;218;11
358;3;35
604;543;44
206;570;8
75;94;22
514;227;32
549;543;26
276;182;38
500;420;14
217;225;40
509;162;20
366;429;39
6;196;34
680;507;22
305;99;11
346;762;35
397;334;16
300;690;3
50;658;20
88;493;46
13;621;15
740;570;49
498;373;9
445;383;23
320;23;45
755;546;8
133;710;27
317;605;31
542;348;7
769;791;1
93;102;1
665;164;36
479;530;36
597;72;38
92;644;35
430;145;32
228;743;23
340;432;23
523;727;31
706;701;15
92;330;49
97;792;17
177;637;28
531;525;50
426;190;29
762;163;4
359;215;47
422;431;32
237;228;18
596;268;4
144;458;46
785;520;20
256;620;3
604;786;50
109;443;50
173;754;37
73;160;7
179;700;30
150;207;6
68;715;49
373;21;26
651;32;36
428;454;8
570;624;21
424;407;30
747;166;23
500;90;46
227;176;11
700;408;50
36;339;11
262;289;30
618;228;9
392;540;9
86;520;8
650;99;41
98;483;21
392;108;45
268;592;14
299;481;17
691;508;35
611;382;32
504;513;14
333;364;45
586;453;24
464;197;4
275;643;48
290;231;11
101;696;11
379;291;8
92;85;5
579;289;19
129;420;41
620;592;45
212;149;2
321;762;8
202;425;45
79;237;21
795;774;37
738;664;8
295;229;41
118;657;15
785;148;28
305;749;50
680;211;36
3;311;12
52;668;50
373;496;27
661;539;11
651;778;43
90;624;32
43;734;32
796;300;31
349;343;32
339;126;37
151;84;11
191;622;27
168;342;15
229;248;19
606;531;42
320;508;42
67;700;8
588;151;15
439;248;45
625;438;23
14;712;26
566;226;32
135;30;42
644;731;32
222;559;46
448;499;47
787;217;41
789;606;30
511;559;45
215;641;8
631;121;35
631;279;42
666;149;44
278;736;45
734;32;10
106;226;36
95;596;23
127;653;10
466;713;28
542;332;6
421;491;9
481;270;47
218;511;7
684;753;13
20;664;37
558;767;28
555;317;16
794;746;4
300;135;35
287;560;31
433;748;36
775;538;48
14;690;27
362;719;4
549;84;26
194;635;30
502;153;25
403;763;17
200;293;8
642;109;6
626;324;25
166;320;19
372;571;42
665;276;34
216;641;22
208;143;16
59;514;41
400;165;29
217;404;17
364;574;14
757;520;30
168;214;21
511;190;37
225;231;2
397;88;40
545;298;17
426;706;15
151;321;14
337;752;33
292;64;19
432;747;26
358;101;28
668;561;42
676;577;38
120;563;42
182;648;5
425;765;43
455;141;27
634;581;49
13;345;35
158;775;13
491;41;34
94;362;2
329;735;11
379;620;32
76;367;18
343;361;34
375;665;18
678;168;2
395;442;36
610;752;41
485;314;15
61;298;19
337;468;19
712;249;39
377;712;10
735;241;32
58;614;14
501;142;28
556;602;34
671;791;17
149;771;14
571;693;34
665;531;7
270;275;7
752;730;18
720;79;8
54;773;32
683;741;29
312;639;18
264;162;50
589;398;19
178;593;1
583;733;14
727;511;6
44;337;46
615;310;46
319;386;27
622;518;12
800;762;3
38;64;12
763;238;27
536;143;42
360;57;26
625;1;34
793;459;7
302;384;1
157;230;35
491;73;41
587;79;25
344;580;11
768;270;12
620;621;5
445;376;48
67;725;45
643;572;6
119;641;32
114;242;38
600;483;27
136;277;47
99;718;21
122;28;27
768;375;27
161;462;15
160;709;42
120;527;16
635;242;28
53;708;45
669;169;47
601;644;21
23;717;37
567;502;45
108;190;33
341;731;45
675;53;44
110;87;9
169;474;36
44;800;40
234;234;32
322;69;4
416;462;32
39;496;6
581;380;49
594;478;41
565;185;44
113;770;37
145;265;42
311;506;27
133;337;27
697;458;33
231;542;25
796;540;19
626;343;2
590;191;10
274;144;18
741;713;22
452;478;40
127;5;40
258;767;31
161;258;45
116;416;44
85;621;15
231;144;4
566;470;15
619;326;30
790;577;48
161;748;40
303;409;36
143;153;40
384;516;9
284;674;19
204;248;17
230;82;46
487;575;50
97;29;5
751;374;8
91;611;40
52;191;25
398;362;39
167;88;21
455;711;34
131;33;4
15;529;23
418;419;41
626;533;31
416;280;50
14;661;43
444;432;8
671;260;37
710;334;39
333;723;42
518;702;21
526;100;33
477;463;6
29;333;46
258;545;7
55;429;18
334;602;45
49;786;11
652;796;11
463;484;12
46;643;27
503;429;19
648;401;37
69;166;23
182;259;8
243;448;27
748;711;15
289;665;5
199;83;40
333;706;50
264;159;26
682;325;4
572;632;39
375;569;15
622;548;20
715;242;38
769;418;10
224;269;49
283;307;18
235;118;46
520;363;16
257;769;10
663;591;44
110;373;17
452;210;8
298;293;45
64;172;14
500;650;33
470;442;14
656;174;42
171;254;19
245;43;2
204;203;50
637;367;29
594;742;4
702;274;10
562;619;20
796;264;42
402;513;14
692;190;20
680;513;19
231;547;24
20;501;46
620;543;21
282;48;7
439;296;39
404;352;25
363;57;23
598;403;41
367;558;18
742;6;30
520;41;19
224;162;5
462;281;40
157;383;40
739;524;11
393;361;19
216;747;42
302;483;48
681;326;41
357;200;37
7;378;28
250;188;10
206;486;36
451;564;48
27;649;36
369;398;17
143;718;11
767;400;21
772;795;7
762;461;29
586;281;38
92;592;35
400;105;38
183;516;9
579;62;39
21;468;24
413;348;24
46;37;48
61;378;48
250;4;19
740;638;45
43;634;14
442;371;10
415;213;30
552;146;41
778;143;30
569;191;45
55;543;41
483;459;26
250;290;29
722;171;41
199;1;40
51;610;43
3;112;48
407;479;33
767;539;46
14;329;15
144;517;27
338;616;10
299;207;6
423;132;38
175;552;40
414;470;16
239;445;38
772;31;46
318;104;12
76;621;48
121;736;31
678;610;32
713;527;9
732;544;29
632;657;38
28;553;49
695;394;36
797;415;32
114;191;8
428;695;4
715;411;30
458;698;6
219;720;45
231;466;46
174;228;40
650;678;50
40;480;49
240;465;18
275;375;23
268;452;30
235;508;19
17;698;22
187;70;36
580;714;46
225;739;32
66;784;49
447;140;7
141;546;23
718;514;21
511;177;41
20;767;41
291;695;37
306;337;10
717;294;5
401;27;38
261;567;8
93;597;20
145;538;21
661;244;1
557;282;38
293;380;13
598;661;19
556;223;38
789;297;24
448;344;7
320;170;15
185;709;20
335;450;29
84;130;23
58;564;30
437;174;35
743;769;31
115;627;3
416;72;12
638;558;16
577;1;27
141;745;45
209;299;49
564;535;29
530;232;9
261;155;29
93;139;17
421;355;10
100;553;25
396;450;25
624;435;41
658;324;21
499;267;6
148;558;2
512;703;35
369;209;5
646;624;1
356;297;11
609;567;38
569;87;22
628;345;1
307;339;33
650;97;23
644;483;24
59;781;41
248;514;41
428;662;2
599;624;26
583;416;44
101;668;36
599;158;24
230;217;36
549;601;41
538;604;20
688;384;18
699;388;19
777;628;23
223;230;47
59;121;41
158;592;10
587;239;23
788;496;3
585;789;22
791;518;50
770;73;48
234;758;35
422;579;8
599;256;35
644;493;4
668;737;29
426;746;45
445;480;2
99;84;44
191;189;34
546;705;11
93;600;31
300;721;37
446;732;42
322;708;35
387;601;50
549;239;30
74;403;15
210;394;27
382;34;25
427;509;48
22;792;40
154;443;6
704;239;23
271;659;12
297;254;6
307;775;50
234;228;45
500;437;45
660;790;11
180;633;8
109;157;25
143;348;17
650;107;3
510;530;45
20;123;4
35;124;28
119;96;28
396;313;38
37;693;44
542;137;39
785;209;28
3;600;38
783;640;24
252;187;10
627;13;43
762;650;27
6;517;5
159;665;39
208;308;14
461;759;36
338;262;8
241;251;33
780;346;15
204;265;46
207;116;29
447;16;14
78;447;17
707;1;14
693;185;22
315;742;35
601;688;11
590;267;46
800;613;18
245;656;8
225;327;46
420;24;11
466;671;12
414;138;12
738;259;22
229;529;19
349;402;22
194;97;44
661;557;30
553;304;27
134;249;4
456;215;26
419;304;12
590;306;13
268;720;16
593;682;45
675;379;29
581;753;9
367;641;26
146;733;32
72;477;49
706;470;12
691;624;48
278;343;38
155;644;22
550;211;28
524;715;19
380;303;17
111;251;12
787;310;8
796;442;25
209;18;7
283;263;23
532;257;9
672;455;22
243;675;42
650;262;16
495;318;45
689;243;18
394;42;15
630;492;19
560;727;1
591;733;44
461;496;31
794;194;35
314;555;41
385;438;7
86;591;18
622;387;9
373;68;35
319;14;20
137;80;21
54;701;23
55;461;19
409;285;47
399;212;37
411;107;19
472;521;1
281;792;25
242;700;34
675;531;13
95;263;26
108;505;9
638;396;43
515;551;12
714;57;44
71;656;4
508;531;30
761;356;9
6;267;44
621;756;38
115;783;9
704;265;8
564;599;31
53;456;17
101;756;28
293;478;16
604;287;17
752;692;33
618;659;13
126;234;17
793;156;11
240;650;1
467;255;29
578;727;46
136;603;23
301;537;16
135;244;24
539;782;4
726;495;50
106;602;48
315;121;22
63;338;40
749;9;22
318;60;42
728;684;47
69;163;42
355;780;5
533;118;30
61;473;41
103;484;28
508;529;47
376;636;7
96;769;18
753;254;46
100;216;12
204;685;35
494;256;36
462;570;37
486;741;28
489;130;27
670;426;1
45;101;42
782;81;1
749;56;12
568;391;4
720;427;20
347;415;49
344;129;18
166;330;49
314;177;30
331;589;39
433;369;27
304;246;44
698;73;14
92;417;13
796;670;21
591;183;49
313;230;14
245;117;49
510;615;35
192;129;46
526;342;39
235;518;38
726;94;24
130;113;20
516;567;40
264;743;40
768;648;9
770;581;46
204;137;3
143;709;17
112;137;37
123;33;19
173;331;19
483;158;36
497;165;4
292;712;40
108;330;6
655;107;6
225;490;43
9;187;30
258;475;4
454;175;49
17;690;2
579;539;43
481;178;31
18;227;45
262;332;13
362;287;21
458;275;44
179;488;10
238;3;19
528;121;47
151;781;27
358;368;17
104;703;50
401;691;40
583;45;50
718;401;1
412;337;48
142;424;3
660;312;2
759;400;46
571;499;49
321;649;24
533;90;22
349;558;7
412;755;32
146;694;35
344;291;50
52;729;6
539;120;3
367;606;7
456;762;25
553;506;41
728;326;47
194;380;49
575;369;15
14;62;36
688;196;4
324;374;33
305;799;34
124;11;18
291;230;5
791;477;11
445;180;13
121;746;9
522;205;46
537;452;4
568;686;29
225;211;12
540;659;32
636;710;5
191;594;28
9;226;47
197;140;18
731;575;38
706;350;50
392;796;30
714;366;42
174;45;3
624;739;2
503;326;1
740;153;5
453;173;37
714;600;37
255;170;42
736;762;28
666;661;10
176;305;6
219;590;5
88;754;50
585;442;46
202;86;38
635;476;38
281;412;33
451;679;38
253;215;5
623;400;5
441;372;1
520;704;22
306;69;35
205;105;47
699;539;2
666;698;28
556;707;31
787;343;34
778;640;49
21;639;39
590;771;20
718;773;28
407;481;6
676;42;6
431;85;31
580;652;16
184;440;30
631;4;4
355;290;3
597;220;35
294;633;48
56;67;50
207;447;32
164;752;47
474;640;39
644;102;4
81;292;23
604;693;21
12;528;44
734;630;31
338;419;11
598;510;7
240;255;35
583;706;46
561;222;13
607;783;21
439;629;6
274;608;29
117;665;39
767;684;11
167;604;14
124;549;47
599;21;7
285;261;19
95;762;43
128;361;17
306;710;15
70;265;27
722;641;29
112;481;28
368;516;46
597;748;9
38;625;31
134;481;37
57;102;27
406;318;12
273;28;41
674;213;13
35;53;29
43;691;40
311;336;18
214;387;26
473;516;31
664;368;16
652;345;49
549;616;26
274;580;13
450;768;50
458;685;42
626;21;31
87;637;9
26;251;4
183;650;36
539;45;28
472;577;38
256;440;16
221;355;49
654;613;15
52;162;18
267;664;27
590;353;9
220;447;30
427;427;4
621;150;3
571;236;21
274;555;20
586;211;50
700;246;2
601;81;48
558;740;32
506;181;7
245;305;50
88;678;3
246;332;4
558;293;1
482;355;38
584;81;48
683;109;44
591;5;23
226;441;3
113;271;32
324;276;11
14;701;25
495;322;1
502;697;46
95;211;23
141;337;42
611;601;13
335;137;4
410;282;22
530;596;35
317;725;24
137;387;34
424;346;50
658;129;28
201;533;24
195;439;39
262;510;16
574;658;49
708;275;41
687;683;36
693;527;33
84;689;7
165;460;50
522;94;43
489;45;38
556;19;48
63;145;11
800;560;38
776;108;26
646;460;7
715;566;20
713;710;22
726;58;25
309;197;48
780;348;18
513;146;24
436;306;3
722;434;41
627;581;35
304;504;3
753;484;27
520;456;20
137;188;36
286;179;22
384;237;40
607;147;16
499;230;47
505;350;3
432;310;15
80;46;46
184;177;31
462;599;5
642;307;9
780;115;31
551;288;13
520;390;30
637;705;46
273;793;50
412;408;9
305;228;2
453;99;1
594;133;9
202;82;43
268;671;11
531;66;37
9;288;7
155;421;21
435;259;39
325;296;21
452;688;50
187;119;37
155;219;40
797;416;42
81;331;13
603;41;11
489;61;34
495;341;32
176;494;49
377;453;27
440;44;21
283;365;23
92;563;47
357;236;44
146;640;39
194;266;32
766;168;16
423;232;40
176;72;49
765;68;38
214;772;22
262;83;16
470;344;7
113;524;40
207;476;38
138;10;41
535;550;36
166;232;28
133;507;33
73;730;40
361;759;32
127;47;18
253;56;22
327;557;4
237;479;19
235;522;5
555;585;28
734;760;33
167;110;4
673;559;36
704;124;23
518;685;30
62;783;21
50;162;36
352;174;6
439;673;22
56;306;44
544;209;38
614;221;44
146;257;9
476;210;21
405;242;27
410;159;41
167;510;28
268;376;36
342;389;20
505;285;50
567;793;4
614;295;13
253;361;9
231;289;1
66;693;11
30;442;47
653;741;30
603;340;50
67;736;47
739;688;32
263;765;14
111;589;9
224;294;26
436;49;50
643;725;36
651;139;14
39;795;39
69;81;18
579;462;34
150;331;12
122;330;46
507;313;26
265;259;6
128;732;13
435;327;5
73;78;32
17;264;14
727;663;2
491;21;29
750;145;45
800;200;42
492;500;2
510;188;48
724;14;20
67;384;18
169;255;5
785;180;28
495;537;15
28;228;47
409;49;19
764;463;21
183;378;11
702;53;45
540;675;30
459;494;28
682;690;42
673;36;39
14;773;9
262;618;26
42;799;28
89;783;31
410;309;49
505;517;31
376;514;7
201;670;42
681;562;30
727;789;16
499;712;28
604;162;9
425;727;18
64;52;33
344;366;50
540;434;11
164;45;33
682;271;9
319;678;27
259;714;37
199;417;26
4;145;25
439;671;21
631;265;34
307;28;49
509;212;5
70;361;36
282;431;26
460;120;39
364;652;21
360;126;33
6;568;15
3;184;10
81;343;4
682;612;3
192;609;30
234;88;10
610;141;15
426;760;7
107;29;27
92;364;42
168;296;17
342;238;49
772;763;19
14;588;39
720;504;6
423;315;45
406;127;25
542;436;38
743;334;19
546;316;32
107;482;9
638;530;14
101;170;13
434;664;31
650;496;41
69;479;7
434;588;36
620;168;15
585;70;21
123;280;47
270;380;23
295;608;18
31;301;44
72;718;41
436;62;39
575;110;18
259;510;32
96;386;34
383;382;3
590;743;37
59;603;34
564;116;19
724;315;8
622;714;47
372;111;4
704;98;30
264;731;14
503;741;41
793;171;15
501;437;26
737;724;29
600;700;48
454;581;41
10;798;7
705;602;38
349;112;6
771;309;32
460;744;4
584;242;49
645;677;43
277;662;28
551;78;40
287;698;32
165;420;44
23;159;46
760;245;7
121;91;36
454;423;33
336;69;47
248;636;10
572;116;27
543;476;50
262;502;19
271;152;11
359;268;32
248;507;33
508;356;13
468;219;37
322;471;40
657;178;21
548;220;41
325;94;29
191;370;25
672;206;27
551;690;27
675;62;7
691;628;13
716;180;8
130;65;1
330;483;49
364;649;19
715;540;47
490;7;36
201;162;11
413;502;39
59;330;12
783;504;35
366;105;42
187;476;46
754;143;33
112;533;1
7;75;46
57;162;46
472;104;6
680;354;1
75;533;24
493;759;3
316;58;31
573;638;3
640;307;18
486;157;26
331;15;39
553;629;42
542;71;1
785;297;43
389;441;28
240;26;3
537;240;42
656;15;42
17;553;29
197;568;11
100;603;11
127;99;28
792;179;47
480;238;8
377;49;40
524;259;12
535;521;3
489;418;21
798;357;34
601;473;42
789;442;7
130;758;19
234;448;12
697;357;40
316;526;9
540;800;43
590;18;21
651;736;5
748;264;34
640;477;32
727;287;13
351;643;42
627;416;8
736;364;38
312;620;8
331;398;37
512;579;23
481;321;25
109;366;20
17;717;50
319;112;7
752;759;11
418;693;9
345;446;47
294;280;10
231;336;39
187;482;18
461;22;8
53;90;7
546;385;13
309;554;5
94;10;9
229;450;50
330;334;47
370;589;34
186;17;38
95;549;13
5;444;49
155;32;40
15;687;8
724;514;45
513;557;5
550;540;47
168;661;43
564;127;47
739;494;34
735;521;47
329;173;25
31;519;46
216;499;29
780;178;27
754;699;26
673;772;28
319;428;43
689;270;12
501;741;25
67;390;23
793;536;31
603;17;9
605;699;35
420;792;29
278;768;42
288;725;44
133;762;11
78;97;33
134;102;33
267;304;46
600;723;19
652;615;15
673;420;43
478;795;6
787;785;30
416;451;28
155;249;37
601;772;22
669;768;30
571;10;50
175;741;33
64;313;23
263;754;50
717;577;15
79;125;13
34;634;33
78;228;29
484;483;2
142;674;26
700;2;24
529;549;13
730;442;49
754;275;15
548;666;44
535;415;12
14;190;5
162;523;2
522;34;14
585;54;39
764;790;28
752;77;3
417;484;2
368;758;40
362;707;22
580;31;20
53;658;24
220;104;29
555;557;42
636;469;43
315;208;50
723;379;33
161;478;33
422;90;4
65;424;40
342;462;9
195;139;19
666;1;18
65;116;46
148;231;47
665;452;9
15;589;36
487;234;42
342;751;42
592;781;49
675;185;43
87;109;12
63;553;29
257;77;19
735;236;20
136;10;43
347;474;11
68;77;42
95;485;24
478;262;18
22;639;21
638;548;2
440;71;9
591;158;50
21;108;4
716;727;28
347;105;40
477;111;33
393;175;15
500;454;11
62;645;15
339;701;5
454;649;33
367;360;8
162;35;41
263;311;11
444;14;34
189;320;42
503;42;8
532;480;27
389;257;2
525;721;25
100;42;7
410;209;41
484;565;14
430;692;16
396;240;29
188;770;19
471;683;21
639;786;31
339;655;24
125;784;10
522;524;27
792;693;50
262;368;26
286;737;42
53;12;47
316;640;11
33;222;48
351;715;7
392;99;30
772;551;26
146;153;17
729;283;7
617;143;25
400;65;13
644;221;7
413;474;16
456;722;37
372;513;22
383;117;25
372;274;32
402;749;4
37;459;12
403;106;41
155;567;18
553;543;8
744;171;19
91;106;38
706;553;3
220;293;33
573;393;16
551;735;18
201;511;22
378;534;44
21;385;49
347;277;22
94;742;40
169;547;30
437;566;33
795;463;14
30;79;37
573;401;10
141;430;11
48;624;5
175;463;38
11;731;28
322;609;16
653;169;9
95;424;28
613;272;40
476;82;19
211;460;49
675;653;31
104;206;31
694;168;18
59;115;23
311;76;34
505;449;2
488;158;25
250;149;22
534;781;46
118;67;27
442;94;26
551;431;40
798;191;46
560;152;33
655;19;14
289;116;30
555;346;22
125;717;12
115;197;47
21;377;22
213;519;42
627;214;46
779;744;5
99;198;5
240;612;45
441;618;27
32;533;48
40;165;28
487;621;32
543;420;29
607;777;16
157;317;27
149;544;31
185;212;19
9;259;13
9;379;11
640;216;45
235;185;34
565;78;46
404;696;19
433;481;29
561;444;27
1;509;30
569;92;33
376;781;32
579;473;35
454;550;22
321;137;35
573;263;38
468;184;11
219;118;10
449;480;37
343;622;15
315;383;45
600;185;3
410;424;13
61;503;46
7;72;40
35;75;28
660;54;39
609;362;9
428;377;41
240;200;33
62;430;22
612;480;29
717;410;13
426;53;27
45;688;32
268;223;43
78;552;13
150;49;11
536;87;17
121;347;42
415;207;30
767;388;2
438;355;8
767;659;3
366;414;19
54;554;3
284;383;50
54;684;2
337;668;25
568;35;34
285;389;15
500;468;17
87;65;26
474;99;34
359;325;34
4;94;37
531;135;30
392;569;21
319;781;32
407;62;15
524;102;2
17;263;49
2;108;21
193;777;4
12;486;2
167;261;29
768;535;38
262;372;14
395;759;11
683;185;3
62;725;46
634;111;39
31;420;15
623;576;36
368;319;6
272;36;9
299;14;6
155;26;15
600;423;3
402;600;46
105;765;11
217;541;36
614;642;34
439;518;36
189;728;48
629;288;41
148;456;36
282;124;17
223;637;5
196;171;7
38;320;11
335;28;25
461;180;38
686;608;47
709;290;24
23;280;20
115;613;48
623;79;21
510;509;44
700;178;28
160;274;22
63;579;25
194;288;29
353;566;19
15;391;25
283;557;23
707;348;6
344;445;7
694;629;38
3;211;3
336;782;49
734;360;16
278;774;22
74;671;44
471;515;7
652;191;20
456;178;37
597;782;35
190;765;3
683;172;33
456;311;34
99;347;19
741;379;29
146;416;26
777;143;7
692;175;6
706;445;35
628;680;47
478;419;35
748;400;7
609;461;10
58;148;22
456;645;39
735;363;43
320;98;43
792;302;16
680;163;33
463;455;49
363;742;32
259;26;45
75;31;7
217;464;39
2;96;41
295;440;12
501;707;36
119;229;6
492;565;47
510;314;26
788;57;25
71;583;9
287;656;13
548;267;43
362;480;13
529;678;48
374;552;38
239;165;42
446;35;32
333;369;11
503;265;24
35;406;2
168;395;28
492;642;19
231;276;28
555;632;24
703;252;41
758;236;13
691;616;30
140;530;2
393;773;11
441;715;5
549;490;4
572;536;31
454;312;5
650;398;32
40;169;16
567;642;8
482;193;36
460;171;26
610;3;6
57;437;27
733;187;15
662;135;17
52;332;39
687;436;22
480;581;8
569;553;34
632;149;3
15;233;49
487;380;7
584;450;23
734;82;35
400;157;50
622;522;41
472;323;33
652;156;34
284;312;6
737;163;3
240;291;2
249;478;14
105;127;22
748;312;33
35;339;37
589;691;11
431;368;27
292;492;33
64;425;20
736;405;46
412;485;41
344;299;27
692;77;42
308;313;37
490;106;11
544;98;33
526;684;5
281;126;41
473;131;25
391;18;5
200;94;12
164;302;5
161;646;10
384;454;26
366;350;28
404;739;25
135;665;15
331;587;22
767;334;28
107;51;31
248;113;10
235;262;18
441;780;26
620;591;42
604;112;7
366;745;24
634;221;12
222;46;25
201;513;40
735;743;41
393;284;10
4;399;49
352;698;24
500;270;40
156;8;19
223;580;25
157;630;10
791;636;8
379;208;12
522;402;32
751;661;34
443;274;6
138;771;38
792;477;44
591;153;4
165;269;48
237;672;8
53;73;13
724;583;16
605;187;33
588;255;23
512;260;17
204;192;2
471;241;47
766;386;1
617;488;11
399;545;17
394;419;48
298;612;24
724;101;48
246;678;1
373;661;16
49;165;4
657;612;27
561;383;1
593;790;10
464;343;15
702;526;8
637;181;27
416;52;43
266;751;7
98;244;44
475;741;9
375;433;48
267;691;28
208;144;29
517;607;17
51;637;23
15;165;18
30;304;7
131;258;4
573;261;23
394;530;12
328;604;42
36;159;28
643;113;21
169;674;18
12;726;46
592;303;24
190;339;44
447;132;20
780;710;34
609;379;36
577;130;33
610;61;9
259;768;13
281;464;6
716;270;11
764;565;31
557;358;13
246;387;25
726;117;1
38;775;9
223;527;11
10;400;27
664;380;5
662;363;12
679;338;25
48;178;15
100;290;10
483;329;38
297;644;31
512;199;9
426;598;50
646;196;18
318;69;21
619;587;13
746;240;46
41;712;48
498;738;44
9;182;14
227;132;40
292;538;25
353;412;9
23;667;27
799;250;37
138;131;44
790;463;48
230;583;14
641;546;50
11;384;15
521;53;37
470;572;28
277;173;43
603;498;42
412;433;30
393;401;9
634;95;9
377;5;15
281;623;47
187;655;49
342;456;3
786;231;5
82;689;1
87;305;15
222;89;12
716;335;47
382;269;19
429;223;25
456;187;37
167;367;42
533;251;28
584;176;31
696;67;28
486;64;17
239;564;15
3;516;11
11;329;15
244;529;34
166;252;49
514;291;2
684;256;17
106;723;14
653;777;38
326;380;28
665;103;34
630;524;25
692;516;29
34;644;5
280;773;14
702;222;43
547;564;33
115;242;45
292;219;5
138;284;33
375;514;27
468;188;35
598;763;9
104;17;26
293;128;39
439;569;8
761;222;5
721;52;43
785;44;13
695;284;1
55;283;14
81;20;18
755;89;40
370;688;35
418;283;49
333;387;44
559;565;10
283;125;1
424;433;16
709;139;22
150;685;11
245;799;1
446;399;38
418;146;32
228;788;2
227;550;14
303;667;25
402;723;41
96;524;34
452;375;3
298;295;5
182;515;33
755;132;32
676;389;48
205;391;9
389;645;17
558;360;46
693;596;37
218;710;46
18;243;18
36;256;31
548;179;27
93;761;15
241;176;26
488;791;31
207;221;21
670;253;24
319;343;44
524;580;8
508;403;7
562;323;21
488;66;39
511;45;41
780;224;42
704;81;44
235;96;7
201;175;7
758;690;42
475;524;24
576;255;19
313;473;40
292;793;47
514;281;49
66;547;36
145;199;8
480;42;23
176;647;35
86;19;30
690;332;2
37;605;3
150;391;10
649;420;38
409;627;28
229;297;44
465;50;17
203;282;43
359;389;11
445;25;9
216;391;30
283;181;32
368;385;36
741;514;25
191;662;1
132;757;38
410;253;42
412;88;21
253;306;39
349;127;50
489;453;29
599;453;2
470;638;1
4;741;20
318;502;11
14;123;26
59;762;16
287;491;16
584;287;7
139;208;8
181;723;34
120;204;6
634;636;7
696;368;2
202;45;21
92;676;37
228;215;6
780;86;7
639;117;35
23;15;23
549;37;15
602;316;26
420;335;15
54;86;40
741;641;31
286;601;38
149;737;48
738;690;33
488;784;49
237;50;13
773;739;42
285;562;44
295;442;31
448;145;38
190;460;34
355;127;50
736;585;2
420;218;39
300;130;13
744;648;20
757;392;8
330;420;30
160;677;42
433;736;14
506;2;44
398;748;5
88;160;34
24;747;24
527;700;41
782;396;4
453;694;8
233;32;24
86;89;28
305;626;26
45;333;25
91;241;6
198;530;19
313;501;30
215;513;47
276;111;33
101;759;3
687;234;1
174;560;40
485;498;36
561;125;5
421;613;8
294;124;22
587;525;49
547;642;39
321;780;27
247;197;20
644;318;32
792;690;34
413;729;19
92;218;49
478;376;41
387;187;31
111;349;11
603;166;40
72;157;23
582;408;13
336;527;38
27;636;4
709;573;29
542;136;29
161;123;22
132;436;40
735;333;26
177;161;15
209;529;8
695;89;16
27;780;25
606;588;23
516;532;22
401;491;4
147;731;28
168;340;48
215;70;12
584;392;46
426;704;46
134;448;5
646;373;47
745;271;13
674;638;18
465;296;35
663;780;25
21;742;38
17;123;20
467;235;47
248;352;49
127;322;21
250;279;50
689;390;24
43;221;45
492;204;3
63;173;6
541;232;24
43;693;31
686;552;40
763;336;17
67;170;19
15;173;5
646;378;35
438;588;30
246;580;44
276;13;43
637;747;46
410;672;18
350;643;39
159;361;44
102;784;43
138;668;22
9;638;20
552;120;34
506;370;45
665;99;36
435;687;33
283;281;42
153;336;49
32;615;2
634;486;35
417;357;6
417;521;43
240;69;42
523;641;8
452;413;48
149;286;23
144;4;1
779;31;35
503;249;34
597;380;25
712;55;26
587;796;19
797;466;34
605;192;25
323;115;16
564;318;34
8;660;32
324;476;32
539;502;29
210;565;29
523;172;42
603;31;28
214;798;6
552;170;11
466;370;27
486;217;22
503;394;16
440;533;13
53;540;8
163;164;47
758;440;7
309;282;19
309;583;9
733;199;41
600;291;42
495;565;43
325;170;21
661;605;20
99;186;4
690;257;32
533;443;4
561;637;47
260;98;47
38;506;42
793;54;5
334;445;3
18;294;23
175;104;30
484;203;18
292;91;38
254;119;6
549;586;28
291;97;32
731;66;50
31;366;24
688;703;11
553;466;4
390;782;49
349;6;42
529;401;23
47;303;39
480;554;45
671;433;17
704;739;28
271;202;22
317;174;33
186;80;43
123;224;1
741;405;34
100;60;38
480;611;35
199;137;19
362;112;11
322;542;4
491;200;41
215;99;19
533;73;9
418;454;45
114;611;46
791;100;19
512;11;43
95;309;4
154;479;27
379;355;27
228;676;10
458;759;20
303;27;25
287;711;5
595;76;30
381;429;22
218;692;6
442;540;12
585;153;10
403;601;16
110;788;12
659;284;11
651;513;13
328;283;40
786;91;34
515;307;23
736;723;20
96;424;41
706;494;15
400;40;37
615;343;49
60;795;17
604;552;35
526;164;15
363;298;39
547;625;47
799;34;17
539;723;13
635;161;20
464;602;15
21;135;47
542;143;1
318;288;29
742;210;48
570;673;38
292;165;32
203;318;38
693;439;39
541;1;9
512;728;46
30;673;27
655;765;7
620;311;5
517;650;41
334;665;34
276;421;40
117;247;5
362;162;48
163;162;45
382;595;30
624;492;19
643;303;41
332;771;30
691;518;49
352;133;28
671;83;47
342;485;2
653;11;21
97;480;33
458;579;8
673;281;34
143;722;10
132;351;33
616;243;12
212;338;18
14;41;34
349;397;7
372;600;4
120;99;7
33;239;43
582;181;7
411;526;40
714;382;35
78;680;4
357;360;30
673;224;17
306;561;19
59;503;24
434;785;34
471;686;17
791;306;21
219;255;31
222;689;26
189;670;44
427;726;13
241;758;28
324;514;20
303;402;48
104;547;34
388;794;7
66;97;9
350;304;27
661;362;19
657;513;34
150;539;15
467;726;43
509;554;29
292;189;8
74;683;43
552;436;25
380;386;8
33;715;40
298;393;11
378;427;22
749;328;15
582;259;46
451;585;38
514;197;25
249;576;8
115;419;23
453;451;6
459;729;28
261;271;9
658;578;25
799;377;10
582;389;50
544;119;25
217;599;8
186;670;22
65;271;43
48;677;36
404;588;27
477;25;18
510;33;26
193;782;40
489;459;26
484;689;4
102;551;18
465;768;31
540;459;44
516;588;25
197;48;39
675;763;7
186;479;10
614;568;33
505;294;5
134;520;48
281;707;18
550;243;24
44;562;27
361;201;20
581;587;9
625;526;10
522;632;44
326;24;3
510;114;44
672;20;27
179;755;27
272;212;18
261;5;42
413;529;31
25;150;38
674;733;50
222;82;26
56;279;10
716;136;14
109;361;39
492;643;33
442;387;1
486;118;36
432;116;33
188;197;4
93;16;23
626;615;8
540;397;4
429;196;29
340;457;14
567;19;32
492;420;11
8;136;17
219;467;31
392;417;36
499;388;26
214;154;28
766;447;43
724;408;31
685;555;21
383;526;7
400;325;31
244;250;46
225;538;7
391;714;42
194;229;49
280;88;22
77;263;12
527;423;27
534;354;21
182;135;24
521;388;43
109;60;3
123;324;39
342;506;23
204;19;24
624;643;6
27;18;14
100;305;7
788;561;14
155;795;46
535;145;11
666;87;50
522;228;12
99;661;44
27;421;33
466;626;46
491;618;11
368;115;35
309;170;13
13;122;46
169;648;32
438;627;29
649;534;8
171;468;31
408;564;48
566;82;4
361;118;16
400;640;17
590;391;6
670;404;7
456;203;48
471;214;38
362;427;19
256;520;21
468;72;17
478;343;47
221;37;31
794;273;30
682;49;47
502;6;10
110;679;31
458;680;12
781;543;4
384;253;12
21;678;16
216;131;44
130;712;23
407;250;26
284;742;43
443;437;26
620;364;45
353;70;49
258;303;17
331;195;7
271;591;38
504;110;11
710;119;40
89;166;46
197;482;15
491;80;22
64;363;24
204;413;27
525;95;2
485;553;42
195;564;30
241;713;21
187;440;26
78;422;49
151;605;35
664;170;18
35;530;15
374;652;38
249;56;44
290;129;42
171;535;46
665;748;14
408;390;35
670;617;5
309;336;23
644;398;25
565;189;31
28;347;8
14;473;31
606;608;39
575;205;5
160;39;28
541;246;46
427;484;13
306;548;37
671;689;34
435;43;33
338;508;40
243;696;16
783;279;45
180;720;12
327;795;4
370;75;19
671;388;35
328;459;45
651;369;10
3;369;26
400;696;6
553;480;41
727;506;19
33;693;45
611;64;23
208;491;17
609;332;11
137;770;12
154;564;22
798;739;38
216;679;24
770;410;18
653;45;39
494;275;22
777;218;44
469;638;48
241;693;41
318;754;27
118;421;33
390;275;38
502;261;28
558;424;41
338;551;22
445;306;44
743;565;37
123;443;15
679;89;32
234;565;6
481;539;39
672;739;32
250;730;29
125;408;49
66;796;6
671;431;36
768;141;35
732;596;21
473;775;27
740;410;29
580;486;48
726;191;14
114;133;24
497;566;50
480;205;40
636;173;44
294;115;26
188;667;12
764;322;32
758;5;18
486;186;50
380;340;45
175;263;1
379;136;16
267;797;42
332;431;47
56;771;15
770;236;25
675;313;34
335;327;46
65;779;31
221;344;18
290;500;45
570;440;30
88;292;10
205;357;44
330;179;48
184;710;3
242;555;23
120;344;14
416;119;35
495;498;1
5;382;20
543;455;35
533;489;43
328;290;39
329;93;42
596;463;16
310;633;26
116;52;6
212;657;23
176;247;38
537;143;25
339;71;5
696;309;44
169;652;11
748;704;18
631;302;30
642;121;31
106;384;31
356;393;1
493;666;8
25;748;43
517;649;37
647;322;40
324;587;43
728;154;31
171;187;4
222;593;3
783;347;38
657;796;32
260;426;8
419;519;12
45;239;1
712;470;40
321;775;49
363;271;19
80;227;12
80;642;3
790;797;37
728;266;24
323;217;38
429;626;30
301;48;49
390;640;29
589;390;11
270;763;36
221;507;19
247;504;43
763;33;3
301;661;50
417;779;6
645;465;39
514;560;49
685;232;17
205;548;7
44;336;1
266;697;16
280;521;21
195;759;23
634;65;21
271;10;9
796;235;41
427;165;47
509;99;14
74;526;12
713;57;26
72;732;22
623;323;13
245;149;13
144;648;18
207;244;26
8;754;33
596;487;13
322;402;35
26;173;11
392;538;44
599;301;1
588;453;27
419;16;35
7;83;2
36;227;9
435;707;36
596;584;9
675;187;23
506;6;4
761;683;12
290;676;8
494;556;40
793;254;50
563;30;11
1;532;17
474;496;33
486;400;2
716;708;36
794;772;10
586;535;36
562;555;42
515;405;8
577;97;40
254;368;25
35;597;16
102;571;41
554;206;27
226;733;36
19;793;33
273;381;6
164;586;9
188;200;35
125;792;12
526;256;24
6;489;46
184;700;26
287;113;21
433;239;5
589;116;46
346;246;27
257;246;22
759;226;49
239;71;42
456;321;10
732;53;34
689;654;19
569;425;23
478;487;47
351;595;44
188;5;13
550;271;21
210;641;36
596;404;1
214;434;27
595;3;39
293;413;31
173;648;14
756;136;40
98;759;2
236;76;11
756;223;32
309;641;9
477;119;21
778;291;5
625;55;15
530;96;42
390;510;2
310;7;50
99;36;12
473;234;45
293;588;41
642;798;17
390;792;44
193;712;7
566;411;5
767;731;41
681;612;42
511;514;24
52;121;35
740;685;12
337;613;10
222;258;6
685;311;4
565;717;42
598;738;21
724;236;28
140;743;5
233;11;25
161;122;24
441;574;3
773;748;7
396;444;23
73;356;23
635;145;27
296;435;20
332;138;20
432;534;6
84;466;25
750;135;48
216;32;10
325;271;25
708;38;15
417;425;17
170;408;18
95;25;42
611;674;34
500;198;3
622;459;31
380;335;23
503;236;30
614;395;43
611;541;38
29;389;4
683;536;13
60;123;14
551;235;2
615;685;26
647;170;34
418;361;27
121;474;22
127;733;45
452;396;11
485;392;14
446;740;48
234;119;31
544;627;41
121;679;26
45;297;47
71;202;33
586;33;35
590;57;40
531;28;19
795;197;1
234;506;35
165;706;9
512;561;4
418;658;30
382;110;28
246;675;28
154;110;27
613;198;12
13;716;49
201;595;12
511;639;33
400;548;34
653;327;4
501;662;15
321;63;21
28;360;26
20;692;30
385;261;43
450;574;21
450;301;35
320;503;26
270;385;5
340;741;6
50;453;42
396;703;32
186;605;34
595;286;24
137;664;49
504;442;18
422;589;36
329;375;22
328;258;46
475;299;2
415;759;8
485;397;30
777;597;12
208;671;4
706;188;43
319;654;16
309;751;16
450;391;3
768;683;34
340;383;32
792;384;13
382;71;41
778;683;16
225;293;16
701;707;16
316;725;20
367;11;17
679;8;12
350;159;7
401;5;6
73;335;19
35;442;19
603;739;14
476;360;37
62;417;48
464;382;11
339;291;31
467;349;30
587;666;45
546;715;32
793;410;24
625;231;42
451;531;50
9;760;36
645;101;49
231;517;41
734;565;2
455;507;45
740;41;48
565;738;41
535;50;7
528;73;45
586;8;31
18;421;36
515;171;47
696;502;8
151;311;41
493;421;22
137;551;5
580;541;35
404;510;31
346;394;39
691;706;40
713;231;27
742;718;21
743;561;39
728;662;32
676;377;33
567;150;28
553;26;7
604;390;12
440;616;45
552;506;49
639;723;1
104;127;15
481;703;22
413;237;16
694;584;16
590;384;39
587;695;20
205;605;34
372;690;17
740;387;43
356;571;40
205;756;47
89;194;22
483;413;21
759;254;46
608;7;21
649;432;14
549;8;29
34;354;10
453;462;14
397;301;24
608;616;17
614;432;21
549;188;37
351;777;39
357;726;41
640;624;48
397;521;9
625;562;38
499;456;25
571;178;25
93;17;16
31;748;23
234;319;11
784;225;2
631;530;11
720;331;7
218;272;1
105;569;26
600;62;35
479;369;14
291;664;34
492;380;21
797;646;2
424;214;43
212;592;10
77;457;21
213;85;25
449;140;13
769;161;27
110;628;1
326;185;15
64;407;49
374;126;5
435;581;31
31;32;40
741;533;17
170;761;15
321;292;1
511;252;50
724;791;20
711;792;43
522;139;45
457;621;26
108;800;8
315;526;47
652;559;16
329;678;13
121;709;22
710;13;4
383;306;49
494;144;37
77;745;4
41;1;38
22;559;14
141;563;32
117;187;34
207;255;49
261;491;37
792;61;31
528;85;45
674;612;37
298;349;21
224;578;6
98;506;2
757;706;14
527;34;45
661;201;3
141;180;21
786;188;16
404;359;22
448;655;12
585;720;48
552;730;9
337;316;26
162;653;8
178;288;18
154;96;21
97;186;39
436;158;25
39;725;2
526;417;34
580;281;44
131;452;4
347;30;10
313;761;4
163;376;33
15;304;46
76;328;24
396;672;10
351;82;24
135;201;24
280;666;13
294;769;23
460;610;47
684;76;28
759;565;17
446;305;6
223;634;14
456;314;4
236;14;16
210;5;24
591;462;26
721;601;48
284;432;6
121;644;18
192;800;21
551;793;35
201;666;24
265;323;23
323;16;45
207;351;11
703;537;4
366;600;27
257;522;44
530;326;29
213;11;36
625;237;28
256;371;24
30;489;6
759;441;4
488;702;34
453;730;18
800;518;23
552;215;4
200;421;36
224;479;42
708;70;24
749;450;44
76;474;28
334;395;32
755;800;19
780;126;14
488;480;32
768;468;12
174;260;49
219;786;24
471;417;21
225;531;50
339;347;11
124;489;4
645;196;45
637;588;5
532;756;44
110;527;14
290;445;4
357;609;1
280;514;27
294;718;40
396;554;4
440;636;28

