1000
24999
6000
67;33
9;27
13;99
15;49
20;100
81;45
88;85
60;46
26;61
87;51
8;34
83;80
64;93
39;88
49;11
88;57
43;16
90;98
57;84
73;2
14;25
26;66
1;100
35;33
35;13
87;28
8;66
6;47
33;61
14;35
37;93
18;30
73;90
76;70
98;65
93;49
35;44
12;93
17;64
18;50
60;92
90;16
26;37
66;66
79;71
48;59
72;91
98;89
78;45
41;15
99;99
25;13
67;71
52;30
93;61
96;83
9;4
99;75
87;10
74;77
18;72
18;58
83;5
63;56
24;71
58;58
77;52
95;95
42;15
52;25
71;11
34;29
53;85
90;61
35;17
99;79
29;4
58;90
81;77
98;47
80;94
72;73
79;38
68;90
39;12
98;42
86;63
67;83
29;29
27;26
37;59
4;12
42;59
82;69
22;5
63;7
65;100
21;81
58;32
27;39
60;37
29;73
71;84
33;34
14;2
62;54
17;91
26;85
31;4
21;65
31;8
30;100
73;1
79;66
73;39
93;85
51;63
45;94
85;46
73;53
26;25
56;21
76;85
89;54
54;96
47;52
56;50
58;1
35;39
49;76
76;98
10;41
17;27
58;65
13;21
78;66
90;42
19;3
93;25
97;90
53;75
32;72
67;24
24;3
6;24
68;11
20;81
89;58
66;10
92;50
14;90
6;65
74;41
73;85
76;20
37;70
41;37
57;27
55;57
63;21
100;5
14;96
12;24
19;85
43;7
100;1
24;52
82;95
38;33
33;9
82;5
90;77
10;93
88;99
1;57
52;56
31;46
96;21
32;8
96;98
6;41
1;10
12;71
73;71
74;80
11;24
30;64
95;44
12;1
39;3
19;84
87;99
21;15
7;47
89;27
31;68
40;3
30;21
93;72
12;62
38;8
47;79
93;46
50;10
71;39
97;94
52;19
92;19
48;87
94;3
75;52
37;39
12;34
1;7
92;42
83;96
21;38
50;4
46;74
48;92
27;60
50;38
49;5
34;71
69;63
77;99
68;60
78;12
56;86
34;6
12;13
38;72
85;13
66;4
65;32
44;53
79;11
10;74
1;30
77;92
92;91
80;56
39;9
9;79
51;82
7;35
57;65
12;55
13;23
77;32
95;36
16;22
1;10
46;22
89;95
35;25
57;11
31;83
89;86
23;91
88;35
53;59
68;47
1;64
84;18
46;62
27;63
61;98
27;31
60;62
12;11
50;15
16;59
99;58
60;3
40;68
33;90
53;20
88;22
27;15
27;3
65;60
34;36
82;26
19;83
38;94
15;90
83;97
89;30
66;31
20;45
43;32
12;68
2;91
14;86
84;34
66;97
50;52
71;59
100;54
7;26
67;70
52;4
41;60
3;9
78;76
7;35
89;36
46;16
84;37
29;64
69;34
74;18
69;32
23;60
15;85
56;92
43;57
46;2
45;84
64;64
38;3
76;21
73;87
75;73
35;88
45;11
25;26
5;56
31;22
81;80
94;3
14;72
50;17
38;39
39;12
10;95
74;75
80;15
45;26
63;14
19;90
3;3
49;11
87;48
14;20
21;78
19;17
69;59
20;81
22;99
2;12
47;57
2;87
57;70
71;80
50;8
92;97
26;40
41;40
54;6
100;97
36;67
75;71
13;89
66;85
90;63
47;93
21;31
59;13
71;93
47;79
32;91
59;59
75;79
16;86
57;42
76;92
85;29
81;52
42;46
38;34
37;38
58;83
5;77
79;24
84;60
74;7
45;66
50;34
5;31
27;88
100;95
30;59
8;74
15;44
72;65
82;2
95;48
78;57
55;83
100;71
43;60
52;53
69;19
27;8
36;32
74;12
94;14
94;81
42;33
5;29
51;59
37;54
80;29
40;20
99;29
61;16
5;36
57;40
87;100
29;92
69;91
100;26
69;71
17;18
99;91
73;28
58;76
99;86
94;94
88;95
53;26
14;26
60;12
40;89
73;26
8;57
4;51
14;99
79;6
17;21
53;91
65;23
87;92
76;62
58;98
41;23
37;55
47;77
64;20
6;16
61;4
17;73
19;36
32;51
1;35
40;60
3;9
65;86
36;83
5;50
6;57
96;3
3;16
20;53
92;65
46;36
37;76
10;15
12;2
21;97
71;49
53;34
70;73
35;80
46;72
68;15
1;56
93;52
6;9
38;26
28;62
85;65
63;72
17;26
67;82
10;85
85;21
52;39
24;96
21;62
45;76
7;15
4;73
91;61
4;53
19;15
69;3
99;56
48;41
25;16
3;23
78;64
15;3
37;63
64;52
7;68
81;63
49;83
18;6
75;59
43;94
85;46
90;69
64;69
12;51
86;96
20;81
91;58
57;39
25;54
15;8
47;9
74;53
22;44
59;71
20;29
21;42
83;6
11;70
27;23
71;6
20;94
43;60
43;30
31;100
6;8
72;61
43;69
56;94
42;84
24;38
80;88
88;62
9;75
9;60
92;63
85;25
7;38
15;85
2;29
65;15
54;17
16;81
47;85
11;81
29;80
89;13
36;4
21;85
43;9
67;87
13;52
62;5
23;40
68;47
77;90
94;48
84;53
90;51
72;88
27;87
100;29
16;92
83;88
40;21
86;25
42;41
4;75
97;90
9;100
23;15
8;22
32;23
84;8
74;63
10;95
91;48
89;61
36;41
51;28
49;52
12;5
57;60
90;15
92;16
36;86
4;71
51;88
5;8
38;70
41;22
21;46
33;59
46;38
34;90
33;33
20;11
31;94
65;84
70;9
17;19
56;54
53;29
85;29
59;42
86;7
98;43
16;24
75;18
66;70
72;86
5;31
41;9
2;72
89;91
61;4
74;14
49;56
65;8
51;84
44;66
45;20
6;14
32;62
83;31
37;63
5;85
62;69
67;88
61;19
73;7
67;41
25;58
47;100
45;89
20;38
5;4
9;83
60;47
84;51
19;31
76;83
74;36
49;68
32;14
8;55
26;7
67;75
23;95
70;22
3;35
1;78
6;40
64;85
61;55
14;87
32;42
33;20
30;46
81;47
18;68
55;65
23;51
26;39
88;64
79;34
82;98
14;37
59;49
81;50
71;49
64;96
78;51
34;49
94;83
95;74
35;62
19;3
84;80
44;77
52;95
80;72
47;30
55;83
40;28
24;87
73;77
98;55
1;92
85;41
61;95
71;51
33;48
91;46
22;77
12;84
59;34
71;21
73;79
91;79
9;77
37;82
68;84
57;78
9;87
24;94
3;99
16;83
73;65
10;55
73;98
3;72
49;46
75;43
5;2
83;77
57;32
85;4
74;44
49;85
10;33
30;35
1;18
20;65
47;71
82;88
36;11
89;14
26;11
56;31
86;55
34;62
26;89
94;38
99;39
77;76
35;9
28;52
90;76
72;11
95;20
34;46
55;5
21;94
65;76
95;69
36;88
89;18
94;43
38;66
38;93
55;9
34;81
100;61
11;18
63;5
65;12
39;38
46;75
48;19
20;39
78;2
96;91
28;12
75;11
8;58
87;53
8;11
85;11
7;29
91;67
35;40
77;53
95;86
78;45
42;94
1;78
51;36
41;87
86;1
47;77
96;84
59;82
15;8
10;84
46;6
90;15
9;27
3;29
76;80
51;100
26;54
6;42
100;40
52;4
8;96
3;57
18;6
9;55
30;84
79;32
20;3
5;46
88;91
99;81
8;30
59;31
41;15
29;43
71;59
88;83
26;54
59;95
26;74
21;53
46;8
69;62
69;4
99;5
61;40
44;21
53;38
81;42
71;23
15;8
39;55
5;30
31;74
87;34
29;54
64;62
98;36
89;4
29;77
89;83
88;73
92;21
98;79
78;53
7;27
4;98
9;2
40;19
52;29
27;11
49;73
45;21
99;39
69;48
24;26
70;100
100;14
17;4
60;68
32;13
30;58
100;97
51;46
41;54
1;42
51;26
36;38
33;38
57;5
1;3
31;47
66;77
22;24
84;20
85;27
47;37
23;66
3;21
2;85
58;42
5;58
67;34
61;71
31;46
95;11
87;49
72;8
2;17
98;39
13;47
75;67
14;65
91;75
49;42
71;6
81;11
65;4
23;77
76;67
76;8
42;17
10;9
45;85
38;56
3;2
13;49
60;47
77;74
82;42
21;95
69;40
42;33
49;33
46;9
53;17
35;96
66;46
50;68
61;98
56;70
66;6
50;60
82;1
40;63
4;86
17;81
44;81
4;32
12;40
42;91
81;63
64;55
2;67
50;94
24;20
6;84
7;90
4;58
44;4
20;44
92;12
32;8
92;23
75;45
55;30
73;19
54;68
32;15
7;27
92;35
46;45
60;1
97;83
61;72
50;100
61;29
27;24
61;92
82;52
60;75
46;63
40;4
54;40
2;42
49;79
6;51
12;58
33;85
33;64
16;90
89;57
18;83
4;61
5;80
28;11
74;59
48;10
3;16
84;15
23;40
47;10
49;61
52;59
37;1
38;74
85;40
27;46
83;45
92;83
1;90
12;24
13;99
6;47
714;5;46
269;82;3
238;421;30
502;624;35
477;923;22
324;179;16
262;917;11
871;7;39
647;428;28
834;666;33
376;928;7
796;114;23
367;693;32
943;815;38
327;190;38
97;55;23
228;239;38
645;123;30
521;817;22
546;478;17
96;708;21
114;184;16
955;173;39
81;302;29
477;69;45
659;366;11
185;890;18
416;619;14
409;985;31
532;288;26
13;238;16
997;18;49
247;143;45
20;617;38
315;454;39
514;562;9
788;171;37
598;974;15
614;444;4
556;264;3
523;207;48
595;617;13
250;603;6
315;886;38
22;137;5
859;39;39
119;94;26
103;759;49
424;297;18
227;839;49
853;119;4
252;979;10
420;318;31
41;368;45
153;508;27
844;515;48
564;934;26
411;998;5
875;164;38
834;313;25
23;651;37
775;81;30
738;239;44
94;759;4
683;29;16
316;778;23
294;380;16
516;177;17
522;89;6
781;954;50
369;277;33
327;536;14
276;760;39
702;769;30
546;261;9
802;877;35
762;652;25
367;56;24
518;674;40
527;55;49
986;366;14
703;892;49
45;847;29
88;906;25
628;91;43
171;112;14
982;361;46
18;390;1
320;268;13
84;13;6
527;186;14
930;8;36
249;187;11
351;384;4
404;634;12
959;24;21
866;619;50
534;625;34
963;361;10
806;72;32
75;992;50
685;612;19
176;938;14
964;388;25
257;77;50
287;421;38
75;730;30
758;723;20
520;165;6
687;613;43
571;767;13
404;913;30
389;104;44
747;132;21
37;900;48
147;712;48
36;287;33
508;762;46
207;618;1
730;642;29
803;123;31
9;406;41
491;961;43
332;301;10
706;558;3
969;842;48
65;283;25
27;851;6
272;813;45
584;913;37
365;266;2
197;299;32
731;93;18
97;262;2
793;849;16
888;56;30
739;393;18
979;619;10
232;510;12
385;197;33
907;110;41
359;234;21
880;824;39
66;691;22
341;237;14
557;651;2
361;620;39
234;232;8
978;375;13
919;44;21
79;801;48
157;493;17
491;687;19
62;998;25
633;956;5
979;3;29
863;152;29
993;250;33
549;335;30
111;818;27
105;759;16
237;407;15
770;691;43
438;647;42
549;635;31
959;326;36
408;725;43
807;976;26
439;8;37
948;236;4
182;133;13
88;974;9
296;627;13
498;252;15
905;105;29
622;695;1
527;104;13
720;527;9
325;321;32
399;134;50
48;198;38
761;80;2
875;133;36
290;97;47
827;724;4
559;121;37
367;385;6
133;750;31
867;716;19
515;780;40
587;73;26
638;90;14
754;21;46
625;895;30
964;471;4
155;663;19
294;279;26
929;695;41
856;178;28
940;568;29
338;830;24
136;151;13
562;858;11
544;387;15
243;425;45
53;893;11
2;31;44
84;834;39
317;588;45
185;762;17
261;688;19
127;767;4
906;57;37
70;4;25
870;447;10
578;268;45
159;278;49
9;330;16
575;258;2
765;91;6
643;575;9
939;236;11
239;605;49
333;863;21
189;523;41
329;548;40
648;396;35
185;943;21
929;428;35
795;549;12
917;637;38
347;364;5
287;623;12
435;646;20
62;34;48
779;167;21
672;548;22
324;531;32
832;277;6
911;224;39
165;319;29
355;144;12
901;861;27
359;430;48
254;652;30
370;931;12
372;189;44
548;864;32
972;849;39
615;166;35
862;140;43
863;949;9
651;484;39
620;78;47
550;384;13
991;269;14
896;949;30
568;875;48
42;332;46
957;564;47
451;623;13
939;316;48
148;521;23
849;335;31
930;279;40
639;238;16
407;497;49
831;454;19
234;95;10
259;96;23
807;143;24
388;766;7
90;60;44
930;655;33
929;635;24
585;400;27
470;290;22
864;577;34
970;378;27
378;234;38
628;945;26
637;544;48
464;83;22
288;625;23
207;952;50
779;182;39
91;732;21
881;632;36
574;920;46
450;719;17
759;500;41
665;905;13
640;875;10
675;968;47
792;794;49
682;919;8
167;275;35
530;994;40
689;59;14
167;221;9
486;678;12
293;194;18
33;961;25
174;733;7
16;726;49
930;896;42
844;991;42
490;376;42
318;664;17
598;59;19
819;522;2
256;86;3
397;458;13
968;886;14
593;682;6
594;986;3
298;127;12
636;905;37
554;615;44
351;772;29
483;974;20
99;374;4
481;695;12
619;899;26
443;309;18
433;925;11
469;605;16
985;998;44
170;21;14
719;383;25
744;963;19
814;15;11
295;127;44
800;956;8
173;832;31
634;44;49
147;723;39
167;914;36
60;437;36
127;330;49
907;833;26
422;459;6
276;410;41
707;296;45
410;416;13
746;817;11
165;191;31
538;324;11
777;924;27
946;49;8
120;301;47
708;181;47
507;444;3
712;105;16
93;531;10
93;853;49
986;856;26
567;184;46
112;820;48
211;306;5
535;346;47
51;249;10
111;263;9
426;233;1
10;387;20
78;667;13
436;639;37
283;774;17
727;182;28
678;495;25
771;753;46
283;243;14
585;537;49
917;343;15
920;941;17
983;740;30
959;503;26
657;96;8
239;396;11
308;108;41
343;427;7
819;324;18
168;152;15
660;135;29
451;558;8
140;855;38
246;810;3
933;292;44
854;89;20
361;52;11
916;893;38
291;413;30
915;870;1
400;515;28
460;921;4
749;894;36
451;272;48
419;593;7
796;746;2
238;703;25
417;707;29
642;212;8
782;423;13
921;718;22
276;846;21
894;34;2
980;615;33
135;637;36
784;956;48
97;917;25
325;150;22
604;213;33
961;641;12
281;109;17
935;246;6
268;565;45
981;657;4
883;626;37
154;921;23
253;947;15
718;980;45
501;573;1
782;916;3
558;676;11
857;45;7
860;594;36
2;429;19
461;114;20
830;50;25
549;940;18
633;790;32
150;226;16
235;318;45
576;133;34
737;354;37
519;192;26
751;1;15
263;192;19
146;653;35
335;49;29
233;337;50
540;501;15
153;609;46
462;828;7
899;49;25
833;768;49
992;650;44
160;741;19
527;879;3
890;119;13
820;420;1
835;486;47
220;684;50
597;687;43
289;467;48
127;827;39
588;668;44
618;690;28
132;561;16
981;858;42
86;580;21
950;894;12
645;870;18
312;885;26
363;11;4
475;381;28
488;103;46
935;836;13
807;609;1
234;805;42
385;401;30
508;587;37
638;171;50
24;547;21
969;640;46
447;60;11
17;640;44
695;754;48
136;417;10
19;297;19
580;910;6
892;2;3
663;742;39
377;914;15
92;845;47
782;6;32
49;192;30
683;758;26
363;589;33
799;766;3
655;575;41
945;609;43
335;355;36
108;965;39
799;62;29
655;794;15
84;702;31
46;17;18
463;570;42
71;295;15
504;495;43
964;69;17
890;745;39
226;334;34
748;678;37
472;133;28
231;184;34
974;330;49
686;125;26
394;813;27
930;967;29
656;8;16
845;646;35
65;181;14
741;354;43
716;500;12
300;46;4
651;518;7
726;601;12
871;85;42
958;931;7
472;565;42
788;508;49
15;562;48
41;244;13
344;978;14
48;918;5
122;659;38
616;116;44
986;903;33
706;651;24
477;434;28
225;149;29
340;265;14
788;928;24
910;495;38
489;716;7
1000;669;48
473;784;44
390;794;34
860;455;43
386;692;10
640;825;19
255;579;26
889;392;6
468;747;20
346;43;18
78;925;42
275;596;25
219;570;49
979;928;36
557;409;16
227;949;21
721;717;11
324;758;41
968;222;3
809;72;8
414;239;33
654;838;7
9;798;7
986;116;31
893;578;20
883;751;43
259;132;13
876;415;24
880;99;34
511;251;19
296;256;1
702;591;21
457;603;3
147;644;34
519;517;23
115;386;15
861;970;46
33;180;24
349;601;23
965;275;34
885;877;9
260;168;13
591;435;47
14;538;15
619;54;14
798;263;24
777;771;48
242;647;35
223;83;19
500;19;41
175;51;28
498;515;24
45;992;20
478;188;48
422;227;11
274;762;18
452;630;23
16;100;41
725;377;20
131;217;23
932;397;8
790;236;40
302;519;17
219;904;37
28;350;41
28;370;13
515;894;1
104;100;10
286;73;23
819;572;6
239;24;17
932;284;22
776;630;48
742;269;22
714;3;25
603;294;5
402;48;38
796;122;31
800;568;43
776;806;18
78;605;12
208;384;25
591;227;35
278;122;1
472;993;33
732;877;18
27;302;43
939;277;7
411;176;29
52;552;35
736;862;34
432;886;26
507;746;16
190;167;5
44;190;2
228;252;18
542;545;30
462;869;43
38;385;28
286;912;16
506;263;22
239;821;19
695;722;31
698;671;8
274;12;31
942;23;37
916;304;46
324;643;23
801;868;9
816;236;18
173;685;14
152;293;18
674;117;9
628;968;17
165;653;25
898;914;15
803;550;5
35;861;48
710;579;9
602;711;2
517;916;6
491;143;27
664;510;13
200;162;5
802;207;9
138;720;22
86;946;12
525;662;49
635;289;3
607;802;26
934;836;9
163;539;27
915;623;8
540;891;31
51;349;24
572;16;23
133;729;18
175;697;1
257;231;4
261;997;4
998;372;33
128;83;25
580;444;23
718;146;10
335;968;16
380;384;3
317;755;37
306;758;38
371;916;50
679;471;46
250;686;23
593;445;24
871;389;8
576;4;47
169;966;38
6;913;45
12;550;34
815;579;44
857;160;43
371;739;33
942;34;38
697;707;31
53;248;45
361;199;23
240;758;29
339;986;17
886;355;17
844;122;21
381;610;15
821;287;39
604;707;43
308;761;42
444;766;29
557;593;32
841;531;9
47;727;24
841;322;35
100;603;15
354;841;38
994;450;50
755;134;32
133;697;32
787;571;11
646;602;14
286;513;30
393;267;5
862;810;35
728;624;22
606;749;39
184;436;25
760;811;41
33;607;15
733;896;27
874;447;47
752;28;25
605;978;26
235;382;32
395;277;28
236;538;1
952;426;33
232;627;38
156;326;37
66;745;35
531;433;6
328;773;9
253;339;5
624;964;45
893;776;21
587;367;29
64;38;3
593;244;45
829;842;25
487;800;10
369;790;47
445;950;26
780;307;19
884;570;18
969;969;32
700;933;33
144;121;37
635;448;29
922;199;13
46;966;41
604;605;33
435;255;5
620;999;49
530;153;49
723;670;7
400;101;14
46;162;40
937;589;14
700;531;38
857;520;24
40;962;29
574;508;35
487;563;46
165;14;39
444;141;47
302;101;50
646;522;6
859;970;46
868;731;23
62;64;22
904;10;4
780;927;25
910;361;8
813;907;7
160;788;3
950;669;20
452;665;20
78;11;35
795;74;17
799;425;19
488;247;28
665;543;5
615;787;44
659;594;2
237;169;15
696;46;26
463;353;14
451;543;9
400;443;6
250;336;31
578;314;9
371;972;6
948;582;34
462;137;13
820;90;34
232;163;40
949;92;21
53;169;27
254;697;24
443;16;4
172;529;7
964;760;38
519;711;23
469;958;48
113;552;37
973;47;16
205;337;7
832;822;46
830;624;41
417;177;5
285;894;34
439;950;32
855;362;14
461;872;42
350;274;38
251;166;50
151;537;27
230;365;40
420;974;4
561;214;8
22;750;50
209;766;27
984;451;27
980;444;47
158;838;19
4;59;19
46;722;20
420;442;15
269;410;39
819;995;44
31;25;4
473;173;19
372;521;38
80;177;27
998;355;29
855;649;10
629;941;32
411;316;15
375;877;25
334;192;19
835;912;41
929;619;27
265;129;2
390;994;41
563;162;1
180;367;3
237;257;8
349;599;30
96;594;50
151;978;44
535;665;36
654;832;38
483;117;18
612;205;19
642;161;13
382;204;11
977;919;37
252;359;2
808;871;26
229;407;17
255;659;11
259;217;50
263;725;37
495;413;4
280;434;42
222;878;11
825;204;19
757;452;25
471;645;14
577;807;1
210;852;26
516;337;25
279;768;39
281;564;12
685;431;25
825;450;18
79;589;42
59;639;15
528;954;18
422;737;10
771;848;17
312;682;27
108;543;28
229;16;15
828;325;11
486;88;2
274;785;36
231;720;2
721;36;4
75;504;22
896;325;30
296;12;46
768;557;11
449;382;34
554;82;48
66;724;1
620;973;4
977;267;47
259;261;37
836;4;5
946;380;23
797;693;16
987;260;50
278;299;30
390;266;7
390;529;8
827;716;23
787;336;9
119;525;17
751;603;3
188;217;29
962;663;36
947;632;42
932;736;41
31;114;23
538;754;38
717;234;33
675;499;44
966;463;33
17;899;2
795;937;10
5;315;42
856;256;2
592;631;27
211;435;18
289;477;27
266;619;46
982;333;4
109;304;49
750;966;6
737;90;20
759;764;49
267;783;29
851;136;42
685;999;42
760;531;15
60;810;8
980;373;15
504;437;16
824;714;33
880;703;22
883;393;47
292;700;22
149;902;49
374;765;13
801;153;25
723;472;24
121;291;32
961;928;19
431;346;6
49;758;11
601;227;5
921;99;46
182;940;22
836;485;8
922;747;41
109;833;9
703;948;22
309;510;30
31;197;42
125;134;29
256;616;40
991;39;43
634;633;22
789;696;49
525;341;15
164;130;17
117;260;38
853;980;10
694;621;17
927;212;48
21;347;41
398;231;43
259;124;6
637;765;24
531;322;9
103;980;38
793;393;26
101;556;23
623;966;33
389;859;26
303;425;21
751;276;14
3;322;15
664;349;33
753;830;44
674;79;2
737;381;2
153;266;34
144;710;12
118;124;20
385;984;13
25;684;42
853;952;46
8;921;4
714;141;23
629;235;30
440;521;42
412;336;6
523;556;37
741;549;26
330;756;34
254;999;43
957;664;18
692;329;41
747;192;11
745;504;34
672;807;12
98;199;15
720;867;16
601;498;14
504;351;38
972;503;50
141;940;20
245;386;3
523;285;8
452;948;20
667;429;50
92;41;40
785;175;11
348;364;37
239;487;40
521;468;33
456;154;43
805;101;21
23;400;42
306;914;25
882;734;43
446;766;30
25;294;33
946;998;46
484;669;25
617;969;1
545;263;28
399;545;7
885;524;33
295;633;39
343;537;7
86;259;11
112;521;36
970;469;6
131;611;7
771;574;37
567;931;28
410;960;21
407;95;32
694;727;20
197;647;5
705;323;13
792;934;39
616;209;38
711;47;13
921;881;9
392;683;4
323;920;1
799;478;17
998;278;5
458;132;6
95;576;28
118;31;36
181;780;19
987;290;31
337;528;36
333;780;40
403;338;41
714;345;7
471;862;43
536;227;24
138;539;11
91;898;41
96;888;42
54;347;6
405;720;28
678;190;18
679;404;24
424;965;16
93;714;11
424;142;6
238;325;10
229;38;50
651;150;40
203;397;35
592;827;30
206;88;1
389;382;49
638;910;47
543;693;25
132;825;41
862;706;22
75;417;19
116;310;41
579;605;9
678;672;37
121;783;1
430;665;37
611;669;6
648;943;1
359;263;40
346;394;14
626;329;45
994;634;22
124;169;49
409;843;40
256;330;18
598;388;44
973;400;38
832;56;11
736;65;26
454;448;17
804;725;6
961;736;31
222;988;15
951;682;48
857;197;33
816;865;5
467;199;3
980;447;49
640;123;22
545;950;13
282;863;11
570;381;25
142;58;27
605;648;15
173;18;27
668;848;7
970;59;28
499;166;6
280;604;14
308;41;37
844;365;23
524;610;4
752;755;49
178;116;32
149;793;10
255;754;16
992;234;40
793;909;46
883;980;29
28;583;50
442;547;28
420;560;17
471;696;17
516;166;8
38;342;1
415;347;26
893;227;39
678;896;9
129;159;45
265;952;29
279;472;27
61;48;20
68;196;18
391;396;8
343;380;4
686;402;21
582;268;50
867;478;20
511;624;26
398;27;4
713;636;34
548;414;39
191;254;42
112;120;18
445;12;26
87;532;33
762;22;31
829;638;23
636;47;33
778;952;16
853;183;40
596;36;2
346;88;6
944;132;49
333;451;30
138;648;29
95;384;12
720;315;12
804;834;43
604;357;3
876;540;8
800;821;7
568;512;35
512;87;15
175;364;24
695;282;8
545;523;44
250;216;31
492;375;25
504;648;8
709;164;48
178;987;46
858;466;12
362;609;22
138;62;8
571;986;18
454;704;26
460;29;22
263;516;43
167;510;44
310;660;21
293;473;30
310;756;13
935;451;16
877;619;17
825;961;11
722;386;38
80;757;14
543;749;40
679;456;40
642;311;10
623;435;21
937;762;14
622;906;18
640;615;10
573;879;43
968;810;47
784;396;12
153;58;25
798;287;48
427;245;49
15;632;46
97;922;6
924;219;35
414;234;8
291;495;41
449;930;28
993;547;14
830;92;33
86;764;30
1000;687;49
130;140;30
691;142;16
822;210;42
212;320;27
80;200;48
30;824;37
721;283;33
131;57;6
320;479;26
688;410;50
150;254;1
851;325;24
579;334;32
419;62;1
807;875;15
338;266;14
464;283;30
985;587;31
828;757;2
218;973;36
230;945;41
270;524;16
579;491;12
93;765;42
542;110;13
547;952;7
716;683;23
649;462;34
142;143;35
409;114;46
160;222;11
289;499;17
233;157;44
999;593;17
761;10;22
672;326;16
970;591;9
714;467;50
500;958;19
11;980;20
752;323;43
183;388;44
402;168;48
674;529;9
108;346;14
311;883;13
478;452;14
882;547;47
822;143;14
215;971;5
929;761;39
545;737;16
190;652;26
345;767;19
121;573;42
239;979;24
878;250;19
252;735;47
351;722;26
110;93;29
269;306;7
580;1000;34
847;693;31
199;13;36
704;533;4
486;481;10
730;986;11
865;947;49
466;908;9
332;81;25
95;710;18
222;319;35
587;781;17
232;996;22
984;906;33
539;238;17
85;3;31
432;829;5
640;736;37
92;295;35
474;169;34
342;350;49
993;757;27
978;970;33
713;147;32
105;714;13
148;90;5
698;679;30
24;193;7
428;860;34
346;287;50
572;563;23
564;137;5
610;930;12
158;966;47
36;735;1
164;175;25
300;210;31
797;352;33
577;546;41
180;108;21
488;429;41
157;63;4
192;623;8
998;720;13
791;769;23
170;673;19
76;937;30
259;686;3
106;464;48
936;341;29
500;370;47
392;891;41
882;783;27
26;364;16
961;899;12
836;122;43
561;314;24
945;662;49
970;773;45
710;263;20
681;436;23
23;199;34
198;469;20
149;854;11
152;98;42
370;877;25
110;902;21
751;320;25
69;391;23
846;552;31
925;784;42
876;65;7
155;683;37
99;797;43
725;150;48
923;601;38
496;501;47
390;960;29
751;373;24
818;197;49
970;601;49
867;773;35
782;72;7
364;978;6
886;947;16
647;27;19
465;424;31
691;293;18
862;714;11
883;765;23
340;192;15
494;433;24
285;488;16
836;844;15
993;215;31
829;351;7
657;894;45
591;70;11
840;86;23
175;435;15
397;421;44
209;756;48
24;65;30
37;73;50
849;728;20
341;636;26
577;137;34
408;916;4
47;86;32
462;387;17
497;959;3
902;430;28
908;675;34
356;597;5
615;845;36
675;217;26
240;527;42
611;421;49
487;559;5
618;401;13
131;950;31
511;314;3
770;94;23
427;995;36
998;855;14
75;429;2
825;284;16
679;287;27
808;268;4
382;915;46
392;110;7
967;168;32
554;859;40
983;744;2
300;423;46
436;119;46
14;863;19
921;469;9
513;580;47
984;62;3
872;847;35
845;819;10
530;420;20
178;202;14
128;122;43
258;309;1
672;965;45
467;156;19
916;206;47
726;289;24
229;904;3
452;603;10
112;451;35
114;905;42
454;171;43
18;811;21
273;489;43
441;762;13
941;640;5
961;405;45
181;881;42
20;266;6
785;76;17
870;174;32
926;201;10
701;463;17
378;932;1
746;468;38
984;412;27
696;774;42
902;954;50
966;48;24
884;787;43
618;139;6
898;806;5
802;933;21
935;914;39
890;761;8
253;763;21
315;357;49
671;200;12
414;740;13
803;698;20
198;88;25
901;974;40
282;330;15
195;988;44
790;553;50
405;476;15
649;862;1
272;372;38
455;21;42
689;310;31
261;269;36
759;571;13
617;209;4
788;630;25
359;155;22
790;621;3
226;932;39
187;437;3
415;437;29
558;712;27
846;862;18
54;735;42
328;209;12
319;142;12
613;847;3
925;859;31
842;88;7
698;87;23
954;860;9
845;644;18
628;293;11
691;789;34
500;340;31
978;735;5
990;150;6
452;460;8
923;841;11
48;353;39
151;927;27
462;52;47
730;697;45
762;892;3
441;70;39
890;622;7
539;276;10
605;190;2
574;321;49
878;576;12
987;767;36
357;879;44
213;124;48
83;70;2
202;310;11
93;85;6
839;784;47
626;662;47
319;136;17
396;957;42
448;343;22
750;23;36
166;77;36
931;800;37
739;962;22
685;102;30
255;978;24
677;391;17
382;331;8
408;238;28
558;476;4
510;821;16
318;719;17
721;610;28
592;890;34
996;257;19
959;228;34
700;938;48
744;877;6
75;245;36
19;201;38
701;655;19
431;570;25
194;133;20
510;940;46
344;755;2
57;872;40
532;399;31
67;197;50
560;714;50
50;269;16
482;811;34
766;959;28
959;486;49
188;49;26
405;976;31
646;200;17
604;418;35
916;702;21
144;260;34
341;639;14
130;38;12
217;495;33
930;741;38
687;795;14
317;891;28
847;829;26
226;672;46
12;259;24
7;107;35
454;960;20
483;101;25
307;815;33
850;218;3
487;214;23
876;462;47
467;61;50
935;735;16
905;555;38
41;842;20
173;253;29
587;464;37
947;275;42
201;943;33
600;840;49
568;263;42
775;152;32
458;594;21
829;101;7
781;484;37
689;831;35
385;644;8
160;113;14
32;501;7
410;804;24
720;157;17
653;665;20
306;420;35
744;326;45
300;438;41
664;237;15
959;154;40
777;428;45
945;208;5
994;812;2
616;642;26
231;348;22
700;105;25
599;80;20
775;440;45
974;460;38
876;661;49
964;629;49
695;855;39
698;911;50
453;474;21
773;618;48
934;513;44
804;789;42
769;940;38
828;75;4
888;712;19
859;735;21
101;999;7
21;378;39
832;835;20
696;118;28
932;924;49
222;217;24
102;789;28
298;311;29
219;859;30
988;45;26
856;79;43
81;485;12
218;111;21
144;626;14
254;669;25
622;980;1
394;72;21
896;62;32
470;902;39
784;806;33
712;522;21
961;973;30
65;356;45
938;763;44
974;243;16
74;927;24
105;619;20
161;378;14
970;754;31
460;48;22
343;262;46
66;614;4
540;452;47
157;69;14
541;61;42
849;263;46
176;681;34
755;607;30
861;794;28
21;831;29
493;596;1
925;127;2
356;178;31
494;725;24
345;800;48
717;805;35
455;145;13
217;1;30
274;686;33
834;158;11
80;678;4
955;621;20
250;331;16
313;8;8
397;669;47
170;365;17
488;359;37
683;908;40
685;42;30
90;874;48
870;65;23
49;416;20
272;754;24
299;257;37
556;151;30
820;935;1
938;318;46
1000;699;7
791;666;14
865;271;29
940;121;34
203;329;4
54;830;16
785;606;40
392;488;34
117;358;5
594;191;6
966;473;12
751;1000;41
27;448;46
192;856;15
40;529;22
976;531;43
850;317;3
358;534;33
48;563;9
199;116;26
419;583;11
551;274;23
212;988;45
928;690;14
266;523;19
11;68;31
344;823;35
870;848;8
913;347;18
735;691;49
269;939;7
253;642;16
131;126;9
750;874;17
224;292;29
835;65;25
306;541;21
570;670;37
688;92;38
290;222;8
858;945;6
438;425;26
298;256;40
264;613;29
728;962;34
992;445;43
19;946;18
995;370;21
575;558;50
417;163;11
315;855;37
139;597;44
878;984;49
673;780;45
20;222;2
31;320;15
349;991;4
949;48;25
941;741;3
328;705;38
394;213;36
798;518;15
831;982;39
716;549;5
304;933;24
246;324;41
332;961;42
334;741;28
524;340;14
118;540;19
847;403;3
57;87;39
404;993;31
458;779;43
964;788;24
356;844;9
598;175;38
157;398;36
253;406;42
656;553;10
873;240;17
929;82;38
118;256;7
165;588;19
715;492;23
670;14;46
477;138;42
451;702;16
559;471;34
883;145;48
898;331;10
285;207;42
649;17;43
898;459;5
983;54;50
744;811;20
977;616;13
78;738;44
692;418;3
458;327;44
570;585;18
135;155;17
426;480;26
622;919;33
573;427;49
654;673;22
714;855;16
332;352;35
621;501;47
187;486;16
577;268;24
438;261;37
832;326;39
259;541;50
538;381;43
213;440;45
376;67;49
303;289;33
945;643;31
59;983;31
21;319;37
559;716;27
15;127;34
171;193;49
601;691;32
197;95;10
671;245;1
419;907;20
894;405;28
262;330;9
372;29;25
994;4;23
918;438;38
155;167;18
245;640;3
956;745;44
648;628;27
749;673;23
518;159;39
531;190;34
91;62;46
94;300;24
516;471;34
928;522;28
665;998;33
795;952;21
61;920;6
624;213;23
611;593;35
240;86;3
114;661;21
363;673;18
236;211;18
108;391;4
786;469;45
854;906;33
764;223;8
707;597;22
380;432;14
8;883;15
914;522;26
714;439;43
72;589;1
978;487;10
653;287;18
36;597;10
331;527;38
232;305;45
897;231;34
331;741;6
694;895;44
205;161;1
162;943;33
810;297;31
386;532;50
356;916;11
656;596;29
471;415;17
202;511;50
937;814;40
414;418;30
853;556;8
220;443;14
606;590;30
751;472;20
607;620;13
654;546;8
882;366;49
334;696;3
840;809;49
353;826;42
197;671;11
402;187;16
903;534;5
637;13;31
54;925;17
76;338;33
568;977;12
697;992;5
758;372;40
861;688;24
365;394;28
173;99;20
166;846;19
704;572;8
747;691;15
910;262;39
468;767;6
503;250;46
520;750;6
597;293;22
532;664;36
846;58;39
226;732;31
12;978;33
730;44;20
338;424;24
355;840;13
847;728;46
948;387;42
981;787;15
864;608;49
667;511;43
228;881;50
801;635;15
161;468;25
373;435;36
59;130;9
85;442;34
434;29;44
98;327;49
258;900;43
159;483;16
847;76;39
663;47;27
491;393;34
943;288;30
205;886;28
109;194;45
253;896;19
213;246;7
125;1000;50
930;838;31
342;446;23
599;876;13
636;700;25
830;285;4
281;334;40
866;841;19
53;15;29
113;348;48
903;499;29
244;196;37
647;613;22
422;477;5
202;358;44
731;190;33
131;955;1
374;738;30
580;729;25
829;514;24
276;825;46
967;799;6
532;181;15
36;231;18
168;423;44
271;589;5
796;768;27
540;653;32
410;124;8
475;105;4
867;931;37
792;899;20
229;789;17
681;389;38
325;493;30
85;607;50
678;625;30
288;793;44
827;255;5
88;317;43
976;35;37
503;843;24
518;823;43
841;132;44
837;573;12
810;91;3
469;32;1
937;144;22
571;262;24
670;655;26
552;431;41
303;643;44
697;466;49
355;416;18
655;425;23
592;135;28
212;950;28
367;703;36
883;856;47
900;628;31
443;135;18
386;64;5
727;597;45
565;25;10
131;816;2
691;617;32
420;113;4
962;562;6
831;73;3
26;967;30
671;716;11
17;62;19
64;711;43
352;262;45
817;527;21
539;346;34
117;30;34
282;419;7
834;21;20
24;871;17
32;426;16
955;144;11
42;565;23
483;44;16
93;285;43
360;979;14
652;67;31
344;368;33
480;258;26
853;435;12
632;844;20
410;840;25
753;687;37
917;32;34
917;673;33
217;816;22
735;162;35
712;46;6
344;707;15
975;736;18
662;826;4
101;286;44
524;70;7
395;262;6
958;638;41
871;65;1
591;41;2
887;427;36
34;889;9
356;658;8
590;50;26
604;652;39
826;932;2
369;239;17
54;447;24
309;734;44
190;798;37
627;716;34
960;119;24
496;566;45
343;38;1
639;212;12
959;104;42
696;852;47
563;649;29
457;629;28
191;122;4
375;562;31
260;679;18
562;167;36
621;457;35
337;110;27
591;167;24
67;104;18
982;488;26
323;304;33
885;762;33
759;232;9
982;409;44
362;602;21
815;949;27
469;316;47
591;786;18
944;715;19
163;287;1
276;641;47
42;426;13
153;470;17
645;474;14
887;743;16
198;370;41
523;293;50
804;494;37
496;727;45
683;335;15
515;52;39
979;745;7
922;395;21
76;860;36
284;428;46
352;51;38
999;433;21
78;173;27
930;959;19
197;461;39
17;867;26
176;295;37
933;842;26
977;929;3
596;342;4
240;579;15
704;747;50
217;84;33
137;485;33
558;722;31
153;895;12
665;503;19
510;114;16
321;859;34
402;135;46
305;21;22
522;448;21
267;7;12
510;248;31
557;494;19
133;224;13
858;999;41
831;389;44
6;482;5
300;798;28
765;844;4
148;531;49
943;794;6
298;359;43
137;924;17
487;335;15
869;863;6
707;554;10
518;109;18
124;935;33
686;693;15
883;600;21
930;579;20
622;330;23
436;906;19
676;714;50
25;556;6
914;798;44
590;360;35
117;997;43
318;419;29
918;294;23
364;778;12
974;12;50
746;483;50
524;413;50
229;491;15
385;138;19
327;418;5
993;66;49
423;905;11
786;627;13
416;949;27
50;961;38
891;208;18
328;694;5
264;570;13
933;347;8
498;2;2
756;873;36
525;448;25
4;794;7
688;884;33
455;338;16
488;84;25
342;588;25
963;516;17
769;461;23
851;406;49
608;170;28
80;118;19
52;407;35
838;769;1
576;278;14
27;870;34
992;294;41
167;680;20
138;246;17
745;367;41
224;562;30
885;68;30
251;336;34
292;881;14
97;236;44
609;579;1
866;707;9
57;49;37
83;658;7
480;515;40
846;486;48
234;434;45
930;389;27
560;828;36
450;152;36
131;824;20
860;151;19
726;683;4
637;181;15
227;102;19
5;332;2
601;939;43
86;377;20
490;869;15
343;411;43
534;336;10
484;299;4
194;516;22
427;210;6
295;860;16
227;696;4
691;295;47
110;340;29
618;595;31
138;434;35
790;399;27
134;831;18
714;938;23
161;220;25
390;41;13
601;430;10
566;890;17
800;884;35
462;714;7
191;280;50
956;915;19
682;581;16
668;63;40
646;460;23
936;124;47
400;303;9
472;411;27
572;594;16
854;928;8
945;493;22
480;337;3
939;487;50
800;451;27
934;450;2
636;401;20
861;12;7
813;962;43
564;967;19
41;703;15
343;467;13
608;601;4
835;133;7
276;566;6
2;543;13
514;455;36
203;938;21
741;388;42
518;176;1
964;308;50
645;786;42
557;838;45
840;800;9
164;59;23
71;606;40
702;596;22
962;389;49
529;851;5
41;577;9
237;71;16
386;67;45
670;80;43
172;147;16
567;894;44
643;541;25
697;199;16
322;486;15
558;792;23
320;112;9
246;95;35
152;519;10
878;179;26
872;828;43
220;171;49
392;27;41
376;155;20
452;896;42
178;277;13
75;448;19
458;902;25
284;313;33
615;637;30
843;300;20
849;411;43
72;895;29
932;103;9
894;245;36
900;819;11
67;973;2
503;43;50
741;572;18
319;359;10
898;355;10
638;159;41
276;799;13
73;800;50
979;681;18
309;24;20
620;740;29
531;534;11
457;514;28
821;622;23
652;700;36
477;727;6
692;699;29
66;517;30
950;443;49
303;905;1
718;886;8
152;624;34
670;794;5
649;427;47
457;920;15
907;345;32
980;197;19
367;533;18
733;699;35
401;115;48
922;871;36
628;695;3
510;505;44
565;242;20
113;582;15
274;535;41
354;206;19
185;753;18
269;190;44
68;659;12
328;792;16
56;345;42
352;463;10
520;30;13
428;87;8
159;491;24
436;314;7
453;144;40
56;363;21
6;411;35
346;366;38
852;429;35
78;814;7
160;156;30
311;891;22
814;103;18
400;431;26
668;867;19
630;217;40
506;543;16
969;831;47
926;628;5
698;174;19
269;724;34
142;898;34
231;379;48
753;442;37
540;345;50
12;443;18
186;41;23
587;619;37
508;502;45
742;232;7
67;59;15
449;101;48
213;441;44
15;458;41
843;597;11
839;912;43
271;17;29
948;40;37
398;411;9
324;706;10
702;10;9
941;14;28
555;192;47
669;406;19
470;770;47
629;952;11
324;252;12
760;710;5
601;400;44
640;381;40
323;419;18
336;579;45
454;572;4
168;496;20
213;806;8
905;972;45
749;190;37
82;80;43
463;287;29
842;269;24
934;127;24
738;247;25
239;341;11
281;886;37
527;358;28
849;255;33
365;649;39
896;516;12
309;672;15
808;241;44
200;99;48
75;757;31
146;208;6
115;593;16
85;830;48
283;436;23
741;783;41
172;916;44
417;979;37
674;365;41
577;928;16
274;114;43
384;70;16
123;562;19
964;194;14
165;135;39
621;67;3
326;443;13
768;459;24
367;652;39
793;379;46
421;683;49
447;134;23
482;779;48
41;320;6
54;566;35
767;761;45
450;951;44
735;921;7
669;921;6
62;758;6
734;154;36
547;124;29
988;978;8
216;43;18
703;865;43
138;583;43
827;630;29
499;496;17
596;987;6
819;354;21
631;633;15
196;37;25
664;328;50
698;683;23
848;775;46
171;277;3
690;573;15
421;790;21
891;592;38
83;595;47
760;611;28
596;49;36
768;522;5
492;288;23
473;64;23
709;193;9
289;73;42
713;886;43
621;605;7
885;755;33
440;873;17
942;716;11
489;831;28
890;41;29
692;468;45
866;479;39
844;491;16
797;568;4
976;718;50
340;985;1
432;153;3
733;868;27
441;901;8
832;345;39
279;794;31
974;400;1
978;469;39
160;103;5
315;300;50
704;197;42
197;90;43
864;26;20
313;434;32
915;580;38
7;870;19
322;184;29
514;985;22
775;931;22
33;842;23
745;466;46
982;822;48
106;25;45
7;505;2
242;137;43
343;692;36
803;231;37
527;79;20
5;624;7
822;306;23
747;101;26
112;409;19
498;256;4
470;745;8
970;133;40
117;646;6
599;370;14
482;220;50
967;31;6
109;282;4
222;461;12
260;561;6
961;393;34
63;546;41
764;13;47
292;812;47
930;346;8
695;180;14
69;779;18
402;755;43
84;234;38
136;685;30
579;639;50
242;133;18
251;785;5
493;982;38
189;863;18
226;524;17
832;537;33
73;992;3
645;211;11
514;602;25
431;986;32
463;724;12
851;999;36
464;288;36
984;690;30
814;999;15
694;755;8
6;130;23
690;950;27
509;353;49
729;523;7
977;703;21
486;16;21
407;911;21
147;558;48
751;501;13
543;797;13
323;718;15
615;997;29
982;2;21
190;443;50
515;944;1
274;291;15
820;502;40
667;421;5
278;34;41
948;355;15
344;612;3
463;636;12
317;715;17
286;890;10
676;303;9
318;515;20
159;753;38
618;850;14
787;378;9
706;566;27
593;93;7
809;145;15
566;841;25
682;415;2
862;350;14
558;212;7
622;44;36
666;997;46
526;667;5
880;323;8
430;266;36
387;18;33
639;897;17
94;810;49
280;402;10
194;401;22
493;148;37
947;56;17
297;85;6
118;754;2
343;843;16
425;384;22
403;592;18
819;675;19
143;963;46
427;843;26
894;470;5
924;708;32
717;909;26
259;767;30
187;363;39
924;581;14
354;299;48
83;278;33
742;652;2
172;631;29
108;165;21
832;661;45
886;194;15
760;493;30
651;890;18
864;302;29
820;886;32
996;846;8
831;570;47
605;285;9
845;943;48
789;577;32
635;927;48
50;404;24
564;223;9
906;412;38
794;155;17
138;964;38
888;28;37
472;994;44
701;317;30
129;425;44
254;586;42
756;264;4
358;5;41
963;584;49
892;927;4
946;404;16
940;94;23
786;599;26
539;487;40
300;522;41
852;642;8
867;281;32
15;494;13
814;771;36
64;745;34
360;637;18
341;741;5
206;435;1
359;19;23
784;795;28
161;84;7
553;302;11
961;533;19
579;850;28
98;150;30
968;975;31
165;400;29
603;104;7
419;883;22
585;470;19
145;52;43
292;200;21
792;103;41
738;885;11
821;931;8
381;657;15
290;65;44
672;478;41
420;985;34
248;977;14
672;46;26
229;716;49
849;386;34
899;853;9
292;244;50
455;315;2
26;851;3
457;467;31
958;571;40
468;102;47
819;178;34
836;855;3
672;622;49
115;396;20
834;665;3
329;487;19
638;312;32
375;863;40
467;501;18
302;907;6
392;251;13
684;178;25
615;453;27
984;828;17
479;602;45
75;525;42
246;5;49
253;503;11
433;910;48
786;928;16
774;585;31
569;471;21
482;110;21
787;249;29
414;543;37
901;357;29
488;56;30
831;650;50
220;965;23
818;749;37
90;813;7
243;667;34
216;337;39
707;590;21
773;433;23
856;728;5
51;864;38
434;589;10
44;321;41
664;936;39
496;109;12
241;15;29
59;622;26
884;555;41
885;187;18
489;281;41
351;206;12
3;726;33
381;77;37
336;926;3
117;298;10
116;981;34
629;170;2
763;85;4
868;762;31
419;940;27
873;726;6
236;172;18
600;709;8
730;804;13
275;235;5
270;61;46
318;166;8
647;958;42
521;158;44
492;124;43
526;105;40
826;454;1
248;661;36
56;594;29
97;404;14
2;245;40
192;118;34
903;473;16
888;584;31
157;300;33
941;387;46
346;28;39
293;671;23
349;538;17
206;145;12
161;682;28
361;889;30
2;201;33
886;735;15
552;215;9
258;191;33
777;675;30
966;259;44
348;248;21
305;57;14
891;123;12
827;544;15
896;249;9
789;866;20
347;578;38
33;763;22
208;60;19
982;746;18
159;80;16
804;669;38
199;968;7
824;853;6
463;444;50
711;475;18
148;100;18
770;655;15
171;593;8
779;920;44
40;375;21
836;321;1
317;862;2
758;75;46
44;390;15
243;734;29
704;705;6
685;60;17
78;617;45
841;983;4
88;464;35
887;394;10
938;946;36
773;742;12
448;269;39
768;8;47
933;235;41
603;358;38
195;837;28
566;470;31
981;723;22
824;31;43
858;788;17
772;355;2
493;173;4
942;960;9
907;584;48
793;519;37
389;933;26
991;661;35
642;351;4
356;367;44
287;488;47
209;121;18
857;678;40
31;409;5
445;575;47
69;230;7
298;537;11
189;751;22
607;832;38
589;1000;43
997;361;30
770;487;5
336;441;22
433;136;32
556;94;16
501;688;17
745;265;38
69;77;49
756;177;45
780;858;21
614;485;28
34;245;47
262;998;21
244;108;6
676;628;21
950;897;50
43;92;30
491;848;11
477;536;25
914;896;6
318;89;25
876;411;6
251;674;11
47;482;43
15;294;43
409;713;17
189;741;33
316;971;48
195;337;10
95;126;1
544;165;15
531;448;45
721;215;6
500;783;7
681;205;17
859;217;16
215;324;45
15;542;4
766;115;37
793;532;27
933;458;35
895;77;4
102;336;4
841;953;16
95;763;32
769;289;30
748;605;28
835;677;26
712;473;17
280;137;12
22;706;30
939;644;37
407;9;9
655;289;36
410;560;18
966;18;4
41;605;17
410;591;22
861;791;49
986;333;19
147;64;41
644;785;32
496;707;26
543;498;43
786;452;35
370;705;46
833;767;7
145;786;12
513;767;18
21;534;35
650;700;32
783;176;42
494;676;46
485;8;26
497;76;49
117;961;40
874;293;12
888;601;20
669;47;19
638;519;49
252;30;46
323;283;43
568;95;9
661;627;10
16;380;4
305;505;30
463;936;20
289;550;15
265;668;29
287;550;39
578;223;31
344;331;38
88;32;29
432;788;40
913;668;15
444;188;48
816;715;9
676;266;3
732;283;46
482;878;26
824;198;16
117;862;39
206;965;10
794;451;29
980;507;14
418;890;29
695;292;6
984;539;6
417;198;8
389;574;12
508;884;44
496;519;2
939;523;40
57;26;42
445;581;35
568;442;36
292;297;39
483;103;27
993;245;50
111;630;22
171;286;17
921;865;47
152;803;1
466;720;13
783;724;25
920;75;28
966;110;42
543;736;50
79;337;7
528;119;38
304;909;47
195;80;31
56;740;42
252;72;14
934;881;2
37;575;39
666;826;28
828;758;34
684;93;47
981;506;19
199;57;5
884;542;6
438;678;28
942;55;19
545;3;46
310;108;40
847;646;44
240;206;27
791;916;1
481;477;7
709;323;21
986;461;35
958;13;39
323;965;49
221;432;43
604;785;9
640;682;24
283;229;36
971;811;44
555;128;1
554;620;34
56;665;12
318;773;32
492;46;49
749;186;28
349;372;16
140;961;22
516;143;17
351;601;44
684;219;3
664;562;23
417;194;37
896;628;24
326;651;26
180;43;18
882;364;1
902;595;16
219;751;22
57;467;47
756;664;20
65;913;3
134;118;12
81;857;4
326;42;16
681;302;15
175;898;8
675;568;9
938;50;41
12;94;20
861;867;28
493;449;23
785;854;33
708;612;7
767;762;39
8;296;45
825;151;36
766;183;9
503;651;41
93;989;24
462;789;36
750;287;26
171;330;10
348;888;43
210;334;24
22;708;36
8;78;12
717;153;34
371;305;6
550;59;43
285;644;31
727;307;34
824;841;45
581;534;17
408;115;23
54;636;47
887;901;30
510;48;28
552;701;33
785;667;11
126;252;37
879;353;26
111;414;16
680;293;29
459;5;46
236;412;7
947;566;41
261;589;32
131;484;36
665;611;45
424;136;25
849;631;38
308;520;30
101;995;17
397;238;11
239;280;8
208;297;46
914;330;24
193;420;2
622;20;21
310;894;12
880;746;11
65;337;40
678;940;27
646;52;32
787;56;5
448;413;44
997;204;25
881;307;12
722;638;8
762;708;44
444;550;17
211;498;27
647;929;26
998;161;47
561;445;2
343;499;46
757;56;39
822;191;2
641;353;16
629;792;1
123;434;9
485;82;11
726;706;6
986;500;36
376;458;50
934;610;28
580;476;22
973;758;23
415;418;24
316;672;4
578;568;27
49;231;37
627;906;7
978;809;27
787;402;6
203;461;2
724;627;41
769;80;24
3;843;8
522;608;39
488;901;26
320;585;11
694;268;1
815;425;5
262;561;32
621;569;32
972;684;15
808;42;44
155;747;26
581;553;50
432;159;38
96;1000;44
818;2;6
696;636;22
677;157;30
235;832;12
177;563;15
951;451;7
661;514;32
635;936;18
510;926;33
29;384;33
263;648;34
504;903;41
934;953;34
264;144;46
683;471;10
671;467;9
800;457;23
963;134;20
974;824;28
268;192;8
760;953;10
772;385;33
283;901;9
560;341;24
704;640;46
692;357;40
642;296;19
539;330;47
908;2;6
631;83;24
36;760;3
868;953;34
882;350;18
170;952;43
448;199;43
275;656;44
340;541;5
364;350;46
285;216;45
816;153;42
450;858;41
365;202;36
948;493;49
509;191;18
448;725;42
234;490;4
290;695;44
191;893;34
946;553;1
679;999;30
802;788;15
124;432;23
147;74;35
502;329;44
459;481;49
588;148;41
749;533;45
713;55;35
112;553;25
583;340;6
120;106;35
208;131;4
314;210;10
321;232;10
281;473;48
887;134;9
539;927;27
121;380;45
79;811;18
241;37;32
35;752;8
684;185;4
483;136;20
5;379;30
381;108;40
803;1;43
469;821;36
491;288;14
791;548;32
21;801;22
564;376;27
714;977;34
287;461;46
993;794;1
605;778;6
386;745;31
153;481;22
364;321;46
972;169;39
74;877;21
542;3;20
98;197;4
40;160;5
805;405;21
839;582;6
156;7;31
464;5;11
478;78;20
24;609;44
629;955;50
164;757;45
93;28;41
48;137;33
417;174;37
814;863;41
940;492;27
764;498;32
948;937;1
462;788;10
27;703;1
100;203;2
596;58;21
324;879;38
100;834;28
502;246;50
380;714;20
528;157;25
444;458;1
167;762;23
220;81;44
541;3;29
103;501;42
225;893;35
913;726;32
932;760;38
447;707;22
695;168;9
950;284;18
484;62;12
801;67;44
148;665;30
204;959;1
959;625;18
212;705;2
834;400;24
773;701;13
248;19;37
815;429;32
15;855;35
320;920;45
359;851;29
301;199;21
642;936;33
952;559;29
103;194;13
8;678;43
179;452;39
263;221;17
94;728;46
800;240;8
761;454;29
985;50;19
435;896;41
502;50;1
822;459;32
616;70;19
126;582;40
473;457;2
454;286;47
331;629;17
593;401;8
476;713;29
333;68;24
267;372;45
156;538;12
27;922;5
70;369;43
234;898;3
101;593;3
304;794;28
761;629;16
161;603;39
534;143;44
462;493;47
780;814;3
494;134;29
416;588;26
226;697;30
915;507;1
703;279;4
309;711;37
505;950;5
767;391;44
995;468;43
322;218;27
96;672;48
18;976;31
563;270;41
536;538;23
215;924;19
192;965;21
706;410;21
804;68;7
430;197;32
660;62;43
967;37;37
589;961;1
945;432;5
902;642;31
474;483;16
117;967;13
166;312;8
420;654;21
957;299;9
320;554;5
689;3;17
811;331;41
54;631;31
673;342;25
72;292;9
87;349;22
204;176;22
600;620;3
793;533;38
784;123;34
847;112;35
27;753;27
208;189;25
144;146;21
784;788;19
760;968;41
955;117;1
515;184;19
908;402;21
595;321;27
964;517;37
639;682;16
124;978;18
461;392;44
930;885;26
305;289;38
186;741;6
733;940;34
26;140;5
997;665;1
864;94;50
357;600;14
950;161;1
32;196;43
889;731;46
326;871;4
866;550;35
84;899;13
470;733;26
867;974;45
287;153;38
753;15;24
876;585;2
83;232;25
183;703;36
276;438;14
171;660;7
184;283;37
905;598;15
391;953;8
594;189;47
926;232;7
359;982;7
877;186;6
550;665;1
554;520;39
98;477;43
97;2;26
234;280;1
152;139;40
839;149;45
34;383;21
833;144;44
391;19;5
322;348;16
172;284;4
463;691;8
804;45;15
921;350;50
238;763;2
455;458;40
857;968;2
75;562;12
228;829;16
278;918;1
158;567;40
657;266;9
661;558;9
747;609;24
383;1;38
395;683;4
636;154;5
776;624;12
900;341;16
363;764;13
729;723;48
577;935;18
718;902;20
271;839;44
185;5;16
385;885;25
354;747;15
725;955;2
239;642;23
602;999;24
86;870;30
191;948;38
352;557;23
200;266;2
207;530;36
606;947;5
616;120;1
40;694;30
273;801;10
429;53;14
365;594;33
468;663;48
263;273;31
451;841;22
257;160;29
133;22;1
554;26;34
507;379;21
94;134;43
741;317;23
23;125;8
196;781;19
323;315;26
991;896;48
777;60;26
352;789;11
795;935;36
59;183;40
621;881;5
92;169;43
989;842;17
411;296;48
51;444;27
892;326;26
695;867;26
925;210;29
82;686;49
383;16;50
796;161;1
460;901;1
620;172;8
22;283;41
253;401;14
550;510;13
744;378;30
261;304;44
45;917;31
139;407;4
438;429;49
780;811;24
621;869;28
800;843;6
340;699;2
28;601;47
6;581;47
639;127;44
391;810;35
345;910;15
405;563;28
628;61;27
438;947;48
457;748;38
265;899;8
661;307;14
496;474;3
734;303;13
192;161;2
182;729;19
613;821;28
846;885;2
745;35;4
216;392;30
185;893;37
533;547;32
443;992;25
372;814;15
196;317;11
316;978;14
227;945;39
729;878;22
262;165;6
904;408;5
363;227;17
671;645;36
960;946;50
81;331;5
494;158;45
125;529;3
901;957;31
285;503;5
458;21;11
295;835;32
727;86;17
697;96;33
941;250;4
221;955;20
847;620;32
539;811;21
480;549;26
441;2;21
179;211;28
807;415;31
353;25;23
416;35;8
435;138;30
829;673;24
714;139;47
34;396;4
942;206;9
136;800;47
777;969;38
133;6;41
959;715;23
772;737;12
437;391;34
301;503;39
89;720;22
774;312;31
751;874;4
96;749;48
606;712;29
751;676;13
446;101;34
991;794;32
198;89;41
62;188;15
524;126;28
39;455;26
938;337;18
368;322;29
834;789;35
486;361;37
929;519;12
280;154;41
607;493;23
242;977;19
454;822;35
156;516;34
948;650;25
575;89;30
568;727;11
977;452;46
196;336;43
117;346;15
98;962;31
732;369;15
152;796;40
605;850;21
433;545;44
774;258;48
8;939;37
686;50;16
573;361;45
769;437;19
998;109;20
88;590;27
951;526;42
420;794;20
140;212;3
972;429;36
850;273;5
112;245;15
429;446;46
254;768;40
996;105;31
80;515;20
352;39;44
596;708;26
742;137;4
161;252;19
724;62;23
974;792;39
613;865;33
402;282;23
214;318;31
482;835;24
283;642;11
966;312;26
260;792;1
331;907;13
71;99;33
205;917;1
683;780;26
124;43;17
10;610;18
746;161;24
552;551;7
638;299;10
252;882;31
498;130;37
255;338;26
404;667;11
45;727;12
264;858;21
851;903;42
480;299;38
843;150;2
291;880;12
940;559;12
759;2;27
532;417;12
152;65;10
158;134;29
855;553;22
904;502;34
180;226;9
243;16;40
458;419;9
397;759;48
113;220;32
239;132;32
947;36;37
639;93;34
913;612;42
188;445;20
566;875;34
36;119;14
632;245;30
986;714;6
5;526;47
545;159;3
771;452;44
525;563;9
45;352;49
147;108;49
95;822;26
123;395;20
895;490;8
805;394;40
524;680;15
952;189;3
411;795;25
705;646;19
727;812;50
640;598;36
136;957;2
278;334;13
182;69;17
8;362;8
822;150;39
870;998;44
270;758;15
770;115;28
597;15;12
194;310;35
545;996;8
756;667;39
767;741;22
492;487;38
771;558;8
539;778;44
777;602;20
391;989;31
659;725;8
585;914;17
608;487;39
262;191;46
14;573;35
520;560;10
854;176;9
15;962;45
366;39;5
346;93;4
940;676;13
243;772;33
641;570;19
607;10;48
554;848;46
100;934;3
646;605;33
738;769;35
235;695;43
330;137;16
394;130;36
504;872;23
332;537;27
99;393;28
112;673;44
382;40;3
820;973;32
430;431;38
271;207;27
327;172;23
510;779;29
731;657;46
77;11;28
919;621;50
49;2;16
290;285;20
857;916;12
887;225;34
465;187;35
94;419;5
861;153;27
589;595;41
335;713;4
468;433;30
882;685;29
134;101;3
692;750;44
381;616;35
998;559;34
635;618;36
924;235;48
621;845;14
471;883;22
590;512;35
174;548;16
150;978;30
155;575;2
32;586;14
751;958;33
22;235;4
736;541;18
249;643;31
319;957;31
113;942;14
293;728;46
179;598;20
532;182;41
251;170;34
204;222;27
11;98;46
580;246;20
293;360;4
567;946;48
797;499;23
239;766;22
306;744;33
6;356;12
738;603;22
841;84;21
598;410;24
258;310;6
777;999;48
821;710;25
331;230;26
251;245;27
656;78;22
557;158;26
712;246;36
277;122;30
445;604;31
590;332;36
608;551;21
874;795;1
558;628;37
618;853;32
867;608;49
777;385;17
145;275;44
998;439;39
284;322;17
723;407;34
289;40;22
754;813;6
912;318;27
653;277;36
606;497;10
504;694;31
663;124;28
145;184;14
719;401;21
140;788;11
250;896;32
39;648;23
399;806;27
578;948;4
807;991;3
752;765;21
105;151;29
358;377;9
28;824;3
667;77;37
674;706;14
69;525;38
311;687;19
792;533;15
42;498;25
905;918;3
80;203;31
546;82;27
422;662;49
626;320;24
171;640;21
514;724;27
973;63;43
168;925;30
52;863;23
677;344;31
956;194;15
470;485;4
992;362;11
311;104;14
153;75;20
930;828;12
709;220;49
688;680;22
769;914;6
256;816;20
431;741;3
220;206;29
158;726;50
76;531;43
535;532;37
241;982;16
489;255;30
606;531;34
273;854;8
864;888;2
792;234;17
569;747;40
377;180;39
238;727;32
84;21;5
245;126;30
842;913;4
277;361;40
922;656;24
676;529;13
171;813;38
500;976;27
94;633;7
625;526;28
132;181;9
259;884;29
535;63;50
460;396;49
218;841;38
339;118;32
818;718;45
909;277;42
986;156;40
371;328;21
485;391;11
644;71;11
50;647;13
448;985;43
599;859;41
688;313;45
165;703;7
237;919;43
501;890;45
220;566;29
25;84;11
881;195;2
337;532;6
711;81;48
648;136;34
109;149;32
924;588;45
773;167;7
234;858;37
803;428;30
358;59;32
123;885;21
417;737;42
318;113;50
258;419;21
305;881;38
297;872;36
20;132;26
127;368;40
773;484;18
251;104;22
195;89;33
991;660;32
258;805;26
249;723;10
508;1000;14
298;588;46
187;239;17
276;70;47
723;790;32
844;309;41
246;589;2
680;243;3
588;48;25
580;700;10
303;191;3
329;774;26
42;539;34
10;294;6
911;737;18
470;174;17
850;507;7
499;614;27
747;67;28
433;5;42
597;646;9
995;854;9
256;402;15
344;363;19
627;468;27
127;509;2
787;617;45
75;915;19
339;702;22
45;399;42
678;764;36
218;537;14
599;607;10
961;355;21
774;147;28
811;490;46
709;780;33
222;526;40
138;646;12
61;267;12
729;12;17
894;205;42
118;714;18
428;494;19
791;419;39
656;1000;47
141;591;27
641;999;25
741;609;33
700;700;13
757;700;46
813;268;18
398;250;31
300;759;31
939;753;12
810;42;22
553;570;17
298;358;37
14;912;8
191;181;12
816;608;49
473;212;4
170;161;48
966;102;35
30;68;42
810;570;17
682;991;48
131;496;8
136;206;6
621;772;1
736;987;3
268;246;46
813;484;48
105;210;2
321;124;22
24;380;2
104;119;15
938;964;48
553;768;20
125;605;41
170;291;26
84;374;39
878;91;45
818;964;48
318;786;40
249;84;28
903;346;42
173;19;19
805;20;15
932;369;40
428;788;12
594;593;21
360;877;50
40;992;37
305;182;6
290;488;38
748;914;31
490;268;26
660;576;24
59;428;1
328;722;49
830;811;3
821;456;27
657;184;22
954;973;29
321;413;45
181;889;35
49;873;9
521;988;5
612;371;46
902;360;20
375;118;18
20;965;6
497;339;41
474;389;39
875;606;41
168;617;15
941;176;13
344;618;18
684;265;37
928;996;36
153;296;3
400;178;41
49;827;31
813;16;31
389;918;44
247;960;38
600;346;26
861;150;48
843;438;46
910;57;9
237;825;7
120;186;24
628;519;41
36;672;39
985;84;22
151;755;33
890;955;41
36;446;43
733;988;42
406;460;29
267;298;22
817;995;46
153;844;14
872;258;8
358;662;39
653;789;25
709;161;38
538;674;13
764;984;9
561;419;11
507;264;1
856;134;35
349;703;20
662;461;48
184;824;24
876;917;34
876;554;13
249;418;9
421;632;16
54;300;26
761;140;17
669;679;3
526;243;46
782;196;21
571;525;33
698;64;30
7;64;49
341;330;29
800;455;26
35;158;5
573;462;23
754;805;15
410;542;25
6;821;37
521;396;42
177;631;39
510;490;38
203;751;12
724;151;47
622;51;8
706;727;3
375;345;6
735;420;48
136;240;9
787;780;33
426;881;48
426;364;20
65;352;25
178;305;26
363;122;11
534;790;39
650;967;27
298;473;5
405;293;33
850;792;30
236;227;2
192;632;3
483;669;50
622;239;18
881;821;21
831;663;31
990;326;46
320;646;44
618;913;35
661;306;9
543;170;2
793;603;11
803;312;6
438;220;12
72;496;48
27;748;49
785;775;40
708;977;27
917;146;13
738;848;35
676;804;43
385;313;29
455;155;27
268;506;2
840;661;32
594;293;3
600;171;16
590;56;47
429;44;34
641;611;20
706;39;1
844;785;18
159;995;24
582;148;8
98;113;37
516;917;38
336;920;16
650;253;46
402;232;6
176;510;43
10;430;33
545;811;11
683;581;11
543;219;50
970;968;40
842;888;7
273;987;41
487;421;5
335;467;41
710;250;34
735;233;19
162;578;6
992;270;16
250;444;33
707;94;5
17;550;7
596;752;45
593;604;25
181;24;7
969;818;9
91;503;38
482;324;4
625;162;38
313;700;4
379;785;33
914;125;29
187;17;20
453;862;34
85;905;44
535;902;9
193;947;38
826;754;13
646;871;12
738;476;44
556;508;18
798;714;8
427;164;34
751;665;28
88;309;25
428;445;17
324;769;24
147;79;46
739;753;14
193;245;38
617;812;1
489;534;24
345;831;37
342;878;39
178;294;34
530;410;18
229;687;15
939;912;49
121;299;4
824;113;42
356;562;5
428;77;2
275;751;4
695;616;21
571;409;25
419;454;7
717;770;6
568;790;33
433;105;14
42;623;8
298;968;1
506;305;32
174;449;12
338;91;50
665;552;37
103;341;29
946;585;6
989;33;35
323;423;23
791;299;8
282;64;4
237;845;26
954;792;23
275;454;16
901;1;38
967;419;17
494;698;23
482;641;6
389;450;12
392;918;41
410;453;44
425;350;17
728;793;16
794;127;20
652;83;49
441;784;27
366;485;7
315;273;24
11;920;12
467;672;4
596;206;17
587;752;26
41;62;50
719;326;1
142;161;25
24;969;11
912;847;10
55;86;16
299;363;32
975;325;31
817;703;47
926;578;35
99;336;30
105;110;19
704;150;17
101;975;23
347;936;2
552;236;24
412;872;27
787;551;10
704;238;32
661;337;37
411;649;39
559;910;42
193;325;43
199;239;30
722;488;11
901;90;41
439;865;3
898;283;13
819;438;9
402;866;24
168;78;38
578;970;31
872;827;38
173;639;24
256;721;35
330;338;9
684;486;34
754;377;21
928;936;22
462;292;21
866;855;38
742;105;11
240;399;2
313;924;14
381;827;34
121;412;15
15;225;30
852;34;4
167;708;43
652;687;9
715;104;7
556;819;39
566;10;43
647;527;43
52;650;17
583;888;21
281;890;24
47;32;30
746;193;34
267;88;31
945;857;14
762;670;13
247;966;35
26;889;47
163;589;8
711;225;19
279;603;47
158;929;25
242;361;29
486;441;9
675;27;12
373;210;32
202;2;5
536;570;10
989;303;17
602;491;41
759;51;3
636;738;22
429;295;47
360;724;12
829;762;19
974;478;50
706;82;30
715;281;26
865;285;43
630;571;12
291;131;37
749;151;3
813;565;33
561;504;35
245;753;31
962;196;33
513;101;2
247;1;22
327;546;25
726;206;38
553;839;48
384;548;33
15;81;12
125;811;34
750;508;6
834;457;45
409;988;48
484;828;28
146;443;16
150;895;11
289;906;46
178;509;35
689;350;13
447;443;48
440;62;14
479;695;32
391;89;48
125;719;16
671;726;14
366;967;15
660;172;24
238;863;48
545;261;7
689;53;44
961;500;35
843;835;11
520;445;22
437;999;35
594;933;38
360;675;19
180;236;17
120;6;17
934;160;5
249;936;50
481;417;35
61;340;50
311;949;36
518;822;27
582;258;21
407;816;19
553;317;35
667;173;1
264;635;38
919;984;29
303;275;30
302;926;1
573;533;36
907;342;15
889;752;13
998;961;30
621;504;13
492;182;20
353;122;8
589;141;22
563;814;14
691;572;12
338;241;2
209;430;23
992;715;4
182;899;18
758;720;21
874;978;5
7;464;28
990;811;39
824;649;30
475;751;19
705;110;14
872;971;1
735;707;49
234;142;22
964;427;28
192;915;46
340;959;50
847;467;25
39;121;10
739;778;11
705;967;43
39;137;27
485;31;31
586;597;5
362;956;47
261;288;29
724;646;32
344;32;49
119;493;7
684;677;48
10;784;14
482;343;26
475;610;46
705;660;38
380;906;14
813;376;16
861;424;39
109;853;13
811;419;45
579;224;25
496;752;46
950;800;12
540;670;10
31;776;21
517;62;41
60;506;12
400;675;5
493;466;11
250;765;47
878;922;32
369;558;11
484;778;8
644;920;24
1;879;9
534;795;43
182;218;46
53;354;15
194;593;29
395;618;16
496;585;24
995;957;11
346;101;16
174;38;31
227;243;20
467;794;38
236;16;13
933;297;49
490;769;19
614;239;15
863;59;41
210;957;39
958;72;14
302;185;49
3;808;13
26;359;47
783;968;15
858;261;32
547;192;8
172;825;9
458;626;29
781;815;43
175;88;17
670;11;34
994;380;29
110;189;15
284;17;22
450;862;8
716;704;11
593;97;28
825;44;41
352;133;36
363;72;37
547;74;11
272;447;9
597;706;28
989;870;30
875;965;2
198;673;6
937;242;46
736;343;42
228;718;22
703;170;21
854;372;28
364;799;30
775;45;35
163;847;13
971;85;15
303;879;22
95;863;33
470;834;6
248;312;44
263;563;5
277;522;41
264;598;19
684;126;42
152;280;26
570;4;19
913;865;7
642;49;30
354;787;19
531;546;12
335;507;3
705;213;35
877;660;50
655;800;36
383;931;40
875;797;30
372;880;12
765;17;48
420;153;35
292;478;5
828;837;46
985;180;32
464;862;29
652;699;50
312;976;40
558;425;19
502;880;32
264;765;27
699;243;7
22;984;16
457;515;35
809;342;25
720;290;29
517;461;17
235;722;19
280;690;14
137;675;21
228;866;24
229;595;21
377;18;13
683;765;14
441;512;12
734;105;47
620;453;45
530;481;3
372;451;22
531;891;17
706;892;3
838;909;15
924;227;42
300;993;34
514;728;42
650;399;13
397;194;14
607;340;17
197;215;23
950;625;36
929;511;32
3;867;4
743;877;23
804;732;11
390;991;14
363;413;9
442;617;41
913;826;26
117;718;31
726;155;5
778;641;32
823;593;26
810;132;2
348;683;17
78;744;8
52;196;50
996;665;13
293;876;50
846;351;41
425;614;3
497;955;5
287;442;13
184;106;25
160;220;9
500;863;12
565;107;11
259;58;1
611;970;10
244;621;16
783;952;19
35;865;31
160;768;31
714;716;14
232;276;3
173;904;48
947;322;17
185;987;47
904;701;21
701;438;29
139;671;39
707;406;20
183;309;35
737;519;47
127;103;7
462;937;29
806;202;5
462;422;25
147;998;26
156;157;12
107;305;38
617;321;15
292;485;41
530;949;15
433;777;23
657;256;15
629;800;24
960;190;32
154;347;38
912;705;18
597;923;44
846;24;21
98;623;31
834;396;29
566;766;48
200;635;10
666;714;35
20;990;5
652;913;9
840;594;48
678;211;42
830;844;15
15;905;36
249;942;43
347;516;2
20;166;5
78;440;42
491;64;38
288;837;2
486;950;3
561;124;13
298;934;27
408;899;20
504;27;27
689;934;27
553;936;12
849;840;1
517;78;15
551;387;40
676;199;13
941;732;36
525;593;26
24;224;21
882;514;24
835;624;20
493;279;23
513;63;35
529;565;37
633;331;30
246;420;47
908;542;21
67;815;47
176;957;18
167;634;39
310;696;42
909;912;4
83;249;9
645;188;30
875;4;40
993;212;46
182;895;21
633;499;39
104;305;44
617;328;18
335;623;12
560;955;40
371;276;34
931;583;34
548;985;17
734;305;50
826;425;9
148;272;43
905;161;41
69;308;45
910;277;47
140;575;23
780;359;11
907;365;4
284;997;11
320;789;23
624;20;2
703;797;2
791;104;12
47;222;18
210;913;16
108;441;2
356;47;27
812;503;14
315;864;9
863;844;31
818;78;26
969;25;43
26;430;12
451;146;7
669;835;35
773;253;19
869;664;45
373;996;14
831;467;5
444;509;33
709;73;2
10;621;30
34;789;36
308;428;34
75;766;10
941;704;47
422;599;9
455;403;22
515;792;9
645;947;23
186;133;40
939;80;9
684;928;37
874;384;8
567;19;1
248;97;43
338;520;29
245;467;30
832;351;16
118;343;6
432;443;22
592;186;10
90;163;2
410;652;42
673;646;50
892;204;4
457;196;21
886;67;50
616;176;12
599;48;22
768;245;34
900;269;16
147;764;33
975;200;25
239;64;45
705;280;29
153;568;4
447;930;33
619;719;24
41;909;27
913;522;22
861;193;31
64;884;39
822;360;2
400;556;33
792;650;19
7;331;18
508;297;14
85;680;7
807;789;47
129;479;10
410;211;12
33;964;36
70;798;17
537;191;38
678;972;28
441;345;21
947;870;29
845;19;1
702;210;20
594;814;48
56;482;5
649;423;12
657;390;28
225;226;38
835;207;37
832;314;46
964;144;43
813;918;33
610;999;4
552;729;45
754;79;47
835;882;14
298;652;6
953;676;3
452;59;28
197;7;45
61;975;13
330;25;10
606;257;43
863;762;40
419;460;13
808;599;4
714;186;5
783;225;16
795;698;42
14;136;46
287;830;48
278;393;3
159;85;25
753;446;46
396;593;12
836;653;32
956;892;47
455;674;20
67;765;18
235;249;26
964;428;26
918;909;25
345;728;29
214;768;29
372;716;48
77;647;26
70;14;23
211;251;25
112;296;33
110;989;33
699;190;27
996;433;6
300;995;3
857;213;18
226;1;22
958;664;9
948;642;13
648;612;2
592;862;40
500;392;40
373;606;7
476;262;24
294;113;42
784;204;29
777;220;3
891;389;9
463;903;12
518;442;19
817;386;42
899;66;25
556;255;6
948;993;17
667;112;26
583;71;44
306;664;6
249;737;41
203;569;30
891;14;32
309;178;36
769;125;29
807;37;32
831;35;15
613;723;29
691;933;14
323;708;2
309;380;31
246;807;39
864;913;29
987;673;29
536;505;42
590;236;28
769;199;37
104;177;30
467;391;18
615;72;23
139;173;49
42;519;11
322;399;26
460;121;18
457;601;48
820;733;8
927;28;27
920;112;24
286;69;10
974;65;30
756;994;8
737;18;11
790;1000;12
508;233;42
681;139;20
411;828;43
561;416;31
677;13;26
475;411;43
736;873;13
323;131;21
70;264;24
233;836;1
749;683;48
330;828;29
170;461;50
528;946;28
916;338;45
882;789;28
863;3;43
237;197;6
661;243;9
24;443;25
161;186;33
640;227;48
827;320;43
570;648;20
593;637;40
140;397;35
550;658;34
841;897;28
770;137;8
465;275;20
352;738;36
810;729;2
275;857;3
300;329;3
940;77;31
213;572;9
614;347;42
424;485;28
262;286;50
1;722;22
719;625;45
362;224;28
927;285;15
116;737;8
970;306;26
482;213;26
451;581;48
87;928;40
590;247;33
644;161;39
866;963;44
894;132;41
871;522;8
430;809;50
638;441;47
523;985;35
932;465;49
712;811;20
759;222;49
572;633;37
551;1000;14
818;625;50
114;677;33
789;862;13
108;637;17
345;306;32
332;246;7
532;775;5
528;308;43
753;17;21
257;831;8
372;815;47
800;970;30
148;97;3
269;411;13
589;14;6
487;810;15
481;132;21
763;892;33
282;31;32
312;818;15
973;728;5
897;390;7
686;388;46
339;46;41
801;114;41
924;641;38
930;899;8
308;33;27
871;637;1
790;483;20
630;597;4
230;427;11
818;242;38
974;40;39
259;804;22
111;314;27
202;315;47
887;847;22
994;66;33
836;680;16
665;826;13
721;155;5
604;697;17
149;222;46
637;723;12
492;90;34
614;45;36
635;571;14
418;930;28
747;486;28
184;254;34
261;180;43
115;575;10
13;797;49
698;586;18
834;352;31
741;998;40
440;175;11
186;697;11
832;232;24
288;203;31
840;836;43
221;705;26
219;905;43
244;162;24
52;63;11
937;912;17
785;438;36
908;507;12
624;564;50
52;712;9
297;614;25
873;588;30
189;305;46
347;980;40
700;343;11
749;32;16
900;244;36
746;649;18
307;365;25
690;949;48
786;873;2
668;657;12
351;138;29
159;388;22
750;518;25
471;195;15
280;138;26
743;769;25
47;773;18
935;605;29
172;114;12
943;226;27
258;605;13
981;817;39
553;118;5
514;115;8
463;998;18
466;13;34
358;677;45
522;87;12
51;63;11
788;925;35
147;258;47
933;387;49
561;438;26
93;292;18
640;897;23
249;876;30
754;724;46
564;296;32
395;820;44
622;488;5
309;426;45
146;317;29
498;856;1
343;290;9
224;652;13
794;992;26
624;351;43
36;255;6
132;760;16
661;756;28
829;204;11
39;957;47
911;491;29
544;217;49
957;214;4
985;842;4
796;40;31
188;889;27
186;778;6
529;658;2
342;190;47
329;365;11
413;400;38
849;98;4
210;94;4
70;845;19
247;161;3
93;418;13
66;398;26
233;278;21
366;635;18
96;111;26
294;461;2
606;699;20
411;491;44
477;861;24
70;578;40
39;79;35
551;901;47
23;923;36
187;11;7
128;905;36
85;681;22
725;209;5
749;240;17
100;494;1
283;364;28
750;724;41
390;634;35
505;326;3
441;121;7
613;961;36
379;540;47
316;29;46
844;540;28
665;719;31
539;836;7
434;467;43
796;579;21
588;870;8
72;222;18
147;157;23
617;528;39
742;822;20
147;725;29
652;258;5
540;878;9
597;75;21
293;142;14
641;51;26
441;30;34
707;411;31
625;524;37
348;18;3
913;429;50
885;393;19
30;482;37
85;91;37
773;414;15
932;683;29
633;984;5
31;153;38
343;791;9
89;7;5
367;869;24
307;896;41
155;522;45
153;853;3
72;405;34
373;921;11
755;889;32
347;150;28
704;968;32
169;627;44
255;702;3
827;289;21
967;239;29
112;452;36
778;957;46
780;573;13
705;940;14
132;728;2
680;287;12
262;226;35
785;580;21
180;281;4
442;826;44
983;780;6
86;317;9
218;183;32
614;877;17
169;357;46
144;86;4
929;599;7
466;537;10
526;325;26
98;107;43
943;382;31
30;832;30
509;317;26
818;468;19
752;793;35
965;67;41
93;448;10
148;387;29
396;600;45
635;548;14
823;367;36
38;847;21
905;573;22
286;265;7
134;630;44
364;258;50
787;797;18
647;922;11
702;283;46
190;997;46
609;215;6
708;330;45
539;391;1
164;394;23
378;764;24
10;470;33
849;920;50
9;630;19
12;635;19
475;569;44
500;304;7
27;291;10
619;700;33
647;807;6
407;952;11
695;751;28
848;203;12
596;283;47
578;433;5
966;484;42
778;515;50
718;352;43
497;285;5
485;489;34
335;795;21
984;169;24
622;422;23
100;178;22
743;501;10
623;992;6
724;972;39
750;288;30
421;709;34
336;344;4
633;173;48
23;613;2
228;798;6
673;775;11
118;285;16
148;551;40
338;368;2
44;67;14
813;677;19
348;183;14
396;237;16
929;448;11
358;129;20
275;854;46
885;18;31
753;36;22
55;946;32
470;988;6
44;330;30
968;383;43
535;842;26
347;542;26
506;438;25
914;250;47
758;311;40
656;603;19
844;473;26
406;723;47
620;535;13
355;82;31
35;664;19
681;18;7
411;227;3
944;210;22
790;718;12
570;843;7
291;751;12
759;630;49
401;828;31
539;929;5
281;293;22
109;708;19
517;87;36
792;643;42
364;818;32
666;890;41
619;643;40
752;671;37
102;897;29
43;565;3
605;397;49
273;120;33
738;620;4
85;711;19
420;639;14
169;828;41
863;857;21
450;667;37
120;884;38
655;974;5
888;138;2
831;479;37
607;139;32
417;541;28
622;101;25
811;878;40
894;887;9
724;915;34
44;872;14
813;900;34
797;502;5
765;893;43
715;936;9
42;222;14
878;94;36
974;760;7
431;888;42
28;451;21
885;192;23
459;74;11
175;500;13
338;369;24
437;102;49
271;845;26
505;921;37
392;209;21
673;339;37
373;793;5
878;104;44
558;130;31
223;342;2
549;207;28
792;148;39
525;354;48
477;387;22
229;520;46
827;229;4
358;647;46
606;399;26
28;5;1
656;560;37
921;484;8
806;326;1
285;272;26
193;789;30
143;30;16
585;715;28
294;887;28
574;739;13
453;117;13
523;195;7
435;642;33
646;747;33
38;360;26
545;918;19
106;466;20
745;166;10
963;649;18
237;523;30
653;346;13
217;381;37
762;223;10
88;679;38
871;763;34
160;269;34
440;546;3
316;863;1
525;643;28
996;521;10
930;414;50
184;627;43
258;631;21
641;93;41
724;178;26
636;648;16
137;219;23
404;486;26
361;835;13
916;656;42
665;406;38
663;12;35
369;595;14
149;575;38
749;983;43
80;955;20
536;519;44
626;669;8
921;170;28
315;120;12
362;128;23
631;365;43
56;527;22
368;92;24
514;242;32
285;580;32
917;663;40
600;493;26
784;79;19
132;908;9
699;328;46
983;945;20
838;617;38
366;668;15
292;657;29
92;256;5
518;799;47
608;973;34
426;401;2
20;684;23
587;744;4
603;762;17
198;394;30
693;360;8
217;51;12
879;100;26
43;386;14
799;915;1
363;928;1
385;296;47
325;617;42
677;231;49
360;464;50
811;174;26
828;38;32
34;82;49
714;231;4
994;416;20
855;724;23
631;688;17
124;474;4
53;588;21
215;42;19
218;36;35
766;764;31
904;839;17
362;759;4
777;401;1
856;596;34
975;272;24
160;548;38
20;689;31
544;109;45
989;283;43
448;521;32
840;710;23
289;733;13
764;222;16
9;848;1
600;672;47
104;123;49
84;34;26
48;306;13
340;92;49
610;434;26
26;201;40
818;565;43
995;127;9
642;298;7
203;742;46
386;527;39
413;534;21
483;407;39
181;10;9
365;402;49
238;437;48
48;753;23
105;141;47
476;870;13
45;4;48
768;741;4
390;721;46
656;417;44
379;715;19
327;294;5
773;976;31
182;613;25
271;288;38
668;677;49
82;70;31
266;149;18
653;210;5
698;943;21
736;231;23
135;975;50
191;98;17
13;664;10
400;518;43
107;360;35
741;616;9
365;407;20
382;895;43
139;896;23
839;684;37
767;928;27
835;496;18
84;141;30
172;222;22
843;546;41
801;259;47
933;656;19
56;666;10
186;250;11
116;976;36
296;267;49
241;103;45
817;993;40
628;472;42
416;620;4
542;490;37
511;193;31
610;810;6
923;575;23
496;961;44
516;534;10
359;575;34
622;406;48
270;296;41
423;840;12
768;974;38
649;670;25
660;2;34
115;599;33
936;5;41
795;140;22
65;185;39
807;304;47
998;688;9
792;487;38
617;832;35
817;557;5
347;28;44
475;508;7
301;320;50
567;130;28
571;464;21
227;872;38
14;227;7
835;802;4
332;856;23
387;624;47
273;160;47
538;648;24
349;494;2
826;740;25
286;492;25
584;914;8
77;367;25
690;849;8
185;337;47
690;945;43
788;311;5
594;902;14
42;310;7
825;796;5
911;897;28
971;974;20
225;451;17
959;770;43
468;221;21
105;523;26
41;103;11
376;223;48
909;887;41
241;731;34
46;767;9
976;246;23
673;849;50
137;844;6
401;662;41
884;662;39
293;478;49
32;339;15
360;4;6
742;304;29
921;67;11
411;362;32
428;276;13
266;764;42
974;723;25
513;120;16
179;510;25
647;52;28
277;119;19
44;409;20
356;494;7
659;417;5
611;431;39
13;230;46
690;39;14
175;730;26
17;312;6
915;55;47
320;736;23
475;620;44
239;427;22
288;716;38
379;505;5
919;316;42
936;855;24
279;571;16
85;682;40
255;831;3
568;668;18
701;699;48
46;601;3
953;203;44
465;748;37
524;958;27
302;485;8
517;919;37
910;551;46
119;469;48
679;60;13
808;22;47
150;18;38
109;446;11
518;606;36
310;722;25
321;540;12
668;1000;34
328;196;37
195;780;48
320;406;30
105;294;14
921;984;17
469;776;43
926;478;10
170;329;40
1000;626;43
745;758;29
941;591;3
681;1000;24
336;989;14
632;227;25
27;407;15
702;690;24
920;668;35
101;142;26
411;734;36
79;876;26
930;908;30
141;104;42
199;431;39
102;485;25
785;831;20
194;195;15
987;717;28
839;71;27
60;2;26
229;52;1
348;804;47
781;872;7
167;188;13
927;748;12
360;269;9
386;724;39
875;288;22
854;74;19
693;551;35
138;198;36
26;329;11
476;604;28
202;151;47
660;313;39
380;254;22
746;19;7
133;790;28
32;184;38
127;301;29
730;676;8
872;319;28
963;452;31
455;450;37
8;455;36
411;173;34
589;74;32
745;551;24
776;396;48
415;56;47
745;38;33
52;978;22
905;459;41
506;882;23
268;68;43
582;741;26
105;345;15
123;248;23
221;271;17
624;103;45
842;236;5
524;563;48
564;96;7
846;176;42
714;603;42
687;966;3
990;692;22
238;106;4
680;628;6
663;857;26
76;402;41
963;428;29
170;650;14
69;300;47
260;577;24
974;153;43
307;610;50
691;287;2
680;794;10
561;550;48
1;658;35
328;286;10
507;167;19
704;720;29
404;845;28
897;370;46
274;343;30
830;60;35
714;662;3
696;489;22
303;845;4
896;713;10
311;672;11
35;623;41
546;293;15
945;537;11
465;183;45
836;30;19
17;873;9
842;909;15
546;662;42
481;617;18
960;134;35
974;86;43
526;693;38
264;262;3
186;983;9
286;441;1
428;462;10
457;793;4
245;99;20
774;939;45
617;115;25
671;884;48
676;495;44
172;667;42
992;510;46
4;156;5
326;387;7
770;277;13
133;302;24
568;207;46
772;210;6
760;450;4
128;866;26
951;305;33
233;760;9
751;206;32
767;405;38
340;885;26
411;741;45
949;746;22
83;469;36
374;840;21
30;992;17
602;753;15
964;416;19
877;930;34
305;282;11
356;751;43
480;541;44
465;573;48
768;272;11
652;483;30
486;372;7
312;415;30
185;860;2
373;693;4
337;586;28
185;636;40
778;385;22
741;828;4
864;940;16
954;740;37
616;90;46
147;23;40
202;614;38
458;107;41
620;14;1
508;764;37
598;80;3
404;431;13
126;762;48
723;286;31
304;629;16
42;4;38
700;723;3
179;159;7
375;544;16
122;403;14
204;166;6
11;101;40
339;461;28
111;505;15
622;798;34
575;714;26
875;48;34
822;811;25
485;65;13
222;404;15
285;525;5
963;830;16
580;328;31
140;772;7
366;716;3
904;644;46
270;817;33
933;915;12
312;72;41
130;355;15
839;163;29
236;111;50
172;724;18
456;743;5
711;918;30
894;651;12
476;434;14
593;56;39
773;740;14
295;949;24
419;528;9
297;790;6
904;375;35
216;74;43
56;904;16
951;951;30
545;273;40
946;659;10
476;499;28
998;795;49
718;874;42
500;60;38
885;459;13
54;590;35
440;898;11
91;187;5
511;52;13
444;868;11
3;970;7
911;420;48
306;251;26
550;762;40
898;754;21
115;54;19
539;882;22
2;651;47
877;183;39
20;191;7
159;711;34
821;798;26
729;582;16
212;492;37
718;14;14
450;290;24
766;943;1
532;339;19
70;341;16
783;804;21
979;132;26
901;42;46
76;963;9
190;172;49
385;183;26
303;567;48
119;944;17
312;500;11
319;338;33
883;972;27
514;184;43
956;518;17
121;841;20
291;277;19
638;625;50
134;416;38
940;226;31
873;553;36
138;500;9
107;487;2
745;150;2
212;330;36
513;159;17
561;222;44
837;496;29
918;497;45
919;104;12
788;898;17
530;234;14
434;202;14
174;93;50
996;244;3
116;455;30
523;704;34
299;600;24
346;281;7
860;451;44
911;831;17
80;233;29
442;265;30
426;168;12
794;771;46
934;131;31
971;386;4
81;379;6
15;737;9
210;776;13
450;593;35
140;787;11
944;233;33
737;47;24
21;541;9
936;290;25
447;805;47
393;531;47
220;520;3
854;509;38
693;890;33
773;599;36
482;515;8
703;190;13
383;505;3
877;629;38
530;540;4
219;49;20
16;834;38
128;390;32
102;455;45
294;259;47
88;565;1
951;395;25
833;782;32
177;991;38
452;541;37
943;610;6
260;806;38
674;724;21
831;906;10
186;771;30
342;128;4
784;553;43
694;115;21
459;250;25
757;177;23
646;73;46
593;309;4
77;303;29
130;711;35
409;250;15
661;516;39
311;144;42
362;937;19
369;439;1
198;268;4
182;504;5
935;233;2
906;694;1
673;755;12
447;384;37
77;704;7
21;332;3
271;566;23
503;923;40
161;735;46
424;693;29
901;38;8
393;112;17
548;134;15
213;208;40
960;958;12
315;200;40
63;891;23
794;672;2
350;658;13
149;639;8
47;672;23
813;374;35
567;543;26
768;998;29
792;120;38
491;714;32
114;770;34
95;846;33
998;752;12
373;97;30
132;967;1
565;89;48
606;887;36
142;113;20
586;56;32
115;347;35
380;378;2
405;545;32
463;334;26
164;318;44
119;799;47
754;684;33
937;520;5
119;842;20
960;420;27
760;436;30
878;687;50
607;850;7
680;595;41
295;979;7
979;747;28

