800
19412
4800
69;30
67;86
70;15
24;40
86;12
68;81
64;90
96;31
30;22
49;47
47;32
4;16
4;82
63;70
92;100
40;5
64;69
67;90
89;64
92;67
7;65
87;59
70;91
60;58
4;18
35;69
23;70
8;27
55;24
53;49
27;33
76;16
55;12
84;60
10;48
65;24
95;40
68;9
95;40
65;36
18;21
64;49
86;24
75;34
33;85
14;89
95;79
36;34
28;80
86;13
12;50
38;21
68;56
50;30
35;8
97;76
91;63
63;25
53;4
32;36
39;53
18;28
63;43
76;33
74;12
47;13
32;12
29;48
64;6
69;18
88;61
70;47
38;43
96;85
19;1
49;85
25;49
41;88
8;77
36;32
81;29
13;84
25;21
100;32
30;48
94;42
49;41
97;75
89;57
63;95
85;82
76;21
87;20
12;73
97;29
67;7
88;94
83;5
80;32
96;89
97;85
76;54
4;26
46;46
99;18
61;53
46;49
25;88
65;6
58;29
23;3
10;46
9;31
54;13
53;95
57;12
55;10
23;30
65;2
60;30
4;49
33;55
30;28
34;18
95;24
35;37
29;62
37;17
43;25
80;39
39;4
94;55
91;85
51;37
61;2
77;37
32;23
31;71
87;33
93;44
18;13
43;4
64;56
8;89
6;32
59;76
38;84
88;96
49;10
61;40
44;30
27;94
43;31
32;31
3;58
88;49
16;6
63;40
63;44
86;28
26;82
14;100
8;35
7;57
8;52
60;27
9;74
75;66
29;97
55;23
10;44
33;29
98;2
46;90
11;21
76;32
23;37
18;91
38;41
35;40
54;23
52;73
5;34
12;99
58;58
28;57
37;19
72;52
81;70
29;94
91;68
10;40
33;81
54;4
78;86
88;84
94;64
5;87
79;18
36;30
94;49
20;91
15;67
39;70
19;61
30;59
4;98
64;84
48;29
18;87
88;50
25;82
64;38
72;81
20;6
57;64
49;11
57;5
37;71
8;39
49;95
91;50
18;5
66;72
4;13
18;10
87;37
47;4
56;70
56;78
39;45
80;84
91;43
65;16
39;93
64;84
24;5
43;2
56;26
35;9
93;30
55;19
28;11
58;64
58;38
86;43
44;93
1;18
80;77
92;20
28;4
83;67
6;98
7;53
58;21
24;85
63;87
56;63
10;99
90;12
74;93
64;51
69;8
39;38
76;14
56;21
4;71
5;18
9;46
94;77
73;38
85;78
46;84
25;57
86;47
11;30
32;89
88;83
20;32
44;28
7;57
27;14
76;48
17;56
87;70
64;14
81;4
18;3
74;2
74;10
47;57
76;9
72;62
53;59
41;19
74;17
77;63
28;28
96;49
8;17
42;74
45;45
93;9
83;24
80;45
52;78
90;14
90;70
50;32
48;31
45;54
98;95
70;63
76;34
63;59
62;37
57;4
74;46
45;60
67;41
14;63
98;32
39;11
85;23
54;80
19;82
71;73
79;40
47;73
37;66
2;42
11;37
51;62
18;1
91;84
15;55
77;91
9;29
21;38
69;25
20;58
9;49
44;32
31;67
42;90
25;90
76;15
99;3
90;16
89;1
60;95
87;20
97;18
19;29
24;92
49;13
88;24
51;59
16;99
88;60
8;25
67;14
6;51
53;85
21;73
51;34
26;55
99;34
75;30
66;43
41;93
14;82
3;21
62;73
14;22
31;3
46;63
56;79
23;61
58;78
43;37
25;78
53;57
62;8
29;62
81;68
87;72
96;68
35;6
39;39
62;56
44;17
42;15
19;33
96;52
86;70
2;73
38;27
33;61
53;22
57;43
93;84
36;15
91;43
17;41
29;32
73;31
38;16
89;61
32;99
80;44
85;89
9;76
90;6
44;83
72;60
49;96
9;70
41;65
7;27
41;38
81;38
91;57
75;98
64;18
91;31
40;48
26;52
40;83
18;50
97;39
87;86
66;70
37;19
8;61
23;29
28;43
58;38
27;80
25;54
45;46
89;50
91;78
2;13
54;73
85;4
98;13
78;48
13;48
57;3
37;57
80;19
100;59
24;15
89;90
49;24
22;91
89;19
74;32
33;22
57;62
19;80
55;5
44;67
36;14
25;65
3;39
18;55
23;23
67;43
47;4
55;20
61;67
51;64
96;52
35;78
8;87
12;97
17;18
82;10
17;61
26;6
35;76
17;92
19;41
23;2
94;70
26;22
56;18
28;62
94;8
88;37
99;79
85;24
67;22
16;53
27;60
51;18
68;52
8;86
29;77
85;50
57;32
39;39
25;11
38;92
36;21
7;75
66;87
1;9
26;96
46;60
93;100
37;16
87;60
60;33
6;37
28;17
85;86
83;46
66;78
71;95
69;83
89;8
5;26
100;55
74;63
11;75
17;60
31;25
3;45
89;46
8;32
65;56
41;72
23;38
42;80
67;51
74;38
86;97
56;45
39;39
90;4
12;62
61;48
57;4
29;38
59;31
65;3
63;2
39;74
86;73
60;68
20;7
62;62
66;76
67;54
29;21
47;47
49;66
75;69
63;94
12;74
46;98
4;4
37;76
3;55
62;50
70;66
28;36
21;30
52;19
74;68
18;44
60;44
10;69
6;98
13;31
41;37
25;58
48;31
74;62
54;89
45;98
31;99
3;34
68;64
97;17
78;76
74;45
33;83
99;21
34;56
76;43
4;30
17;19
11;11
11;11
95;98
85;59
87;59
11;100
31;91
81;54
73;16
50;80
80;24
95;69
2;26
43;13
64;79
70;65
32;92
54;44
35;56
70;59
33;92
2;63
9;94
96;86
28;24
37;68
66;79
47;89
72;17
99;30
33;86
40;72
46;91
2;8
62;29
94;84
87;41
11;31
99;82
74;74
67;47
87;62
54;8
71;98
63;91
22;93
32;61
54;85
99;91
8;93
91;18
83;44
44;99
78;99
48;32
58;64
6;21
48;26
93;62
15;98
71;59
38;71
29;46
90;46
94;48
2;93
86;75
58;50
80;24
72;12
33;66
65;82
46;19
1;35
78;3
74;59
88;6
3;92
71;34
30;9
31;43
94;96
84;52
15;59
55;20
60;2
58;37
67;15
41;16
61;98
55;57
46;76
74;90
27;60
98;61
7;53
97;47
87;3
9;1
38;45
13;13
30;76
29;21
96;59
60;60
37;47
32;42
13;17
93;7
8;50
47;55
68;62
70;45
74;22
16;6
82;45
14;6
38;23
57;50
68;58
68;80
51;33
46;40
11;6
61;80
21;55
90;56
55;88
85;36
58;57
54;31
41;68
34;24
69;31
16;48
78;8
15;92
21;61
84;92
62;35
34;81
94;98
50;40
94;48
34;81
27;51
46;35
65;81
85;1
42;63
6;26
47;2
39;74
38;66
15;86
4;16
84;67
24;68
72;70
22;64
93;11
73;5
73;64
38;60
55;25
41;48
56;18
39;82
14;72
79;94
15;58
47;2
99;81
78;33
59;44
15;54
6;70
73;67
98;8
6;73
24;10
11;89
74;70
94;46
34;58
7;6
51;48
33;68
75;99
60;28
16;16
56;41
97;55
30;68
86;68
87;24
36;67
3;16
63;40
27;53
85;55
82;49
83;20
10;42
176;426;25
710;650;34
194;25;24
693;760;25
612;721;10
626;512;29
281;723;3
686;35;35
129;691;4
445;657;32
736;656;3
378;778;3
398;286;46
626;25;49
43;77;11
417;23;33
562;758;13
446;532;3
682;309;16
699;230;45
242;361;9
302;158;31
285;346;46
699;305;39
542;665;24
269;672;33
682;315;43
382;592;22
403;686;30
485;84;12
439;762;6
599;198;36
194;350;42
184;71;33
26;448;9
224;222;29
630;161;8
579;259;24
533;695;28
7;348;47
28;797;21
408;119;36
615;11;33
634;120;27
387;498;21
61;151;44
133;324;39
153;429;33
203;268;48
493;389;25
240;11;43
319;502;6
610;267;2
497;730;39
615;128;23
468;578;13
530;345;26
100;390;46
293;701;3
346;6;11
799;623;26
105;251;22
717;627;2
507;536;32
21;12;20
146;721;37
553;582;3
19;36;38
135;348;45
184;618;35
250;110;45
423;31;36
347;73;43
281;478;38
496;307;39
170;672;21
586;553;24
762;634;41
3;173;39
752;598;12
555;11;32
577;778;20
674;126;24
377;188;35
215;103;42
86;191;28
689;534;30
451;113;9
272;649;27
95;722;7
471;651;8
757;76;43
451;386;29
190;494;49
157;698;17
620;596;11
469;563;6
592;372;21
186;5;3
364;181;37
707;735;1
748;289;7
371;370;20
780;470;10
42;212;1
125;306;31
360;741;15
6;495;23
558;605;20
229;400;30
16;386;3
322;320;23
478;112;44
247;464;43
46;586;50
518;196;40
573;535;19
664;345;39
229;760;41
5;523;46
260;293;22
731;177;43
686;672;9
457;751;44
395;256;41
607;378;6
178;460;14
550;326;12
367;429;35
46;766;49
795;764;21
196;126;44
22;580;5
635;18;48
716;480;18
593;110;3
22;121;28
32;447;14
345;444;25
585;337;15
28;76;2
251;293;19
249;224;23
491;405;1
657;598;30
460;288;23
703;586;4
354;729;22
319;409;2
468;597;26
47;34;22
788;797;21
794;779;33
148;399;18
373;568;39
339;186;10
131;326;14
40;234;34
473;741;18
677;250;2
142;87;40
392;729;49
55;388;4
26;266;30
363;393;15
386;43;23
691;788;22
242;116;24
202;469;29
30;593;8
656;309;7
688;465;38
640;625;26
567;195;15
41;675;44
488;643;16
399;314;9
698;777;37
673;666;46
456;584;15
330;264;32
421;62;26
60;176;6
398;497;25
703;245;19
358;279;10
600;656;36
398;26;18
726;753;44
278;746;6
766;129;29
646;252;50
254;44;2
441;242;46
698;156;32
392;390;31
527;41;37
605;503;2
657;43;30
427;498;47
242;100;9
403;339;22
314;75;17
23;636;50
646;328;41
150;120;17
781;263;38
115;788;23
516;24;9
734;534;1
639;55;38
85;700;29
298;512;11
520;640;44
216;573;25
238;21;19
62;639;15
525;759;12
99;644;12
23;91;38
753;283;29
580;775;16
204;380;28
676;248;13
491;170;28
735;85;24
591;285;43
267;94;19
334;160;6
614;291;24
597;607;38
409;278;19
123;34;39
315;626;15
769;474;3
761;541;37
89;109;45
82;15;28
272;232;46
330;758;17
413;620;21
340;210;15
679;92;27
197;513;36
331;637;48
152;616;50
718;199;5
48;787;35
643;647;32
485;345;20
354;494;24
746;584;32
608;290;15
271;395;38
271;370;17
794;58;19
674;650;9
244;142;21
708;229;7
94;285;40
436;138;14
155;153;12
264;140;37
406;650;45
592;778;6
274;218;40
371;31;37
83;736;29
774;509;26
778;437;26
607;610;37
232;755;11
324;753;32
504;10;23
548;742;36
467;165;50
441;219;7
145;545;25
714;680;46
432;313;28
634;326;30
330;649;12
481;108;44
162;333;28
686;321;43
210;548;28
436;479;42
390;111;33
590;235;24
566;520;38
324;687;42
415;719;29
652;164;44
312;103;18
185;432;10
256;348;44
253;440;23
532;151;32
282;277;2
193;467;50
249;114;4
632;596;50
261;112;11
361;345;34
360;452;11
70;10;40
354;208;23
508;401;36
159;471;16
752;535;30
153;349;50
74;113;1
464;187;31
87;597;29
492;58;33
636;439;31
521;756;47
234;286;29
711;222;48
420;65;34
667;455;10
127;400;25
763;536;34
295;129;18
291;232;40
504;569;19
114;550;31
434;214;46
334;746;30
28;245;9
708;153;6
734;96;23
760;26;17
591;208;38
585;371;4
82;736;28
473;317;26
237;502;23
604;788;30
554;235;26
560;54;16
423;578;11
730;713;41
16;704;22
714;424;25
367;211;12
20;50;41
667;375;50
338;579;25
211;781;30
462;765;9
278;347;27
716;274;2
117;507;22
629;543;45
773;468;1
55;601;28
415;490;20
296;646;50
624;154;4
488;415;41
571;646;40
7;307;20
353;416;38
38;306;23
168;381;16
69;653;4
752;674;5
47;401;43
305;661;17
622;760;26
262;213;29
238;587;9
479;467;43
733;267;9
39;210;12
733;557;12
150;563;31
229;649;11
689;551;6
550;481;16
517;358;48
1;239;43
393;130;50
441;26;31
510;405;27
291;692;32
638;419;47
722;181;18
461;215;49
702;375;12
462;677;29
82;450;26
109;761;21
664;153;25
429;528;47
415;169;41
189;50;40
471;498;3
12;646;45
738;16;6
250;360;3
559;201;38
415;112;22
165;673;46
750;716;2
78;741;7
447;301;46
782;273;10
749;599;49
268;584;44
55;734;50
387;451;9
232;39;50
218;3;14
770;697;1
258;116;38
194;160;16
782;364;1
122;401;10
708;568;26
359;107;1
304;404;10
692;102;50
471;650;6
100;365;27
396;605;8
655;630;29
223;522;14
250;140;17
573;240;24
437;199;45
176;71;1
628;396;13
507;340;10
800;440;39
593;36;22
31;521;36
137;98;12
678;716;5
311;767;14
576;410;40
357;284;34
184;666;18
772;726;13
553;42;7
564;326;21
717;220;7
67;427;40
237;667;5
145;277;45
708;410;20
74;463;30
186;128;39
539;139;38
303;570;37
692;67;24
270;670;10
736;236;47
83;494;21
673;481;24
330;327;29
82;114;48
52;290;13
403;674;24
683;188;46
301;324;13
759;745;26
239;97;39
607;38;43
42;461;39
167;556;40
245;453;48
27;696;41
331;81;9
290;598;19
133;261;25
531;300;11
587;34;30
308;742;38
88;588;14
235;768;40
201;568;33
297;666;33
543;260;30
306;403;13
377;71;19
106;701;11
131;568;24
182;201;11
720;785;2
101;373;33
289;634;12
345;192;32
82;548;15
695;787;9
232;556;21
267;469;9
194;582;1
558;512;29
506;227;28
505;767;5
141;372;27
207;552;44
132;237;2
459;526;43
571;722;14
639;14;42
35;508;32
339;553;18
91;293;7
741;468;43
508;3;18
328;267;19
754;196;11
245;46;5
447;5;21
250;192;39
552;147;11
785;778;1
257;182;14
648;489;41
503;441;19
720;229;37
187;66;37
468;785;22
793;370;38
41;214;24
587;114;41
160;241;10
309;102;22
657;215;30
494;86;14
346;623;27
590;322;21
745;573;31
512;196;41
154;472;46
240;332;21
700;734;15
244;605;19
96;25;46
204;514;1
301;604;12
80;56;5
679;354;18
692;528;8
39;702;34
575;452;20
579;669;48
432;222;22
266;553;23
335;250;36
498;240;3
34;252;35
332;356;17
743;342;22
484;680;29
246;582;47
25;800;2
598;271;3
323;687;18
110;460;49
744;6;3
653;212;45
298;483;28
737;7;25
485;758;49
629;368;4
264;362;16
260;67;30
676;658;30
131;356;7
439;235;13
19;459;19
70;610;34
719;676;3
485;513;13
177;702;30
658;313;34
428;120;23
6;144;23
468;789;40
154;189;13
185;249;49
445;705;32
133;469;17
336;588;25
701;653;49
685;690;42
587;287;35
11;770;30
377;584;5
616;141;21
143;634;31
548;608;16
671;296;7
219;259;39
195;354;25
175;367;8
392;532;22
157;89;5
485;567;29
159;586;41
11;346;14
666;712;27
744;332;6
354;66;8
241;491;4
776;42;36
26;563;29
637;676;50
301;699;5
365;184;17
392;394;5
684;190;37
177;738;33
723;665;14
742;684;49
450;743;8
291;785;43
626;636;17
403;127;30
704;324;40
181;218;47
608;237;31
418;765;16
413;591;44
92;713;10
607;493;2
412;649;13
58;410;4
224;256;9
587;677;6
329;376;42
359;346;1
569;507;46
519;794;30
726;513;25
126;680;23
323;775;40
683;652;46
153;331;22
515;202;34
240;72;3
533;161;40
600;218;12
510;567;13
707;687;20
497;259;36
272;30;11
446;543;3
484;510;21
654;754;44
282;640;11
499;113;40
343;385;1
230;443;43
496;625;35
591;447;1
591;689;13
145;591;26
598;25;2
449;133;12
327;623;15
207;88;21
61;705;9
55;79;24
217;98;41
473;335;29
329;741;47
502;544;44
591;407;31
363;785;36
539;418;20
672;535;20
126;795;14
568;343;12
464;33;46
267;533;31
763;638;8
338;715;40
593;389;5
673;482;8
781;239;13
477;768;40
557;126;8
736;247;7
9;152;10
599;98;19
712;466;34
54;317;38
68;509;46
653;404;26
256;461;28
674;602;7
395;189;1
5;705;17
237;590;20
171;148;43
790;45;14
396;337;27
78;341;11
71;150;41
66;84;25
516;773;34
139;693;5
593;216;25
197;783;42
692;6;47
61;666;41
270;356;11
260;747;38
180;382;5
403;319;9
70;508;6
233;706;45
603;114;17
790;119;48
770;192;43
504;219;7
46;47;35
405;509;31
688;723;32
104;169;17
464;264;10
547;738;20
311;614;25
342;39;12
681;682;6
516;251;37
768;533;24
412;150;4
380;14;36
400;749;46
747;53;42
648;796;18
305;85;30
695;126;42
785;472;6
305;482;36
292;666;2
202;482;25
452;304;5
236;753;45
720;616;15
195;710;17
105;87;26
645;657;30
36;500;48
67;645;47
695;88;42
784;199;20
713;13;47
514;717;5
182;15;46
455;145;50
532;343;49
749;660;18
733;308;30
405;552;48
182;543;44
304;676;26
785;158;35
696;218;23
38;401;19
91;488;1
510;10;9
334;426;4
559;44;24
41;59;1
29;99;6
174;526;44
292;31;44
388;244;1
490;68;26
734;588;7
645;628;44
460;664;9
103;737;2
364;793;48
84;18;12
192;548;6
729;269;12
62;695;2
609;393;19
476;477;12
134;317;50
236;337;18
759;717;35
521;734;33
657;273;30
661;157;1
585;493;41
123;710;32
603;507;10
502;406;20
68;357;15
539;35;19
702;769;2
30;283;18
122;599;18
654;455;48
240;550;48
166;17;48
368;737;17
597;462;24
474;237;41
358;505;31
685;239;18
572;144;10
123;262;3
11;726;16
616;696;7
215;689;46
613;169;7
396;391;1
85;174;8
47;459;27
411;103;43
131;389;18
51;342;34
195;637;30
77;138;11
416;673;12
765;544;27
402;187;47
120;505;25
545;68;13
340;248;47
669;154;48
294;358;46
134;586;25
429;738;29
17;286;46
710;747;24
520;261;38
644;44;7
107;297;39
273;183;46
80;307;16
69;548;44
285;650;40
162;784;31
205;421;30
219;338;42
790;8;44
376;249;44
168;724;47
735;41;50
263;370;29
466;219;40
89;425;34
390;542;28
328;365;24
494;585;18
4;368;10
720;323;31
320;321;48
423;451;24
70;97;6
593;565;18
684;520;27
50;36;39
176;532;11
549;376;27
352;540;47
60;800;31
254;423;49
733;172;1
785;580;24
427;654;33
232;791;28
392;96;22
92;35;40
503;269;23
671;160;16
681;461;25
8;325;5
140;777;44
220;570;36
572;197;11
431;719;42
358;580;23
602;312;46
43;305;31
226;74;46
752;634;39
107;487;29
187;290;17
339;51;3
674;70;33
496;9;4
407;391;21
436;394;12
381;777;27
169;148;46
478;646;8
677;382;16
558;753;4
52;627;36
502;141;15
180;57;22
452;478;10
347;32;27
340;751;11
709;309;2
342;232;38
685;547;17
558;371;50
538;131;36
414;741;21
374;179;36
551;463;9
212;188;39
243;527;28
561;208;15
383;444;6
544;623;1
207;203;6
547;737;40
509;682;35
757;397;3
613;140;12
395;55;41
290;60;11
2;444;30
453;95;7
574;39;25
19;23;48
493;254;5
22;392;3
311;485;29
746;411;4
479;165;35
120;530;49
147;298;24
322;539;45
612;670;11
380;365;33
66;332;2
6;785;31
470;95;20
170;696;4
224;413;31
477;466;2
226;151;43
502;391;22
363;747;38
92;617;29
43;440;36
647;326;44
87;123;11
688;423;33
755;395;28
716;675;13
709;745;10
590;415;22
513;793;11
388;563;47
121;519;9
353;535;28
676;58;20
434;467;21
307;313;2
727;162;37
606;196;22
738;407;47
189;306;30
17;499;44
356;345;37
165;329;31
202;662;31
621;243;22
714;245;26
204;591;2
698;283;39
709;570;32
42;376;11
723;646;9
384;357;15
177;195;4
755;760;21
402;560;10
49;164;21
697;522;10
148;663;28
615;698;31
407;28;7
221;510;22
119;720;1
552;179;11
4;180;2
310;172;25
766;286;27
691;587;40
56;527;10
445;753;33
320;153;4
229;339;35
219;673;21
338;770;22
107;7;30
722;477;12
32;614;40
482;256;19
735;758;38
632;371;4
121;86;36
136;451;6
652;302;41
342;190;48
709;572;9
541;42;24
593;557;13
130;700;1
539;782;6
339;292;7
57;498;23
288;37;24
250;575;21
2;326;6
539;68;12
502;452;23
279;343;21
526;178;50
693;83;11
195;726;22
522;332;30
649;393;11
589;708;23
119;618;45
349;433;40
506;341;26
460;595;49
646;412;18
698;788;27
680;93;21
385;697;2
126;342;9
599;142;1
249;589;2
311;758;48
799;269;49
73;187;2
443;73;22
315;752;27
114;540;40
171;208;30
684;567;15
790;738;30
346;232;6
338;308;20
541;591;38
394;121;28
78;408;35
119;111;12
729;712;17
659;224;22
368;472;38
743;422;22
77;679;45
36;708;34
575;338;23
178;688;21
648;686;43
452;697;16
625;305;29
406;427;10
266;423;46
300;132;50
324;570;19
752;399;8
642;789;21
648;731;46
731;624;49
743;524;33
439;350;8
15;47;11
334;683;43
29;567;22
497;734;27
743;562;31
97;125;45
731;199;11
409;755;26
737;316;17
510;395;10
479;613;16
579;328;46
277;624;11
678;235;18
717;745;11
213;424;12
66;196;11
490;455;8
151;362;46
776;362;27
494;742;40
639;406;48
498;629;4
627;764;21
254;98;30
504;122;34
672;262;43
464;661;49
282;521;4
534;323;45
59;60;40
446;227;21
455;20;41
449;134;14
300;302;3
174;373;9
425;78;8
738;610;8
177;612;16
34;398;32
156;761;18
241;248;31
492;104;24
408;527;14
534;239;44
176;557;21
247;226;44
173;456;29
228;401;45
66;486;29
424;490;1
165;675;10
102;421;44
766;136;35
266;224;14
528;629;4
81;704;9
709;115;12
290;63;11
622;682;44
41;204;26
411;353;49
290;632;48
315;212;5
256;364;10
409;552;19
374;450;18
47;664;45
407;387;40
264;433;46
528;311;42
197;573;43
86;219;9
658;379;20
186;449;18
4;634;31
434;746;2
155;120;23
416;443;16
738;707;9
644;503;4
628;555;50
256;349;38
652;791;18
169;98;2
183;67;16
536;470;25
203;177;37
706;170;22
438;192;45
82;293;29
10;465;28
658;625;12
342;296;43
502;426;26
379;783;48
150;3;48
225;493;22
756;159;12
575;580;7
589;220;9
768;359;5
725;396;47
173;508;8
525;783;14
111;657;23
37;479;19
18;772;4
486;140;40
498;73;50
294;162;43
159;788;23
127;289;24
173;112;11
668;14;7
265;481;9
562;778;4
89;131;16
441;581;39
306;746;22
110;652;24
249;733;34
654;741;45
366;261;16
16;419;1
756;211;5
757;735;17
264;718;42
165;4;43
69;690;46
677;303;19
204;275;6
456;357;33
598;512;33
794;463;31
70;519;14
92;353;8
307;405;7
200;300;33
591;265;41
494;353;22
418;732;27
325;353;50
112;344;40
593;349;13
87;243;47
408;521;5
648;797;3
30;104;36
429;708;11
458;311;13
48;189;50
655;241;7
633;775;27
688;106;31
327;322;24
799;302;6
448;349;46
282;388;22
80;685;34
41;796;23
81;691;17
387;1;18
256;739;10
387;75;41
213;664;10
669;652;27
572;665;8
286;541;27
800;724;12
711;69;40
676;53;15
214;205;17
55;517;27
226;266;3
310;373;44
256;208;7
112;380;28
276;167;48
776;520;4
34;546;48
230;314;32
690;517;27
386;39;38
322;185;9
692;256;33
417;324;21
412;159;15
231;4;35
513;323;47
767;169;26
382;632;17
753;74;28
458;703;1
103;111;39
475;184;18
297;715;21
185;271;35
220;398;30
753;719;27
159;600;1
200;772;6
774;180;36
550;21;32
699;376;36
410;507;30
384;359;25
746;694;17
50;354;38
543;400;44
315;60;22
140;758;13
737;761;50
585;216;31
387;160;43
35;760;34
160;432;1
152;245;40
551;135;27
483;1;45
117;450;48
262;138;31
415;190;6
416;289;24
369;533;28
632;213;34
559;466;23
779;634;21
319;116;11
74;452;40
81;676;36
527;162;37
96;175;44
61;520;26
87;690;31
48;396;12
732;345;36
136;45;3
726;267;11
648;492;8
187;325;42
129;276;42
7;182;25
295;127;16
537;5;27
463;511;13
495;359;33
173;368;29
255;199;13
278;562;20
7;712;41
206;288;19
629;244;28
421;387;45
62;392;19
10;486;23
477;80;39
647;272;2
514;651;6
47;669;38
195;81;30
44;279;16
487;277;25
341;36;23
184;773;23
347;235;18
135;796;12
125;646;7
454;140;28
351;553;5
304;177;21
174;450;18
421;694;37
660;625;21
420;499;40
212;494;10
692;129;23
84;506;16
642;473;46
798;189;37
650;570;14
170;710;26
43;706;35
763;264;26
660;727;27
218;252;18
199;354;30
442;529;2
609;662;39
243;604;45
334;83;47
580;587;2
704;732;36
123;660;43
746;638;13
479;159;27
755;149;22
158;601;24
418;365;24
73;176;46
708;268;32
666;250;47
251;118;30
758;293;43
126;176;26
146;342;3
768;174;11
432;367;37
606;363;26
53;564;5
649;464;37
657;649;22
271;742;37
113;763;16
736;400;47
518;550;28
285;389;33
770;416;13
646;617;22
522;560;33
41;611;41
730;356;20
189;71;16
741;722;14
707;115;34
468;520;42
359;26;19
169;671;45
669;412;27
321;127;16
212;416;27
721;788;24
3;55;47
693;491;22
258;310;48
670;450;25
144;783;36
375;300;43
485;131;25
758;303;44
68;285;49
780;539;45
751;585;37
449;642;46
345;710;14
359;637;28
10;101;31
349;539;3
536;602;11
456;761;46
24;653;6
1;148;22
374;725;2
475;740;2
527;605;6
407;368;42
241;765;45
393;358;19
335;594;11
610;533;11
353;361;10
553;83;41
432;97;13
143;263;11
717;714;43
689;172;44
672;514;48
521;400;25
800;226;35
128;462;7
546;88;18
401;308;45
151;282;21
608;671;33
76;178;16
596;535;3
8;409;3
268;445;13
611;529;1
639;21;23
376;120;28
472;365;33
158;564;32
405;772;46
67;698;30
246;517;2
189;57;13
233;113;32
560;352;45
125;734;42
237;66;14
78;348;41
281;322;21
588;322;44
451;288;30
371;602;30
604;770;21
533;21;6
153;180;37
468;302;41
713;258;49
189;75;21
241;729;27
82;556;36
401;733;4
297;271;18
108;709;44
460;724;21
559;794;36
443;564;33
238;439;19
592;558;12
606;229;35
322;770;32
217;467;24
657;655;50
415;511;23
632;134;16
748;81;6
548;112;43
12;510;38
653;413;36
319;636;41
717;46;49
134;439;30
362;167;14
485;735;48
187;522;35
704;62;7
729;45;31
421;771;23
508;198;39
590;696;6
168;247;44
382;667;38
275;162;4
54;48;14
52;213;29
158;681;29
77;57;49
249;557;21
491;303;37
422;769;9
27;228;25
38;108;31
114;563;2
709;340;3
418;722;17
227;786;31
142;35;3
663;593;15
85;554;20
385;257;31
551;481;42
289;588;38
331;38;36
292;115;35
207;319;39
434;201;5
596;788;29
499;588;27
681;495;26
224;186;41
47;307;38
490;625;50
781;780;47
262;716;36
479;496;27
162;383;18
15;44;33
574;616;31
708;771;19
546;798;3
776;652;37
680;62;47
77;754;36
300;731;50
21;477;18
158;4;9
338;425;7
462;476;47
676;408;12
154;293;5
615;283;1
172;694;49
118;387;11
366;606;7
468;224;23
366;195;43
519;7;5
327;266;12
458;404;50
51;119;20
497;568;8
422;358;39
184;370;4
218;473;13
151;200;18
420;662;14
35;83;14
241;502;44
134;241;48
776;271;38
667;525;27
5;472;46
93;293;37
751;23;30
177;115;13
173;125;16
758;348;10
640;751;18
14;526;35
314;204;19
742;513;29
626;762;13
775;159;34
487;330;12
647;226;2
68;637;10
724;249;38
513;658;27
349;570;2
735;430;2
520;742;10
796;75;23
510;516;11
243;467;39
578;94;24
186;507;41
307;358;37
276;136;38
202;582;32
384;544;2
195;32;23
216;426;11
543;404;48
159;327;13
312;696;37
535;410;35
468;197;48
451;158;14
2;44;23
199;577;48
706;255;7
36;683;23
575;539;20
538;26;33
352;689;22
656;583;1
453;152;18
733;535;19
600;237;17
409;365;17
671;756;24
87;322;23
219;550;36
552;180;19
539;206;39
387;716;45
283;723;27
549;611;8
205;34;14
595;747;6
704;711;35
457;427;2
692;404;8
298;5;10
220;627;3
331;120;36
291;352;43
797;786;9
257;738;2
236;266;38
323;360;5
495;357;49
27;632;43
680;104;11
605;800;13
174;436;4
607;559;8
769;667;1
124;513;12
458;23;25
689;127;18
567;305;30
138;529;40
654;752;2
596;61;17
468;563;22
114;414;50
622;46;31
536;638;28
752;633;31
252;205;40
723;785;40
618;34;10
100;618;20
506;619;33
606;199;32
134;663;12
395;601;27
412;171;5
325;231;21
291;173;29
679;621;43
563;617;18
643;660;5
513;205;40
490;526;46
683;241;47
464;756;4
312;592;33
568;347;49
140;294;49
646;181;11
337;749;13
564;488;18
174;416;28
701;212;1
470;175;16
187;118;15
775;234;32
495;408;17
618;389;10
76;185;37
268;447;45
574;210;3
288;158;1
132;681;12
498;74;32
236;399;6
732;320;9
785;721;27
12;560;17
388;434;48
537;214;11
689;151;49
7;143;33
140;582;4
82;320;44
429;223;11
638;571;32
496;180;12
38;224;18
25;437;11
459;125;15
212;187;36
635;420;7
370;721;14
646;337;19
317;484;24
203;29;32
636;285;17
370;419;37
645;380;4
37;260;25
30;635;33
666;175;42
769;581;15
307;491;26
35;171;11
98;667;40
665;589;46
129;15;24
663;209;38
481;250;50
108;327;43
454;160;10
259;347;18
324;320;28
227;434;6
494;489;18
277;162;23
677;113;41
304;364;8
762;141;11
723;18;48
726;635;41
767;211;41
383;730;4
227;321;26
402;697;49
545;634;27
239;194;22
123;534;17
343;215;43
750;272;41
398;384;34
102;155;46
400;392;31
137;654;5
693;61;11
187;211;34
72;348;40
199;260;48
522;278;27
80;702;14
85;23;5
88;583;30
455;643;24
308;724;14
295;774;15
231;353;48
237;411;5
450;547;35
436;53;31
69;253;6
555;188;17
537;238;33
649;772;24
619;533;17
88;174;18
528;778;37
311;287;37
644;418;38
465;656;4
142;415;22
96;756;10
337;583;43
185;435;15
479;160;49
5;7;32
142;611;33
628;619;31
41;721;33
406;41;17
635;474;46
391;493;28
422;187;33
413;494;14
125;262;17
759;793;5
181;438;46
14;709;24
363;71;18
483;546;35
529;187;12
567;267;18
142;364;19
200;11;41
202;107;28
713;128;45
457;102;14
472;26;7
186;746;40
713;98;5
126;592;22
94;50;15
87;601;13
157;64;9
697;708;11
378;256;23
590;379;26
510;718;12
111;485;28
573;544;27
441;398;1
670;511;30
38;237;3
649;128;10
655;172;28
478;760;50
65;282;22
48;75;42
481;455;20
376;361;22
635;130;48
46;328;42
141;518;25
396;190;43
441;152;40
236;9;4
595;392;27
721;731;29
389;450;48
635;41;25
300;443;32
450;142;15
413;353;4
339;21;47
322;800;42
394;422;31
755;387;14
174;372;17
322;294;49
662;201;22
54;593;23
428;745;43
85;8;14
253;139;13
87;761;17
621;285;11
406;717;13
470;770;42
334;159;40
782;290;11
198;387;13
511;669;45
611;301;13
266;251;37
99;672;4
270;220;27
497;539;46
85;289;12
606;702;21
62;611;26
525;165;50
638;615;36
659;410;35
223;783;22
429;112;12
394;773;23
379;656;24
99;115;38
780;65;45
720;185;41
389;222;38
488;356;32
658;291;1
94;18;37
11;186;36
751;120;29
536;794;9
782;463;42
680;697;22
320;662;43
82;176;42
525;781;24
590;647;9
640;334;18
143;100;25
81;679;19
62;485;45
345;336;24
226;274;21
286;62;23
153;523;13
556;385;26
619;331;26
348;160;38
762;195;1
637;338;26
536;699;29
255;333;48
238;582;24
291;18;26
13;440;10
221;157;48
515;63;8
211;332;46
524;790;21
141;678;49
293;353;39
688;371;15
151;524;14
73;3;48
112;782;46
697;129;5
760;394;41
457;311;38
743;398;39
662;231;33
426;195;2
674;535;34
267;401;50
265;6;13
409;793;24
738;781;22
750;299;19
694;3;37
172;273;8
370;705;15
686;754;45
791;417;13
364;92;41
688;667;48
135;190;16
487;592;11
133;422;24
48;172;7
9;484;24
336;363;24
178;487;46
629;51;12
465;280;41
603;327;9
126;364;4
217;420;21
27;518;47
347;495;43
205;201;46
414;779;47
572;181;50
799;20;36
161;742;43
342;374;33
85;768;27
602;9;1
385;139;30
286;698;31
331;89;11
601;149;42
732;401;6
539;725;47
411;611;8
713;617;21
596;783;29
536;569;47
562;179;49
10;729;19
606;6;13
581;688;50
515;427;40
700;334;32
655;593;12
340;611;25
217;764;45
268;737;20
537;757;39
154;734;27
372;255;13
452;652;20
123;521;18
583;150;7
56;503;50
628;99;41
704;73;10
491;51;1
425;173;34
201;711;45
70;389;12
143;304;42
506;721;8
528;418;49
775;521;40
788;744;16
204;177;40
175;310;24
412;657;29
371;788;43
283;641;23
393;216;31
326;628;49
345;567;10
764;111;40
724;546;39
463;594;41
357;227;1
107;40;38
97;717;40
534;131;49
616;733;2
680;211;17
654;612;47
48;133;47
322;708;44
233;400;29
180;93;27
626;201;40
509;87;10
274;278;40
560;43;12
308;3;40
687;605;16
649;239;19
537;55;47
408;340;22
632;358;48
205;442;27
741;788;45
497;414;24
28;87;26
335;708;32
800;249;30
359;460;16
167;396;6
160;491;35
402;305;15
415;611;16
36;607;22
17;600;40
500;758;14
415;146;48
225;366;30
418;447;2
567;164;45
119;665;31
553;480;36
506;221;2
697;657;16
645;33;23
422;752;47
413;21;7
621;481;13
728;352;43
475;395;25
770;625;5
558;799;17
700;590;42
771;348;21
651;601;24
8;240;8
190;306;11
657;48;41
408;377;15
42;265;12
13;394;16
555;700;5
668;317;39
84;488;29
745;227;17
396;355;40
153;265;17
450;72;19
321;94;19
734;539;5
527;543;11
154;694;27
669;291;41
90;184;32
87;121;30
32;8;4
419;588;21
709;9;39
565;200;13
635;341;37
669;345;19
783;615;45
787;720;18
171;455;50
767;500;8
466;501;35
242;617;37
786;596;42
303;8;43
428;489;32
67;572;33
676;20;50
710;491;9
226;466;33
604;255;9
469;116;26
347;780;42
763;410;17
654;406;47
6;304;20
744;771;43
797;83;45
474;751;11
627;71;21
397;349;26
47;406;49
779;193;13
548;17;7
441;457;40
659;46;26
7;105;45
630;371;40
399;233;5
711;61;39
263;426;6
45;570;13
653;512;34
384;61;24
461;584;17
609;109;34
592;221;49
10;687;1
380;72;33
74;133;1
636;617;49
103;186;24
267;206;25
497;543;5
673;571;46
427;529;2
731;123;40
669;442;29
96;670;48
217;319;6
368;523;8
383;196;46
595;131;3
613;775;47
516;48;13
514;629;5
50;529;38
46;140;33
574;629;47
314;199;45
539;429;12
479;24;13
105;762;30
784;677;24
658;336;15
457;417;30
585;240;11
80;648;34
782;236;38
423;78;39
400;345;1
56;328;7
348;386;30
439;416;11
566;326;7
357;375;1
390;268;39
313;468;48
334;501;24
323;625;3
116;585;38
431;365;16
125;110;50
152;439;5
507;722;38
632;599;40
13;34;47
342;99;13
668;769;49
434;238;17
71;296;41
292;285;1
139;1;11
274;774;39
423;733;13
112;51;26
409;766;43
426;748;29
145;158;36
315;111;23
596;402;11
543;242;12
457;396;19
265;458;3
306;305;4
621;16;50
264;163;10
139;38;50
374;90;16
65;719;44
338;608;18
83;450;38
273;290;1
474;264;12
44;438;15
476;174;33
242;70;26
324;625;34
498;660;10
571;709;3
769;790;49
154;256;31
142;286;32
590;33;45
429;1;31
190;81;16
140;110;40
40;689;25
143;648;15
30;458;13
722;590;1
318;272;8
206;139;19
238;262;42
693;412;24
569;407;7
714;50;3
582;791;43
238;481;21
257;730;5
413;66;7
512;13;24
298;696;34
99;484;12
471;316;36
393;350;11
710;595;25
515;763;40
581;674;49
607;449;17
14;775;36
782;330;10
2;15;28
222;211;43
566;799;18
781;776;8
222;741;32
388;137;3
181;683;17
768;361;43
738;327;17
503;220;49
86;53;38
169;306;43
656;343;16
126;69;43
614;762;32
624;673;23
285;512;50
659;156;48
258;382;41
455;511;39
47;603;26
604;246;37
708;32;35
790;203;39
33;790;42
257;673;37
402;659;7
666;716;43
695;151;16
384;6;32
11;278;49
463;763;21
134;133;34
419;675;14
119;771;2
22;371;4
45;272;29
539;587;34
754;236;36
184;734;42
145;240;29
269;420;12
157;108;14
784;132;40
97;785;8
785;292;34
778;160;19
15;475;20
398;760;25
324;208;21
554;189;11
161;366;34
13;773;2
475;185;8
700;485;29
566;404;4
596;32;11
480;317;9
636;283;44
772;790;17
150;505;11
225;158;5
333;606;29
496;100;42
516;657;49
714;266;31
237;25;46
83;541;26
168;221;22
60;336;32
124;512;41
738;609;22
776;48;15
639;290;24
401;191;47
399;285;31
29;416;30
187;84;48
97;660;47
532;250;13
470;777;26
364;153;15
54;427;3
789;279;24
91;573;3
111;212;11
558;761;8
589;41;20
529;76;13
64;406;32
107;405;50
381;599;14
398;710;49
433;10;7
284;161;18
149;796;34
447;68;1
244;718;17
435;643;46
300;791;49
687;180;20
395;304;14
418;787;26
250;274;35
237;540;26
178;153;4
447;496;35
678;498;38
297;99;4
299;476;8
176;193;21
408;146;2
767;257;46
467;177;39
3;221;13
744;670;45
600;216;27
715;88;45
391;506;31
65;779;12
154;751;39
349;580;45
362;219;4
787;281;33
627;6;45
352;366;37
791;563;16
525;76;11
424;108;44
799;705;2
691;779;46
561;687;24
39;244;31
95;37;49
731;742;5
394;527;22
589;45;27
326;19;50
773;652;3
224;25;45
28;152;43
671;444;22
569;172;25
20;345;14
324;732;14
98;701;7
242;130;2
366;727;3
757;126;11
217;108;42
350;321;25
155;342;27
263;180;23
70;800;39
311;19;27
92;243;11
494;671;14
392;424;30
581;291;24
705;447;9
70;160;24
229;530;29
314;549;47
540;323;6
639;11;28
650;158;13
16;724;50
634;599;16
589;576;25
662;647;25
745;65;34
564;486;48
54;384;14
798;246;27
204;628;49
234;552;40
193;228;47
113;619;22
32;403;7
569;708;25
512;561;17
260;336;27
175;777;11
619;201;20
130;463;46
688;612;37
610;137;10
149;49;10
159;225;50
672;137;33
508;24;3
262;794;35
137;214;43
240;691;19
285;272;6
322;361;49
467;6;47
600;534;10
796;777;2
534;68;12
553;96;15
654;371;40
105;475;17
653;531;7
629;135;3
306;166;50
517;455;8
777;540;33
369;612;6
491;791;35
519;348;14
277;385;19
373;766;41
471;771;28
502;766;22
767;320;17
263;750;19
585;526;8
357;585;33
74;558;5
322;471;3
244;783;35
791;540;7
169;215;26
268;59;40
652;800;25
248;761;44
239;285;42
609;464;37
564;681;14
444;305;6
523;756;13
254;440;26
219;177;19
511;774;8
633;95;44
83;536;2
680;8;31
577;624;49
731;210;7
527;8;40
381;732;41
773;73;17
718;107;8
434;432;30
736;606;7
750;749;43
192;215;15
18;124;2
509;503;50
733;353;4
615;358;23
434;174;48
303;437;39
242;221;14
725;435;12
397;761;36
518;21;40
390;781;18
719;572;45
195;373;25
683;276;3
651;281;45
260;769;40
326;278;33
8;93;45
520;493;49
227;67;15
620;159;13
491;537;1
635;667;44
684;164;28
346;252;1
146;726;18
436;38;22
560;542;17
400;532;46
457;478;18
19;768;28
733;713;46
287;292;18
470;30;17
582;795;47
536;182;7
684;689;28
158;311;49
362;230;23
535;554;41
167;189;30
425;205;9
165;149;26
622;737;35
470;99;31
617;593;1
133;428;32
783;744;32
607;133;34
769;693;29
480;157;13
726;158;17
189;201;1
457;51;19
464;757;43
426;527;7
715;11;10
278;579;26
497;446;26
487;661;36
622;598;49
414;96;49
193;69;49
736;116;8
330;116;28
482;381;6
28;484;36
746;57;18
300;429;25
45;273;32
347;387;33
343;116;25
449;324;24
720;160;20
280;297;20
53;355;8
282;670;50
199;374;49
21;709;20
420;497;10
754;723;50
291;98;16
800;681;32
226;353;46
44;628;11
731;361;48
62;175;48
415;67;4
789;765;32
312;62;31
735;172;35
518;353;47
653;286;34
661;712;19
533;307;6
560;55;22
460;433;14
507;232;46
711;172;11
685;589;18
744;352;15
383;225;37
203;217;40
87;744;44
443;24;19
546;441;2
442;591;35
349;452;7
233;566;26
140;484;28
196;244;19
241;197;6
392;115;39
237;168;8
76;482;9
247;245;42
417;151;31
152;387;5
150;767;17
307;623;2
316;384;44
101;754;1
773;512;25
661;449;16
288;54;13
683;179;15
169;513;25
171;793;35
672;53;14
703;339;44
188;522;19
268;798;35
218;670;22
309;267;4
245;553;41
709;615;25
705;67;1
665;363;50
350;399;43
682;399;26
260;84;13
241;417;24
104;113;26
2;655;39
750;787;5
474;731;9
518;292;34
23;622;49
724;440;27
260;208;47
350;189;47
257;667;31
374;746;38
532;613;7
35;76;45
311;3;36
676;515;50
222;468;24
39;603;1
25;646;48
299;135;28
324;272;4
214;496;48
68;683;26
528;585;31
214;749;38
764;603;49
449;257;39
271;739;3
657;70;12
535;83;40
757;599;40
113;505;47
364;408;9
628;506;28
197;742;42
473;524;40
575;282;27
17;532;25
730;795;21
321;676;45
391;723;34
463;469;33
97;517;39
38;364;32
103;787;30
645;450;10
778;663;23
188;350;24
277;298;34
472;384;33
613;589;7
63;121;8
403;129;34
470;796;11
704;659;8
551;357;45
151;82;49
199;112;46
353;557;36
671;399;13
417;698;43
104;728;38
328;216;41
157;484;9
673;498;17
91;445;36
620;758;3
403;725;2
75;645;45
579;421;13
215;688;5
556;175;41
384;99;40
115;510;1
167;444;2
26;221;20
290;508;44
175;653;23
683;710;2
116;68;31
59;753;48
51;223;13
128;724;28
580;97;49
435;267;49
408;499;15
494;522;11
230;746;17
244;470;48
221;138;35
203;212;46
692;134;32
132;400;6
555;20;27
563;683;26
198;83;48
775;259;45
345;705;1
9;439;34
735;700;18
406;506;11
471;73;45
310;411;26
618;732;47
520;663;9
399;704;35
132;791;26
171;218;29
675;619;22
142;97;24
254;367;4
442;330;6
616;679;31
520;158;5
47;305;38
178;69;50
320;118;35
66;522;31
29;605;11
398;301;37
623;117;37
561;779;27
169;70;30
381;488;49
123;770;12
488;104;42
461;605;39
20;96;22
769;601;25
664;210;31
58;469;28
713;476;29
221;486;9
249;122;6
307;489;4
392;101;38
699;28;38
622;88;4
626;354;47
422;512;18
519;491;10
333;411;45
95;93;16
570;140;50
470;280;44
452;762;17
272;722;41
595;256;48
759;750;14
63;413;3
136;760;5
652;331;20
642;57;30
398;561;11
55;333;17
68;657;47
131;91;30
493;175;13
211;90;29
786;486;24
459;480;18
132;527;21
409;635;31
605;785;35
539;340;49
181;182;31
43;37;36
49;295;12
758;572;2
188;577;13
495;552;1
309;266;44
682;73;20
153;214;41
617;380;40
225;6;6
515;528;39
530;174;48
637;257;9
629;111;38
84;542;16
316;489;43
588;296;19
492;577;1
555;400;4
97;246;21
337;438;38
502;476;21
56;296;2
676;356;23
64;558;17
621;98;46
513;196;7
296;562;48
643;118;43
711;56;32
13;177;35
598;792;42
26;571;39
434;703;16
532;548;43
198;441;44
341;55;6
422;565;25
520;784;17
702;654;2
56;729;36
635;51;19
233;187;25
254;23;3
467;684;25
386;493;46
595;178;22
229;392;44
356;87;24
473;777;22
708;197;14
53;310;13
595;44;17
224;357;34
53;21;29
89;101;26
784;326;49
560;337;5
159;49;32
751;728;25
404;338;11
83;748;5
239;232;13
650;380;46
154;791;10
502;647;2
144;448;2
407;218;11
257;217;49
579;92;13
92;13;15
359;63;41
9;735;7
179;689;37
582;229;13
661;337;21
302;284;21
392;758;28
591;471;49
102;728;36
684;148;43
96;224;31
11;643;3
150;110;22
376;221;33
428;616;6
23;173;23
570;14;39
768;461;48
520;45;50
194;339;12
712;61;8
8;155;45
493;10;45
797;454;36
283;351;37
41;326;42
138;60;36
424;540;8
219;128;31
143;123;35
345;539;16
514;619;48
578;37;13
215;698;29
86;123;2
213;186;7
258;503;35
106;416;33
433;583;4
261;185;3
330;788;8
641;264;26
524;450;25
763;56;34
496;474;26
478;19;11
328;354;11
538;477;38
369;761;38
331;719;3
289;211;49
613;374;28
636;700;34
603;253;15
513;781;1
370;246;6
630;603;22
291;755;13
122;250;7
759;613;28
254;41;39
411;264;42
149;495;36
568;631;46
185;29;10
350;695;42
303;716;42
307;422;36
529;422;24
355;611;7
747;539;36
48;3;37
318;56;4
542;225;45
426;363;34
752;79;2
112;86;36
703;731;39
382;47;6
665;368;34
491;451;37
110;601;14
390;415;48
739;358;1
217;562;35
425;291;8
187;113;45
715;613;39
262;366;43
3;682;41
177;636;38
281;709;15
45;718;38
225;46;7
1;243;15
408;508;43
601;257;42
731;352;46
107;98;31
186;469;8
718;282;39
53;720;17
449;399;32
525;386;31
783;64;33
608;74;41
325;374;25
487;724;43
672;445;38
441;1;49
28;298;10
465;754;23
308;169;32
548;86;32
419;205;17
378;48;30
330;314;36
622;218;38
232;243;41
547;670;2
569;115;17
581;56;49
155;320;23
171;553;40
691;590;5
29;471;47
747;67;14
575;39;32
302;399;47
73;643;9
437;119;20
456;19;25
262;590;3
667;436;20
254;62;25
568;289;14
678;169;25
482;495;18
522;417;6
410;787;10
79;524;23
262;369;37
780;271;26
349;401;38
248;710;49
682;146;40
37;312;17
69;446;17
283;466;25
549;142;11
306;366;27
663;366;16
441;102;48
262;232;48
677;481;38
551;62;26
220;131;40
747;752;11
349;796;40
616;452;17
515;418;25
101;396;39
26;360;29
567;333;20
612;447;5
275;763;47
496;644;7
716;461;18
754;333;38
96;28;44
388;455;47
679;247;36
486;95;13
451;502;46
92;571;8
763;22;33
98;662;24
667;218;34
600;606;4
513;445;5
25;691;43
236;107;17
678;31;15
163;545;43
627;675;26
1;774;39
443;154;24
267;558;25
85;522;45
486;357;43
677;698;29
592;30;39
294;406;8
778;101;50
549;177;7
197;397;44
116;41;27
791;336;16
386;94;33
583;241;16
733;170;6
247;126;4
384;227;13
520;398;33
339;241;5
748;125;26
470;137;18
68;336;14
543;277;49
755;376;1
103;474;44
200;473;12
47;668;7
701;188;25
560;129;5
578;34;44
51;710;11
530;158;17
488;393;43
786;774;38
425;31;37
268;769;47
238;247;37
211;257;11
737;647;6
533;412;8
163;558;8
717;768;25
419;199;19
69;97;33
703;71;38
770;314;49
84;251;47
98;224;49
713;402;39
379;547;20
321;767;50
477;498;23
264;405;31
407;232;47
315;799;22
559;58;38
542;743;31
760;95;18
777;423;24
310;783;9
125;48;50
114;381;49
452;428;13
470;509;4
89;488;6
728;147;40
516;61;5
439;402;15
515;114;46
684;602;40
385;337;42
352;572;15
31;763;24
75;690;35
27;182;10
599;184;12
597;252;46
412;787;43
547;380;47
318;463;9
396;401;45
379;258;35
732;772;31
722;353;38
253;92;32
718;621;46
66;593;35
618;684;31
555;738;15
267;729;45
83;17;45
625;782;43
151;681;2
652;415;14
532;367;38
105;46;41
537;500;17
793;95;26
82;33;14
325;98;38
146;772;48
24;213;31
49;593;43
362;530;13
230;532;10
156;368;34
458;146;50
266;322;1
111;696;44
687;489;40
374;169;34
230;373;49
180;730;21
549;471;20
400;573;1
263;213;13
97;569;7
166;265;38
416;549;5
800;472;7
567;424;4
607;468;9
570;85;39
587;422;4
107;39;2
399;276;39
525;205;50
485;605;45
628;41;2
241;312;29
800;358;8
368;766;39
262;555;29
147;445;48
383;2;47
396;553;46
227;117;33
762;4;5
540;374;5
346;555;1
121;247;35
247;743;3
697;191;48
310;608;34
750;42;14
586;358;21
63;329;32
411;360;17
576;409;48
462;76;11
176;275;27
559;93;39
9;592;9
454;231;43
661;455;19
124;737;35
680;23;34
568;99;40
285;680;15
249;329;50
149;81;13
747;162;18
85;319;7
197;717;30
163;473;31
579;444;25
796;671;43
675;222;3
95;86;15
786;602;10
183;568;13
683;91;38
710;605;46
355;243;18
21;411;22
128;448;27
485;487;46
456;503;5
783;584;5
591;595;45
194;352;26
344;670;35
300;126;8
780;48;22
530;740;49
314;101;16
396;583;33
494;199;10
526;446;42
536;285;31
425;134;15
240;425;42
396;262;20
452;134;11
32;358;42
174;394;30
146;62;4
50;738;32
181;73;25
769;584;31
461;560;16
698;461;23
317;210;5
64;115;22
295;239;43
271;722;8
542;439;7
701;654;1
62;624;32
234;385;22
569;750;34
800;602;46
568;683;23
212;389;44
304;347;15
555;538;38
476;59;5
444;505;38
427;571;20
50;409;14
37;758;28
797;578;42
93;25;30
605;752;45
215;50;35
595;95;26
748;723;18
197;716;47
699;574;43
547;4;20
662;367;43
80;53;20
207;546;5
44;237;14
343;776;22
626;147;39
541;572;38
693;792;32
47;23;23
9;17;41
54;766;22
412;211;6
490;775;28
604;267;13
63;208;29
737;444;15
768;450;5
441;429;4
625;38;11
533;688;21
419;154;30
48;217;48
422;135;40
234;258;19
191;93;5
472;371;29
215;611;13
64;437;13
420;320;50
357;288;11
363;215;6
82;620;29
680;238;43
780;209;43
177;455;8
3;518;45
272;725;48
572;647;20
21;511;28
368;15;8
758;54;38
2;55;7
441;304;27
91;249;36
237;464;41
672;532;28
675;491;9
313;113;25
328;208;25
497;501;30
283;292;39
65;597;49
321;318;44
709;724;48
768;429;25
570;139;17
702;175;2
349;638;2
472;724;25
776;693;19
630;298;34
267;529;41
269;451;31
187;648;30
377;770;20
337;360;35
63;636;16
476;291;28
278;120;22
123;27;36
59;278;27
796;164;41
511;401;25
386;74;22
338;543;20
387;734;16
719;611;48
679;481;26
302;631;13
26;46;40
692;192;15
433;637;32
680;46;19
382;757;31
561;517;30
108;53;46
541;771;35
362;360;46
131;458;22
520;477;8
614;673;28
71;394;47
76;46;28
50;108;7
461;671;45
122;258;24
148;262;37
794;325;30
133;476;14
595;528;15
595;586;50
682;92;39
58;220;5
182;291;4
276;420;4
710;247;31
335;714;5
175;462;1
508;254;48
45;508;50
303;338;23
31;641;47
561;431;46
179;434;35
418;770;7
262;283;25
350;778;21
610;456;18
521;71;2
276;324;49
796;747;10
532;731;7
77;615;7
728;481;47
243;647;36
343;764;48
568;487;49
300;168;17
645;471;43
709;182;12
207;35;24
99;251;25
340;392;15
69;756;31
543;620;5
664;792;27
35;330;46
106;362;9
635;682;45
189;502;40
64;380;3
239;563;33
112;375;7
228;277;6
618;121;40
565;672;5
23;540;5
533;756;47
502;777;18
674;282;24
369;627;45
566;461;3
563;206;27
415;357;39
441;385;2
760;101;45
438;625;39
661;13;7
154;535;23
300;197;49
281;400;27
588;677;47
521;398;7
297;717;14
613;687;46
105;402;47
21;195;3
448;784;40
183;353;25
714;558;45
610;349;10
198;674;14
583;249;42
296;49;30
477;97;28
38;533;43
11;441;10
433;243;49
402;567;10
329;43;45
419;798;39
456;310;40
224;100;23
394;142;37
663;654;10
131;615;25
534;460;11
3;227;29
323;200;5
8;299;21
510;523;35
86;68;23
411;526;2
588;190;6
735;280;31
385;20;22
113;506;15
529;799;48
233;94;41
169;277;28
316;546;40
226;561;2
208;638;48
41;797;38
764;657;24
469;515;41
323;365;35
191;175;48
65;332;40
740;343;21
318;399;49
412;685;13
434;453;43
305;712;28
547;791;44
46;179;32
593;520;18
126;269;47
560;675;31
532;102;13
324;648;17
205;770;17
209;639;19
422;691;39
23;621;41
609;431;47
285;285;37
454;668;10
614;325;15
697;233;3
774;471;9
719;20;41
63;716;33
654;765;23
593;458;23
128;436;48
748;320;25
625;19;50
782;216;48
269;622;22
119;110;13
362;215;23
41;257;5
650;294;1
495;603;9
632;284;50
166;742;14
605;424;18
335;120;46
138;450;40
307;195;17
712;667;2
582;653;43
767;255;21
222;175;28
632;189;38
218;297;49
551;386;10
623;250;14
597;16;28
270;140;45
350;347;25
793;619;5
107;665;37
617;31;12
369;188;15
456;786;17
227;259;43
248;367;26
297;732;43
426;125;35
601;538;14
224;417;36
190;232;38
113;1;25
773;506;25
634;287;10
372;302;34
115;600;20
252;505;8
676;404;34
75;614;45
58;654;46
789;756;38
251;77;21
690;790;49
776;45;7
430;317;21
314;580;12
610;330;48
105;701;25
310;107;33
699;257;22
269;534;15
162;177;22
236;773;46
561;706;35
541;49;2
796;196;9
237;724;17
423;323;14
640;438;47
212;586;7
435;109;2
735;127;2
40;513;22
202;266;30
385;704;42
754;156;4
58;331;2
333;145;37
452;488;36
456;397;21
164;395;38
392;522;23
188;184;8
636;441;48
793;690;22
307;209;10
97;326;43
662;1;37
128;490;9
576;462;35
393;382;29
269;136;35
559;20;13
231;263;47
687;718;27
32;212;46
255;676;3
729;21;38
501;209;8
313;441;23
513;194;38
102;480;37
626;227;12
358;29;11
533;583;47
532;654;36
335;168;41
508;799;43
195;56;48
645;766;36
148;321;17
82;793;20
170;715;24
459;347;41
201;245;26
542;269;5
702;573;40
531;660;14
767;479;20
343;613;11
374;629;48
595;656;7
117;738;17
175;475;44
330;288;5
58;742;32
574;110;23
52;639;35
292;209;37
667;690;33
169;85;22
555;639;10
341;508;32
349;523;26
769;279;41
432;201;5
688;214;38
265;601;7
667;270;45
693;84;35
347;403;23
633;523;18
119;127;21
670;614;23
713;4;37
546;270;1
742;487;12
30;183;7
365;757;7
326;290;50
402;5;22
345;219;47
144;264;34
193;174;18
420;81;11
510;678;4
267;408;33
374;795;50
615;450;21
231;656;11
184;53;10
125;582;20
211;316;7
760;480;17
586;608;1
339;791;4
460;230;44
409;205;7
165;331;24
614;598;34
433;47;15
632;424;30
368;503;46
548;68;44
57;63;31
487;798;30
718;754;47
391;239;31
96;682;2
23;259;43
467;468;15
7;487;17
488;724;32
183;529;25
219;190;3
516;53;20
547;745;7
85;501;16
606;375;15
55;691;44
726;613;14
790;211;45
263;491;14
764;318;26
639;419;21
156;136;38
76;713;13
70;336;19
672;652;32
220;246;1
448;513;34
295;242;1
732;5;45
354;454;31
203;31;25
194;213;50
391;701;19
11;47;19
259;144;50
119;201;25
227;26;40
582;763;21
27;727;35
626;495;8
364;136;14
15;657;1
129;51;42
121;529;16
478;325;33
560;245;12
334;248;45
345;249;43
373;84;47
477;51;40
158;112;46
244;166;24
507;772;15
628;580;8
528;354;45
712;164;14
55;240;9
461;180;37
199;376;18
617;686;19
526;507;37
315;425;44
207;554;13
235;724;16
677;579;10
629;506;26
749;105;21
762;148;5
134;13;3
690;26;25
548;614;12
619;508;5
731;583;6
624;196;42
796;333;41
768;545;43
300;561;30
39;761;12
408;568;29
50;362;43
664;62;45
423;511;1
256;361;11
625;349;21
443;543;3
101;318;24
335;89;49
368;683;3
388;487;8
664;257;28
163;756;33
100;484;27
505;625;18
9;175;44
103;175;48
307;353;18
208;422;48
80;109;50
135;602;23
370;402;15
115;772;16
580;697;50
247;728;50
463;557;50
281;705;14
530;684;27
200;501;3
759;122;19
740;565;20
662;276;24
336;254;11
152;549;6
483;670;7
399;244;20
445;595;46
239;488;38
238;709;29
244;514;27
606;513;32
132;156;10
608;455;34
77;324;36
598;660;4
249;741;46
701;470;33
644;462;39
423;209;18
331;800;2
394;198;48
478;745;50
567;18;19
714;332;2
508;560;28
329;337;6
262;566;16
419;233;39
597;232;15
314;54;30
365;650;12
53;46;46
295;38;27
702;245;11
724;287;21
58;64;43
611;204;31
775;17;27
255;387;50
776;579;10
352;635;11
218;166;50
465;117;50
328;475;39
184;791;20
702;513;13
628;620;35
345;85;3
22;451;50
329;410;14
797;460;35
429;749;2
658;763;16
529;641;11
213;271;49
678;754;7
743;667;25
532;509;5
700;692;27
246;140;29
291;659;45
685;188;37
687;495;30
666;295;17
37;619;22
284;107;43
560;308;26
185;80;35
461;98;30
281;687;9
461;329;40
485;451;27
309;454;18
445;788;15
66;528;2
534;48;38
69;569;26
276;74;30
320;309;34
742;379;47
299;424;7
75;23;16
631;578;20
470;488;46
305;175;11
602;207;12
88;325;26
420;449;37
784;53;36
342;72;48
91;259;43
206;502;29
426;521;30
670;658;48
168;196;48
527;684;46
253;639;43
616;75;24
538;738;18
764;793;50
794;403;8
720;312;34
391;342;44
546;51;41
477;383;36
740;55;8
355;585;4
295;402;41
32;355;1
23;217;27
554;477;24
258;179;42
336;250;36
8;84;7
292;478;42
545;35;46
520;508;18
22;382;34
651;336;26
543;709;14
355;380;14
394;94;32
593;798;15
135;691;11
52;455;48
457;708;24
454;485;26
81;393;16
570;350;38
349;641;15
638;163;48
670;456;41
311;474;30
295;88;42
791;135;8
570;607;19
103;131;40
556;603;39
224;733;19
535;620;44
181;371;14
385;90;33
350;734;11
553;265;30
496;725;4
444;509;18
593;667;14
778;618;32
324;316;3
608;475;25
443;781;47
756;618;12
430;523;25
237;203;11
297;386;14
125;207;25
751;584;36
618;191;5
403;526;17
475;267;21
105;100;17
727;120;38
742;659;46
285;553;10
206;467;32
540;700;25
426;118;22
74;721;19
125;619;22
144;76;17
710;648;43
577;172;50
112;357;9
591;314;43
487;342;48
598;745;13
472;788;42
547;95;38
104;470;11
13;168;5
498;397;3
373;785;36
468;598;29
765;349;21
250;221;15
633;731;38
80;491;45
524;469;30
677;617;32
668;143;21
316;635;41
649;701;16
405;589;12
403;798;48
192;719;17
115;776;7
557;635;3
681;656;43
44;609;6
557;759;40
619;150;32
652;182;45
64;326;15
707;60;33
701;179;44
28;196;30
179;64;49
421;127;42
756;277;42
698;292;50
471;11;4
326;331;4
189;715;23
305;109;27
354;553;28
313;553;48
374;399;49
172;762;5
592;500;13
655;690;50
132;293;24
60;639;48
141;456;36
88;555;20
779;661;41
139;94;46
311;595;49
61;113;48
382;77;15
682;703;29
681;195;34
512;317;9
254;543;49
92;293;3
794;370;37
632;457;11
104;444;24
453;357;30
620;728;29
371;504;42
463;755;18
795;185;25
522;245;40
657;413;36
400;241;16
175;155;25
209;513;6
161;379;10
43;573;1
672;597;12
535;58;20
36;562;27
87;504;44
37;220;35
562;210;28
516;705;30
246;663;25
701;580;29
88;155;24
439;655;10
399;198;44
508;342;25
556;472;12
29;301;22
226;674;48
220;102;2
641;425;26
443;638;39
61;505;16
678;105;14
191;378;32
731;736;32
757;713;11
36;747;43
171;593;18
489;298;9
89;123;19
781;614;47
204;58;9
371;93;42
8;68;29
339;470;33
145;409;2
197;672;34
746;351;2
212;81;35
566;532;26
392;76;10
515;657;36
516;604;10
798;463;41
363;1;34
539;32;35
130;156;24
515;565;16
98;442;21
777;419;3
192;678;41
362;585;15
393;552;49
347;731;26
792;578;16
602;481;15
19;373;25
368;612;45
648;698;47
268;608;43
196;762;13
544;528;11
139;125;8
215;350;50
512;586;17
200;620;2
656;490;39
552;341;50
229;683;6
678;649;50
768;695;24
541;253;24
636;306;32
452;261;29
76;157;15
189;762;7
259;426;23
599;331;50
75;224;20
491;613;46
125;521;37
3;742;3
767;724;13
374;485;11
351;295;26
130;621;33
554;233;5
245;433;33
699;18;22
44;717;31
84;169;22
601;333;29
179;452;47
121;576;18
580;454;37
36;168;45
35;670;26
202;752;45
607;218;28
287;87;12
19;245;8
137;47;32
753;728;40
289;114;15
457;31;27
221;325;33
467;110;25
463;703;25
183;738;48
276;794;4
200;669;23
438;101;13
342;69;7
87;364;31
337;459;28
558;90;42
779;725;39
138;771;27
742;282;21
289;799;21
484;518;11
223;434;35
201;333;8
180;16;18
707;356;5
698;741;40
284;765;10
441;764;11
418;769;40
143;381;32
410;544;30
763;92;23
442;322;5
126;638;17
74;222;32
79;72;20
198;142;34
47;723;29
504;568;22
220;684;2
78;411;4
215;720;23
325;671;43
495;257;50
326;383;48
558;797;1
711;726;29
358;352;10
701;248;4
500;635;26
211;364;15
542;377;17
378;705;31
167;455;47
701;705;16
291;41;26
169;58;31
522;132;16
394;667;47
668;401;30
348;634;17
156;511;11
37;748;20
793;235;27
213;604;13
315;658;47
341;652;30
66;128;12
521;587;19
189;530;21
215;117;10
5;540;16
679;244;7
370;45;16
496;72;33
548;298;33
702;47;49
226;98;1
1;420;10
37;81;42
580;222;8
711;579;34
495;682;8
92;665;36
457;756;9
99;133;12
574;156;25
88;637;8
143;465;43
667;445;1
554;586;3
453;696;25
418;491;43
76;248;7
680;15;33
717;699;47
125;566;50
734;380;14
567;38;44
797;21;29
259;335;17
286;64;3
200;796;37
79;488;21
768;253;42
274;210;31
593;781;48
75;754;31
266;89;31
559;749;32
508;531;11
110;348;39
310;54;18
527;379;11
622;128;35
309;587;22
33;613;17
70;342;27
255;340;47
348;73;45
166;216;45
219;638;25
94;369;9
8;23;43
541;782;21
283;223;29
102;20;27
204;89;34
287;663;27
400;170;24
9;614;31
252;758;10
728;374;14
350;408;25
338;115;49
414;332;21
282;538;42
307;596;46
791;99;41
517;124;28
571;144;44
690;440;49
454;21;5
775;594;14
118;16;34
697;773;47
690;498;26
555;645;31
498;47;39
610;62;6
353;346;40
553;3;4
21;28;49
788;372;8
785;114;50
713;308;49
734;62;25
460;69;33
511;436;20
734;288;47
631;244;50
467;76;5
329;123;36
646;83;37
529;178;3
646;443;50
124;593;49
551;775;5
786;380;12
644;173;12
624;127;34
400;776;11
432;553;10
320;224;18
439;505;33
499;315;27
553;638;15
491;327;35
638;427;15
3;289;19
115;333;32
517;709;2
311;128;41
789;145;35
648;477;17
525;262;26
66;425;1
769;464;36
441;526;25
81;711;9
469;445;6
448;149;42
563;516;47
729;655;31
699;145;20
373;624;21
218;593;31
632;607;24
632;185;16
422;596;43
450;706;44
481;706;3
38;329;5
188;147;9
162;182;47
782;546;9
339;513;21
64;145;22
709;530;20
293;549;43
546;566;10
253;316;47
426;602;50
328;442;23
534;762;20
359;750;41
772;153;30
688;562;2
775;220;7
208;270;19
64;282;25
631;425;34
389;314;50
330;511;25
600;157;26
656;365;47
87;583;16
307;535;20
268;526;17
675;701;30
328;353;35
343;327;8
226;747;43
41;683;12
115;647;27
215;334;10
425;617;5
641;724;46
660;270;34
275;547;18
236;732;30
323;165;35
213;444;24
492;516;8
766;510;45
186;52;8
570;277;14
587;392;34
74;143;42
343;318;7
242;155;48
198;261;23
28;772;13
551;331;26
675;59;29
681;359;42
505;483;10
792;361;22
569;247;6
191;691;38
84;597;27
722;757;29
732;299;16
482;345;12
69;748;29
720;94;46
62;696;24
779;165;18
639;245;26
164;716;42
597;25;46
566;756;31
203;376;49
476;676;14
364;34;3
207;662;5
566;793;36
81;252;40
517;654;40
82;249;11
258;627;26
728;310;38
192;425;47
709;646;27
509;665;20
266;17;45
225;579;49
442;79;13
378;305;43
474;226;28
278;378;9
686;786;29
70;118;40
572;649;18
478;330;31
544;512;3
730;370;16
405;680;9
750;444;26
344;511;49
568;606;8
714;438;9
22;112;39
734;727;10
152;735;29
400;697;18
649;177;12
122;432;1
649;486;46
598;634;16
386;636;36
758;737;11
317;298;24
466;153;29
501;396;38
68;13;22
183;73;22
510;366;22
87;461;14
706;113;2
633;511;29
790;92;25
148;410;43
581;734;48
706;171;8
41;191;42
538;44;49
630;730;34
765;720;6
468;278;14
299;4;26
760;172;17
612;504;28
610;230;24
799;370;41
790;183;37
752;328;28
238;333;25
379;440;4
670;503;7
101;122;41
749;463;5
243;403;4
212;610;50
735;530;25
111;36;43
74;418;46
201;100;43
709;207;41
140;68;22
364;776;28
785;576;19
593;235;22
484;121;40
60;615;8
673;6;1
679;359;47
234;648;19
388;32;46
37;483;46
252;482;9
513;447;9
268;412;9
653;702;14
742;245;4
598;464;6
145;635;26
118;732;9
616;82;44
396;408;20
706;71;44
122;138;48
274;99;11
325;733;23
211;628;36
697;554;42
188;276;36
64;533;45
471;634;33
560;240;25
504;163;17
725;749;44
500;632;40
285;210;37
461;493;22
55;782;48
727;398;38
467;517;20
102;766;13
653;34;29
367;670;44
584;237;11
274;669;32
213;477;35
320;296;36
193;243;21
140;602;44
448;511;27
565;199;11
159;482;27
707;509;43
108;126;28
320;628;46
433;117;50
669;276;30
680;553;23
198;638;44
637;207;13
574;576;22
402;336;46
731;523;44
52;566;41
557;645;32
686;136;36
597;119;36
441;578;17
349;469;31
395;723;23
547;336;12
374;278;1
497;63;1
319;292;31
197;626;22
484;409;32
321;321;43
420;520;50
287;461;41
540;453;22
322;528;39
695;297;33
559;696;38
39;582;44
267;200;36
84;277;29
613;665;32
550;7;6
379;477;15
312;292;30
377;123;17
295;717;28
638;388;28
572;479;9
320;371;23
45;527;50
727;583;32
737;665;34
67;132;12
231;79;34
300;423;5
69;388;15
340;71;24
476;507;8
369;56;38
147;211;2
310;204;10
393;462;28
661;775;24
635;63;32
276;308;4
440;59;6
233;585;6
521;339;34
108;593;43
98;233;49
636;529;36
726;683;46
439;251;9
689;122;50
441;520;22
498;431;49
683;61;26
27;495;6
499;14;9
472;37;24
418;580;44
63;751;32
68;697;10
309;551;18
33;685;10
454;334;17
285;624;10
796;763;49
188;146;39
544;51;46
767;235;44
657;744;35
446;537;25
257;442;34
495;658;23
56;333;12
716;738;16
95;705;42
400;791;43
706;725;9
497;211;12
178;551;7
754;314;8
91;367;31
253;329;23
143;567;27
560;288;3
379;450;20
79;325;48
458;331;9
159;504;46
495;517;18
539;729;5
751;659;22
394;115;24
204;244;28
493;406;39
293;189;5
482;615;25
535;454;46
148;539;45
7;215;28
58;263;38
667;356;23
514;260;36
710;601;31
473;649;31
753;475;33
312;85;9
392;583;12
208;221;13
45;121;19
263;746;9
478;794;32
435;206;33
307;222;29
154;612;39
14;486;23
43;416;24
158;146;19
664;250;36
261;383;15
17;333;32
80;92;44
141;354;40
479;157;43
767;676;47
579;154;30
81;770;47
319;167;15
553;679;22
403;627;37
40;767;33
204;373;22
112;585;19
205;402;8
529;10;31
631;374;13
62;650;13
673;21;30
483;138;2
558;664;34
533;56;34
168;715;7
410;178;40
549;110;7
714;170;6
601;228;14
409;168;12
265;277;23
759;515;27
150;777;22
80;215;8
201;55;37
469;40;14
694;20;48
612;538;40
12;249;28
687;199;24
439;387;15
502;301;4
400;377;26
539;430;1
42;525;26
229;218;42
365;535;30
76;556;4
309;677;2
365;221;45
75;335;25
100;327;37
282;157;31
239;513;27
75;258;6
652;310;5
534;199;48
320;272;2
355;746;37
9;13;24
262;657;4
30;302;36
574;421;16
192;150;32
772;472;2
338;704;36
86;327;14
605;763;22
749;318;48
528;499;46
359;665;43
388;795;36
715;468;39
341;509;19
359;215;19
602;352;28
708;330;50
314;365;15
24;22;36
796;787;1
358;58;30
43;758;21
342;413;5
552;73;26
198;430;1
287;122;49
472;679;11
423;70;49
237;331;25
139;522;10
576;197;31
333;602;18
679;93;10
462;35;21
343;675;19
191;601;40
442;101;12
128;196;24
481;668;34
723;490;5
104;54;5
17;501;37
293;239;20

