500
12667
3000
73;75
2;24
5;51
95;30
25;70
96;71
42;60
91;63
65;48
49;13
9;81
53;43
13;25
3;18
8;39
26;97
93;11
94;41
39;32
96;31
38;15
28;58
17;31
8;83
47;32
7;39
76;68
9;4
33;69
7;21
16;22
15;24
47;97
13;65
40;42
73;37
86;22
68;72
55;95
98;9
73;61
7;5
56;22
27;48
1;62
53;56
45;56
23;6
10;34
35;63
71;49
13;88
88;33
64;94
20;93
37;17
70;82
100;68
84;54
50;26
34;24
100;61
40;15
17;61
87;92
83;19
53;69
60;79
93;95
9;39
45;77
20;99
100;31
82;71
60;22
3;76
60;91
46;83
40;53
38;59
81;77
39;2
21;57
64;64
85;49
49;68
85;62
84;99
45;4
76;2
52;8
18;100
23;99
82;35
57;82
18;65
26;23
26;91
59;13
30;21
27;61
97;95
12;45
32;69
70;77
12;30
25;12
2;32
46;93
79;52
43;84
48;43
56;8
100;59
99;42
17;19
5;80
49;95
86;97
13;20
82;15
21;3
22;87
31;46
15;91
31;2
67;93
88;74
96;31
1;17
78;28
30;30
69;63
6;33
16;20
94;42
27;48
79;91
35;17
94;87
80;35
65;98
80;13
67;12
74;25
13;77
82;75
16;98
36;29
86;48
49;12
68;13
7;46
26;28
56;9
51;79
90;64
65;64
78;81
33;41
18;76
16;64
22;46
57;55
9;6
98;81
62;77
31;91
23;16
70;38
46;17
57;66
16;58
7;10
65;29
29;67
11;25
34;93
71;90
9;85
86;34
15;86
53;76
33;82
7;46
23;84
100;78
41;52
80;97
59;10
10;9
32;65
99;41
75;61
55;47
97;12
89;14
3;86
64;57
89;7
83;21
65;94
7;99
46;21
20;74
100;80
56;80
17;54
36;55
31;35
53;100
96;88
83;64
83;74
94;4
81;22
90;23
60;1
49;30
41;92
53;31
56;7
68;27
73;100
98;19
42;23
21;54
31;52
28;86
32;49
24;56
65;99
9;77
76;100
80;100
21;87
22;14
82;3
32;73
59;13
83;1
8;82
76;9
98;18
8;67
84;4
17;86
54;78
12;24
13;55
71;44
55;48
57;86
30;29
10;4
4;47
9;77
25;55
64;24
8;24
86;91
41;86
5;5
24;43
19;63
52;51
71;83
46;81
60;55
69;8
77;37
39;92
81;16
93;3
48;48
14;40
7;70
30;75
56;87
54;41
65;54
91;24
67;13
55;60
40;25
17;65
62;19
97;1
87;64
57;9
85;68
7;8
67;92
10;32
87;1
1;86
84;85
55;32
87;5
89;90
57;100
7;83
39;92
18;34
7;83
83;33
77;65
23;45
22;13
91;48
89;22
36;80
14;85
12;25
51;24
93;39
75;13
35;70
10;65
32;15
13;16
8;44
47;75
48;51
16;62
87;35
22;52
96;85
36;100
87;55
44;66
7;31
49;67
57;15
39;85
14;68
80;67
52;85
95;30
71;10
12;30
96;54
2;68
20;59
17;88
94;97
45;14
78;2
33;37
69;57
76;18
82;65
41;20
52;29
89;89
35;38
35;41
45;89
10;81
5;39
27;56
78;3
38;97
6;24
29;49
23;57
91;89
100;5
92;4
22;63
26;53
85;47
57;91
86;11
65;12
66;53
48;72
52;74
83;71
60;85
49;55
100;22
91;65
61;94
44;57
31;19
73;21
72;44
58;20
38;36
83;49
92;97
21;76
54;49
89;43
56;80
51;37
90;88
45;12
17;18
35;81
100;34
87;22
94;47
69;12
43;16
81;47
66;79
30;96
10;29
75;54
89;43
29;80
6;100
100;43
99;59
35;95
15;31
66;4
95;31
51;76
100;36
2;84
85;59
22;92
46;17
29;28
88;92
52;93
89;53
44;25
88;11
49;95
74;23
28;87
12;95
4;86
29;88
82;89
36;97
27;81
28;29
100;80
68;93
76;59
89;80
65;47
63;87
28;41
91;53
9;70
16;72
48;84
18;47
9;33
28;17
91;98
30;86
27;55
10;44
29;50
64;4
19;41
57;15
26;5
76;14
55;17
48;42
55;13
79;29
100;50
33;14
71;43
42;59
26;24
37;98
66;42
84;25
27;46
97;51
1;16
36;77
80;82
20;34
40;25
100;59
70;8
10;34
2;4
10;73
49;41
2;35
37;15
59;48
84;11
84;47
34;33
94;14
3;23
99;98
148;37;9
300;139;27
323;351;16
429;356;41
293;71;6
467;268;13
415;116;3
208;73;9
173;391;38
406;276;43
389;466;23
271;482;8
232;219;25
350;81;12
435;105;3
157;396;20
235;397;8
86;14;46
197;215;50
320;469;34
76;235;31
220;445;25
399;100;28
406;376;32
488;32;14
484;1;43
9;76;34
1;382;45
411;448;15
99;32;27
44;352;26
298;225;5
17;218;16
235;495;44
339;147;37
158;59;41
434;84;46
141;373;23
349;177;44
480;328;12
444;413;31
115;150;48
270;195;19
369;173;18
109;123;11
124;377;1
117;39;23
178;372;44
244;190;33
87;45;29
316;398;4
288;417;11
321;466;43
11;99;45
414;116;7
231;327;21
176;149;28
355;340;16
434;51;3
142;436;38
234;102;30
397;454;44
66;304;39
275;187;41
340;139;49
293;68;40
104;199;44
476;167;17
309;377;26
24;26;36
493;123;32
273;26;50
252;157;31
447;308;19
479;463;29
80;89;6
240;454;49
370;16;38
72;436;43
154;419;26
31;438;30
109;152;21
285;303;43
443;284;43
218;215;20
462;470;17
298;382;1
383;219;5
106;320;12
70;381;16
257;204;18
166;44;25
316;453;23
498;108;19
426;334;15
494;49;47
219;176;37
90;482;30
233;153;13
487;165;3
71;233;12
158;478;27
339;358;44
354;407;9
435;394;7
467;263;36
387;236;21
459;321;49
364;195;42
486;404;42
61;373;18
270;499;21
173;73;38
204;457;22
301;432;14
414;179;19
347;338;37
470;189;3
110;448;22
158;459;2
201;457;34
328;13;31
250;491;37
16;335;22
358;321;15
111;110;10
58;481;6
167;279;39
475;174;29
66;474;2
279;248;24
396;12;1
112;89;5
446;289;24
248;85;34
277;422;8
366;33;16
194;42;1
476;312;47
499;257;37
114;352;24
190;7;7
299;70;31
431;257;43
66;321;5
451;435;9
312;372;16
136;333;15
101;155;2
309;474;2
250;12;23
280;169;46
131;122;31
474;431;43
117;268;38
500;108;19
163;369;39
207;440;3
177;70;47
306;60;33
476;441;36
484;308;13
454;476;3
406;416;24
31;202;28
464;223;48
55;13;47
289;444;19
382;384;10
496;493;11
11;485;5
6;248;12
472;315;34
62;154;13
95;205;50
478;213;42
35;180;34
258;232;1
457;343;40
492;109;11
37;344;22
467;134;25
36;339;14
299;454;30
135;43;33
373;31;21
391;447;13
332;263;45
118;98;7
340;205;16
90;341;33
390;360;28
37;467;28
494;374;15
278;482;29
244;158;21
144;252;24
420;73;37
385;245;4
109;486;22
316;151;10
251;402;11
431;182;21
255;250;20
47;78;20
195;26;37
95;423;41
406;226;1
328;296;41
111;146;26
374;147;2
39;490;11
148;3;20
59;364;2
144;2;9
417;346;29
416;366;31
7;17;20
200;124;14
308;17;15
68;456;46
213;265;34
473;498;37
14;127;49
340;320;13
150;156;44
491;409;23
316;350;4
418;476;2
423;446;21
31;37;36
188;360;31
388;488;48
211;91;1
56;291;24
165;56;24
396;122;9
345;346;8
107;130;44
500;234;18
397;356;22
206;424;44
278;263;44
267;217;21
216;351;38
385;200;48
458;213;35
257;28;46
113;52;25
263;37;37
343;440;26
496;133;16
333;350;45
443;247;11
173;387;44
406;179;26
54;410;48
176;140;9
9;161;17
191;214;6
258;355;37
197;360;15
369;100;5
444;393;47
85;477;11
402;117;42
345;372;15
101;432;45
293;345;4
232;305;17
11;271;9
393;125;32
171;3;45
136;264;45
78;366;17
428;77;5
172;212;2
334;478;26
379;46;14
279;159;26
314;296;3
369;175;15
445;226;36
287;197;18
282;52;17
411;307;28
244;124;39
235;223;40
431;334;8
286;377;2
173;446;3
184;210;19
177;133;49
9;454;14
344;469;9
75;362;18
124;331;37
381;174;5
215;38;8
439;395;32
199;146;16
424;44;7
167;414;2
354;417;14
322;98;17
265;320;30
293;369;43
240;439;45
456;138;43
4;147;37
48;339;34
495;224;10
190;83;49
445;423;45
345;414;13
10;270;34
97;115;30
62;184;46
488;28;22
150;463;5
339;131;6
209;203;10
114;313;16
375;49;43
102;466;20
439;253;15
276;9;4
119;462;29
168;102;49
76;264;12
45;315;9
26;493;23
215;176;2
126;331;36
263;219;44
21;121;15
213;301;12
361;163;33
60;15;31
10;448;22
481;41;5
21;295;18
471;405;15
209;246;23
414;456;49
486;177;25
320;436;38
324;148;37
124;369;39
213;147;8
154;76;9
469;448;44
417;114;2
268;318;15
469;92;29
281;277;25
233;406;31
248;257;19
142;136;15
74;177;49
274;261;44
19;429;50
155;454;42
439;206;38
208;129;25
269;145;1
486;165;47
495;22;45
13;287;7
20;169;34
461;152;42
256;66;42
309;289;17
344;34;17
113;104;50
345;94;19
357;184;20
81;25;22
209;77;29
114;111;31
358;151;44
327;408;43
462;440;4
258;330;44
98;210;45
461;462;33
57;334;44
258;245;50
218;497;41
483;253;39
399;390;50
6;492;30
482;148;14
398;251;49
94;300;21
61;306;12
214;152;6
249;139;34
178;257;9
393;18;12
278;369;7
389;143;13
235;468;47
18;494;27
282;186;7
394;191;47
210;224;36
131;255;44
288;99;12
186;228;8
221;8;45
104;347;30
207;145;49
117;2;26
424;499;3
11;323;30
277;300;50
194;383;12
302;468;2
481;180;46
401;43;48
244;26;26
286;158;15
198;50;17
252;240;12
440;470;42
445;399;28
32;409;5
489;453;2
223;425;34
489;283;1
401;377;28
235;134;35
277;59;48
279;128;30
233;24;50
23;29;32
413;191;10
25;8;13
151;17;49
331;419;35
373;472;50
438;333;1
173;44;16
435;80;27
126;50;50
148;443;1
78;322;45
387;215;31
188;254;27
289;412;28
123;320;15
58;412;49
427;64;3
302;434;45
189;12;31
455;229;50
26;44;9
469;54;11
78;207;6
353;455;17
474;54;29
433;291;1
65;465;29
449;490;36
376;311;9
7;407;32
77;140;28
448;60;25
168;150;11
60;121;39
437;193;35
386;163;10
285;99;16
303;57;49
361;438;3
431;470;9
286;240;38
470;78;20
341;500;32
416;64;9
95;174;9
93;69;20
195;463;10
482;144;23
329;439;27
459;332;30
17;245;40
396;294;25
224;346;11
77;237;34
220;151;21
131;480;48
490;31;18
436;49;40
159;469;39
295;103;6
165;346;32
443;117;10
325;129;21
433;488;36
263;67;26
438;443;50
373;26;44
200;329;40
67;340;37
441;23;20
109;100;2
325;492;37
493;115;13
126;345;34
194;283;22
495;55;22
146;271;34
343;99;15
294;298;7
220;112;17
469;334;47
76;349;7
241;473;42
350;372;45
165;401;32
9;352;7
453;23;28
417;455;6
499;51;5
491;384;28
297;50;23
391;338;4
230;88;5
306;402;22
53;17;21
2;85;40
163;123;28
302;394;34
104;33;23
106;433;45
351;11;29
271;315;35
241;56;26
67;311;48
63;108;31
11;132;24
455;302;34
121;11;33
210;389;14
222;499;36
363;317;16
16;354;12
239;377;38
487;268;40
156;465;30
134;410;25
31;403;34
366;12;37
311;246;42
373;356;40
234;388;22
402;30;3
326;154;27
259;354;4
105;233;22
108;211;13
278;339;7
120;52;20
15;125;4
486;257;24
48;357;46
19;356;50
125;293;34
466;37;31
424;24;49
140;441;9
413;22;12
483;199;30
306;474;30
294;148;5
3;280;44
499;352;33
395;276;24
238;319;33
68;286;5
342;363;39
168;8;27
172;437;26
484;474;25
339;20;48
198;347;50
322;475;5
226;147;44
329;456;5
309;233;24
135;112;2
243;325;3
178;47;10
344;350;9
1;19;25
339;62;35
276;422;50
366;43;46
28;386;3
437;368;16
240;54;4
394;233;46
368;199;1
470;354;7
20;237;27
294;142;22
197;451;1
413;476;3
237;170;35
466;99;44
26;408;34
146;71;28
127;356;34
288;299;3
463;448;36
421;413;15
41;109;8
7;91;34
320;268;5
499;123;6
284;289;16
340;334;1
160;43;31
83;434;1
418;171;48
31;299;16
403;306;22
385;267;28
383;245;18
321;190;6
406;62;21
228;497;2
45;196;10
87;466;35
495;120;16
100;263;45
22;267;34
39;400;43
184;314;25
292;129;29
150;402;40
260;291;4
344;376;50
124;252;15
276;301;22
200;276;13
353;317;38
143;121;34
209;386;20
255;495;35
54;458;31
163;320;3
302;449;32
374;148;29
171;227;9
59;69;1
253;159;23
345;441;16
188;420;10
349;284;45
309;418;32
497;20;35
109;461;47
203;458;14
70;455;30
253;216;22
186;20;49
245;33;32
452;124;43
396;298;42
451;453;37
289;42;17
426;33;6
157;185;10
159;210;11
478;298;21
448;371;41
319;164;48
162;160;42
57;230;39
169;196;33
192;68;28
22;333;2
250;64;34
150;483;5
81;182;5
438;121;14
319;443;49
36;436;47
19;231;6
73;362;26
312;179;37
485;43;44
497;458;13
66;467;14
136;78;38
484;227;46
383;111;42
277;257;37
8;439;35
27;437;30
195;398;42
308;324;50
27;56;6
208;435;21
499;83;39
329;361;44
81;112;30
435;167;9
163;473;33
446;95;29
20;431;35
187;469;13
61;99;18
79;95;14
88;50;28
498;127;41
276;143;19
247;498;14
159;136;8
192;23;37
481;342;40
151;301;49
78;458;6
12;30;3
341;477;32
213;67;26
32;20;44
444;420;34
427;166;46
76;140;34
37;76;44
286;487;42
373;347;29
49;189;20
222;407;47
300;198;15
424;195;18
325;61;5
237;436;19
375;404;28
381;351;30
374;343;25
327;257;33
374;53;23
100;416;50
325;446;8
123;406;25
65;5;47
92;319;7
479;318;19
317;248;44
308;88;28
323;331;37
244;232;8
471;247;35
284;359;26
428;355;16
13;222;9
426;160;26
105;414;48
463;128;11
345;208;11
388;405;47
287;185;15
262;357;19
154;435;22
439;344;38
319;200;2
395;323;27
39;129;45
6;7;4
67;455;47
321;125;17
298;131;16
327;251;16
94;52;9
112;111;2
477;255;46
133;88;37
491;170;28
304;27;25
229;493;6
28;240;31
293;55;45
486;184;36
422;285;4
167;52;42
259;441;37
483;8;37
371;438;30
394;142;46
68;92;44
186;383;34
30;362;13
109;378;42
301;444;39
1;402;36
269;3;40
482;158;24
5;467;24
140;5;5
67;218;9
379;257;31
339;494;21
31;275;30
254;395;35
451;141;23
144;410;11
497;224;11
118;161;46
160;35;1
200;181;34
61;223;20
491;312;32
405;59;21
342;372;37
193;319;3
384;205;10
94;253;33
283;88;11
134;111;25
275;69;21
321;499;24
456;340;25
312;262;28
14;186;29
420;287;21
196;103;46
127;443;41
336;331;49
145;481;20
397;209;25
39;415;33
494;388;40
230;178;11
291;245;6
294;106;29
81;47;20
207;367;35
348;11;42
459;348;21
116;346;43
130;192;41
348;483;49
359;166;34
335;81;27
382;85;39
432;338;3
259;123;41
343;311;44
339;472;49
474;173;42
320;305;39
129;425;21
194;454;40
343;381;9
25;180;7
41;272;2
369;416;9
76;390;38
92;235;2
404;413;7
375;189;41
328;111;17
489;87;22
459;430;17
350;357;18
299;55;27
270;258;8
392;3;18
472;178;26
41;6;28
163;421;9
304;471;31
496;47;23
99;251;34
166;328;42
130;414;38
58;363;43
326;299;33
302;39;42
405;80;25
444;343;34
454;471;15
190;382;11
41;468;12
494;31;24
417;322;9
54;387;18
396;183;37
287;300;11
9;462;37
15;500;31
29;184;7
129;331;27
405;141;42
52;431;13
170;321;27
298;103;2
435;332;6
25;30;30
287;20;31
370;321;40
268;381;46
327;392;6
116;47;33
90;220;5
40;446;50
421;314;13
76;82;10
54;388;19
165;282;36
170;129;40
288;216;9
179;395;36
197;142;43
324;352;11
426;185;43
220;439;42
231;9;5
365;386;12
110;179;45
112;216;28
71;418;32
441;330;14
403;260;13
157;50;43
333;267;20
70;482;3
424;180;33
159;164;45
168;113;43
8;231;19
382;252;14
83;44;44
420;318;39
125;477;30
202;499;13
64;147;2
153;243;37
128;212;2
364;309;13
5;296;24
13;226;47
181;239;35
455;338;29
86;444;16
21;467;20
1;150;1
441;264;38
400;73;36
244;132;13
160;212;24
191;358;1
114;204;43
162;175;33
14;434;17
174;161;41
14;442;26
295;257;31
350;435;24
196;305;22
198;92;22
456;493;50
138;484;1
381;253;31
477;7;25
386;306;25
256;377;28
138;59;20
494;495;18
229;410;37
105;437;9
308;247;11
468;347;31
133;380;7
220;303;39
87;199;1
327;498;18
140;313;28
390;374;33
358;34;34
499;333;22
205;280;50
278;203;33
288;478;22
239;376;43
398;352;35
25;427;1
433;287;45
417;408;6
400;311;13
300;372;33
298;93;9
365;223;23
36;24;13
9;81;19
311;322;37
260;39;38
345;433;22
83;442;25
350;86;10
160;381;35
217;416;42
446;158;1
442;220;20
186;162;13
77;453;13
360;24;37
87;35;12
211;160;20
325;25;24
131;96;3
325;229;16
8;115;4
414;61;6
255;446;19
112;4;23
201;332;29
479;441;41
403;182;16
177;30;1
173;379;10
131;441;14
288;312;23
367;331;15
413;168;44
416;143;42
374;220;13
157;311;39
11;119;14
166;271;30
101;265;22
320;337;4
397;317;24
311;36;14
300;434;18
247;321;16
139;364;29
410;339;36
76;114;11
123;389;21
438;359;1
99;6;15
303;121;45
237;179;30
124;320;32
194;163;38
387;189;33
263;459;35
9;175;24
281;491;23
15;331;40
42;287;17
391;339;11
453;54;25
39;167;49
301;137;31
174;148;48
224;6;32
497;150;30
339;8;21
290;391;7
412;8;36
99;143;18
432;248;31
127;51;31
380;83;31
210;250;46
251;252;21
160;161;5
280;327;1
88;272;40
483;54;17
288;371;19
132;429;21
363;117;30
216;75;42
14;479;18
174;230;2
55;376;21
441;164;42
319;46;50
16;385;26
303;361;15
143;197;19
378;296;43
89;84;12
347;60;6
186;216;49
220;279;19
49;95;8
121;458;36
165;66;9
130;312;5
488;316;1
262;126;13
340;426;40
248;158;6
24;187;32
285;393;47
489;399;5
216;390;3
90;213;11
256;328;25
132;170;16
465;316;14
427;321;27
483;239;8
120;253;8
430;104;18
293;434;32
89;231;45
79;287;49
435;381;9
116;416;30
153;332;17
434;303;21
318;63;15
324;1;25
462;453;32
422;351;38
303;293;47
73;112;36
375;45;5
18;247;31
382;177;41
449;319;35
487;100;8
106;196;29
362;359;24
213;320;27
54;29;48
356;493;2
205;465;7
340;213;37
341;364;18
213;302;22
124;2;20
6;423;45
149;265;26
449;43;21
63;215;10
107;250;5
451;71;14
181;207;32
298;83;15
177;461;26
105;127;20
436;155;10
313;11;27
155;41;18
391;32;8
470;121;37
297;317;24
175;158;37
499;297;41
63;230;3
452;389;12
157;387;10
229;110;12
115;142;5
381;425;47
397;346;31
350;18;32
247;25;15
216;411;27
429;395;5
94;441;8
87;188;18
415;325;18
457;374;22
97;107;16
202;133;22
446;196;14
404;349;33
156;85;48
200;407;7
492;400;19
269;157;24
83;352;42
101;256;25
254;348;33
119;228;20
371;60;3
109;153;32
120;259;29
340;51;25
163;207;9
165;245;14
92;293;50
469;363;5
264;259;5
230;145;45
233;266;38
153;115;45
243;30;26
209;110;13
32;149;25
373;499;20
139;77;37
15;184;11
274;443;46
110;429;31
347;291;3
388;144;10
27;385;41
58;308;12
483;375;26
306;328;40
221;159;16
464;119;40
240;241;25
459;150;22
73;342;20
472;206;37
146;328;18
299;296;3
493;77;13
441;497;5
131;497;4
120;320;7
51;272;24
473;178;25
451;75;41
324;233;6
267;134;16
211;433;9
132;252;6
282;234;28
482;11;11
317;159;8
258;43;38
286;128;16
446;430;36
176;200;33
129;34;18
131;147;4
314;402;50
70;162;24
463;71;10
399;222;15
207;118;38
394;146;23
225;306;7
118;183;40
274;468;31
471;155;26
38;491;6
119;362;10
494;115;44
375;15;8
318;55;43
153;10;36
354;153;34
66;370;39
38;44;18
450;406;23
47;328;25
48;405;45
456;131;25
499;215;19
456;296;30
89;24;17
23;170;16
439;299;9
47;35;2
100;496;28
117;35;26
273;166;26
404;213;29
279;56;39
225;216;32
466;65;10
485;415;4
345;387;38
128;183;1
455;147;39
381;423;13
78;327;16
359;137;27
105;460;20
74;193;15
365;213;9
195;476;45
203;85;6
398;21;8
371;240;21
348;16;13
37;187;47
310;386;37
149;170;48
298;201;38
400;145;19
290;420;29
403;477;49
154;134;33
265;24;48
389;366;43
11;135;9
2;264;48
83;493;49
433;10;43
259;37;13
435;145;29
208;14;21
476;409;9
302;138;19
158;16;50
239;382;34
326;182;46
34;73;1
63;431;38
481;447;47
474;80;4
191;120;15
490;101;44
143;291;45
463;141;39
368;296;7
486;394;4
113;111;16
496;179;5
117;305;45
492;480;19
233;484;3
121;298;49
500;48;50
307;328;30
14;68;17
266;291;44
436;404;49
29;482;2
15;388;15
26;416;42
24;39;19
362;406;28
428;60;27
96;416;37
181;385;27
155;17;19
49;44;47
353;450;49
204;390;47
464;404;15
347;451;18
354;42;8
62;419;12
402;172;29
403;391;40
298;281;28
281;202;34
14;454;19
173;374;29
357;107;9
220;424;22
202;45;7
402;184;12
316;175;3
460;215;3
178;447;26
471;302;2
332;306;45
28;180;47
269;169;28
247;352;37
450;248;23
63;172;23
187;92;43
415;148;10
57;160;46
4;266;37
458;29;32
413;361;18
490;419;7
190;470;35
256;104;24
310;295;7
222;109;8
278;394;9
280;278;35
273;285;2
202;392;4
326;185;40
38;8;23
186;209;12
409;114;5
3;362;33
9;56;29
372;353;8
431;266;33
367;34;44
175;131;17
171;235;4
96;11;7
6;234;50
344;313;23
186;339;43
257;117;37
440;337;29
160;230;18
261;401;30
342;137;28
329;249;47
176;378;19
207;17;23
114;416;7
445;5;13
225;404;11
349;100;22
277;173;9
135;435;34
188;304;21
127;183;21
290;31;7
268;385;43
288;460;31
131;149;5
418;167;19
112;454;7
237;135;28
398;48;38
53;235;43
430;169;47
288;102;27
38;279;14
355;318;34
414;410;9
364;174;21
487;149;49
303;225;38
27;377;31
145;432;47
312;68;44
36;312;24
324;383;33
295;340;11
372;450;4
44;386;31
261;419;24
337;193;11
408;123;7
158;393;4
11;363;50
156;238;4
282;150;6
179;54;6
94;213;7
218;326;14
328;130;17
319;488;16
424;444;39
51;222;21
238;305;42
246;348;7
176;309;31
219;444;27
222;324;6
202;424;37
96;244;14
125;349;5
61;166;30
264;398;50
418;304;49
4;76;13
355;239;11
220;153;35
347;251;29
433;62;44
329;85;33
457;103;12
302;166;7
493;326;22
40;378;3
14;345;5
270;17;29
142;90;43
398;484;20
187;387;41
206;167;10
357;420;20
104;31;49
392;220;16
313;385;9
313;118;11
78;25;22
298;483;46
275;170;44
331;81;8
95;324;48
135;357;42
274;251;35
209;465;9
234;400;12
459;178;13
327;444;49
422;210;34
203;292;39
101;383;12
84;287;9
450;68;6
23;416;45
219;30;6
79;124;11
467;225;33
194;314;40
275;157;39
145;35;6
376;216;6
171;218;16
151;429;1
342;395;22
424;397;25
426;499;43
437;183;13
474;376;22
475;112;46
10;351;28
316;461;10
8;172;34
378;496;6
42;82;48
259;71;34
91;14;10
413;224;40
38;376;21
464;438;48
144;336;38
203;326;47
112;450;22
124;274;48
304;383;39
5;84;40
308;176;6
9;384;9
195;17;6
127;267;42
469;17;32
489;105;42
43;100;6
372;196;43
345;391;20
363;314;36
44;182;21
357;326;40
252;242;13
437;430;11
123;121;30
410;386;35
275;180;19
26;477;43
307;211;32
301;177;28
215;2;37
445;293;4
447;383;25
236;52;40
342;258;18
426;18;5
187;312;23
222;171;12
93;193;42
36;127;32
182;272;21
218;251;21
304;289;10
305;84;40
56;486;33
140;470;12
395;293;27
246;458;47
306;279;31
176;265;20
137;125;5
360;148;18
58;307;15
437;410;15
420;236;7
176;115;10
465;187;21
276;25;28
392;275;34
326;146;12
208;353;26
375;125;44
358;57;9
361;488;45
63;420;37
346;23;34
133;226;27
239;345;32
230;353;12
495;109;19
307;173;27
197;385;10
311;60;44
25;485;15
53;258;10
389;172;11
285;342;9
63;46;49
481;177;45
345;247;39
294;117;21
274;265;44
486;397;37
188;48;19
430;386;12
347;486;12
335;153;39
99;60;4
220;440;41
23;345;50
305;362;28
398;75;36
32;323;22
321;352;12
375;445;36
492;122;37
159;34;19
439;66;47
183;371;22
205;269;43
327;30;39
196;121;25
82;331;44
424;136;35
430;379;33
402;15;37
81;248;49
223;262;24
386;182;44
347;267;39
63;285;28
447;277;9
424;455;21
469;71;19
260;438;13
91;321;17
170;500;4
281;261;10
453;373;29
273;373;17
75;482;6
229;227;16
363;198;2
392;97;6
317;63;22
215;401;24
389;68;14
306;470;15
146;182;24
471;238;6
288;214;40
82;292;17
301;196;22
475;375;33
497;437;28
468;248;12
116;227;42
77;119;40
35;403;28
169;443;2
395;45;37
181;63;8
497;249;28
246;410;45
399;355;48
26;155;32
84;78;32
323;385;17
21;116;3
172;256;1
441;293;19
134;148;40
219;438;12
472;349;24
88;78;41
205;492;10
392;336;14
228;324;16
141;40;13
393;268;38
85;414;33
378;245;44
425;478;49
352;151;32
96;445;14
272;270;11
46;397;49
422;150;39
173;43;21
351;247;43
472;358;13
412;138;35
475;447;42
173;81;32
127;301;7
34;336;48
296;262;44
439;481;22
413;198;39
223;366;13
143;395;15
444;410;36
133;344;3
39;311;7
479;81;24
495;225;41
122;360;48
469;156;25
330;303;40
97;66;16
79;207;41
75;497;42
151;335;6
205;161;37
241;325;24
156;165;46
323;104;14
9;315;14
483;290;28
109;485;37
128;207;1
106;109;41
302;142;33
48;393;39
8;93;25
350;223;6
220;222;11
362;18;43
99;152;45
262;65;24
87;157;9
131;165;10
59;344;24
164;356;41
423;50;24
244;9;26
136;477;30
255;429;23
249;465;28
104;332;36
125;135;39
234;43;47
435;456;8
400;127;33
333;197;27
258;436;8
112;152;43
322;468;6
368;187;29
444;177;34
145;392;16
106;321;13
9;310;42
24;82;25
251;471;17
253;382;3
473;291;26
281;393;38
497;455;24
466;385;24
143;81;13
317;392;17
38;57;26
398;386;24
363;391;47
325;358;22
352;371;44
155;243;48
361;43;36
158;279;10
111;16;42
386;253;13
302;352;10
159;206;31
404;384;25
239;9;24
414;480;2
283;440;36
91;474;3
330;414;42
22;442;3
273;308;44
328;163;41
452;439;43
445;494;38
300;475;16
50;264;14
443;290;13
10;103;49
214;436;34
386;271;42
75;184;38
252;469;29
450;28;23
363;131;8
14;225;17
130;217;2
222;303;29
467;415;18
198;123;44
331;59;31
381;261;8
90;294;27
391;491;14
170;111;22
483;192;22
291;205;36
260;376;49
3;92;39
31;168;12
360;469;12
452;464;6
141;257;48
42;210;46
427;359;26
175;2;6
248;429;14
102;190;46
328;486;10
489;61;9
55;263;2
336;156;10
387;364;23
240;223;33
339;223;24
332;450;19
101;81;34
500;466;16
280;235;29
442;494;4
301;403;8
37;441;38
85;413;23
219;303;49
214;432;13
184;73;36
348;486;46
51;52;1
350;159;41
121;146;41
84;302;45
369;313;26
345;96;41
32;148;1
176;126;41
249;236;49
238;429;40
348;241;37
245;479;21
316;168;42
499;245;2
349;262;40
99;122;8
256;156;28
88;91;37
117;492;12
47;307;22
323;253;21
255;23;35
200;328;41
409;485;4
169;322;45
465;361;36
199;349;9
94;335;21
131;82;29
158;374;39
399;354;26
4;91;17
466;388;11
477;128;5
106;138;39
202;321;4
125;259;32
366;127;3
469;467;15
182;80;6
418;103;35
89;166;20
110;496;13
387;443;43
347;102;34
210;190;47
344;320;31
264;150;24
11;307;8
473;401;14
302;403;27
411;175;37
236;353;18
324;374;28
53;135;23
108;60;1
374;470;16
273;320;27
381;112;26
180;242;16
103;160;2
479;100;17
142;183;45
253;108;37
421;225;34
320;259;39
111;251;7
207;187;43
261;370;22
157;175;31
382;440;46
238;312;3
473;261;29
163;284;5
413;490;12
190;205;35
489;84;19
462;291;43
466;465;9
428;433;26
487;422;8
138;479;28
309;91;6
147;309;35
101;381;21
148;417;26
23;59;14
148;497;50
99;212;15
254;224;23
454;56;29
393;232;20
10;171;30
332;490;4
247;314;11
10;260;21
466;178;2
322;28;10
238;330;34
455;498;45
52;291;30
253;28;22
97;464;37
339;382;11
430;39;26
463;126;34
128;22;23
379;95;37
116;451;10
37;428;17
365;253;43
226;119;17
387;420;1
91;491;36
89;196;5
392;399;45
373;89;43
493;293;39
146;337;12
406;403;26
141;179;6
22;428;19
335;455;14
492;268;47
194;150;47
427;429;47
490;235;8
426;46;49
131;319;45
185;166;27
93;75;9
247;85;46
421;234;9
454;489;3
77;61;22
249;147;16
221;365;24
178;36;33
151;362;41
10;493;26
372;199;15
150;325;7
136;350;20
279;291;46
1;375;21
100;99;13
133;37;28
45;78;43
430;274;40
197;379;30
104;303;13
125;126;3
143;40;44
396;499;13
207;72;15
278;193;3
245;42;23
348;327;27
359;340;15
468;488;8
267;265;6
481;253;28
61;406;2
256;327;36
484;11;32
261;315;48
105;81;11
194;499;37
465;100;43
2;73;46
238;309;12
241;161;6
479;261;6
23;81;6
319;174;25
187;208;44
439;277;27
280;432;30
314;423;13
343;191;41
22;271;24
218;315;16
475;471;32
441;235;25
136;427;35
441;80;10
167;303;50
463;202;40
489;165;48
375;440;15
158;190;41
486;85;26
18;82;7
438;150;43
377;110;32
405;212;36
454;202;12
434;311;15
171;195;37
103;175;20
253;135;25
462;244;11
200;456;36
27;378;41
478;42;44
242;419;39
277;334;2
213;466;24
150;107;11
289;327;47
267;30;18
223;151;24
406;267;8
359;41;42
318;481;26
382;406;16
130;385;37
65;454;29
260;286;19
433;242;22
148;169;26
285;453;24
308;339;15
292;135;36
68;491;12
187;137;44
413;24;20
474;337;5
68;8;48
212;139;4
143;35;23
188;450;16
295;413;37
123;350;28
122;52;16
154;165;14
208;229;50
201;398;43
358;399;32
20;261;38
335;220;12
248;254;16
476;481;29
8;428;39
357;452;13
279;449;28
345;399;49
189;345;30
209;218;25
392;446;42
348;200;28
447;261;10
129;424;16
108;426;35
59;166;15
228;285;34
193;359;16
350;103;20
240;429;31
55;456;14
273;361;42
408;239;12
330;8;24
480;275;37
132;171;50
175;229;7
112;329;3
319;197;30
57;221;29
225;67;31
113;243;1
349;91;38
266;119;8
61;439;50
334;205;35
150;186;39
336;293;36
224;496;3
262;238;14
138;292;50
381;383;25
480;166;37
499;195;26
252;236;40
450;120;29
127;202;36
110;78;44
378;409;31
281;218;40
338;116;31
444;481;27
3;383;23
179;191;46
315;92;31
433;279;36
65;361;40
106;351;35
484;359;37
275;132;49
253;224;35
209;269;43
106;282;4
27;198;37
62;112;23
258;384;37
291;261;5
312;409;4
155;148;34
394;340;48
321;291;37
234;232;39
25;121;28
211;358;46
389;165;40
279;188;21
452;336;7
488;392;15
134;279;23
13;410;47
287;204;45
124;433;8
119;50;23
87;408;19
92;81;5
19;229;50
71;169;44
194;395;22
402;57;45
115;72;30
163;2;23
423;144;9
356;496;8
467;438;48
260;184;48
462;74;27
296;236;34
102;395;17
283;124;47
497;450;26
36;403;31
172;351;47
16;170;45
174;500;27
367;315;44
231;56;14
445;44;48
91;213;44
125;376;42
116;370;23
248;485;24
8;304;14
321;108;25
305;214;15
242;195;17
109;400;14
384;497;8
52;279;29
475;74;45
292;81;40
310;453;12
231;441;25
177;117;2
496;261;33
485;211;10
23;79;2
266;351;49
325;327;49
129;24;47
424;452;9
295;309;10
312;359;7
401;124;41
307;107;18
137;278;41
150;400;3
318;71;24
236;273;2
207;5;25
453;248;45
466;255;47
372;64;6
138;388;28
419;303;46
367;55;28
295;366;41
89;365;23
151;351;47
406;244;21
343;31;6
316;15;39
447;291;33
428;421;9
448;365;18
104;483;38
487;474;31
452;214;19
284;42;16
455;304;23
460;398;28
255;317;47
120;283;43
315;362;28
308;203;29
484;431;10
65;259;45
362;370;38
30;135;37
203;50;22
357;480;12
347;337;17
441;116;27
398;94;28
426;310;43
140;138;28
83;29;29
128;454;25
339;324;24
212;262;6
29;203;31
379;427;33
146;293;24
475;36;35
474;70;32
404;451;48
331;209;34
296;333;50
362;200;46
178;118;21
13;126;47
207;280;4
363;14;33
194;79;36
130;22;50
470;473;17
466;365;22
375;453;44
245;226;35
365;347;36
125;252;27
311;48;10
261;252;23
363;494;12
466;226;5
288;283;4
336;350;30
471;354;48
70;241;8
454;68;28
30;390;25
84;250;9
297;421;7
321;498;41
320;497;19
244;473;35
364;491;25
456;80;33
472;297;32
140;421;19
195;325;18
26;49;22
154;21;44
162;136;44
400;368;40
494;205;15
117;497;12
284;119;45
323;46;15
131;400;17
197;15;30
343;226;46
204;362;16
15;497;17
328;446;39
469;335;21
486;294;25
88;145;33
127;68;27
395;420;41
31;441;21
320;10;44
241;458;17
142;309;25
210;142;3
266;322;46
358;118;22
484;399;49
99;62;30
17;26;40
187;85;34
369;157;49
422;484;41
397;204;45
176;303;38
354;157;45
199;455;44
464;207;39
433;386;26
137;390;36
405;384;38
76;385;35
263;73;20
153;261;45
116;397;15
219;234;8
195;120;35
160;214;13
178;83;34
67;91;22
277;54;40
185;296;19
464;5;9
172;298;32
142;406;2
128;305;3
358;135;43
375;253;18
319;71;20
193;288;5
149;171;5
1;249;22
258;47;14
392;58;24
34;10;6
114;160;36
360;495;10
320;412;27
110;131;27
24;495;12
9;346;49
450;315;23
346;148;17
156;263;16
464;124;12
294;406;41
473;402;18
156;64;22
151;250;11
473;212;25
362;108;16
150;63;30
326;141;37
316;460;19
60;114;10
73;425;15
150;76;18
167;423;12
133;338;33
96;495;13
211;212;23
158;231;36
421;472;49
410;387;15
142;469;44
142;491;29
382;405;19
254;321;31
338;94;47
307;361;16
3;394;42
441;67;3
42;247;28
14;399;41
274;485;47
275;183;6
308;420;4
212;485;49
422;3;8
142;47;41
28;153;47
298;19;46
142;100;8
48;496;19
387;139;13
449;328;36
125;454;49
497;351;21
302;433;43
325;315;12
350;348;9
495;493;35
297;112;10
441;294;9
493;431;32
123;305;8
229;316;38
422;278;3
409;258;40
374;120;20
267;258;30
150;182;44
357;175;1
297;225;32
437;39;21
14;427;39
86;263;32
130;343;5
298;28;2
499;240;19
253;408;1
235;389;2
113;129;22
133;334;9
46;410;7
61;248;39
123;41;47
481;45;34
114;115;39
130;436;16
360;483;19
421;475;10
108;484;41
86;45;7
285;271;11
99;37;47
75;288;39
52;353;27
92;224;15
355;264;46
202;397;41
156;500;33
12;89;14
495;204;19
101;195;45
344;220;10
111;335;48
412;397;20
80;272;2
335;303;39
134;77;8
339;237;28
158;378;39
175;86;12
332;421;28
454;218;34
180;288;35
115;36;31
312;420;15
169;157;11
416;260;45
182;364;45
186;108;34
166;370;20
213;262;9
59;444;8
5;217;34
377;37;49
479;457;28
404;332;23
247;468;37
480;234;5
500;218;47
5;197;47
75;32;17
226;24;18
24;468;47
230;425;47
268;118;31
432;355;45
337;332;32
363;262;6
252;25;28
433;116;23
158;311;8
226;222;30
31;20;8
377;351;18
47;147;27
205;57;8
114;1;40
275;291;45
437;291;25
88;197;17
79;273;28
352;89;44
9;220;50
319;291;1
79;241;27
463;367;48
230;123;16
477;19;30
22;465;14
168;438;28
458;200;50
112;140;48
264;492;30
393;56;3
260;446;14
437;107;1
259;148;34
166;189;35
189;301;11
140;301;2
274;149;45
26;364;44
368;411;6
418;490;50
438;465;17
387;315;43
5;98;7
316;75;16
437;268;31
298;300;21
331;476;9
20;107;40
475;45;22
190;461;4
174;27;35
216;133;17
158;225;28
321;207;33
327;313;24
489;177;13
334;222;4
164;125;19
324;17;17
179;6;31
146;282;12
136;228;50
248;345;5
157;331;43
219;262;32
310;179;44
291;225;41
181;47;1
373;326;30
188;320;4
296;197;32
223;20;35
404;235;46
229;219;2
104;466;37
211;472;24
33;437;50
424;335;10
424;106;39
177;398;23
422;419;2
228;315;36
123;226;48
244;164;46
157;28;8
272;323;40
321;422;14
167;382;12
13;36;18
147;166;17
163;169;44
336;347;3
263;264;4
436;165;17
191;448;21
423;47;24
197;286;7
222;306;38
228;245;5
135;91;20
460;100;47
315;451;32
492;364;4
210;248;49
157;284;20
7;259;18
42;394;47
406;228;47
159;264;49
450;132;18
414;319;35
260;391;5
235;199;4
471;57;31
176;30;10
76;8;30
155;441;45
167;452;25
37;15;49
14;9;5
389;182;40
240;257;12
235;104;32
397;141;33
175;28;13
482;260;4
225;390;44
66;403;38
50;445;4
396;38;30
287;248;13
318;406;47
144;478;23
183;240;26
296;105;47
303;9;15
198;184;22
222;193;33
357;430;39
423;383;44
393;353;37
79;310;10
356;270;6
42;280;3
234;78;30
83;239;42
44;77;38
116;210;26
142;7;40
306;176;35
347;432;48
309;399;44
336;254;7
239;338;15
412;480;18
34;486;33
273;387;28
87;116;24
351;396;37
446;6;2
455;160;26
381;15;23
118;101;48
298;15;16
3;206;39
18;322;27
157;209;11
338;307;43
85;110;13
214;375;23
441;339;37
112;412;16
34;18;23
152;266;9
56;399;33
314;395;4
291;499;1
137;388;4
449;342;9
72;222;5
472;127;34
325;179;32
36;466;43
115;252;1
413;375;21
347;390;29
483;121;36
95;334;18
459;93;16
231;88;9
83;215;7
37;6;45
84;321;45
144;402;27
27;53;48
245;52;21
128;238;36
334;362;5
11;340;28
30;81;44
71;391;47
238;30;4
11;252;48
170;163;5
479;399;7
252;136;6
167;447;45
230;203;25
500;251;10
243;371;20
422;413;24
316;186;3
283;146;30
102;500;4
442;94;42
250;87;30
296;203;21
23;171;14
115;335;19
18;207;16
328;80;4
456;428;32
236;135;50
126;84;11
215;3;39
80;166;8
331;294;40
249;391;21
288;479;6
415;394;26
21;443;50
377;104;39
6;44;20
63;178;31
207;247;24
230;148;5
471;356;16
389;197;4
216;229;14
216;30;29
251;309;33
17;31;36
424;243;13
292;64;39
379;220;23
158;29;21
458;207;12
299;437;14
277;133;15
16;439;49
425;406;20
373;287;8
60;237;19
107;12;9
334;194;16
194;491;10
374;366;5
173;91;13
234;495;21
404;314;16
490;357;14
125;324;6
251;173;33
353;247;12
312;346;9
357;357;34
300;256;14
311;303;25
339;468;33
397;326;9
261;230;48
257;384;12
453;188;27
377;149;17
478;106;43
36;430;22
198;93;22
388;56;11
273;210;4
97;345;41
323;414;44
472;489;45
8;82;44
87;156;37
64;127;42
496;39;24
145;231;40
473;448;14
233;254;5
136;262;32
199;131;22
41;375;14
134;139;32
164;141;2
181;331;28
334;435;11
350;276;12
182;405;49
398;93;48
109;356;31
353;28;17
494;170;41
109;9;11
12;494;49
53;57;10
397;171;22
37;270;38
69;458;19
466;180;20
142;275;25
489;254;19
74;380;29
108;372;18
162;386;6
241;19;12
76;161;28
351;256;21
103;390;45
348;155;27
362;434;5
242;347;50
472;450;20
83;487;5
432;492;46
412;478;2
155;157;20
391;256;12
398;324;6
439;150;6
56;445;28
186;205;6
28;71;32
288;191;36
166;443;15
152;82;27
259;352;46
317;157;37
161;480;20
213;233;40
354;450;25
414;285;20
51;394;48
188;7;49
402;201;46
118;329;41
55;288;16
123;188;49
280;493;24
117;133;16
224;89;28
365;240;4
190;298;12
283;206;10
234;379;20
221;224;41
477;75;18
393;213;7
8;100;14
309;89;47
27;497;18
189;76;13
443;329;26
488;372;5
448;412;40
348;174;37
158;275;47
318;174;48
291;177;38
419;133;7
164;460;21
32;458;20
406;116;33
299;258;14
91;379;16
488;133;30
463;401;48
198;271;21
282;317;30
172;483;17
207;34;11
426;73;4
482;255;16
223;306;2
441;351;39
337;401;8
349;245;14
481;72;12
1;142;12
464;90;10
366;5;47
35;457;43
53;482;41
226;118;9
162;294;17
199;297;14
201;400;13
369;333;2
19;192;35
19;68;35
427;181;6
244;151;8
114;436;22
213;425;24
379;62;45
83;53;49
433;320;45
187;254;45
207;175;36
247;364;21
88;276;50
92;22;15
33;11;36
247;118;20
495;334;48
438;3;35
362;374;30
56;450;42
234;297;7
420;40;6
146;119;48
350;139;2
424;253;15
25;232;31
118;44;42
123;81;3
385;211;37
64;50;43
376;145;26
408;379;44
127;346;13
423;128;19
208;273;32
460;341;29
216;334;38
306;89;16
497;362;6
212;295;33
250;338;43
376;19;12
146;28;30
146;275;35
8;154;38
344;67;9
155;40;14
127;421;43
417;492;39
174;302;34
450;330;41
284;240;32
200;282;44
142;172;2
10;276;15
245;496;20
191;52;11
239;455;24
396;35;4
96;331;21
397;112;45
114;377;26
271;4;39
76;221;15
83;183;36
186;87;25
26;245;16
462;290;35
113;268;49
455;468;39
150;191;11
422;447;31
199;481;26
374;338;10
70;327;38
284;132;24
162;426;22
191;336;13
444;16;4
130;53;34
70;114;24
323;436;39
17;156;30
423;160;14
22;388;2
471;234;19
260;418;7
347;226;3
228;118;48
349;141;40
342;483;38
296;373;23
2;347;18
186;397;20
284;296;11
397;104;5
44;378;2
354;98;50
345;352;22
423;36;40
63;426;35
2;449;17
131;474;30
365;57;18

