800
20345
4800
68;58
31;60
93;70
2;72
24;45
38;56
56;64
84;59
72;5
12;78
20;62
33;29
24;98
12;72
36;77
13;72
32;91
68;29
83;9
60;31
64;16
87;10
4;83
77;86
19;99
49;97
41;24
18;44
25;27
35;20
90;47
57;11
34;44
43;66
77;82
94;12
94;84
30;76
37;57
83;11
57;61
2;61
9;80
26;82
18;8
36;62
79;37
43;22
90;42
87;27
27;32
65;60
52;26
52;23
79;36
3;33
51;8
23;15
18;4
44;46
12;28
33;40
44;79
81;57
19;89
61;39
37;66
80;93
43;77
77;23
23;58
68;21
33;79
80;63
86;99
85;92
7;67
7;63
39;45
67;62
31;16
30;99
44;82
63;46
30;6
49;32
39;1
47;65
6;48
25;17
36;72
16;29
11;90
97;78
38;7
48;11
55;11
84;68
74;51
79;23
39;53
87;58
1;55
79;75
95;95
41;72
76;69
10;100
95;41
5;40
56;9
72;15
61;15
28;51
37;52
39;81
59;56
97;72
52;6
84;79
4;73
54;21
83;85
2;45
35;79
30;72
9;91
39;22
81;8
62;11
64;71
32;2
94;30
98;87
12;92
75;67
88;97
78;12
63;92
4;37
37;65
23;35
45;57
83;5
11;81
90;82
3;59
17;21
51;57
57;27
41;60
52;89
72;48
47;73
46;41
37;2
51;6
46;77
52;52
93;19
66;15
60;5
86;92
54;27
11;89
60;8
11;1
25;28
28;6
11;60
74;82
16;58
25;87
61;69
6;38
47;20
83;21
91;16
93;94
52;66
97;63
53;57
3;41
40;52
7;82
67;96
33;2
42;93
89;51
37;77
24;24
8;89
50;76
77;51
73;16
26;33
50;15
1;60
12;43
37;94
78;84
23;62
50;93
26;65
37;43
3;43
65;42
89;9
38;75
24;70
36;76
57;100
2;84
4;23
21;87
35;69
25;45
83;34
65;79
88;32
25;26
53;88
44;33
37;72
36;31
78;32
100;49
88;35
92;91
82;23
88;1
58;13
91;5
3;32
7;16
9;61
94;29
48;44
95;79
28;66
60;76
61;98
32;23
20;79
46;59
23;91
96;8
79;11
89;39
99;47
18;24
96;9
80;16
24;26
78;85
87;60
69;72
83;28
68;14
80;79
29;68
83;57
30;2
93;50
10;20
11;100
28;23
5;99
51;6
96;79
91;72
62;53
64;34
82;1
36;82
36;4
88;60
74;19
92;58
76;58
44;79
86;15
8;97
85;99
14;67
26;4
55;10
27;21
96;44
39;59
77;3
25;60
1;92
83;30
24;92
21;47
45;5
46;76
42;86
56;57
62;80
17;70
67;13
97;56
47;74
10;88
37;70
62;85
57;31
44;2
44;8
96;54
65;89
97;55
34;82
85;93
55;65
32;60
86;75
57;19
70;77
79;29
14;65
55;54
15;30
76;74
94;22
43;65
37;60
88;71
8;61
40;28
44;97
57;96
100;22
61;41
60;9
17;6
67;81
77;92
80;84
82;71
21;50
45;7
13;13
28;61
61;76
74;89
74;88
2;36
9;4
96;58
35;25
54;94
20;22
55;14
60;39
75;94
93;52
79;73
65;29
51;93
7;73
46;53
84;47
24;18
5;43
15;31
88;26
41;30
45;16
6;32
42;7
91;20
67;4
95;37
20;84
98;95
76;29
100;95
84;54
91;78
13;26
33;39
54;55
37;66
42;48
13;66
43;13
46;88
25;67
28;2
87;68
25;50
51;64
33;39
19;72
87;50
7;16
39;78
99;53
100;30
76;44
57;81
47;24
85;80
85;87
31;88
53;60
100;91
96;63
52;81
84;66
88;92
25;3
80;73
72;67
72;26
78;5
41;84
89;69
49;46
14;49
99;76
67;46
66;2
3;24
18;77
61;63
74;5
90;2
8;34
92;18
42;17
7;64
65;95
98;40
17;20
4;97
9;49
89;18
37;87
5;84
14;24
43;20
93;73
62;12
48;3
69;17
50;45
9;39
54;70
38;84
88;86
87;20
48;27
98;37
32;98
12;52
68;21
57;76
41;44
33;31
15;80
32;89
96;40
4;51
67;2
88;77
58;90
35;52
16;50
3;63
10;42
26;74
41;89
16;28
69;77
28;6
82;15
96;1
84;18
6;97
21;90
33;41
26;78
41;38
18;3
48;95
17;8
10;60
68;42
52;15
63;42
53;1
72;26
18;54
30;69
36;79
59;2
49;85
46;3
15;11
65;57
1;98
35;88
48;36
10;74
49;54
5;29
50;4
9;64
50;59
18;19
3;99
9;39
39;95
68;9
39;73
74;20
9;71
25;86
64;68
30;28
2;69
60;14
2;51
98;78
83;89
79;53
82;51
44;24
68;7
49;12
44;77
84;85
52;63
83;94
62;50
57;41
24;15
41;71
1;34
98;14
42;80
67;51
20;81
3;49
99;4
93;28
94;20
7;27
16;65
93;63
51;72
34;64
74;68
26;10
91;29
54;98
7;23
88;33
28;44
79;50
70;67
28;96
93;48
64;30
43;22
95;22
65;100
1;25
89;85
52;100
4;56
33;54
45;34
52;26
7;83
43;76
39;55
18;41
54;47
87;94
77;13
69;95
90;76
71;52
89;50
75;65
8;7
99;100
25;58
61;76
2;8
83;6
50;13
27;27
75;51
98;48
28;83
91;73
73;3
23;38
77;74
7;29
92;22
41;90
83;51
24;49
54;78
12;92
36;29
55;21
2;38
47;51
66;15
64;86
38;77
1;22
78;42
87;64
19;9
63;87
70;80
21;65
9;52
65;59
29;70
22;81
74;51
42;7
59;6
2;72
98;13
94;12
56;57
21;57
25;72
3;7
3;26
16;18
1;36
43;82
61;52
91;93
19;69
74;53
25;12
63;96
51;69
34;76
74;91
95;69
66;47
11;71
10;48
93;50
73;5
57;73
23;12
24;70
85;74
23;59
22;52
13;82
91;20
95;67
85;74
83;8
78;26
51;22
2;31
40;83
21;11
79;76
16;33
79;59
60;29
50;36
26;10
50;61
44;14
40;72
29;35
95;9
33;93
2;88
12;70
41;70
2;21
70;92
63;96
2;86
33;37
94;5
79;63
63;19
32;35
18;92
81;97
97;22
92;53
100;22
8;82
71;14
70;97
22;64
49;89
43;53
94;100
19;60
62;7
92;2
38;62
23;97
26;6
11;41
26;24
74;35
5;38
16;82
15;90
93;20
90;11
23;13
81;49
42;84
30;85
21;91
66;13
90;21
96;86
78;67
23;79
23;3
84;87
70;49
76;40
1;49
22;59
38;6
49;76
22;49
29;37
86;29
49;99
8;67
42;62
78;52
11;23
79;18
21;60
23;48
24;43
34;21
12;68
44;32
62;61
92;31
92;25
7;38
5;8
32;52
65;97
19;11
22;42
63;21
99;86
77;79
18;7
99;98
96;54
85;66
28;16
67;99
31;58
24;88
40;48
75;34
9;80
33;41
72;1
94;63
79;21
45;41
35;40
88;84
52;87
69;65
28;92
28;32
29;98
84;84
37;75
92;51
9;59
7;50
74;29
77;60
692;16;29
768;604;28
310;213;28
548;707;35
732;667;46
694;151;37
761;622;4
730;335;9
166;365;27
122;274;20
131;732;1
503;87;20
706;373;4
191;551;26
77;562;4
512;65;2
96;370;21
673;213;1
565;280;9
646;119;17
430;688;19
664;772;35
725;616;16
398;118;6
626;752;33
623;353;15
586;191;24
310;601;49
684;499;27
444;154;1
389;406;41
351;170;19
627;216;25
594;125;3
729;56;34
15;749;6
209;584;12
377;410;7
554;86;22
726;528;42
228;348;17
678;283;3
22;573;7
761;154;9
603;381;1
143;677;21
11;657;16
532;87;15
787;785;8
703;85;30
333;27;18
800;454;33
148;703;42
687;1;35
362;581;42
796;200;26
180;176;24
637;433;23
4;109;15
753;462;41
15;157;19
125;608;50
66;511;29
534;197;24
200;465;48
406;668;50
316;101;28
571;392;5
200;332;47
559;127;29
42;578;13
618;138;38
697;527;22
240;272;16
752;132;11
655;167;44
70;446;15
589;675;35
47;223;33
65;655;27
218;423;18
356;241;17
595;222;26
385;150;35
59;106;38
528;604;43
380;699;27
360;194;37
426;249;13
317;11;8
628;663;47
6;505;2
257;103;23
131;5;12
436;205;15
269;719;4
753;774;9
376;596;19
443;649;46
309;754;18
93;209;48
773;640;32
85;62;4
513;442;7
767;402;18
514;398;29
300;284;19
231;601;46
767;452;45
165;189;24
310;520;10
117;194;38
51;128;21
157;324;41
706;397;25
567;33;2
318;797;28
646;338;6
456;568;8
317;127;18
752;345;38
604;491;46
372;777;25
610;88;35
767;381;16
25;195;18
726;108;24
369;132;38
136;293;1
643;193;24
466;751;16
585;70;34
333;581;24
262;26;16
775;566;26
743;252;30
724;560;47
361;272;13
103;434;45
427;587;3
321;731;19
5;335;28
666;216;23
731;239;19
312;135;47
247;43;27
311;693;49
524;708;1
730;676;23
765;160;27
520;486;50
40;188;12
578;409;20
39;334;6
160;590;11
337;486;50
644;585;44
76;535;11
677;648;3
364;31;44
746;344;29
613;288;41
252;228;28
706;128;22
212;148;41
31;170;44
605;470;27
137;427;12
658;470;44
530;371;50
668;657;22
520;603;24
648;784;6
694;661;36
665;379;21
447;240;20
294;585;22
636;97;21
717;450;32
45;220;10
746;620;49
418;320;44
634;691;4
243;501;1
796;520;1
616;751;40
54;434;48
351;351;47
44;249;31
200;350;35
699;685;50
332;381;33
435;172;12
330;108;50
790;595;28
653;188;42
140;712;35
572;362;37
786;586;26
306;548;28
86;304;7
71;274;6
360;358;28
489;36;26
529;622;43
6;266;42
302;29;27
14;193;14
537;690;23
218;674;37
385;223;28
486;324;14
330;192;39
193;175;39
121;138;17
108;197;6
281;49;17
333;683;1
304;290;24
472;575;39
436;344;27
88;530;32
277;647;40
668;89;11
191;301;17
92;578;2
123;649;35
791;118;35
307;335;19
136;535;46
194;479;16
462;131;9
28;426;20
502;361;9
519;764;15
28;547;1
695;481;14
673;364;22
53;746;37
82;96;44
429;686;24
156;459;42
15;664;26
66;24;31
375;781;14
37;681;23
577;151;18
543;201;19
279;447;24
544;573;6
10;138;43
583;163;22
439;274;44
200;16;37
208;195;10
169;625;21
586;455;22
136;221;24
232;209;37
169;363;7
517;404;38
47;429;46
745;383;24
265;35;32
704;336;43
777;405;33
308;32;37
683;530;21
182;629;42
210;437;37
202;142;32
154;135;27
702;392;5
173;23;41
307;538;2
238;372;3
12;381;42
411;170;30
206;357;32
182;573;29
48;159;28
559;609;45
417;341;49
185;101;37
82;724;17
773;468;32
615;459;33
318;94;9
176;773;1
58;537;22
185;664;48
274;278;42
445;611;11
158;615;4
451;759;31
176;673;50
478;365;49
462;625;40
429;798;2
579;463;8
171;407;34
486;3;41
266;693;6
367;531;38
392;270;13
187;67;15
200;81;48
438;372;21
582;638;8
142;429;1
188;546;23
735;316;14
354;221;11
708;788;39
241;176;10
602;451;14
736;745;17
602;762;45
310;748;4
679;223;14
589;212;23
510;115;18
394;682;46
605;594;5
439;521;49
129;35;23
12;756;34
270;665;20
82;367;1
79;185;19
683;737;40
784;596;50
401;210;46
296;16;6
111;236;15
735;511;47
230;10;26
529;458;14
427;8;47
454;212;15
288;348;37
427;272;16
776;377;42
101;579;31
711;260;45
749;785;23
246;550;1
469;472;29
350;573;9
596;349;17
601;690;22
400;334;44
764;224;19
128;518;15
22;274;39
53;157;42
656;625;42
515;380;38
321;672;10
79;582;21
472;320;3
538;42;45
589;117;30
637;543;29
133;307;43
645;25;25
343;573;16
405;680;22
630;137;38
698;712;40
791;332;25
394;689;16
726;609;19
349;750;39
492;726;28
693;781;28
764;482;33
628;85;7
107;452;38
248;320;30
423;348;17
351;59;49
460;681;23
774;488;20
667;725;19
236;719;8
762;572;32
71;787;40
643;7;2
432;781;16
29;680;1
608;197;24
332;780;49
633;192;40
493;263;4
55;459;3
674;644;26
200;474;9
669;437;6
701;170;8
178;758;26
196;666;40
169;40;43
365;614;6
197;539;29
529;738;19
102;517;7
281;439;1
125;641;22
199;635;41
13;149;27
45;695;27
87;339;6
294;175;31
460;318;16
244;104;40
4;254;50
47;41;44
465;309;1
126;110;43
492;535;30
565;756;45
60;473;40
236;529;10
393;545;13
570;277;38
551;515;16
266;565;40
357;691;21
382;751;27
29;320;35
323;544;45
376;447;46
794;347;35
573;361;20
380;207;25
72;533;22
146;745;7
209;530;22
543;253;17
358;270;27
144;95;10
216;774;2
129;249;5
523;13;7
598;116;45
563;507;16
582;620;45
85;201;23
659;368;39
280;105;2
552;683;7
8;558;37
766;203;26
282;701;4
415;327;25
205;553;9
552;40;3
793;692;13
386;759;4
232;523;15
626;84;28
211;715;19
756;775;31
290;782;16
648;40;23
302;90;48
355;680;5
572;603;43
237;192;15
361;137;45
627;155;42
307;629;11
637;286;43
103;290;33
544;290;42
766;759;30
762;39;49
735;397;33
552;109;34
616;128;9
325;97;15
107;771;39
335;359;24
435;791;40
438;655;6
435;322;36
389;3;28
594;754;3
110;274;9
93;102;4
779;79;5
650;537;11
305;549;14
27;704;28
27;635;19
205;688;15
569;92;11
345;232;33
430;557;44
220;442;40
782;577;21
682;22;9
383;364;30
320;705;48
25;499;36
727;662;27
213;495;19
524;411;36
575;133;40
363;769;13
167;746;16
90;335;6
18;151;9
197;559;24
192;669;50
103;798;28
362;732;16
771;114;1
139;673;5
85;773;6
794;625;30
16;70;49
432;55;1
229;359;41
199;542;5
242;685;39
197;695;7
85;16;37
667;371;47
474;734;32
200;730;26
36;477;13
96;713;34
465;69;4
401;493;9
489;512;50
112;571;13
771;205;34
206;187;14
370;519;48
336;136;43
83;321;17
302;189;50
71;740;6
388;367;16
131;635;28
199;681;1
483;368;17
357;110;50
230;571;27
92;572;1
338;81;1
535;705;29
77;544;19
767;557;45
501;547;34
479;443;33
178;636;33
700;600;18
726;220;44
697;266;25
588;361;19
415;652;43
593;400;46
175;468;22
632;258;12
468;281;43
457;60;35
365;785;31
552;372;18
277;258;47
747;422;1
601;13;26
723;667;17
9;35;45
11;457;7
104;4;30
577;336;3
144;583;5
800;376;4
596;673;34
601;487;13
580;785;20
645;673;22
241;540;6
785;767;28
610;524;47
86;761;39
549;87;36
153;794;30
430;601;10
780;734;38
191;476;11
556;565;34
765;61;9
447;32;12
744;222;42
573;249;12
373;269;43
606;386;3
574;562;19
706;343;11
183;352;15
756;325;13
104;688;1
360;57;40
709;215;44
322;12;10
619;403;19
442;412;21
135;243;29
28;706;10
386;337;22
55;740;6
495;315;3
330;736;39
659;384;4
184;560;2
325;560;48
709;435;22
294;464;41
642;212;30
167;152;43
371;99;24
697;198;39
694;461;27
367;459;39
456;311;47
695;67;46
347;790;42
798;389;23
610;61;44
526;536;35
685;577;49
415;753;10
488;14;16
743;589;49
236;425;49
109;758;37
520;375;9
567;566;32
555;11;38
535;585;29
82;506;5
60;474;40
668;572;47
42;151;23
317;635;18
715;73;12
573;478;14
118;245;26
637;447;2
494;448;38
41;148;48
497;79;12
519;87;29
339;163;1
5;29;24
576;305;7
714;227;25
647;126;20
142;69;13
253;413;39
19;347;24
137;34;42
68;94;31
411;177;3
420;687;22
130;160;19
285;565;47
205;636;43
88;246;36
90;268;4
624;424;34
461;710;24
127;333;32
141;536;31
324;93;43
448;577;45
410;798;44
324;338;46
317;150;34
319;312;26
763;648;10
776;228;41
298;296;2
378;250;47
516;454;48
441;16;34
502;690;39
382;11;12
321;624;23
36;141;17
477;464;24
11;742;40
603;618;37
36;603;15
725;669;39
771;628;48
486;165;13
726;715;11
369;580;30
400;471;36
94;462;38
484;288;22
245;453;12
350;550;12
162;486;49
331;50;46
126;85;16
573;148;25
522;312;15
275;547;38
269;404;44
506;507;5
449;696;47
226;59;16
653;342;22
357;123;15
23;328;19
581;344;22
307;213;46
264;584;12
731;683;15
163;489;32
363;27;19
167;363;38
592;140;32
712;4;34
538;368;48
737;519;24
222;375;43
211;181;41
70;492;3
618;36;37
785;795;34
388;350;36
602;513;8
300;273;9
454;130;41
750;71;19
366;174;17
481;299;11
585;597;2
253;114;44
268;484;50
503;322;42
132;120;31
715;280;37
246;671;28
584;387;6
57;327;7
301;730;30
524;748;6
539;761;21
24;307;5
62;759;17
530;633;33
771;22;46
788;324;21
525;548;47
278;549;45
251;534;12
23;756;25
592;577;10
407;301;20
196;298;27
189;332;48
12;783;26
394;216;36
196;91;44
550;262;41
423;167;47
414;8;45
324;237;25
749;520;47
597;654;16
776;70;40
333;491;5
190;768;31
355;557;19
770;689;22
615;266;27
107;650;20
235;772;47
661;586;2
343;366;37
198;66;40
285;614;50
766;231;2
379;146;21
339;687;33
271;71;23
116;410;13
748;140;3
381;54;38
201;442;47
496;390;38
408;53;4
496;95;49
311;671;2
367;582;45
674;750;10
206;399;39
500;256;3
58;513;5
224;135;31
226;746;4
55;100;18
141;245;20
216;98;42
634;140;27
5;645;7
156;7;17
95;220;25
57;300;46
251;612;33
665;493;17
87;212;26
722;693;32
510;771;8
731;737;1
267;780;24
121;104;3
201;187;41
386;779;26
561;245;32
507;314;19
731;75;50
286;209;35
547;593;39
533;335;48
2;537;24
246;485;22
131;120;7
265;634;28
144;253;48
300;211;28
19;37;17
628;153;22
416;512;6
6;174;4
309;145;24
324;184;8
653;523;7
496;574;24
44;197;43
239;457;18
152;707;9
678;784;22
247;470;24
327;774;15
636;475;37
534;738;17
143;241;42
722;748;3
536;137;31
618;594;48
677;254;12
509;445;48
736;450;24
588;746;2
578;329;3
727;345;29
521;41;32
10;530;15
706;517;32
771;33;8
759;778;18
162;475;13
791;370;23
175;785;16
524;653;19
416;235;30
319;486;40
490;416;34
183;45;42
522;113;5
106;432;34
762;510;12
703;303;28
198;47;23
628;224;32
50;498;11
83;664;32
602;199;39
642;554;41
522;534;8
760;671;42
505;140;9
580;50;6
752;697;33
54;650;35
6;207;29
463;682;29
388;152;12
39;284;44
569;10;41
444;448;12
169;641;34
5;83;40
135;404;27
73;251;42
319;621;22
183;727;3
295;746;4
499;76;21
438;191;29
192;662;5
727;638;49
757;650;34
548;358;45
12;20;30
357;486;27
9;190;1
414;53;27
512;135;50
723;428;43
738;134;38
493;99;9
772;169;34
91;790;7
43;573;36
672;299;1
216;78;2
344;282;37
263;416;31
71;681;3
185;510;25
461;520;23
204;276;49
327;598;14
502;644;43
551;315;47
101;492;38
144;649;20
220;779;34
358;773;22
140;15;17
148;371;30
546;146;34
130;382;8
265;159;35
58;94;50
346;222;30
657;114;39
275;29;32
376;139;28
93;533;41
109;12;47
329;752;18
263;110;20
25;658;3
763;235;14
149;492;2
120;207;1
738;92;13
79;39;31
485;343;35
428;519;32
571;634;31
467;424;9
398;112;4
328;284;42
39;521;12
783;364;44
391;465;9
142;577;9
152;21;18
779;634;32
134;700;17
145;278;18
763;300;48
343;176;47
610;539;15
776;577;35
262;279;8
437;269;19
749;231;26
460;624;50
72;652;46
661;548;50
245;307;33
676;115;31
83;7;40
550;103;12
543;426;45
228;673;43
272;703;16
694;244;32
423;795;37
478;494;33
584;412;24
695;518;47
479;701;14
121;462;6
147;334;46
106;322;18
11;22;30
262;306;34
391;384;12
800;708;18
670;574;12
152;166;31
550;434;47
419;14;14
540;329;32
251;172;17
108;398;49
412;277;33
180;203;25
709;127;1
27;698;34
246;592;25
128;316;36
336;495;47
654;724;49
200;198;40
228;579;44
594;797;9
415;419;24
665;795;21
488;23;32
267;603;1
541;625;15
165;190;15
763;265;6
229;74;2
469;511;46
100;154;26
525;710;43
130;248;27
324;760;46
82;415;12
15;705;28
598;477;39
735;559;19
305;117;4
210;118;9
317;602;12
647;461;17
723;645;50
483;146;24
623;406;39
660;649;10
92;11;15
391;471;20
792;285;31
133;579;31
269;228;45
256;707;28
779;574;1
169;436;23
101;568;45
67;760;7
606;553;5
533;325;22
136;237;27
732;223;46
697;586;35
747;296;19
425;784;3
136;398;25
143;302;11
428;202;33
684;616;45
374;370;42
215;344;41
770;431;32
333;320;23
546;526;36
636;679;35
212;704;11
710;505;47
118;618;20
311;79;41
596;242;31
743;111;50
742;794;33
596;131;49
609;606;41
624;599;22
542;322;10
396;574;26
644;552;47
662;426;39
675;756;15
654;227;4
365;365;32
736;715;24
416;460;40
400;85;45
710;799;34
410;154;44
793;464;35
442;514;16
124;729;17
238;156;11
422;499;13
395;766;2
612;76;30
582;733;27
34;304;36
558;596;4
64;269;2
298;126;25
585;296;6
325;798;28
745;673;27
634;306;10
103;769;24
793;478;25
335;430;33
591;202;38
20;195;13
387;429;19
676;487;36
667;409;42
678;185;41
65;376;21
64;668;33
35;122;50
551;330;20
769;18;31
230;676;15
285;22;12
301;667;47
651;459;26
332;112;3
659;715;30
143;234;40
599;168;20
800;213;21
444;751;23
284;368;50
18;404;34
783;349;39
154;90;18
368;539;38
406;604;31
39;19;11
636;618;22
584;526;5
14;512;13
260;466;3
730;648;19
764;479;8
42;589;38
529;113;21
687;752;2
19;180;37
237;207;17
653;21;26
64;23;7
697;258;2
760;395;12
53;379;21
559;654;7
245;394;44
155;658;50
329;520;43
706;139;37
351;633;48
672;249;48
335;471;1
190;655;13
343;260;32
444;269;1
157;646;32
99;10;20
184;325;11
59;236;47
699;453;42
235;356;1
371;254;30
751;502;46
716;69;21
716;573;34
704;528;11
29;42;10
501;65;24
463;445;45
598;319;11
588;373;18
735;148;30
499;46;29
579;206;38
403;204;42
160;159;48
170;653;1
734;153;4
709;386;16
607;573;2
214;201;47
98;636;17
132;189;13
349;141;49
649;106;1
93;103;6
456;203;30
183;130;34
352;539;49
526;450;40
786;697;3
303;275;37
2;235;15
181;716;11
665;716;32
371;739;30
577;662;43
524;435;48
760;592;21
190;724;28
405;522;19
507;441;15
379;373;11
484;629;48
664;172;38
48;651;40
109;129;46
498;717;25
619;608;7
341;261;9
551;744;15
314;299;18
748;496;9
579;430;38
766;576;46
788;179;22
729;12;38
28;245;3
529;569;50
424;111;37
45;408;42
798;366;50
150;753;32
433;792;5
125;301;44
219;629;23
168;397;3
197;552;32
630;350;3
77;581;16
600;459;22
568;166;35
414;387;3
782;283;16
85;796;44
358;212;24
621;475;39
749;117;29
577;311;37
343;384;11
462;691;28
420;362;31
186;495;9
5;782;19
63;556;21
335;45;20
746;142;44
258;391;43
554;641;3
287;43;15
628;163;11
62;296;40
359;366;24
259;63;25
781;657;16
535;468;40
495;148;39
216;5;15
589;368;48
550;578;20
686;32;20
600;647;39
717;722;28
550;630;14
763;611;22
408;213;42
114;14;21
139;553;7
550;296;21
270;728;8
59;726;29
591;242;38
185;258;10
285;740;28
13;354;43
492;777;48
625;692;21
740;723;32
786;547;33
184;596;31
305;484;28
396;631;40
67;521;15
521;72;35
506;611;17
437;591;40
461;634;39
415;165;41
68;578;50
120;792;6
366;44;37
668;609;50
83;688;39
779;533;29
72;461;6
302;77;30
253;45;13
403;286;3
176;66;5
134;543;6
589;753;50
363;617;6
618;488;40
574;44;24
714;19;17
350;772;1
365;404;3
694;254;29
9;60;2
305;163;31
159;211;24
96;317;23
374;542;44
164;46;19
304;241;48
670;612;26
424;108;28
159;174;36
284;36;33
661;229;31
777;589;40
402;570;30
361;650;49
515;99;25
615;307;45
157;202;5
354;598;17
531;563;11
67;560;5
311;511;36
23;400;38
665;696;45
155;174;26
530;245;17
667;130;29
129;577;16
638;679;26
100;143;18
161;472;42
713;232;45
275;243;17
201;261;8
282;264;36
438;561;13
238;102;17
109;52;4
663;504;6
748;4;33
697;612;4
558;522;25
222;677;48
159;463;30
419;148;22
390;180;2
500;615;22
302;708;19
143;410;41
463;623;38
655;27;3
343;52;3
132;360;49
296;271;45
157;193;18
204;142;28
789;124;25
412;119;45
574;556;28
364;671;21
212;76;26
651;543;46
545;737;2
567;366;25
768;325;12
136;99;5
519;480;41
737;572;1
304;123;12
649;661;30
346;710;45
335;126;27
354;34;23
167;9;23
593;187;27
583;672;29
301;643;12
642;385;48
138;16;42
329;479;14
552;402;44
398;477;37
458;8;20
317;452;29
307;394;32
61;192;41
299;732;25
661;485;35
438;619;20
558;754;15
269;609;21
777;559;34
542;176;21
780;28;16
107;781;6
491;350;25
185;378;31
480;230;27
44;699;5
663;712;35
70;367;23
86;105;32
660;592;20
673;114;32
468;361;28
79;627;27
91;19;27
292;197;26
752;573;42
167;656;41
705;175;35
172;679;19
453;115;8
689;43;45
167;400;40
201;590;7
100;458;2
385;416;39
441;663;33
235;397;31
489;768;36
399;548;30
377;572;28
778;734;38
379;756;22
754;511;30
208;427;35
745;709;35
99;232;29
611;233;25
127;186;29
206;157;31
550;748;48
614;116;42
529;480;8
675;67;44
725;153;7
454;228;12
451;7;12
765;293;2
776;51;35
482;466;14
121;678;43
800;363;16
382;366;44
780;5;36
325;722;41
134;652;15
189;473;41
602;308;37
92;28;32
487;120;46
777;65;9
317;387;6
287;30;32
283;133;4
236;597;45
567;129;43
267;726;10
259;289;23
554;688;42
337;451;22
614;412;35
494;539;30
295;347;29
562;583;2
782;728;19
512;118;8
95;185;34
659;784;4
136;85;20
309;435;1
392;645;38
791;226;24
522;121;25
715;610;16
174;222;27
352;67;17
397;94;13
487;429;27
244;171;50
676;437;14
186;258;37
246;361;16
12;514;15
325;763;49
344;737;27
540;66;45
90;620;20
615;430;12
696;748;25
563;649;16
306;331;50
260;516;15
70;59;12
146;229;38
564;643;2
516;198;43
52;6;30
725;124;45
488;510;44
720;403;12
108;601;5
739;293;37
259;306;49
301;605;49
570;269;30
627;371;9
766;327;5
621;166;14
156;251;35
113;104;8
278;636;27
456;415;19
368;275;17
645;187;41
428;399;15
114;423;39
96;114;29
27;175;48
418;195;49
462;548;42
52;474;44
453;411;38
791;516;9
743;648;37
508;771;46
645;696;47
41;655;34
7;683;21
224;54;22
208;722;6
590;438;39
744;711;9
238;770;49
725;501;27
790;295;2
655;381;33
232;559;33
707;571;32
40;117;36
576;203;34
591;279;25
145;57;23
190;726;47
532;590;38
24;733;44
511;43;8
358;500;14
527;227;31
210;765;6
546;138;34
63;552;31
695;286;43
25;554;5
614;721;12
757;105;43
646;620;16
675;63;2
692;334;3
611;331;25
519;179;28
108;308;26
92;627;38
780;75;39
70;554;36
776;26;22
789;1;27
28;591;47
426;159;49
781;297;10
423;374;26
265;275;10
390;493;43
578;510;8
146;92;2
552;103;5
52;542;41
112;618;21
720;181;3
118;220;16
330;172;14
43;365;12
350;78;23
398;615;43
142;23;11
197;42;29
225;327;22
168;644;22
589;715;36
728;443;12
204;421;34
253;452;2
305;666;48
150;44;43
773;445;40
189;362;30
408;344;19
535;77;16
432;100;45
178;631;47
681;799;6
774;361;48
44;608;16
284;558;32
137;8;15
464;27;42
578;781;4
657;602;6
211;523;6
691;680;47
325;789;43
344;373;4
654;93;18
7;271;35
347;87;48
714;522;39
256;205;35
83;100;44
130;155;29
492;98;39
72;514;22
695;292;36
54;120;12
52;548;30
721;539;44
313;330;47
696;489;1
639;638;26
489;236;2
406;264;3
17;443;50
19;682;49
633;729;28
208;377;16
765;564;32
415;178;50
663;185;29
630;443;9
43;520;17
757;540;10
350;721;45
157;225;43
553;550;22
680;713;17
359;339;31
481;270;1
68;226;37
495;607;42
793;186;11
191;358;9
278;454;24
669;527;36
675;44;37
187;229;26
641;163;41
163;666;8
50;532;27
369;698;25
704;214;15
108;309;11
741;226;49
259;791;45
742;384;16
28;372;21
101;745;17
165;615;42
166;270;5
13;107;20
602;219;36
272;617;38
730;426;23
750;727;42
225;460;33
586;227;48
328;389;31
642;484;45
545;777;30
150;247;17
167;73;37
378;529;21
324;763;23
613;186;12
231;7;24
663;311;37
746;550;35
65;779;4
87;322;20
550;495;25
96;608;25
730;201;36
393;606;39
161;633;38
56;183;33
439;165;45
569;273;26
72;673;20
698;746;36
355;733;49
403;44;33
706;484;21
352;299;2
153;50;46
443;334;40
539;217;33
582;215;26
790;345;38
334;205;7
290;52;4
744;475;50
258;725;13
750;170;10
486;429;41
621;525;50
482;782;40
547;760;42
629;69;7
745;139;4
741;482;47
102;465;15
666;400;23
457;218;14
177;385;21
448;574;33
506;727;33
686;230;6
49;350;19
535;584;3
371;477;19
131;154;25
581;649;5
433;72;29
345;75;1
755;612;38
494;513;1
217;303;5
245;750;5
412;80;37
61;78;20
168;59;39
643;611;38
232;550;32
448;149;48
390;608;11
655;797;14
642;618;17
16;12;36
470;758;13
725;582;30
620;183;11
226;405;43
792;364;27
699;458;4
662;96;4
112;367;21
208;17;20
179;795;44
179;11;26
587;495;13
780;259;23
538;181;19
237;723;49
295;342;26
11;671;47
15;106;40
33;386;21
587;323;12
98;363;22
346;288;29
141;433;48
92;80;29
769;459;6
579;671;11
429;453;2
45;322;47
475;199;44
434;143;7
76;399;42
173;418;44
298;605;2
337;102;29
639;711;3
533;785;38
633;560;15
483;713;45
565;524;42
85;63;8
581;276;48
40;592;34
659;387;37
642;612;24
451;509;10
728;308;18
68;371;26
198;719;36
77;364;32
129;494;25
532;418;41
363;419;37
224;62;36
166;765;4
421;312;19
78;74;14
421;440;19
476;722;6
195;629;42
325;41;1
600;59;5
427;494;19
698;600;17
436;539;15
77;680;2
102;369;8
334;150;46
122;737;16
247;696;1
720;407;13
530;219;21
282;670;15
747;419;12
53;356;32
26;586;14
113;424;31
522;114;24
362;551;7
563;116;6
316;418;5
676;108;40
713;98;44
154;384;8
619;366;18
384;2;10
787;688;50
753;543;7
655;616;26
768;735;13
779;40;17
630;145;19
707;694;22
778;664;36
244;391;12
277;320;32
225;578;6
139;532;24
496;19;41
229;448;37
332;434;19
508;512;48
382;514;39
664;393;45
285;662;31
687;313;36
534;289;27
52;378;29
501;584;12
395;31;29
171;440;1
486;180;32
679;666;22
507;219;4
132;468;9
30;214;31
7;144;36
206;308;44
576;677;46
701;675;22
315;598;45
735;348;21
109;687;39
178;149;24
292;692;28
797;314;47
524;5;43
204;133;40
80;165;20
238;668;19
652;535;16
177;418;37
584;111;40
85;356;15
424;533;30
628;754;7
250;180;43
507;179;24
775;180;23
269;49;5
42;143;2
563;158;39
663;437;14
682;397;17
162;226;35
190;500;6
366;110;29
491;483;25
762;212;41
213;209;39
358;425;23
244;512;19
46;384;6
333;427;4
348;81;20
259;766;19
547;271;39
413;478;10
748;468;17
104;386;18
574;79;36
36;285;42
659;266;35
156;439;28
746;37;27
622;640;20
10;572;2
562;114;33
747;741;46
510;781;29
579;264;21
177;555;44
331;202;11
558;557;48
299;458;29
107;28;7
392;168;19
441;84;37
419;765;22
271;96;38
385;326;5
66;84;50
579;103;27
162;306;24
708;658;16
535;615;34
533;667;36
277;39;28
606;788;35
566;351;1
466;512;36
344;146;10
133;332;25
216;83;21
452;312;27
51;444;8
173;799;34
211;80;1
65;772;48
92;773;19
77;723;7
577;738;37
136;427;30
556;67;37
597;612;31
647;327;22
98;705;27
628;349;22
664;599;23
409;407;30
319;589;20
725;395;31
376;403;38
1;761;49
115;363;33
85;149;7
250;343;18
327;76;34
148;121;16
756;685;8
46;463;44
691;24;6
186;22;25
550;595;11
611;679;3
758;730;31
58;77;1
34;12;38
686;778;49
143;337;30
456;87;27
577;391;50
157;396;32
18;496;14
112;647;40
394;53;21
292;42;19
491;135;17
761;296;39
338;684;17
171;731;42
649;152;22
670;393;25
41;351;19
570;71;2
542;412;16
688;290;48
342;228;46
682;29;43
235;440;30
789;439;28
332;747;46
562;427;28
609;583;16
606;353;47
30;319;5
659;462;25
395;653;44
593;212;23
726;292;39
584;17;20
336;61;11
540;580;33
555;532;50
662;474;46
796;144;25
504;73;44
24;766;28
403;167;21
678;556;50
363;458;33
400;708;40
94;320;9
21;340;46
27;255;46
631;345;36
612;589;11
773;793;28
729;87;3
787;317;11
306;783;26
334;517;27
339;608;48
298;638;45
292;180;7
108;168;47
29;557;38
77;755;30
433;300;18
770;585;49
517;570;41
665;287;49
664;641;1
640;18;50
503;468;38
198;551;26
243;139;18
427;769;27
637;317;9
128;281;39
575;520;50
516;111;46
660;147;39
603;419;37
206;722;24
42;775;33
340;121;35
778;468;44
401;562;45
737;493;48
103;310;38
88;795;4
109;506;39
317;527;37
492;129;2
88;1;31
481;792;28
448;53;38
496;327;47
30;523;31
729;493;5
583;489;6
593;171;1
504;313;15
250;613;48
523;459;47
568;469;27
63;382;36
275;9;20
748;477;40
665;142;26
687;67;6
196;344;17
625;269;7
529;432;34
350;740;31
85;573;48
434;428;20
707;36;24
720;717;32
127;385;49
95;466;12
248;299;12
272;249;3
87;680;43
706;372;9
347;358;17
163;208;10
484;96;19
712;395;43
373;249;39
606;164;28
583;445;1
38;426;6
754;211;1
416;335;38
330;394;32
191;164;8
313;274;34
98;147;2
143;226;12
586;160;50
201;650;3
17;311;3
349;580;34
312;99;36
605;332;27
454;514;25
337;461;32
443;608;6
198;171;36
180;415;3
488;167;29
491;38;38
744;451;34
552;692;40
621;262;17
619;654;49
411;443;37
55;168;33
427;314;48
530;647;31
456;722;1
537;279;38
56;40;24
428;616;7
261;30;22
315;700;30
483;700;21
262;442;45
150;503;37
794;484;44
228;737;1
49;711;16
777;699;10
339;401;39
487;504;35
774;332;41
373;499;13
510;347;35
445;590;15
657;286;48
247;316;11
514;710;27
392;143;17
657;132;18
562;777;48
588;585;27
745;416;4
644;377;33
713;203;46
97;228;11
303;498;48
104;452;36
100;731;15
250;3;27
230;282;27
516;190;19
228;599;20
759;765;13
226;390;43
205;391;29
395;433;48
755;747;14
591;721;7
525;430;18
117;366;14
223;494;35
158;479;45
199;419;47
436;242;11
691;105;11
758;300;2
670;420;36
659;577;11
518;31;27
348;166;1
701;328;11
466;777;37
198;402;4
489;386;13
343;275;22
226;36;11
107;480;44
655;691;23
151;126;19
261;98;24
78;291;17
143;447;17
154;169;15
492;747;40
702;333;14
258;20;49
576;777;31
341;522;11
346;293;5
682;256;31
747;17;38
136;559;21
354;361;36
509;229;12
519;614;32
342;20;19
304;425;12
662;83;16
528;44;43
182;391;23
364;773;50
32;183;30
90;430;4
741;783;47
709;716;37
519;216;16
722;597;21
96;496;20
67;25;8
325;106;3
682;753;31
231;529;29
512;339;11
590;547;23
315;357;1
153;582;14
126;104;20
769;275;3
299;475;39
432;753;12
59;494;42
371;697;36
118;651;31
768;297;17
137;383;22
97;375;34
562;593;21
152;421;24
34;151;46
794;143;27
755;690;41
348;794;45
576;437;20
784;495;4
437;530;37
166;712;15
275;627;13
321;14;44
256;382;19
640;316;11
211;170;47
78;163;20
335;153;34
392;791;24
668;366;44
799;594;46
242;142;3
743;468;34
289;459;17
216;559;1
217;249;34
534;111;5
129;194;22
37;583;27
250;345;17
408;713;8
574;139;7
614;481;37
435;382;12
501;593;13
788;751;43
543;716;10
657;691;15
481;646;45
430;426;47
7;793;13
154;529;25
177;351;30
668;547;48
466;497;16
398;680;15
702;435;26
200;48;5
69;520;14
368;755;15
769;477;7
560;338;32
478;249;49
715;575;8
274;384;10
277;401;10
678;19;45
536;639;50
422;402;44
697;797;17
732;408;46
164;247;5
75;411;6
463;713;40
583;462;23
791;555;7
10;485;36
275;525;8
480;278;20
664;747;33
65;726;20
739;544;46
33;194;29
565;582;50
515;256;33
333;440;6
55;43;21
391;624;24
310;131;14
399;422;46
423;744;39
346;505;27
496;721;31
229;729;3
104;706;28
690;500;45
470;152;8
549;471;49
677;76;25
466;265;9
793;741;27
782;763;32
21;119;28
703;704;23
214;203;27
134;758;38
321;171;6
490;18;14
274;523;34
203;653;48
537;409;3
691;438;48
344;631;38
649;20;28
380;437;40
497;236;26
55;120;9
594;461;16
138;73;40
599;146;3
4;54;14
402;649;3
48;461;35
568;777;12
336;30;34
394;1;34
407;250;46
660;363;40
366;38;20
668;792;3
370;645;13
84;115;23
109;116;48
589;791;40
362;592;41
663;785;50
54;549;7
17;493;30
304;227;13
55;721;19
778;146;12
231;107;31
710;641;29
750;751;44
65;725;43
749;97;39
434;479;33
379;673;47
394;402;30
790;768;26
328;184;28
362;585;12
772;313;24
671;436;45
123;291;37
376;574;46
606;720;16
680;516;9
105;685;18
28;222;32
664;22;2
136;208;43
72;298;25
585;698;25
766;363;25
289;335;42
697;751;19
376;517;50
645;372;13
410;139;20
207;387;32
396;643;18
620;291;8
628;483;21
707;187;45
22;787;35
666;668;25
27;292;30
32;268;35
159;481;21
759;794;7
613;107;14
430;674;5
620;658;49
145;120;16
737;515;50
325;471;29
388;308;25
373;692;25
494;351;36
601;647;17
150;329;9
623;246;19
404;476;3
676;681;26
287;345;25
326;87;6
695;413;25
316;704;18
271;26;40
64;133;14
367;683;32
763;246;11
499;676;35
663;780;3
605;432;39
589;721;17
630;797;44
253;535;21
127;248;19
705;455;22
137;710;10
59;284;26
172;332;44
311;500;48
330;744;35
553;478;24
195;499;38
10;565;25
585;551;23
81;469;49
422;558;42
259;757;2
751;682;50
622;368;50
588;599;28
482;171;16
352;684;28
356;387;31
122;127;4
433;110;7
327;330;23
259;772;27
187;298;1
175;393;32
345;720;24
196;600;40
462;208;14
222;208;36
378;554;33
264;307;11
326;793;42
786;572;25
708;141;14
721;357;30
311;349;22
543;539;8
783;105;27
390;793;32
659;543;43
198;104;10
563;403;27
367;63;35
412;781;20
739;65;39
657;27;30
82;178;21
27;254;20
253;575;7
89;719;38
241;252;12
375;495;38
435;487;42
12;401;28
394;125;39
617;290;4
8;487;7
42;772;29
786;691;19
372;669;44
660;37;7
430;630;28
85;413;11
698;324;29
15;568;29
638;435;47
437;352;28
241;251;32
290;737;40
424;366;32
485;499;42
92;772;19
468;604;11
430;565;14
203;638;41
701;312;8
341;120;11
650;600;10
663;518;38
79;556;3
691;783;23
437;222;37
43;492;46
26;394;40
639;86;15
267;588;18
785;284;6
775;594;47
322;285;3
337;90;21
218;778;11
59;404;3
458;90;8
415;29;38
1;542;6
648;20;38
659;7;20
129;499;43
708;601;14
103;67;44
156;404;27
159;182;32
3;345;27
617;540;30
784;350;8
741;456;4
671;95;15
500;586;4
182;231;13
38;607;8
698;56;28
51;29;14
125;711;10
674;53;21
718;705;47
686;44;13
591;551;7
207;183;32
787;204;30
672;531;26
601;214;16
156;336;44
282;360;47
174;50;8
284;380;40
376;570;2
488;453;22
541;742;15
252;756;37
122;393;44
121;765;1
420;47;49
330;190;25
98;795;26
474;375;26
744;550;5
408;570;4
358;424;30
233;13;24
238;257;43
128;664;42
784;778;9
757;662;34
595;78;2
794;692;1
106;305;35
597;70;17
191;273;37
1;710;35
740;718;17
590;698;41
800;547;12
776;159;42
789;609;33
77;89;31
122;81;41
262;760;19
325;170;4
102;604;10
739;565;36
515;12;47
212;145;36
432;567;24
533;732;12
7;717;45
797;602;48
615;408;27
324;668;1
774;379;15
357;308;45
375;376;46
337;633;17
531;501;42
484;298;14
571;26;45
324;353;38
282;652;1
188;264;31
90;181;17
175;96;27
246;492;32
796;210;29
786;254;40
364;772;3
137;393;46
208;265;4
170;462;16
741;664;41
115;744;16
599;433;38
744;637;47
519;506;24
221;743;11
6;723;6
293;37;42
430;652;34
442;14;6
38;137;32
521;58;16
150;302;7
464;383;41
398;257;18
250;10;5
580;52;42
126;253;38
773;705;49
567;478;34
439;315;19
286;388;2
704;82;10
619;404;41
343;543;41
114;590;48
603;160;38
196;671;30
736;240;37
643;4;22
94;613;17
267;197;2
627;10;34
205;81;35
55;206;18
342;27;42
130;683;44
639;359;25
183;253;33
65;40;34
189;6;37
519;405;29
787;662;9
323;732;18
486;414;39
83;718;21
256;223;2
163;724;36
277;663;14
698;798;1
659;647;12
563;309;42
753;494;42
514;372;8
700;560;19
445;42;43
276;272;37
3;335;23
133;591;30
417;162;27
33;367;34
369;751;33
308;472;29
104;657;11
639;1;11
737;415;42
762;651;24
528;586;11
487;46;22
190;98;2
308;160;9
111;105;31
623;264;11
266;43;33
253;191;18
464;280;31
78;26;33
760;58;40
448;243;45
32;556;4
405;212;50
219;412;13
556;741;9
625;152;11
12;462;42
156;114;36
546;191;26
245;12;7
568;236;32
277;4;2
555;430;25
189;388;46
13;686;24
654;752;15
337;560;6
85;339;42
691;498;34
129;583;45
527;452;17
641;695;29
343;525;34
651;8;27
321;416;10
638;390;38
646;148;16
581;735;13
656;39;32
78;608;45
689;350;40
154;225;43
610;65;41
186;154;7
773;207;29
283;525;26
356;204;1
568;140;44
557;665;31
694;778;46
638;792;1
341;289;43
462;515;2
396;736;25
474;729;26
148;545;2
101;628;3
41;573;44
632;157;32
220;612;19
136;305;25
118;45;12
761;740;43
217;541;40
734;586;47
401;638;21
749;54;27
353;137;29
421;252;22
582;343;28
131;152;15
31;443;41
776;664;1
799;219;18
117;768;26
245;77;17
738;169;37
671;167;39
311;592;8
643;749;5
154;251;42
500;556;4
482;616;44
333;521;31
676;672;26
594;370;15
585;219;47
706;385;3
313;501;39
164;339;20
415;106;39
383;48;10
411;393;42
36;281;42
618;727;23
442;574;42
304;102;46
403;636;21
753;153;11
675;398;5
577;496;14
44;547;11
165;342;1
13;199;23
88;403;16
763;797;17
183;247;39
595;681;21
571;2;46
691;707;2
703;477;14
734;501;43
336;771;32
708;694;13
716;153;33
235;225;50
150;655;31
499;311;38
309;704;33
338;800;39
324;765;24
203;560;39
226;37;40
618;658;8
137;646;23
377;710;37
448;680;43
657;278;19
457;460;28
125;384;19
135;436;35
464;752;13
24;348;50
771;160;42
562;334;25
163;736;19
253;315;18
249;643;1
483;465;33
319;489;9
173;326;35
771;192;49
472;606;49
725;130;13
682;634;9
594;418;45
503;120;9
667;5;37
512;635;20
283;491;8
281;694;37
466;378;4
643;376;49
747;302;37
286;505;32
650;231;23
47;52;41
63;176;33
660;516;49
164;392;11
186;164;40
269;691;46
789;76;44
484;108;48
695;393;46
101;12;25
623;2;45
244;253;48
6;681;13
629;250;15
773;298;7
244;673;10
667;791;12
384;96;47
691;15;11
613;238;24
617;525;32
63;721;40
615;752;22
157;369;6
694;425;19
18;6;11
364;555;8
593;627;1
528;778;9
653;689;34
586;107;40
487;542;3
164;500;39
101;55;35
753;598;13
157;454;50
86;485;50
190;674;8
604;94;46
290;683;10
20;698;12
27;155;26
379;777;17
24;196;14
749;618;10
681;285;16
466;775;22
237;382;11
519;582;19
593;430;23
325;568;36
635;234;37
118;83;40
96;689;14
701;224;26
203;605;31
560;365;19
540;574;48
685;656;33
650;729;46
293;673;42
557;27;24
150;665;7
718;529;8
339;653;50
621;332;6
561;440;8
752;499;10
158;127;20
471;205;20
724;481;32
303;103;11
230;336;8
208;647;40
724;50;27
454;28;28
347;164;23
540;680;1
752;637;48
626;522;17
756;680;1
519;245;47
279;377;17
395;602;5
677;592;22
150;642;12
9;622;13
709;363;46
149;83;4
530;330;30
97;196;21
715;54;5
534;109;47
281;194;33
250;270;41
768;121;36
376;471;36
617;79;12
376;256;1
26;634;18
318;334;41
786;415;9
486;754;36
325;490;39
346;358;34
159;573;33
421;696;15
537;689;39
507;370;50
712;774;19
13;392;45
383;593;2
172;602;43
95;224;37
501;719;14
207;587;7
608;672;9
765;50;14
277;89;50
582;134;44
433;56;17
273;117;19
659;34;16
591;567;31
400;747;21
557;690;16
483;358;33
504;130;43
190;143;14
117;237;49
592;746;40
215;39;2
1;430;18
140;486;24
223;717;7
737;737;22
506;441;37
773;777;17
732;695;1
397;688;38
538;591;19
395;323;37
725;228;28
210;31;18
476;247;39
181;316;15
682;436;3
323;488;41
118;159;35
434;139;41
655;699;26
395;91;17
688;376;29
149;268;18
435;422;32
159;214;19
581;470;16
604;124;48
116;152;39
19;241;13
588;370;41
549;370;23
66;262;22
788;250;22
546;269;34
396;141;8
190;439;33
787;612;22
349;310;45
3;651;21
95;68;46
292;728;5
192;139;9
530;588;7
6;255;6
49;444;3
421;628;15
547;166;20
515;157;40
561;424;2
496;731;15
578;624;32
529;566;8
671;301;24
409;155;27
100;81;44
338;241;41
558;588;7
734;380;32
241;685;37
783;38;13
482;664;29
395;233;38
709;564;10
215;68;48
226;624;48
367;160;48
697;463;14
506;218;36
529;739;42
164;496;39
359;432;17
10;345;46
196;234;19
99;585;4
146;61;25
471;126;36
725;676;19
682;533;3
364;192;49
588;598;41
93;57;16
563;396;33
634;694;43
786;643;12
584;309;32
282;173;3
475;90;5
264;260;33
138;680;34
210;623;28
47;469;37
580;313;43
695;448;8
622;702;1
602;717;23
211;236;31
280;267;10
47;459;6
784;303;27
688;372;24
800;659;11
374;37;16
659;290;35
75;507;42
358;287;13
720;107;39
224;562;18
224;232;34
245;363;37
609;298;14
689;798;4
313;480;1
391;12;22
311;204;30
772;423;12
43;270;16
440;620;36
52;78;23
33;605;13
562;361;25
158;198;10
223;251;15
704;15;39
81;797;23
222;613;35
48;319;32
498;343;20
529;331;39
129;614;22
478;378;47
351;744;32
795;498;35
77;464;19
431;670;49
213;30;20
125;119;49
119;212;49
195;732;36
393;8;25
318;233;41
414;782;1
709;640;50
478;92;15
551;454;14
251;479;19
248;645;10
43;447;24
92;365;45
578;267;17
385;280;13
299;366;3
471;353;15
704;684;2
755;632;50
752;446;50
611;292;25
238;21;15
375;112;20
717;491;10
394;382;6
280;538;24
145;759;4
729;448;17
642;788;47
682;233;25
503;414;28
796;408;30
227;645;35
121;72;38
55;91;38
622;301;29
634;232;28
404;291;19
94;438;17
433;116;37
612;556;1
274;325;42
91;220;1
469;684;22
510;500;50
257;367;19
552;69;31
16;223;5
640;534;44
177;686;30
465;108;47
383;103;32
562;537;8
483;15;36
629;659;6
132;698;35
126;752;14
634;149;26
594;728;48
676;265;14
172;541;50
260;82;47
166;576;26
133;331;41
341;590;28
280;70;32
778;159;44
407;342;35
648;446;11
84;503;17
558;112;46
706;663;44
608;152;17
286;184;31
651;94;25
781;103;24
450;34;34
92;742;38
38;98;27
686;237;32
8;614;6
664;198;20
503;766;43
460;566;19
730;572;20
273;99;37
650;534;26
30;312;26
175;198;49
58;442;50
88;199;33
376;548;15
46;447;21
659;90;48
633;42;49
538;321;9
472;582;48
111;108;26
799;83;32
317;221;20
554;399;25
107;409;10
102;648;35
707;582;42
103;783;35
143;178;41
752;678;24
417;127;38
667;42;28
491;593;10
724;703;19
595;309;14
610;67;2
56;773;50
382;690;5
293;345;4
48;551;31
433;755;21
729;525;16
98;367;40
339;62;2
149;64;2
176;493;48
163;716;16
731;727;15
195;531;34
61;183;18
766;614;40
609;759;3
633;416;4
224;667;33
688;141;23
110;774;36
562;393;25
792;622;47
208;32;24
187;798;25
131;773;10
663;649;18
602;98;49
446;25;10
26;587;39
375;522;33
637;434;23
430;350;47
443;144;11
755;366;50
330;321;6
100;784;8
511;757;41
504;17;47
673;38;17
682;540;10
146;68;49
642;395;31
129;630;40
184;228;41
240;481;27
330;496;49
404;791;28
1;468;46
708;135;40
548;491;13
61;634;34
213;73;10
102;464;45
527;158;50
423;176;14
616;609;13
184;319;4
173;450;32
404;253;33
665;492;42
580;672;27
251;703;41
487;624;20
117;21;44
189;309;24
226;688;24
662;733;15
610;20;15
55;661;30
467;318;35
343;266;40
320;763;44
717;757;17
280;414;16
558;332;47
402;387;36
118;721;43
430;16;23
216;222;26
259;219;44
172;140;32
153;574;13
223;719;47
492;692;42
642;348;20
344;406;24
196;225;33
347;532;34
360;586;37
511;462;16
394;155;28
406;445;42
518;765;6
171;602;7
332;540;2
325;290;21
378;414;46
151;308;42
582;151;33
726;430;47
534;351;1
437;624;26
672;229;6
66;600;41
130;606;7
480;481;34
709;669;25
53;206;32
210;142;8
469;789;11
199;296;32
596;325;34
205;637;19
682;401;42
628;633;16
63;771;10
611;536;47
126;177;9
769;641;41
63;242;32
433;754;25
343;39;31
537;648;8
130;714;48
699;301;10
723;503;43
426;256;34
361;737;45
141;88;27
446;244;29
661;59;15
75;185;50
664;703;4
618;738;17
601;420;8
443;622;50
717;778;14
580;144;34
674;627;33
461;35;35
64;356;36
618;409;21
155;289;5
190;241;19
355;36;37
482;287;46
789;611;15
474;723;31
420;16;27
590;43;2
251;27;23
352;472;24
365;709;6
3;396;43
797;433;10
136;174;38
672;316;13
672;530;2
732;681;21
365;335;8
596;431;17
483;207;21
480;182;26
558;275;32
759;130;50
543;754;22
796;404;11
215;379;20
489;294;27
178;168;5
195;602;47
69;509;29
698;575;21
122;185;17
754;341;38
111;57;48
73;525;45
335;772;49
161;666;44
169;446;49
609;432;34
51;95;34
335;795;26
650;386;37
601;109;21
654;214;4
753;450;18
342;741;22
431;790;45
670;646;45
639;163;37
30;136;48
297;207;1
371;382;42
323;531;6
683;120;9
529;595;12
768;90;29
551;671;25
259;760;46
20;158;20
692;69;42
162;31;31
139;568;20
478;588;9
753;465;39
359;81;40
179;761;8
797;422;47
188;317;26
370;41;50
407;130;50
375;677;31
762;235;21
440;301;25
10;235;16
785;632;19
35;451;42
338;38;38
630;363;16
600;625;38
141;411;3
391;40;28
714;516;31
312;767;19
569;63;26
494;290;25
418;543;17
88;24;28
501;530;19
394;708;41
713;381;23
600;65;5
188;174;17
521;368;42
232;374;30
633;701;48
438;31;48
724;527;20
377;89;14
564;389;48
293;93;11
177;90;40
321;570;7
142;521;17
722;189;17
107;656;40
145;400;29
464;239;9
187;234;8
117;412;2
129;765;44
123;13;15
580;251;16
660;234;20
305;441;21
31;366;33
319;774;8
227;174;28
613;497;29
467;230;1
482;410;28
792;217;17
771;209;48
105;571;34
620;690;17
44;706;19
83;553;38
321;25;45
731;460;26
192;341;8
794;244;27
37;153;47
725;481;33
771;450;41
476;412;38
700;726;29
505;535;2
185;44;44
309;417;18
544;245;29
201;474;20
351;341;36
411;514;33
274;792;50
735;336;31
721;75;38
188;603;46
52;293;21
337;723;18
341;249;24
470;277;30
383;737;36
714;65;15
121;404;9
191;452;30
626;300;15
463;471;26
543;104;18
187;721;43
531;545;34
370;261;9
34;775;23
732;353;15
666;532;20
703;642;39
409;246;45
707;565;25
80;783;48
521;487;49
353;668;45
537;89;28
638;17;31
728;512;39
127;240;9
625;257;29
745;652;14
697;711;39
683;774;21
197;118;27
388;579;43
555;211;34
337;734;3
658;439;23
517;518;31
265;277;14
250;785;43
186;579;16
65;754;29
641;138;26
112;768;26
637;27;31
91;433;19
344;212;26
646;98;3
444;396;46
255;306;39
671;75;50
767;83;42
434;531;15
789;622;36
286;729;29
430;412;40
633;322;17
600;128;18
708;203;39
227;11;25
542;360;40
622;166;2
433;106;2
589;248;18
681;21;27
217;545;13
227;121;29
692;580;48
403;143;37
796;192;24
742;747;50
110;697;39
481;329;7
285;663;15
713;773;31
486;708;13
103;38;28
761;674;17
596;259;32
288;304;8
784;649;38
160;371;14
550;1;47
791;336;7
565;281;5
332;104;40
464;585;39
473;573;11
328;5;14
117;417;49
746;2;12
736;711;37
580;797;29
100;550;7
192;221;44
228;441;25
87;774;36
313;518;17
341;793;7
189;112;5
361;415;30
504;52;31
158;715;2
800;713;45
343;595;30
92;546;29
480;120;12
93;200;32
358;707;45
193;272;40
105;585;27
79;584;34
521;244;25
635;428;28
291;721;45
393;275;24
455;283;34
380;538;50
141;452;40
705;26;46
2;782;27
78;508;34
364;700;8
3;360;49
762;656;42
498;531;18
422;531;45
317;601;40
152;609;40
604;75;50
55;319;48
298;208;1
367;360;44
532;414;25
483;247;12
198;397;42
166;38;33
434;184;15
564;679;22
597;164;18
761;416;16
318;64;48
774;634;34
312;242;46
6;529;10
619;799;26
229;268;15
21;403;24
460;786;41
375;577;30
447;306;29
266;23;11
405;654;12
361;704;16
573;464;23
23;154;13
797;750;32
142;585;43
693;126;47
589;442;42
659;390;7
89;351;48
451;255;41
254;491;36
773;675;35
158;388;30
766;550;11
426;750;16
385;250;33
786;31;10
750;687;32
619;520;17
671;662;9
425;447;20
67;318;37
230;118;38
706;678;47
468;774;5
168;479;32
87;709;44
198;40;50
95;393;37
125;514;35
768;616;49
764;254;16
524;252;40
300;218;20
566;746;18
568;627;41
22;628;25
507;442;32
240;203;27
212;658;35
333;653;16
456;596;1
501;431;14
182;460;2
145;306;12
346;406;29
361;281;21
310;492;18
470;259;13
699;362;19
27;574;30
611;449;13
189;249;25
204;529;5
342;254;19
331;175;13
82;269;30
779;661;37
769;666;20
750;799;26
786;305;7
799;664;39
513;408;30
626;92;45
99;150;47
350;3;47
88;27;35
677;607;36
162;484;24
228;117;34
755;193;1
400;313;50
683;295;4
207;638;11
107;787;49
323;99;2
31;313;50
47;726;3
669;240;14
711;565;43
34;788;32
149;153;17
109;784;35
292;119;49
267;584;48
736;1;50
67;505;45
747;528;4
169;580;43
577;367;3
362;538;15
227;467;27
17;58;11
375;714;6
270;96;20
714;496;18
583;577;47
726;312;4
760;407;48
131;615;33
728;267;7
168;7;5
775;236;49
445;254;48
602;406;18
679;501;25
261;167;20
615;443;21
121;438;42
608;83;38
573;620;44
90;693;24
245;132;16
271;428;26
402;247;10
363;332;43
15;77;44
538;141;8
402;345;30
564;224;10
331;321;18
532;645;50
177;538;7
295;614;3
504;703;19
696;404;49
602;115;23
86;255;24
403;257;21
775;425;17
584;719;47
521;235;8
402;689;4
422;555;1
410;487;28
453;514;17
581;368;8
32;66;24
108;321;26
286;426;12
799;455;29
125;567;38
426;331;15
161;652;24
284;500;25
197;702;46
200;617;40
163;411;26
413;573;32
787;95;9
163;754;43
690;526;21
355;269;18
371;652;20
135;317;43
624;37;47
18;333;43
799;410;18
680;153;24
786;511;27
669;265;17
500;397;43
290;526;9
204;314;22
404;616;17
385;446;14
604;136;28
628;231;31
708;138;40
799;435;28
527;101;18
720;296;15
178;199;35
560;106;49
372;539;32
664;425;9
407;475;45
274;525;28
164;253;49
722;712;44
395;167;45
362;306;2
316;716;19
1;227;37
282;674;4
59;617;21
771;136;41
575;143;18
592;323;34
468;485;49
197;449;42
478;186;10
372;732;2
20;63;11
418;489;9
460;158;22
41;217;50
93;784;2
409;128;13
40;770;19
275;115;26
151;785;6
649;17;15
32;320;5
345;367;44
625;302;14
403;78;9
426;799;22
715;186;28
282;113;2
128;781;16
64;744;42
101;417;39
88;439;4
15;261;42
653;536;46
310;621;28
281;449;41
372;617;29
617;73;41
171;337;13
35;29;45
372;248;16
218;231;48
304;487;38
418;462;39
218;639;42
344;328;10
727;639;16
530;738;24
728;633;50
580;482;17
623;112;44
418;53;14
789;114;14
302;37;28
638;138;45
377;429;36
85;717;42
367;799;3
664;84;22
774;13;40
767;588;27
687;614;29
595;584;36
718;142;30
455;770;33
381;796;11
63;84;39
280;788;1
782;511;20
109;341;11
218;439;39
64;707;28
781;255;2
251;252;11
265;350;43
383;473;28
218;696;49
193;604;9
650;418;7
668;543;33
74;102;13
319;68;42
462;390;36
730;225;40
317;413;35
784;42;3
620;281;13
325;197;45
224;755;9
395;376;25
248;398;40
161;768;37
595;527;31
166;557;33
217;443;28
313;747;29
755;602;40
299;546;22
162;445;18
297;27;19
795;457;39
60;726;10
128;623;34
401;440;12
397;588;48
626;108;46
762;234;33
800;173;32
629;606;24
84;25;23
350;325;37
800;166;10
309;689;22
799;2;36
447;177;46
171;800;13
515;509;24
122;490;47
69;536;17
146;577;46
508;498;29
4;410;26
782;336;41
777;463;23
580;1;32
470;45;6
333;487;43
607;670;36
252;236;15
173;408;20
611;524;47
301;117;24
402;792;28
360;724;11
434;615;49
542;283;12
187;130;13
462;263;49
191;533;14
568;302;14
717;648;31
383;740;22
507;291;37
420;469;19
160;42;34
271;779;32
51;318;50
691;749;48
362;497;20
22;514;25
733;558;13
293;24;5
93;536;44
459;662;23
423;459;41
780;582;36
583;463;38
599;698;50
166;175;48
693;361;13
204;773;17
12;673;43
224;18;21
239;641;38
139;678;46
350;610;33
350;92;1
173;200;8
51;363;20
113;752;18
46;387;41
520;24;21
250;381;18
233;705;21
36;622;38
767;103;7
458;82;19
237;7;5
219;10;40
363;180;8
449;375;36
759;526;18
779;662;32
343;605;9
586;91;11
392;272;47
9;515;50
678;28;37
63;334;13
642;311;9
312;665;12
428;788;29
477;633;6
685;775;14
738;622;36
717;54;48
229;559;24
661;114;13
273;3;13
460;273;27
259;58;2
577;19;13
537;713;3
485;76;18
321;760;32
536;293;22
379;672;42
725;327;33
291;240;30
745;706;26
369;489;30
572;617;25
633;429;41
385;248;28
724;330;43
466;750;11
297;747;23
71;521;9
528;754;14
629;305;22
530;516;38
92;500;2
569;461;38
407;365;32
52;451;17
181;218;26
291;427;4
650;43;47
436;269;24
702;707;33
567;795;6
689;765;1
515;15;21
724;775;19
137;166;13
108;754;29
743;719;45
677;176;21
686;18;19
135;745;3
314;123;27
495;485;31
306;669;36
456;720;17
407;112;2
443;491;45
655;795;18
795;334;45
444;113;17
285;109;50
129;245;29
324;771;39
81;333;1
19;259;35
382;551;12
264;26;2
719;19;10
638;471;22
641;732;41
420;508;36
681;618;40
145;787;13
603;317;29
156;190;12
278;751;50
537;92;2
737;368;6
752;100;4
575;315;33
683;486;27
715;735;1
252;653;24
513;375;8
252;723;40
630;282;27
404;618;11
65;681;11
587;638;24
359;410;11
614;675;7
423;145;32
106;204;30
633;689;2
520;160;23
366;204;32
650;721;22
347;80;10
465;490;45
564;100;35
706;506;21
562;308;48
459;616;46
452;301;15
278;737;42
695;324;40
589;577;7
233;568;15
93;182;1
785;575;50
365;210;7
538;616;40
643;686;18
503;60;22
793;340;9
388;650;30
278;691;14
301;625;44
14;245;43
513;649;36
133;368;49
417;285;38
553;216;4
251;679;11
266;575;8
587;170;26
131;690;43
644;367;16
721;601;18
422;595;24
353;171;7
222;590;3
410;66;48
790;556;26
561;663;49
298;330;17
192;470;5
799;199;27
440;215;11
600;658;13
293;252;27
102;283;25
528;248;23
210;252;2
493;494;16
208;391;26
215;78;26
365;342;5
285;445;9
585;630;29
661;732;34
755;161;33
775;514;32
471;206;18
28;624;11
445;225;45
228;442;32
409;59;38
295;79;15
17;424;22
668;74;20
295;382;23
156;455;27
663;752;31
688;382;21
749;442;50
660;590;39
614;218;1
17;657;14
484;621;49
354;693;16
5;736;18
98;659;47
773;722;35
69;132;25
373;643;40
210;205;15
736;664;49
280;743;41
564;694;45
353;201;28
82;330;37
155;205;6
771;237;26
373;501;13
677;24;26
751;46;12
192;14;36
729;565;18
273;536;17
117;634;39
377;514;43
207;542;33
170;90;5
646;160;11
765;310;32
302;750;37
93;518;42
467;39;29
426;367;23
414;256;27
354;302;44
555;605;27
318;277;22
793;667;25
46;266;36
744;585;38
409;186;24
98;462;5
736;584;7
176;690;43
21;161;29
277;525;5
494;39;13
576;722;35
39;482;11
741;435;33
659;652;2
747;738;17
732;753;13
77;541;5
415;86;37
313;679;32
261;616;4
452;116;6
531;46;34
536;385;16
798;47;49
545;190;42
403;537;18
676;781;40
240;108;15
692;425;13
385;432;3
632;396;48
248;209;1
265;283;38
113;603;48
673;282;3
615;235;28
706;389;1
433;474;27
278;433;46
605;539;31
490;472;43
54;105;18
664;436;22
546;376;41
383;602;30
787;80;18
33;335;12
46;213;25
633;470;33
600;740;23
789;183;45
421;225;22
10;759;1
158;266;45
425;409;8
28;418;40
434;398;39
732;311;33
296;203;6
758;144;35
533;19;20
556;261;43
621;526;6
658;3;15
700;598;42
38;760;42
509;267;30
729;459;39
97;10;43
479;294;17
139;619;47
530;113;40
774;152;12
175;82;50
493;231;39
725;784;33
610;565;1
546;327;21
729;449;18
178;24;11
242;583;38
235;743;50
714;267;23
663;406;12
329;285;31
92;136;2
682;767;29
61;767;7
174;440;19
272;348;30
386;114;50
273;132;30
117;11;49
197;656;12
454;654;20
309;438;18
164;418;14
750;682;8
162;422;9
141;126;14
333;747;34
366;616;45
621;108;13
351;36;35
235;282;21
425;249;45
401;614;6
794;738;26
324;430;25
348;289;48
604;166;3
511;620;2
643;410;34
116;405;36
398;33;3
421;486;40
248;39;23
3;599;44
551;703;20
351;139;35
501;94;11
406;728;32
341;89;12
513;61;45
495;138;32
331;305;13
31;648;4
777;374;33
183;322;13
456;645;13
377;449;15
33;210;2
347;748;18
559;30;1
461;103;31
777;255;26
228;293;43
565;650;13
457;480;9
217;139;27
437;38;21
730;217;48
403;177;12
780;656;32
550;170;13
90;444;17
174;333;24
162;261;3
100;467;18
297;260;20
560;239;36
324;12;36
623;19;42
420;157;43
106;561;2
663;526;18
492;142;5
379;797;40
227;563;11
570;164;13
438;280;8
793;553;4
329;419;15
709;437;2
69;240;23
453;743;22
732;254;13
109;39;5
321;481;29
531;66;50
224;390;6
242;746;45
40;362;22
666;620;50
774;317;25
473;483;22
74;761;9
70;763;15
152;591;3
428;141;23
314;73;38
160;412;21
473;31;5
471;259;6
8;390;21
478;39;48
593;28;14
232;388;43
691;772;16
277;218;19
15;73;6
459;246;11
676;158;29
416;201;42
176;108;49
392;723;48
61;152;12
115;186;15
517;700;50
67;106;44
663;571;1
392;119;23
697;114;5
23;741;28
403;338;38
782;324;36
664;786;2
502;528;45
368;711;31
593;248;16
787;30;22
553;386;1
355;420;10
306;368;40
105;192;23
552;540;39
173;400;33
461;39;18
424;602;14
606;534;9
205;461;50
713;777;4
218;627;45
356;386;41
445;499;10
423;238;49
355;745;2
191;529;31
514;52;13
754;395;46
335;630;44
576;315;13
69;596;40
391;300;42
145;456;28
30;355;25
711;523;46
617;422;25
654;457;11
603;350;30
440;162;44
397;112;11
705;335;44
25;444;22
720;367;8
420;729;8
160;106;22
256;200;43
702;406;11
562;668;30
100;496;45
54;723;12
262;101;10
115;503;7
367;494;15
66;790;41
591;564;38
141;3;5
686;726;16
71;188;19
417;798;45
94;198;2
742;551;14
438;647;37
458;332;5
212;645;43
389;240;16
175;531;43
201;572;16
725;799;28
738;409;28
111;103;16
659;302;20
204;159;7
567;745;25
108;551;24
530;449;41
554;314;31
761;84;43
617;309;1
298;18;18
689;476;17
460;708;6
776;202;34
207;273;9
570;118;39
226;348;30
325;732;16
268;789;46
29;719;25
603;798;7
102;243;27
339;183;26
535;684;41
289;502;14
117;432;24
206;36;41
493;614;42
72;536;30
376;484;7
713;371;18
695;431;28
72;205;9
383;465;42
610;414;41
97;745;1
704;757;12
580;457;35
86;278;28
596;587;42
560;780;22
729;456;28
689;54;35
730;440;27
218;727;1
514;631;28
410;481;31
391;518;31
30;160;20
587;679;33
1;399;47
59;336;7
279;549;12
540;655;30
686;266;29
172;97;2
94;664;8
752;716;44
330;6;42
226;456;48
589;315;12
485;664;50
738;86;46
393;358;25
501;125;35
724;142;22
364;777;4
783;586;30
35;207;11
621;354;5
137;634;32
450;572;19
345;139;5
226;308;3
45;258;4
510;759;47
30;8;42
174;53;16
707;123;8
467;528;15
781;114;21
295;702;47
310;310;28
440;668;50
335;718;12
169;555;18
659;450;34
243;408;43
274;694;43
776;106;42
725;673;21
143;139;32
27;52;27
633;213;26
2;592;14
545;783;18
94;518;21
773;7;50
473;571;42
129;22;4
598;790;2
180;691;31
181;99;29
169;175;24
727;763;15
314;727;32
660;469;28
244;240;41
552;344;45
489;87;31
569;593;29
765;662;41
119;632;32
539;526;32
56;347;36
537;16;36
620;396;42
610;262;6
280;650;28
155;162;5
519;10;35
630;657;35
635;179;12
684;398;49
621;43;27
226;504;7
481;793;2
332;406;27
676;392;49
83;183;31
723;475;41
241;676;40
584;313;6
678;211;2
581;450;26
258;755;3
478;339;32
597;12;28
347;301;34
503;655;46
301;677;20
518;341;32
757;323;29
183;575;41
149;438;39
153;554;47
718;669;49
727;652;27
703;357;14
500;488;13
454;182;20
692;706;18
251;69;20
308;447;47
775;568;17
84;412;4
336;412;2
378;107;20
365;76;27
582;452;20
565;128;23
504;746;15
552;357;27
27;160;42
614;502;4
447;368;6
164;82;34
72;562;28
762;752;16
110;478;28
208;614;38
259;126;48
665;9;27
449;601;34
419;206;28
63;439;26
723;647;9
156;62;43
99;535;11
173;540;22
211;629;28
91;347;2
648;257;40
600;131;48
89;163;48
607;736;46
455;236;39
708;33;5
303;355;32
703;380;29
209;710;45
235;424;47
187;777;32
81;395;19
354;662;41
380;119;4
443;40;11
219;117;32
318;592;36
761;665;8
87;365;47
354;794;44
381;445;10
277;620;46
247;385;23
534;625;10
176;366;12
624;362;27
157;743;12
161;407;16
5;421;15
343;76;4
404;599;31
307;44;22
717;616;29
196;83;38
719;574;23
243;33;31
133;140;28
407;329;35
727;316;40
236;181;1
346;674;2
598;173;47
4;480;49
697;39;8
621;584;1
20;682;9
662;717;22
767;119;35
752;787;3
417;38;29
653;587;39
655;493;4
584;674;42
564;234;18
738;647;35
39;798;10
325;643;16
351;723;50
580;449;21
222;707;7
370;649;1
112;457;10
472;679;20
30;711;43
212;348;6
680;276;2
171;110;50
590;595;49
361;288;21
403;450;32
349;676;20
82;93;43
357;286;2
282;320;49
365;330;6
439;185;8
209;643;16
796;218;43
237;390;3
308;676;46
745;590;29
4;376;46
682;702;42

