700
17625
4200
96;97
84;14
98;84
26;38
97;16
38;38
36;3
39;50
87;7
64;100
19;72
67;58
19;76
66;61
91;1
59;25
37;94
83;91
63;59
80;84
68;70
36;15
3;96
26;58
13;25
1;1
88;18
75;5
40;17
83;93
86;91
44;16
57;22
2;27
44;36
68;92
83;72
39;83
50;16
18;33
60;41
7;76
18;68
30;32
2;65
34;100
19;62
92;8
71;77
5;90
73;91
56;6
30;22
52;13
58;50
51;19
72;45
7;45
17;49
88;90
15;87
5;13
35;21
40;8
45;19
67;28
68;7
24;14
89;41
81;50
50;15
46;67
24;66
33;39
98;69
48;1
9;74
58;48
4;100
55;30
65;81
70;94
59;57
81;40
95;87
56;60
94;95
79;35
49;33
82;34
92;50
15;35
97;68
74;78
76;5
78;48
84;5
37;64
25;21
26;28
82;82
23;19
83;73
41;81
47;5
76;34
87;90
32;77
43;93
90;34
39;6
89;39
98;73
68;97
7;66
60;93
72;44
40;85
96;74
41;34
42;70
5;49
36;62
32;3
26;91
69;100
67;8
3;36
47;92
91;85
51;58
71;17
94;91
89;5
77;34
26;58
41;16
59;28
34;37
98;73
75;3
78;77
46;70
80;69
66;74
50;4
47;62
50;10
100;82
80;32
30;56
9;65
17;47
52;61
77;88
55;3
23;38
19;100
75;97
25;27
96;88
97;83
95;5
89;30
53;41
31;56
64;21
17;87
62;43
34;19
37;35
14;89
83;39
78;78
50;33
86;2
89;84
100;46
97;49
53;59
26;21
88;37
90;36
87;32
60;49
39;59
99;49
48;87
22;6
5;26
76;77
50;89
45;56
27;68
11;2
86;26
63;88
30;77
28;59
82;76
71;16
33;64
94;19
20;8
30;59
55;29
92;50
5;2
19;23
10;89
48;22
51;7
48;8
37;47
95;79
15;39
98;23
34;70
30;9
95;46
29;38
100;46
2;36
13;12
76;84
45;66
57;59
41;10
53;40
76;100
50;7
94;24
6;52
37;18
8;90
100;11
17;20
75;37
63;66
27;14
68;30
84;66
80;57
23;39
69;4
85;2
1;41
50;1
79;35
21;67
59;11
76;45
62;7
74;99
9;45
70;82
35;78
60;89
15;25
14;46
37;84
11;41
88;58
15;76
25;50
96;74
99;83
23;46
50;41
36;7
46;1
83;66
57;41
79;12
37;79
45;3
61;8
22;92
72;89
30;63
67;14
89;14
64;72
76;75
83;73
77;66
50;81
13;68
65;92
34;42
23;39
29;25
45;29
66;35
100;96
31;16
47;4
19;52
99;40
48;68
66;35
81;83
91;42
57;82
56;57
73;80
4;72
89;6
96;69
83;63
20;100
37;84
47;31
20;38
47;47
82;77
23;43
12;86
15;8
94;73
18;6
5;69
4;67
98;100
92;14
37;35
85;64
52;79
24;79
83;87
84;59
34;86
70;9
50;12
9;26
26;73
59;90
60;94
63;64
55;81
43;79
4;91
97;10
38;41
89;72
8;69
38;1
61;19
82;98
91;52
38;13
9;2
39;38
19;50
86;70
85;31
93;20
4;52
95;51
28;42
12;50
35;56
86;40
79;19
32;21
75;62
80;37
40;75
61;60
75;85
96;22
80;63
12;70
13;73
20;22
68;29
39;45
16;24
55;42
91;84
88;37
34;19
5;73
90;26
78;81
42;52
53;87
55;33
14;7
63;91
98;44
70;52
51;98
79;98
14;12
42;29
10;96
52;59
81;66
84;58
90;18
54;30
13;63
2;25
81;73
70;21
80;1
5;38
52;72
72;17
25;74
11;25
58;26
5;57
90;16
26;26
8;2
5;63
81;67
6;67
99;98
90;64
6;72
94;86
25;35
11;46
26;55
11;45
71;65
65;77
58;50
39;40
70;21
5;60
32;18
51;35
16;44
23;79
84;46
17;82
55;11
52;84
80;48
21;42
38;58
32;84
28;97
76;42
70;47
36;21
79;18
4;96
54;94
89;46
75;43
20;64
70;52
19;40
92;92
10;26
79;10
27;53
85;80
64;69
33;24
88;68
76;68
77;16
27;4
81;90
10;98
62;5
62;50
48;57
56;44
62;46
2;88
16;56
87;4
59;33
55;17
44;60
93;79
28;9
44;31
25;26
53;68
33;73
51;46
99;83
30;92
80;54
46;64
88;50
8;85
39;27
91;84
51;46
89;85
22;73
53;29
90;38
9;65
69;32
56;82
32;63
6;60
44;66
45;14
31;22
20;7
53;56
23;99
67;24
17;35
42;2
58;64
12;71
53;64
59;70
43;80
88;64
86;95
63;73
1;94
94;1
81;17
64;15
89;21
39;74
3;44
21;81
94;19
28;49
81;34
67;43
30;27
45;27
12;41
49;93
14;36
51;30
41;20
97;3
18;70
38;38
77;18
54;67
74;18
60;63
26;3
60;71
81;31
36;51
67;80
13;17
58;73
68;45
31;91
79;48
37;54
10;15
23;42
94;90
34;13
66;41
18;74
18;57
46;93
29;48
100;10
27;100
43;68
87;63
24;43
28;93
60;97
2;46
71;95
72;63
54;24
36;31
59;44
23;71
87;87
25;43
82;12
52;55
63;84
49;91
74;12
44;64
53;84
66;49
27;74
42;33
86;87
76;14
97;29
92;83
5;59
58;27
65;81
84;75
40;59
75;26
47;50
52;47
33;74
2;100
22;43
32;18
89;59
96;26
82;64
87;79
20;3
25;25
93;2
10;14
86;73
55;87
58;88
27;76
64;6
46;33
73;37
87;13
40;43
26;25
88;90
24;73
24;21
31;8
46;47
51;9
95;96
43;43
8;42
46;53
5;82
30;75
42;65
26;37
3;7
16;66
82;99
6;98
89;88
74;4
97;59
46;40
45;17
30;57
88;18
9;31
18;66
26;59
71;83
6;24
42;23
64;94
89;18
50;94
78;97
80;38
1;19
36;99
5;37
79;81
6;70
27;2
81;64
94;99
64;38
75;16
84;59
92;31
83;8
47;33
80;90
63;41
47;83
72;90
27;71
40;36
62;95
100;74
67;93
94;43
27;35
4;22
58;35
30;9
98;88
54;71
11;45
93;42
41;58
87;25
255;143;22
21;425;14
609;251;10
414;630;24
630;158;2
431;520;24
61;51;40
44;483;8
34;184;38
500;601;1
696;179;22
641;254;48
514;622;26
180;99;46
518;700;22
426;204;27
178;685;19
305;177;39
468;419;1
93;242;43
339;172;2
266;459;41
648;494;39
173;506;23
209;461;40
33;598;4
146;377;42
481;61;11
193;534;16
190;64;3
318;64;31
522;271;38
436;612;1
655;226;28
254;351;6
7;554;21
390;640;12
455;265;28
167;246;3
289;501;19
94;690;41
567;173;18
676;399;25
28;341;49
26;124;11
283;46;48
502;499;4
665;569;34
582;180;34
674;538;33
491;384;42
399;71;16
582;550;17
493;143;13
379;407;42
657;612;18
433;652;35
563;529;18
78;48;23
285;494;36
442;215;11
127;544;8
581;295;33
347;637;7
14;56;3
546;696;46
322;383;36
80;167;2
696;181;30
580;12;10
619;502;47
523;645;33
156;539;49
614;216;18
534;297;16
691;98;26
459;368;46
162;166;31
551;5;44
435;228;39
72;52;9
511;492;38
312;411;19
6;174;30
125;613;7
187;536;8
50;500;28
187;357;2
349;385;41
475;267;39
422;225;5
126;312;6
478;593;1
283;15;1
342;655;47
329;211;29
319;371;5
379;515;2
602;91;15
154;120;15
335;121;4
258;653;2
328;177;28
284;467;50
622;222;18
438;347;41
479;491;31
173;251;14
625;366;37
265;135;34
316;385;17
540;115;9
357;454;45
399;666;18
82;559;21
289;644;30
556;308;9
104;204;1
40;332;4
350;371;40
427;401;35
570;166;15
578;554;12
172;307;1
160;286;18
644;221;9
210;679;42
524;339;2
89;330;42
430;526;34
142;567;3
428;373;9
212;623;30
58;384;22
474;164;41
605;146;18
66;59;28
102;449;22
598;548;22
282;615;42
643;694;29
72;634;31
413;209;27
67;63;44
687;233;40
91;566;29
163;34;44
141;532;29
518;57;25
409;412;9
245;549;33
124;464;9
69;94;38
651;22;9
308;601;44
460;375;37
269;355;8
480;326;1
484;144;4
255;557;32
159;97;21
210;506;49
678;552;6
614;122;33
34;517;44
258;424;5
205;27;14
126;204;38
426;342;46
588;547;9
177;455;47
595;355;2
53;355;31
199;73;41
111;670;50
642;488;11
483;342;12
91;80;32
405;116;20
597;370;42
647;250;43
21;613;6
290;72;20
88;500;19
565;523;4
515;560;9
570;257;27
449;393;24
332;425;1
294;391;6
500;210;9
392;163;30
437;511;30
345;650;9
597;361;38
645;396;39
94;161;21
340;675;14
610;57;39
500;399;13
692;76;32
153;176;18
614;587;4
104;430;39
424;107;13
491;509;35
13;187;3
603;417;50
5;420;28
470;393;23
192;467;23
194;503;14
108;241;5
651;517;7
514;405;4
337;233;12
162;213;6
146;60;25
473;683;33
475;535;20
698;562;11
614;142;49
375;584;16
349;375;26
86;44;3
664;287;8
672;158;9
596;234;28
59;329;48
199;392;17
480;383;13
549;28;34
166;145;1
524;41;23
38;685;1
507;492;4
448;88;39
654;263;48
167;274;42
96;151;49
185;259;11
526;137;26
562;676;27
90;449;33
665;396;25
205;270;21
101;599;47
265;129;16
455;451;32
167;109;47
697;153;32
611;544;9
375;498;13
152;520;40
480;391;44
335;507;42
396;37;41
326;92;32
23;619;33
52;101;26
362;247;36
487;607;45
11;548;5
477;55;40
79;480;10
631;369;12
73;546;14
58;377;1
248;568;28
386;377;37
250;700;1
343;110;25
660;136;37
656;427;37
17;316;22
688;18;34
437;236;41
575;410;28
63;415;44
250;377;26
370;594;50
287;75;19
442;541;24
537;105;9
665;255;11
444;670;38
427;415;2
607;169;49
574;333;11
597;6;5
74;12;22
336;583;18
235;512;4
664;64;35
8;681;48
314;339;15
470;13;5
575;93;32
494;607;5
433;457;19
613;97;30
518;252;7
132;416;29
353;418;48
216;266;25
247;631;2
582;126;6
277;414;45
365;62;36
355;671;23
321;676;27
353;457;15
538;681;1
402;63;24
331;241;4
167;192;30
223;448;43
399;14;20
684;99;6
667;477;1
516;304;28
414;380;22
356;393;42
616;354;37
105;476;25
163;599;10
685;90;31
427;193;25
125;157;9
52;428;15
535;295;15
167;441;31
390;524;7
518;637;1
699;119;33
286;511;2
678;686;16
113;223;5
1;470;19
404;487;29
632;488;32
162;83;22
482;75;7
187;601;2
138;116;28
359;197;2
30;443;49
687;280;2
155;225;45
91;258;19
292;428;25
196;613;26
338;683;6
116;43;20
479;115;49
497;493;49
488;383;23
486;284;25
512;63;9
660;453;24
127;443;48
545;239;17
94;126;2
420;564;15
372;317;12
210;50;37
515;181;23
242;240;39
515;71;14
38;612;1
566;672;3
418;231;45
151;179;49
693;60;50
166;68;12
566;136;31
460;308;50
651;476;15
565;398;3
493;509;34
93;305;24
466;140;26
70;590;26
594;71;48
124;221;29
692;487;15
485;532;35
74;313;3
37;537;33
655;63;21
645;263;45
232;207;42
68;279;20
679;94;8
480;164;33
409;43;44
18;252;14
311;697;16
194;118;13
357;667;46
37;641;14
300;260;40
104;524;16
478;509;25
337;6;7
659;476;41
502;223;31
11;36;8
491;392;29
394;5;45
512;618;11
184;672;31
666;118;17
19;162;45
70;152;8
216;656;48
638;615;14
610;215;16
135;150;28
28;33;18
280;134;23
645;617;32
575;607;5
93;699;37
524;414;25
293;508;20
216;277;8
145;321;1
333;457;7
459;264;29
102;277;8
31;109;9
162;685;10
377;143;50
541;666;10
580;349;27
659;175;9
160;553;13
449;107;35
269;427;25
539;21;25
619;563;41
237;279;13
276;151;3
582;38;30
258;306;29
328;503;15
88;680;49
416;444;26
453;479;20
168;44;28
274;129;35
80;402;27
364;452;7
9;326;5
649;448;33
38;624;7
24;85;47
332;469;24
513;314;14
96;416;27
328;545;42
334;315;16
352;21;36
128;682;45
530;364;8
411;299;18
141;64;29
636;545;10
280;410;13
475;577;21
26;698;43
656;498;20
259;635;7
294;22;3
414;141;5
664;314;40
631;94;13
549;695;11
445;559;34
62;448;41
490;416;43
482;130;44
172;321;15
381;464;24
232;417;19
34;261;24
369;624;15
416;91;32
112;326;48
302;393;39
304;618;10
108;493;9
689;330;50
359;227;39
203;458;8
561;397;50
530;644;23
202;553;2
592;621;11
33;523;26
23;630;17
52;312;12
217;408;2
514;107;26
302;476;32
100;574;19
189;447;23
461;407;15
435;368;20
288;431;7
390;648;45
216;104;21
261;678;50
315;168;44
219;530;42
561;130;47
249;368;23
119;240;24
261;349;23
433;585;17
464;559;9
187;428;28
422;597;42
176;391;33
286;77;49
483;694;36
682;167;17
495;105;14
314;351;37
356;602;11
198;504;35
665;275;4
66;615;26
73;397;49
638;359;34
569;509;45
519;407;45
595;438;18
214;191;14
284;155;37
688;626;25
138;536;21
465;280;16
546;332;15
137;300;40
224;651;31
59;223;24
281;426;42
548;585;10
262;143;18
365;11;49
49;214;33
286;271;48
575;477;28
24;388;43
649;412;22
31;96;17
152;260;15
487;33;27
416;611;8
529;339;13
491;549;13
526;574;11
493;395;34
255;420;2
545;344;37
396;601;40
537;419;20
135;131;4
627;516;26
264;548;27
446;23;17
696;330;41
245;65;41
200;603;25
388;270;36
247;483;9
128;177;37
382;340;10
51;166;23
3;245;31
310;497;8
237;48;16
588;21;40
23;666;39
105;550;21
101;102;36
39;434;46
692;625;19
322;680;1
659;180;44
175;34;20
501;471;43
429;411;15
544;174;1
593;169;40
276;197;2
468;364;17
280;219;28
618;602;11
106;77;17
343;271;14
263;246;47
206;99;47
326;306;7
475;60;1
596;101;39
286;68;22
427;298;1
89;20;5
238;413;37
283;176;13
228;606;28
639;2;31
273;26;35
534;522;20
386;534;24
207;607;25
5;116;33
201;635;33
174;563;42
75;67;42
167;188;45
391;342;4
196;305;14
303;670;11
365;512;11
180;43;7
512;18;13
266;442;10
83;596;12
248;557;17
543;569;11
193;132;18
440;654;40
673;238;40
50;81;45
31;134;27
642;338;43
312;506;6
396;557;42
261;519;25
235;183;4
148;549;28
14;329;22
146;408;49
449;326;31
475;34;49
513;528;48
623;270;50
685;381;46
243;141;24
479;374;16
153;77;19
17;212;7
46;156;50
310;433;22
620;507;43
464;16;35
466;158;13
263;646;13
128;146;29
303;106;24
631;312;9
147;430;6
387;305;28
122;606;21
382;122;13
492;543;43
94;70;46
92;517;22
382;415;25
447;370;10
233;678;7
696;697;26
691;445;20
513;587;38
302;97;13
145;196;50
163;380;15
613;615;27
178;672;38
345;364;16
606;281;45
453;641;30
351;525;48
382;73;15
323;431;5
697;296;28
547;647;1
170;159;19
648;570;43
633;251;47
173;47;11
517;471;45
539;364;9
641;300;46
661;564;2
514;496;1
342;182;21
165;415;19
134;22;10
99;15;18
424;247;47
11;182;44
281;581;25
477;383;17
644;132;34
414;82;28
75;21;30
468;260;27
398;545;32
281;228;43
563;378;47
12;56;22
650;447;13
27;558;19
337;168;14
98;191;17
261;3;7
375;226;17
103;193;20
486;184;39
14;295;18
146;312;34
362;566;24
21;624;27
640;268;2
11;148;15
469;339;25
55;296;30
140;553;13
351;635;32
350;495;21
147;196;23
323;335;26
394;252;36
665;9;41
415;314;38
637;622;27
359;19;6
598;626;31
24;273;49
105;16;49
162;454;16
696;651;15
342;466;7
386;467;17
685;528;36
28;126;18
409;94;37
30;365;1
576;34;11
77;217;7
368;383;50
587;485;6
603;469;31
497;383;41
71;229;8
698;281;18
630;338;3
501;548;35
609;268;21
508;142;42
543;84;2
47;80;37
473;94;33
482;213;50
196;176;27
97;241;47
121;35;43
166;439;27
329;282;2
147;241;20
26;605;49
692;158;8
31;575;49
235;424;24
103;645;37
27;503;22
123;626;49
218;82;45
269;177;35
213;612;8
109;299;34
533;457;28
124;183;43
3;254;25
640;641;34
335;682;11
493;614;3
21;545;4
507;522;37
89;62;45
488;696;17
539;88;34
162;378;41
621;302;30
107;229;7
519;288;42
336;32;1
60;264;41
630;34;44
473;292;49
246;634;37
210;610;15
334;277;40
438;47;10
237;86;6
568;229;7
328;1;21
18;31;44
622;273;12
551;342;24
74;13;50
402;493;5
378;115;15
48;424;17
588;659;37
365;535;40
366;689;36
409;42;16
217;516;17
574;129;15
629;169;41
258;246;33
162;623;31
40;193;49
176;137;33
212;683;15
186;463;38
318;603;1
311;120;47
470;603;21
152;169;8
146;88;15
469;61;16
446;137;13
201;639;48
289;31;50
490;616;30
545;106;6
261;275;15
264;152;22
350;199;36
487;27;25
609;292;11
499;473;25
426;522;13
670;578;42
468;216;33
519;432;17
20;371;37
596;202;48
299;78;24
318;404;16
591;194;35
669;182;39
35;686;47
35;77;46
76;9;20
419;671;10
8;452;21
207;690;45
229;240;41
522;555;41
360;275;28
360;177;38
580;172;23
9;289;31
20;447;1
57;410;30
498;625;14
533;649;4
172;246;2
295;373;5
518;239;4
173;565;5
390;175;16
27;671;28
571;494;29
218;31;36
439;593;15
72;337;16
384;274;26
86;470;21
93;72;46
649;503;49
63;543;31
685;240;43
286;505;22
464;440;14
159;205;1
576;666;29
191;245;35
402;390;19
512;292;21
154;479;4
522;123;39
299;457;44
93;503;11
344;651;11
501;582;49
501;361;6
132;554;8
200;476;47
218;508;31
562;324;8
166;238;27
126;80;32
365;220;6
395;632;1
558;413;49
332;357;39
450;76;13
617;678;21
332;255;33
353;438;45
600;315;18
394;572;38
699;510;48
330;491;6
167;496;6
560;422;46
516;438;44
37;104;11
609;25;4
590;346;14
338;364;13
170;535;1
385;46;27
272;671;18
383;617;13
135;168;5
317;272;38
418;259;26
153;622;37
335;34;49
290;499;16
389;288;38
390;283;14
179;627;6
605;494;41
542;47;6
371;594;37
529;322;44
320;407;43
616;64;46
592;86;15
667;526;46
113;198;9
209;379;49
540;70;24
521;243;28
415;451;7
297;443;30
343;179;40
115;316;10
659;132;16
588;503;47
53;445;48
2;476;41
149;416;14
693;362;19
319;579;32
578;314;14
329;648;25
336;97;15
89;501;37
421;92;16
162;608;23
248;333;32
599;108;9
222;451;7
40;182;47
262;421;12
193;533;19
185;473;40
406;355;25
219;581;29
194;358;36
250;609;48
66;1;28
492;647;43
162;15;50
689;669;19
14;162;18
113;339;19
624;329;34
526;375;43
146;583;44
139;477;49
270;685;25
227;629;44
251;458;5
336;496;36
692;668;25
324;533;16
235;646;38
694;367;35
40;359;49
354;301;41
242;676;21
583;604;37
544;35;13
480;64;33
517;27;15
672;569;47
318;126;40
210;99;24
271;132;45
149;578;15
504;336;37
63;220;14
292;537;19
125;641;20
693;281;49
267;412;25
79;581;19
599;634;28
131;248;7
682;181;40
265;622;15
584;511;48
624;286;42
335;358;45
304;220;14
366;414;49
443;291;5
536;390;18
457;676;6
517;396;47
655;289;25
207;609;30
215;599;49
497;392;18
381;190;3
337;146;8
259;336;16
136;169;20
178;7;37
436;526;32
293;107;4
161;52;17
286;179;7
672;257;30
157;537;46
648;172;15
86;440;23
635;659;30
35;84;37
97;363;42
3;306;5
527;296;19
675;386;45
594;35;46
242;95;37
273;382;30
621;487;12
265;630;21
53;573;34
128;653;46
186;564;15
671;220;17
532;264;28
179;411;1
446;192;43
425;205;30
178;586;9
661;609;6
519;27;42
313;373;3
369;321;14
350;576;9
102;141;41
523;502;45
524;250;14
399;469;45
644;312;50
274;326;10
613;298;45
365;585;23
193;23;26
61;133;23
438;393;47
380;309;20
99;364;11
533;81;26
159;318;12
491;117;35
146;51;37
544;571;30
304;555;50
301;285;39
341;304;11
331;291;17
182;433;4
358;248;38
328;23;10
188;400;46
141;299;40
479;169;1
505;423;16
542;213;30
221;389;31
617;478;7
162;596;14
550;684;47
414;3;15
408;508;1
565;70;20
504;480;13
150;616;21
538;381;24
596;344;50
448;487;34
244;353;37
630;460;15
688;413;39
347;275;19
411;59;38
210;527;39
143;415;35
142;290;16
63;279;29
42;112;29
411;470;33
38;636;16
85;236;19
2;422;18
646;225;42
661;452;25
538;626;31
80;160;25
349;264;5
369;660;47
452;469;40
163;235;33
97;425;26
191;278;10
140;297;34
388;496;35
651;89;49
79;204;2
293;623;39
480;388;12
409;689;39
432;21;10
203;293;18
586;541;17
337;615;32
30;85;39
349;123;24
419;511;17
698;359;23
433;351;47
84;453;48
127;188;7
411;288;7
464;482;45
148;92;29
526;113;1
601;325;41
50;437;43
341;374;32
477;493;11
590;236;1
159;29;37
179;67;23
377;664;10
435;667;13
346;20;19
484;271;20
175;241;39
217;141;29
684;198;10
471;461;33
385;339;34
256;391;30
88;532;23
14;609;3
219;101;14
197;228;43
394;536;15
260;421;40
20;513;16
375;599;23
487;173;20
657;186;27
209;498;15
295;145;43
426;498;50
327;523;34
395;218;24
283;392;35
538;635;32
174;68;37
546;404;29
1;514;24
471;484;39
590;494;36
193;146;48
196;683;8
227;22;6
345;525;7
152;4;33
629;410;32
174;640;22
219;383;18
188;524;47
349;370;32
650;207;45
268;700;30
262;466;47
150;590;46
342;598;45
65;243;3
91;617;17
437;382;44
673;285;36
597;341;40
524;557;25
165;297;13
528;694;36
347;348;15
167;347;9
322;57;19
628;110;27
38;195;32
275;470;14
622;563;22
281;133;18
268;225;3
609;227;2
441;108;29
5;556;37
342;580;14
583;293;45
29;472;26
562;268;4
254;397;12
445;604;3
168;377;28
460;224;31
419;542;26
291;280;37
610;388;34
342;345;41
515;163;45
699;647;11
188;573;42
243;583;24
503;58;32
244;358;13
250;29;37
20;689;38
400;58;2
388;673;47
329;581;41
133;621;8
147;468;48
103;315;33
236;449;43
346;493;2
333;689;30
168;537;15
149;107;24
34;237;38
445;83;49
138;559;33
330;63;45
259;389;17
71;571;45
268;28;6
162;97;14
679;689;16
218;67;19
321;407;8
538;122;27
410;257;17
479;415;35
352;675;22
312;359;22
161;155;25
553;182;13
368;388;49
370;115;41
284;695;2
405;26;44
661;541;41
609;632;13
502;89;39
674;81;25
174;606;3
304;682;7
490;663;22
151;343;15
586;606;17
61;192;6
396;238;6
221;223;17
223;582;10
571;404;17
573;280;12
95;93;8
97;110;14
522;526;39
388;191;24
569;573;19
573;265;28
394;508;29
79;684;33
153;193;34
246;33;7
681;114;15
499;80;27
210;156;14
97;404;16
408;449;39
32;137;1
251;17;2
513;341;1
324;250;38
141;126;37
647;145;48
610;379;17
59;581;4
207;235;37
143;273;27
552;528;3
367;87;31
560;667;14
361;335;34
418;83;6
226;645;44
177;228;2
326;154;44
285;635;36
369;595;9
5;673;19
244;677;35
119;477;18
469;419;34
29;516;26
692;58;28
154;325;31
684;555;44
364;188;32
689;33;22
206;45;22
162;265;16
631;350;12
601;201;25
294;126;38
420;138;27
591;257;28
625;295;47
666;618;30
623;54;7
232;164;6
116;213;25
37;83;30
398;84;41
379;467;8
513;18;4
621;80;39
358;553;43
63;20;35
162;96;7
461;437;17
503;486;23
227;93;38
638;289;48
92;89;23
619;501;29
520;466;35
358;155;34
504;245;14
130;673;32
456;392;23
513;369;25
218;169;46
537;330;20
576;191;36
416;389;16
445;681;40
16;262;4
396;243;21
408;126;14
216;677;7
266;111;38
79;368;28
144;683;8
367;597;25
302;696;3
282;540;13
390;370;47
421;36;14
556;423;7
126;206;17
682;615;7
324;684;19
434;605;36
209;200;48
204;65;24
303;208;12
109;533;34
534;13;31
680;95;31
266;154;3
11;352;47
198;585;22
355;248;45
297;32;16
59;545;39
443;335;24
265;216;29
33;486;35
328;57;48
268;447;40
318;135;48
108;394;3
15;590;39
503;637;9
419;212;34
59;276;1
688;320;7
218;165;22
129;568;24
214;457;32
332;254;32
676;579;3
632;230;20
693;311;40
101;479;11
280;467;40
234;598;8
186;187;10
4;542;34
598;99;21
39;69;30
248;175;11
645;356;45
651;373;29
259;643;2
114;335;26
96;588;11
391;361;44
579;417;31
506;406;35
94;377;10
153;332;29
76;283;1
621;529;15
198;259;48
449;34;4
113;394;39
411;677;20
172;92;8
295;602;2
488;627;34
211;248;3
566;407;31
673;548;31
564;507;26
285;379;37
538;632;30
547;321;21
171;692;12
541;165;17
619;631;43
459;447;26
379;645;2
308;363;17
14;111;14
43;340;13
343;462;34
79;356;47
625;174;14
19;497;1
428;274;2
259;449;20
228;206;20
453;150;16
82;309;39
132;639;13
104;355;23
192;385;20
446;84;48
162;540;23
346;132;28
72;132;22
209;264;11
514;31;38
436;697;36
152;654;9
570;364;38
627;444;25
248;16;5
506;642;1
21;62;6
419;221;9
426;132;22
693;255;24
360;611;19
614;267;45
411;271;41
89;676;23
460;672;2
190;445;45
276;555;9
548;183;12
166;521;21
465;38;46
157;15;29
546;338;17
471;166;16
273;150;42
228;245;44
426;5;49
514;297;7
516;349;43
582;64;45
27;571;41
260;102;34
117;428;15
332;677;33
338;403;8
659;259;19
7;681;27
86;606;1
209;235;21
332;264;28
361;232;45
230;514;22
126;53;15
470;587;28
184;435;39
273;77;38
167;212;37
33;637;10
384;468;45
76;272;36
594;18;3
80;488;2
90;386;48
68;154;1
482;507;48
600;265;7
223;92;48
247;165;27
643;589;16
421;527;3
498;387;47
319;87;37
647;234;35
399;334;25
5;370;40
414;426;31
358;160;31
577;626;45
505;579;24
402;539;48
265;108;11
578;531;49
383;423;5
558;44;18
31;135;26
402;62;8
64;455;48
278;25;9
676;165;17
535;606;12
329;31;28
299;508;7
75;88;17
622;77;10
500;261;48
127;245;28
151;517;17
617;675;26
600;160;44
88;120;26
16;610;27
108;37;38
527;158;38
391;242;40
92;661;49
159;379;44
269;36;17
269;196;3
260;617;36
230;296;14
278;693;31
190;211;41
136;539;25
13;399;21
69;403;36
691;558;41
254;391;41
603;158;15
189;694;2
383;350;33
180;21;50
454;379;48
208;105;28
453;343;47
282;483;28
481;11;44
195;562;29
660;496;3
173;132;7
490;395;4
591;100;5
140;317;50
2;655;46
563;528;37
688;9;19
230;581;43
31;198;20
431;25;28
493;535;36
694;686;45
209;544;9
21;120;25
139;510;44
479;390;9
113;227;6
415;671;40
552;688;27
219;30;30
688;132;40
371;392;32
219;330;23
155;595;31
82;627;6
15;494;15
174;513;25
73;549;48
87;641;11
225;42;35
508;429;16
1;422;37
109;602;14
10;203;17
57;275;26
4;636;50
351;360;47
595;283;33
156;212;42
5;285;4
145;563;34
117;418;3
67;411;26
89;675;43
514;340;50
42;532;9
234;104;17
278;457;17
327;568;43
288;435;18
342;647;8
345;657;48
631;453;30
547;579;3
412;451;10
441;192;50
586;579;25
224;235;31
47;263;36
172;172;50
506;409;18
636;137;5
331;699;23
588;401;36
272;468;22
175;229;40
425;549;17
456;80;33
187;58;48
229;168;46
217;327;40
306;265;20
508;536;22
494;353;46
669;371;44
69;573;12
361;16;26
665;635;43
547;277;3
61;451;48
232;562;5
417;98;32
207;3;10
544;385;46
137;442;12
18;299;14
670;26;1
188;614;4
144;604;26
676;405;33
420;398;31
455;151;23
605;241;33
338;649;24
188;100;25
199;474;25
700;88;17
651;161;4
82;200;5
480;242;22
604;405;39
314;646;28
642;592;43
540;200;31
199;544;27
551;500;44
259;682;25
685;411;21
192;556;44
457;383;16
38;255;38
450;81;32
303;490;24
461;175;5
546;411;15
378;322;50
175;113;18
120;589;4
346;385;18
72;272;22
685;168;1
99;332;33
491;275;2
258;12;40
626;375;47
579;654;4
532;221;50
369;122;45
654;103;22
552;642;5
357;602;44
297;323;3
17;543;10
32;197;37
601;208;10
373;9;23
484;53;46
450;677;32
39;624;40
398;465;27
684;181;3
548;125;11
547;571;48
577;113;45
273;81;26
411;682;43
42;124;36
230;417;23
610;21;4
350;499;50
572;655;21
667;680;49
586;497;36
447;87;29
90;589;49
494;8;18
548;514;45
313;167;32
443;550;17
692;251;5
156;310;47
690;152;7
257;328;6
420;173;39
80;497;46
517;368;7
526;46;9
440;66;13
374;425;29
604;565;13
253;474;12
251;642;15
643;541;10
561;668;50
663;688;34
324;201;46
178;690;47
287;154;35
510;241;18
302;341;19
428;551;20
677;85;11
568;695;12
681;274;39
100;372;27
202;130;6
694;442;37
673;172;39
527;118;19
443;271;47
548;561;4
402;581;44
61;394;25
82;306;24
157;215;24
561;110;11
344;203;38
684;52;47
252;249;4
469;445;46
278;249;37
200;12;18
646;397;23
426;509;13
94;365;35
688;343;48
515;68;22
43;169;36
220;259;37
516;273;42
144;238;27
319;239;1
101;176;27
144;498;8
359;204;46
503;148;7
194;425;10
405;631;41
62;690;35
111;489;40
245;240;16
561;597;47
667;290;31
470;182;50
131;298;6
538;576;8
93;696;1
32;556;21
385;453;36
275;281;34
671;538;9
47;669;49
613;118;50
658;66;22
249;261;28
566;663;42
466;155;2
412;583;33
667;105;50
559;413;30
227;383;39
361;317;17
220;50;17
319;355;6
101;295;30
28;119;29
245;175;11
141;90;50
61;143;40
677;101;12
387;197;32
487;400;33
61;323;19
119;210;7
291;382;40
337;657;20
551;488;5
381;58;10
563;467;17
160;449;45
135;184;31
579;205;31
475;571;41
363;283;40
659;610;3
294;659;32
294;82;41
506;680;31
625;114;7
206;519;18
427;366;32
416;618;15
436;1;2
84;208;37
428;254;8
143;600;29
325;161;31
397;211;18
118;161;6
130;646;1
336;552;7
356;440;16
140;674;21
143;167;22
563;508;9
436;329;17
465;599;37
194;682;45
396;118;10
391;100;10
413;11;1
171;362;40
343;380;19
203;113;2
267;333;32
496;178;11
415;294;10
380;451;27
290;579;11
616;140;19
44;248;2
649;356;40
479;463;10
24;195;17
519;59;46
673;572;21
442;682;46
43;560;26
47;45;1
542;555;13
69;623;4
662;78;40
164;386;49
408;436;18
385;426;17
213;170;30
439;397;33
45;631;7
29;603;34
206;566;8
183;146;5
492;666;16
478;113;6
151;199;50
87;79;7
405;219;7
624;253;13
506;234;1
553;698;24
273;678;26
331;696;42
482;427;22
64;137;6
235;198;17
114;221;11
5;372;5
67;583;45
586;439;6
209;73;36
159;341;43
224;435;15
316;587;36
147;688;23
77;518;30
656;639;23
324;505;23
546;661;3
554;83;7
81;213;2
522;127;19
699;601;18
611;384;11
419;6;8
17;96;32
570;121;13
46;75;47
528;279;42
82;95;3
483;34;36
42;679;46
390;650;7
71;172;49
507;591;44
13;136;12
655;189;42
425;280;35
161;226;32
643;642;36
272;674;19
177;416;46
515;8;27
117;528;11
195;102;50
216;215;18
584;372;22
493;161;41
113;87;44
392;38;11
566;532;5
681;78;7
542;690;27
334;33;12
168;412;30
217;175;43
161;503;6
374;358;12
498;20;46
383;392;26
209;404;16
613;116;10
548;646;34
254;601;19
688;533;21
694;486;30
681;24;38
403;633;6
546;130;43
116;412;13
373;416;46
611;620;17
168;694;2
603;502;50
455;316;34
364;659;23
694;628;45
304;374;35
439;46;36
230;277;28
573;682;5
698;418;44
2;450;9
387;292;14
182;303;14
492;271;30
246;63;39
488;157;24
247;217;17
585;181;45
116;112;27
462;405;20
571;583;27
581;631;35
434;566;5
228;461;15
63;525;3
606;130;43
382;467;4
318;173;44
440;533;6
543;538;13
195;338;48
588;13;3
205;587;37
594;213;31
334;23;10
82;17;18
422;63;7
598;305;42
505;327;2
88;152;29
653;142;23
52;385;36
16;409;3
407;623;8
533;39;34
579;543;45
427;455;45
326;404;12
293;671;31
355;670;13
584;692;28
95;78;8
16;240;26
541;459;9
642;151;24
129;165;14
120;412;19
581;234;38
340;641;24
346;415;19
296;97;6
653;500;30
362;344;45
318;305;47
131;646;41
539;515;49
190;459;43
656;149;15
362;604;16
196;570;19
378;667;43
299;340;23
610;363;11
290;642;24
64;180;43
473;4;44
536;577;30
148;490;13
295;626;32
579;516;3
146;329;29
428;192;19
646;695;37
416;124;17
440;337;29
115;569;4
392;549;16
664;604;36
647;174;30
662;467;42
271;437;50
462;562;50
661;197;44
364;170;19
585;695;19
666;108;13
518;503;41
40;192;37
385;169;29
564;159;20
312;245;16
640;175;16
127;23;3
290;54;23
179;514;4
497;686;48
96;93;48
265;635;32
359;610;43
422;387;35
153;504;32
324;369;31
150;312;28
389;84;24
190;439;7
335;638;48
542;433;30
153;211;43
403;621;38
133;540;45
693;479;22
173;617;48
691;176;28
425;83;22
448;386;35
634;396;14
37;546;49
695;322;5
631;145;23
687;598;29
577;617;40
440;440;29
298;666;35
119;426;33
359;326;22
369;597;12
208;281;27
212;468;37
263;414;14
179;287;8
685;221;36
23;697;37
337;47;50
53;262;41
698;542;28
49;5;27
204;342;23
522;296;7
370;74;30
331;691;41
355;314;42
350;683;22
640;460;10
287;619;11
604;222;9
601;248;27
637;439;49
127;310;2
657;193;12
154;330;45
292;230;13
443;26;40
48;403;26
70;587;47
240;50;41
244;265;18
358;340;10
449;355;40
213;589;13
152;613;9
53;576;1
204;580;47
272;247;34
425;450;46
24;13;16
177;617;35
412;372;6
396;308;2
80;81;42
630;300;34
187;648;28
681;657;15
153;694;37
114;615;10
439;594;33
601;495;2
697;33;25
92;388;21
413;149;25
545;5;10
582;406;42
531;109;25
617;391;44
683;550;42
32;617;27
151;574;39
689;143;23
485;613;7
326;91;25
126;606;28
115;45;18
297;171;15
358;354;10
457;340;49
473;481;14
509;525;36
96;385;5
102;415;6
375;289;25
437;560;32
252;483;20
176;576;16
83;222;8
332;12;48
550;669;7
246;149;16
693;506;18
368;71;41
576;189;35
92;619;1
270;440;9
34;284;6
192;688;6
394;250;49
131;123;42
690;311;47
657;413;36
127;693;37
164;656;36
695;394;15
591;408;1
372;197;41
371;52;47
373;302;49
126;298;26
431;227;24
415;359;7
40;388;26
587;581;3
563;85;23
497;652;7
101;678;41
35;615;16
389;202;40
208;661;42
644;557;5
346;380;46
280;254;49
574;438;47
287;541;16
180;300;44
642;250;4
212;342;16
279;413;29
335;226;21
671;333;4
579;563;7
61;482;20
392;407;30
180;4;29
50;140;31
97;42;34
504;424;16
287;617;8
191;502;41
152;340;15
56;648;39
590;142;39
30;292;41
242;626;33
187;492;27
218;152;11
298;209;1
311;331;40
368;209;14
262;177;17
218;247;11
592;207;4
336;671;7
585;375;11
499;362;47
664;434;50
653;1;17
189;606;24
77;469;7
144;686;28
493;66;4
161;679;6
556;35;16
539;612;1
653;466;44
671;16;28
146;430;40
546;193;16
423;180;39
472;449;3
92;691;1
433;595;9
665;488;14
420;240;6
171;11;46
584;537;11
26;450;50
686;198;20
2;511;27
275;299;17
406;213;42
581;495;33
337;179;31
197;278;6
122;490;45
78;505;9
681;54;14
416;592;28
286;389;33
361;41;15
415;246;13
83;329;23
449;453;22
199;370;26
259;474;39
489;427;40
591;692;24
66;86;29
143;164;29
529;457;19
641;34;38
60;659;11
416;221;14
527;315;37
145;371;2
295;164;24
609;153;16
642;156;44
624;157;37
642;189;44
195;125;50
273;56;17
451;315;13
484;486;37
126;331;25
480;237;14
95;636;3
153;235;15
591;489;50
328;642;8
133;569;10
378;604;5
38;74;26
455;503;8
617;570;13
483;657;48
342;494;27
225;697;36
433;445;31
112;308;14
627;30;14
196;294;16
131;640;16
433;300;13
619;108;40
103;605;18
601;656;41
268;250;39
547;32;43
591;464;48
526;695;26
553;115;42
498;42;25
348;286;45
518;115;37
524;558;22
480;297;50
246;535;49
301;90;15
75;230;2
370;99;40
139;515;10
549;30;35
42;428;38
52;504;23
364;148;10
367;485;8
336;307;43
676;12;36
389;149;7
413;62;43
682;337;8
50;623;26
12;529;9
257;647;24
307;300;29
593;35;20
357;452;48
274;58;49
146;170;16
304;373;3
275;338;37
359;277;5
95;356;44
67;475;2
172;556;16
649;218;16
80;657;33
319;306;42
118;54;2
243;602;39
446;391;14
507;527;8
327;323;20
350;291;4
588;197;38
215;328;44
529;294;32
443;185;20
199;672;30
104;324;2
113;369;15
169;540;7
568;206;8
692;276;19
264;442;41
10;159;46
266;436;41
144;34;50
443;528;23
696;354;4
424;135;31
542;588;45
672;642;24
26;681;27
28;554;8
441;147;8
297;481;37
118;684;29
25;382;24
565;478;39
35;462;9
71;467;16
475;393;5
558;575;35
67;111;16
128;515;8
185;157;25
390;295;30
61;445;45
558;289;16
205;203;46
468;340;24
663;695;40
509;425;32
130;93;44
614;576;48
662;636;10
209;286;20
211;267;43
409;44;43
109;321;19
692;449;45
425;375;7
661;596;21
347;114;4
582;640;22
540;367;37
502;84;12
115;327;2
564;483;32
590;224;38
610;667;40
212;304;34
559;450;20
276;68;42
486;695;16
355;565;28
494;305;14
118;346;28
71;404;35
487;325;49
655;696;18
402;130;31
342;387;22
348;490;41
471;430;17
149;668;6
680;39;26
309;594;18
653;349;14
534;42;11
301;39;10
699;505;30
551;181;8
395;18;25
57;644;4
330;415;19
237;243;20
410;129;46
685;196;7
403;74;29
268;509;5
205;286;28
664;420;34
467;109;32
499;300;37
315;255;31
193;643;35
488;179;26
397;37;47
392;378;2
453;306;18
630;298;43
367;30;29
608;413;32
162;152;29
549;565;37
452;416;9
192;216;10
519;226;45
694;673;16
484;446;48
44;216;25
243;243;48
316;512;2
294;426;32
5;160;11
589;105;24
255;628;3
473;351;38
39;92;27
109;178;29
600;643;41
458;539;21
107;82;3
377;615;16
126;272;1
103;698;20
428;434;49
176;387;37
625;306;15
123;397;22
644;283;44
449;398;25
12;385;13
510;134;16
110;212;5
193;453;8
454;258;47
255;549;36
507;36;38
234;63;36
315;472;35
292;368;48
454;512;19
310;650;31
100;454;47
409;431;40
641;527;40
579;60;47
429;348;37
94;642;9
398;81;14
650;393;31
102;252;32
87;281;7
170;26;38
497;146;47
631;346;37
55;143;8
326;554;22
211;492;18
222;33;14
277;307;11
640;146;17
122;571;1
690;90;49
116;340;10
77;110;6
243;561;30
414;383;46
682;672;20
294;610;37
44;230;5
134;360;20
279;180;34
604;519;25
376;363;20
582;461;36
94;569;2
53;34;2
445;233;41
586;572;3
500;575;14
528;207;49
108;117;35
462;615;43
463;83;27
472;405;3
362;353;34
356;579;2
240;444;25
82;499;22
606;232;35
548;276;35
105;17;12
58;531;27
328;559;32
684;204;32
332;269;50
217;363;25
239;220;17
545;671;48
321;608;39
573;336;44
420;453;3
233;289;49
491;145;19
153;72;49
343;55;45
386;699;34
436;233;34
111;377;49
539;631;26
244;168;33
619;391;36
676;27;50
566;438;25
596;428;34
429;609;35
136;42;37
234;229;24
355;363;29
620;472;3
696;336;13
548;645;38
598;147;37
511;589;4
381;535;15
691;187;1
238;165;1
321;236;30
601;397;10
43;538;45
667;342;6
245;550;46
561;368;33
463;318;44
302;171;45
682;451;20
250;264;49
668;216;29
133;31;39
257;45;39
653;687;36
239;628;18
368;612;17
595;72;29
188;125;20
250;608;19
387;681;26
370;283;41
394;43;1
256;474;4
426;577;8
84;300;3
79;270;13
567;626;30
672;7;29
30;4;37
417;472;7
372;446;50
600;75;47
468;230;32
363;629;22
521;571;14
49;469;47
270;211;49
348;609;35
599;22;43
174;365;3
555;443;31
639;583;15
531;215;41
82;365;50
13;670;48
46;202;7
655;481;20
391;287;31
556;586;25
350;632;43
54;215;27
159;228;40
293;253;48
338;427;22
633;100;23
322;471;47
420;423;5
508;184;7
381;583;6
479;351;17
507;546;37
330;335;11
182;197;50
413;443;26
614;450;12
580;198;7
302;28;44
227;635;1
607;97;32
468;287;44
71;440;12
301;228;12
237;204;22
287;692;30
491;545;33
366;98;38
134;244;3
642;93;19
170;273;2
359;279;26
346;396;27
286;352;23
270;192;29
356;180;3
569;602;33
632;454;33
383;47;19
496;253;28
259;535;45
319;324;44
27;567;12
58;79;39
384;541;43
557;280;33
515;192;47
87;357;21
267;321;1
333;311;33
443;100;33
312;125;30
184;101;35
504;689;18
379;60;26
538;370;27
571;443;6
89;577;21
500;413;41
181;275;44
110;192;22
328;214;24
69;62;20
301;210;18
305;34;20
484;270;43
623;85;14
464;584;42
445;611;38
445;149;30
33;2;34
169;435;15
395;582;13
132;330;50
674;192;39
513;271;2
379;208;31
357;22;20
256;576;41
599;134;30
194;645;32
344;30;25
460;109;28
578;567;29
184;89;16
656;645;32
544;625;37
625;370;16
474;269;35
173;59;45
449;654;10
76;639;32
400;635;31
394;620;27
33;457;15
373;93;19
451;310;20
522;661;13
492;656;9
314;501;20
496;436;34
384;328;21
391;199;4
693;656;14
93;678;1
618;211;48
270;125;37
391;654;4
620;50;50
75;368;20
254;269;38
58;173;34
93;583;16
97;408;11
27;261;44
317;547;31
652;430;17
41;159;33
587;623;15
694;247;19
678;50;23
199;471;27
207;314;42
191;244;31
438;282;35
391;373;33
587;39;18
55;220;16
212;163;47
262;213;40
230;128;41
272;283;13
105;68;1
622;568;48
123;292;20
73;124;46
480;130;3
231;161;22
619;654;40
178;76;41
438;565;48
242;162;34
499;264;47
380;55;18
18;494;20
373;261;34
346;564;2
148;488;9
425;652;25
155;132;24
438;681;23
53;518;17
236;337;40
627;625;39
453;43;9
153;181;33
143;301;6
247;575;27
522;338;19
393;179;31
615;321;28
605;618;28
405;5;26
400;132;39
324;471;41
181;429;40
696;307;28
406;664;1
454;95;3
320;287;46
56;231;23
206;56;22
349;647;48
470;483;11
512;553;29
678;19;50
427;300;18
121;106;37
232;344;44
137;683;30
296;339;20
152;432;45
405;162;41
631;231;37
652;10;47
96;32;8
59;344;27
287;360;7
294;462;9
128;104;1
172;543;9
297;634;35
214;460;16
485;448;31
670;481;11
464;282;5
97;553;24
662;424;8
400;373;37
545;533;30
425;157;36
648;352;5
365;530;39
540;8;20
397;96;15
94;414;34
624;589;14
310;409;8
563;616;19
84;314;26
310;55;13
284;188;35
444;44;35
213;471;8
547;240;45
18;202;32
452;687;17
386;651;39
369;400;2
680;470;32
120;215;48
257;511;24
684;460;50
415;448;43
571;526;1
112;162;30
472;337;6
164;546;31
314;519;13
669;590;12
569;131;49
107;671;8
548;314;2
234;12;23
415;5;22
682;632;37
109;347;46
671;470;8
14;700;45
128;221;45
605;541;41
319;508;44
428;35;13
164;481;38
693;511;39
527;77;47
312;165;21
391;275;44
237;556;38
156;22;27
451;531;4
549;215;46
338;496;9
124;55;21
562;352;17
587;677;16
463;571;24
242;138;38
683;211;5
631;418;11
663;373;23
579;193;36
494;405;26
289;549;36
653;131;32
584;252;47
695;17;9
535;386;43
207;218;11
58;694;20
213;29;29
664;373;16
542;503;44
96;538;27
274;42;26
590;206;12
512;435;29
473;155;2
43;248;18
434;309;32
117;5;19
314;581;20
512;675;42
332;245;19
304;49;47
274;407;40
589;574;19
436;255;15
9;464;4
293;41;38
108;31;41
131;284;8
387;606;21
31;168;1
134;352;19
152;312;48
15;12;6
364;109;4
17;477;38
640;166;36
593;536;40
45;194;19
7;606;29
96;52;15
252;230;44
189;41;46
665;640;3
599;332;47
241;477;9
242;206;25
476;481;15
283;503;5
41;435;43
58;160;15
473;418;1
670;306;23
447;303;40
147;686;50
481;25;27
62;119;29
550;533;15
315;87;25
691;27;13
316;297;12
308;219;1
469;19;38
326;198;49
395;475;42
227;371;38
452;149;23
131;601;41
553;240;20
33;532;44
570;138;3
504;610;39
296;335;20
199;559;35
18;369;4
520;125;29
543;367;22
676;240;39
251;553;28
590;424;18
607;462;42
620;222;49
22;260;35
189;590;26
137;19;15
356;76;39
410;225;35
301;645;18
502;400;35
349;469;48
251;312;50
577;472;48
38;605;24
480;412;12
468;496;21
218;21;31
122;278;48
109;241;6
554;291;41
175;228;29
686;19;47
205;307;45
507;333;38
71;281;13
363;257;30
21;586;37
120;118;31
283;313;38
330;635;47
169;597;4
591;209;32
170;597;8
557;352;7
503;554;44
165;695;4
156;411;2
346;60;22
497;35;46
648;475;29
47;402;22
511;446;23
386;562;22
341;132;38
433;549;43
597;352;16
81;355;16
600;192;44
57;436;1
214;649;38
616;546;25
437;78;5
381;23;7
354;420;13
447;520;49
116;472;2
150;308;15
41;335;26
321;83;31
182;480;24
303;387;9
448;204;32
656;359;16
287;169;17
92;581;5
165;148;27
582;271;44
395;626;15
602;166;28
557;685;6
616;657;44
228;641;24
497;121;36
493;405;26
411;174;39
317;307;22
107;79;19
377;329;24
2;59;41
671;377;43
512;419;44
22;585;30
325;638;35
509;480;14
211;593;48
59;175;8
389;11;29
178;358;15
579;17;33
535;363;32
657;310;15
247;27;4
6;592;10
585;497;46
78;522;50
359;651;3
232;415;39
468;518;47
320;573;31
64;685;35
140;175;1
290;681;18
355;661;18
631;442;32
272;92;27
17;122;27
357;675;25
696;21;40
243;214;1
94;317;11
202;81;2
507;191;44
611;182;16
39;593;12
435;156;37
411;24;30
7;460;28
223;480;2
225;221;44
21;683;7
212;155;21
233;227;39
85;611;10
294;324;50
577;331;15
513;243;29
391;347;10
369;626;37
525;383;31
61;500;40
249;497;16
169;674;30
121;450;43
304;352;12
181;348;22
396;545;43
286;112;40
463;255;11
124;415;49
622;289;34
656;44;17
595;431;32
1;645;9
158;174;27
48;529;44
471;206;9
353;106;30
248;126;10
667;431;37
409;629;5
489;537;6
173;166;13
308;34;20
338;510;18
415;201;2
579;342;27
227;438;41
458;49;37
426;534;34
628;596;15
629;210;44
178;55;4
368;188;47
413;274;2
406;398;20
365;564;12
37;139;28
224;599;42
229;67;38
502;411;17
519;491;34
567;253;3
254;558;42
548;269;20
240;580;50
189;265;49
541;694;32
336;391;1
413;282;45
159;279;5
555;459;38
147;416;30
445;693;1
43;597;19
680;617;5
520;683;25
50;667;21
439;359;37
577;690;27
321;345;21
144;644;50
225;632;42
551;375;41
507;100;47
515;492;46
329;688;2
500;693;15
500;556;9
616;8;3
578;106;6
493;564;10
221;663;7
372;118;22
66;254;32
138;423;7
280;45;36
541;599;46
295;85;8
75;147;7
7;278;20
258;144;15
14;528;12
355;698;34
333;121;7
378;18;4
551;475;31
687;311;47
658;613;12
340;378;28
128;502;19
357;330;23
610;366;42
627;380;32
624;375;42
116;450;28
427;177;15
645;291;1
652;627;9
201;657;16
40;505;4
198;363;20
640;402;31
239;198;4
225;67;4
171;304;49
279;539;7
58;358;42
361;254;18
620;667;35
685;25;32
89;508;33
251;560;3
116;219;45
663;421;46
287;493;14
201;576;35
576;629;11
238;596;17
534;500;9
545;210;3
699;283;22
485;72;18
348;312;41
438;308;36
49;110;2
195;436;26
570;415;6
610;610;9
442;321;3
35;572;27
132;162;25
550;135;8
511;336;46
345;5;43
145;539;25
312;430;10
287;525;35
663;516;7
446;693;9
521;631;39
107;45;35
312;433;42
225;666;20
199;297;29
206;546;48
419;615;7
673;406;13
466;581;25
232;285;31
8;48;33
492;40;36
118;640;36
211;449;39
611;418;45
219;500;5
611;407;46
259;18;3
584;604;14
90;511;11
310;146;49
443;12;17
336;643;41
502;276;49
437;636;37
418;246;18
330;478;40
235;567;42
379;698;5
437;184;34
42;509;3
503;516;26
479;464;40
577;217;31
135;291;13
85;390;7
151;697;12
301;10;31
323;35;39
356;571;31
321;200;24
192;624;9
542;15;12
147;244;44
16;14;1
189;604;11
532;293;3
338;337;2
356;443;12
639;203;14
644;610;21
180;439;31
349;37;15
268;160;27
534;150;1
585;26;31
7;219;36
43;34;33
612;19;39
155;323;31
689;574;2
686;83;10
617;441;48
579;587;10
94;81;20
606;286;42
162;681;47
654;293;43
116;603;34
510;26;48
259;176;8
546;49;47
76;598;44
115;495;17
499;582;45
104;279;16
523;194;46
419;23;45
580;548;3
52;136;34
213;249;21
649;50;10
594;19;11
395;352;6
684;33;29
312;38;36
310;17;2
92;84;41
95;692;7
556;431;4
43;274;37
682;23;17
24;212;30
28;307;37
425;676;42
224;409;43
484;219;50
380;294;26
598;287;6
472;423;6
615;43;9
36;649;8
274;31;34
150;518;4
120;600;9
126;369;22
23;608;40
40;451;36
59;282;13
561;311;46
51;169;39
419;12;37
430;586;5
333;347;8
278;314;35
632;590;34
593;697;3
143;674;22
568;680;28
149;351;3
174;430;31
506;97;16
95;415;49
212;434;20
386;585;6
329;432;10
438;661;12
133;230;47
47;546;18
693;323;31
142;113;45
428;332;18
599;330;34
591;276;14
498;324;37
522;250;13
537;565;15
526;370;40
119;602;46
238;333;42
342;372;9
179;71;29
693;266;32
417;154;47
694;9;21
246;658;14
349;259;14
578;85;46
298;112;12
558;135;4
696;50;20
691;26;2
12;38;15
473;484;41
597;340;48
684;286;12
18;62;2
589;117;1
616;597;40
102;455;3
63;169;24
694;380;5
431;84;1
658;492;12
615;202;21
260;559;41
565;275;39
93;624;40
675;554;18
238;314;36
242;439;30
111;213;23
586;626;23
194;625;39
634;568;39
364;129;3
518;655;26
441;399;45
647;142;16
582;692;10
34;72;23
432;223;27
310;48;45
262;334;25
68;423;37
228;316;44
88;447;42
598;265;5
508;265;15
566;419;48
442;244;18
119;143;46
346;4;28
618;372;16
180;351;37
221;194;7
653;476;27
442;414;38
421;339;42
287;556;38
425;183;30
89;190;10
200;523;31
302;182;42
637;450;35
441;538;16
453;251;7
21;561;48
290;235;47
450;139;23
662;128;8
27;393;8
133;63;18
13;691;28
142;326;31
50;206;30
215;62;10
317;486;13
173;447;33
67;176;45
312;328;42
478;605;28
518;542;33
288;154;38
90;176;32
39;118;3
382;262;35
122;48;41
293;440;6
693;408;28
344;257;23
172;223;20
520;307;22
46;608;27
106;618;31
109;410;39
645;522;28
541;597;12
80;26;25
261;494;42
673;422;50
193;672;42
245;340;29
475;331;27
359;43;23
681;138;8
351;347;16
487;158;15
297;170;19
370;480;18
83;283;14
251;118;36
216;500;30
18;666;31
665;693;19
563;253;31
315;431;38
603;578;32
524;105;6
477;226;2
42;533;23
679;369;8
196;184;24
187;462;14
606;442;29
560;296;6
580;448;48
421;416;50
313;139;22
167;502;2
272;619;44
150;468;1
101;442;15
614;81;36
5;167;44
649;666;34
631;469;48
385;375;45
537;420;32
412;452;45
519;379;5
641;163;26
295;166;16
180;340;13
144;181;30
262;299;22
547;110;23
339;24;26
378;242;39
183;300;15
106;411;10
656;263;32
270;247;25
19;675;32
183;477;42
313;243;20
336;222;36
424;423;19
529;22;25
61;340;48
450;548;37
538;598;47
255;59;7
296;350;42
416;219;1
101;645;29
377;87;16
400;164;13
196;386;21
172;380;17
12;280;47
450;293;36
628;107;47
326;646;47
298;166;34
175;133;48
330;643;26
71;413;20
516;407;32
347;62;23
212;22;18
213;362;46
1;285;34
335;540;5
137;47;27
561;257;15
324;336;12
354;231;4
61;59;6
340;173;41
30;670;28
557;339;33
33;357;11
332;372;39
425;289;38
312;283;2
482;502;28
667;321;22
165;318;2
110;263;26
60;115;40
236;282;20
174;120;46
46;487;11
298;108;17
197;412;19
531;525;23
96;150;10
206;308;23
357;518;7
278;226;36
118;624;28
23;99;8
15;328;31
225;385;13
351;205;5
48;516;33
358;290;44
445;226;16
607;686;49
336;596;50
633;196;13
482;99;44
277;485;27
311;296;3
627;615;22
579;494;16
46;653;28
457;415;24
397;14;10
344;678;46
479;660;46
533;288;27
205;348;4
110;311;27
518;62;22
66;639;38
403;179;36
322;574;32
359;316;42
274;315;12
50;199;36
699;304;13
649;446;33
599;503;12
356;188;20
430;559;47
317;45;14
603;579;8
90;548;25
671;332;3
42;44;13
111;208;46
579;369;33
123;668;35
568;332;3
133;656;45
433;633;11
550;465;40
408;654;42
119;356;10
230;30;18
504;567;12
280;656;23
487;390;3
629;531;43
587;395;1
527;255;17
63;650;22
35;263;12
468;634;31
311;446;46
91;663;42
577;555;34
609;12;38
595;132;21
453;239;41
680;556;41
152;245;11
590;332;6
201;90;43
454;49;45
456;298;46
338;530;5
173;513;19
235;43;12
491;497;11
356;144;49
561;418;49
694;487;34
135;612;31
396;376;19
196;131;48
667;162;31
304;67;39
190;380;50
698;249;26
383;420;16
253;636;6
394;216;21
558;429;46
507;479;24
92;454;8
413;51;31
656;242;49
660;195;43
463;102;37
35;42;19
145;165;23
519;106;30
280;561;17
216;551;38
147;637;35
666;566;20
72;602;2
587;629;10
196;326;2
448;587;46
197;423;46
359;377;16
191;558;38
271;68;34
683;613;2
111;700;49
213;155;2
340;18;47
100;325;38
393;144;6
350;389;24
299;543;50
451;607;27
554;330;17
35;383;46
376;10;43
410;169;33
364;247;31
321;13;33
621;607;6
86;616;23
620;171;40
390;314;37
40;375;2
313;224;25
619;275;23
48;671;25
170;506;40
176;138;15
145;310;46
303;633;17
441;596;2
226;64;49
169;123;18
654;295;45
651;563;11
80;648;23
373;390;19
685;604;39
315;298;35
498;77;6
66;608;38
323;368;12
510;392;41
55;515;8
151;682;39
547;698;10
524;295;5
483;30;39
320;201;4
343;75;25
60;56;13
101;455;39
577;169;47
536;613;36
685;549;38
680;87;4
85;493;49
256;591;35
102;386;35
586;437;11
513;3;32
122;525;40
503;650;43
244;307;17
686;241;40
112;261;5
332;681;47
666;589;50
637;6;10
572;54;47
618;238;2
548;226;41
664;468;12
205;44;42
687;54;12
91;472;3
254;643;35
438;632;31
42;456;37
189;407;46
448;559;18
344;108;36
477;594;10
543;49;3
659;403;42
172;584;7
144;394;31
336;50;13
159;605;29
223;42;10
108;589;40
307;347;8
501;163;34
295;44;39
124;629;16
411;437;1
570;356;28
592;245;14
160;101;19
159;428;1
483;61;12
380;264;16
436;346;50
201;37;32
589;163;18
160;653;32
331;18;19
72;214;6
606;329;38
547;526;32
678;20;18
78;141;19
670;683;4
429;509;46
649;232;35
417;70;43
105;246;42
456;652;16
161;524;11
610;651;10
246;591;7
666;244;45
139;568;11
513;407;7
611;281;14
622;68;17
157;274;14
176;653;2
382;550;28
187;335;24
557;566;2
51;158;12
234;532;11
461;546;42
606;62;7
404;262;4
65;498;17
366;103;8
234;597;21
652;345;6
354;336;49
656;23;1
693;339;30
600;666;31
667;622;48
563;506;3
91;531;18
87;208;2
508;298;3
137;221;38
400;66;31
228;643;15
103;539;18
300;635;38
418;185;10
571;273;42
385;132;18
103;229;19
392;393;5
154;237;28
526;16;40
682;400;36
170;177;38
294;597;39
421;280;3
497;226;3
409;588;8
612;413;6
218;47;24
368;1;11
420;154;47
399;257;3
148;258;24
560;61;45
667;498;26
660;16;25
28;13;19
225;685;34
612;162;7
118;223;40
409;518;7
311;303;44
436;24;16
494;180;20
331;529;42
280;108;49
475;364;44
462;539;45
142;272;40
221;191;42
687;231;18
342;307;28
176;32;7
37;184;32
700;311;4
348;491;18
238;322;42
112;454;24
572;556;44
99;276;17
236;21;41
172;678;32
251;424;16
227;20;39
345;352;37
267;350;12
134;382;34
312;621;48
554;105;19
284;204;24
74;214;16
613;315;12
191;132;18
335;588;24
253;577;13
676;163;35
271;165;46
420;462;20
167;391;47
327;404;38
350;448;23
513;530;37
692;274;1
39;347;2
412;319;12
16;304;14
522;550;44
659;90;47
331;199;30
404;183;22
615;559;26
531;198;31
145;667;33
76;550;21
515;466;31
360;583;3
85;520;32
683;227;26
613;168;41
195;645;6
552;610;7
574;677;50
307;671;21
639;50;9
633;344;29
173;620;32
252;71;2
534;133;40
8;497;16
699;163;16
458;18;5
418;647;25
260;473;38
666;285;17
494;195;9
457;645;49
594;665;5
141;427;19
88;658;12
348;269;21
218;253;25
412;41;42
436;383;22
128;642;13
268;264;28
509;88;29
246;325;15
589;168;27
631;262;23
357;549;21
407;181;27
196;93;18
244;610;15
584;25;22
137;287;22
571;131;50
19;11;10
118;469;22
62;111;24
472;290;5
389;353;9
43;573;44
128;76;29
338;141;50
509;369;11
578;121;44
436;98;15
452;505;42
119;674;5
109;655;28
565;443;41
341;646;37
226;355;2
165;588;28
380;147;30
150;663;2
201;537;9
9;458;35
371;431;11
19;221;36
487;675;13
367;410;39
664;165;20
145;230;27
426;216;44
136;106;40
492;639;45
221;231;2
191;625;29
191;176;6
335;609;25
198;278;48
442;521;4
141;654;18
568;106;46
361;288;17
89;155;11
46;324;29
529;88;46
669;191;11
53;57;20
320;417;33
560;643;28
203;314;9
244;482;17
463;637;34
480;479;21
54;496;36
332;88;31
546;471;15
536;359;34
581;171;3
597;401;23
262;366;12
166;70;26
116;507;24
674;171;50
510;314;23
78;607;16
498;555;40
352;377;47
408;438;22
659;239;46
153;553;47
423;685;18
500;599;17
168;385;15
610;33;44
284;28;27
663;117;28
300;586;13
124;599;27
577;441;41
648;275;24
391;355;5
320;102;38
156;533;7
47;297;32
285;309;16
583;100;1
307;575;9
639;453;42
381;700;15
245;82;17
9;645;35
583;39;24
52;355;34
381;281;50
574;383;40
40;482;9
301;535;11
445;646;6
226;648;31
375;348;7
376;99;45
556;417;25
123;54;14
137;622;46
222;590;30
543;596;30
109;383;46
627;193;47
403;237;17
150;459;50
688;387;41
642;440;30
332;399;16
288;699;33
375;18;32
555;23;38
605;246;19
107;36;38
93;531;25
105;618;42
694;484;35
405;685;28
324;480;26
43;371;34
3;442;49
663;202;47
129;320;45
150;698;8
685;613;7
483;414;16
629;572;15
54;221;43
3;434;36
536;315;41
102;241;22
434;215;22
636;345;21
163;227;42
330;450;41
490;601;33
223;484;42
494;446;15
230;497;48
629;424;13
343;522;47
380;95;14
174;330;22
527;535;14
192;394;46
552;379;48
576;54;5
265;142;12
108;555;41
533;641;25
606;537;9
356;270;48
98;465;50
509;225;14

