700
17571
4200
79;81
66;46
35;51
26;30
63;33
56;65
34;22
31;51
43;43
88;69
1;45
39;87
19;8
79;13
89;86
47;12
6;53
15;47
21;57
64;57
26;46
91;19
45;15
6;83
59;35
57;65
26;97
26;52
56;79
99;92
76;99
47;43
47;27
68;7
50;7
64;61
21;97
93;4
25;89
27;4
27;55
65;17
49;11
39;59
42;87
50;92
94;44
27;91
92;74
55;48
71;74
12;17
48;7
84;36
78;81
58;90
69;51
67;69
93;39
63;9
95;68
74;42
34;39
14;17
16;100
65;40
8;96
45;85
100;12
40;43
51;41
51;30
93;31
91;45
68;45
14;97
15;46
76;99
94;74
82;43
76;46
5;73
93;87
47;54
84;91
26;53
86;79
39;3
53;50
26;12
100;49
17;36
40;76
71;74
40;52
90;97
98;91
12;44
77;2
7;12
68;77
78;22
65;26
84;34
35;68
28;84
1;11
18;65
40;87
76;6
13;53
61;41
8;73
41;38
89;57
83;86
53;34
79;94
64;66
95;70
14;11
76;20
57;68
91;88
62;2
54;83
48;13
45;54
78;25
37;85
17;64
73;56
33;69
17;64
85;32
64;43
75;37
70;59
30;95
42;58
83;46
7;68
7;4
29;81
66;46
27;66
93;15
95;86
58;55
30;14
38;6
4;10
17;51
27;62
58;95
56;86
65;39
7;35
52;27
53;64
6;17
53;20
57;42
75;49
32;44
79;38
72;66
57;78
64;96
55;98
55;10
2;45
62;81
99;34
40;73
45;19
49;62
67;61
12;70
43;89
93;39
66;74
35;90
76;40
76;73
41;57
17;92
58;46
85;75
22;31
67;41
69;88
24;40
94;16
15;86
85;40
55;53
95;52
51;52
58;63
93;38
54;36
66;7
58;66
15;77
9;28
68;1
25;78
49;100
65;44
98;6
59;53
61;34
45;37
16;55
41;39
92;38
21;95
100;56
25;100
71;49
8;98
73;9
41;18
66;66
49;43
53;26
7;37
12;21
5;29
57;92
35;21
24;74
63;70
56;16
82;100
33;25
74;73
28;79
37;86
75;61
98;83
11;2
47;46
50;11
78;68
27;73
86;44
70;42
59;29
90;54
51;51
61;42
47;65
58;12
21;70
66;42
35;73
9;62
37;16
69;79
37;54
94;68
80;53
20;9
62;20
6;62
91;88
36;35
84;58
3;61
89;1
45;61
9;22
55;59
44;38
33;31
94;95
69;3
99;47
20;12
55;18
27;12
85;83
29;37
37;39
94;13
49;11
83;25
91;100
97;96
76;52
4;28
27;50
98;40
1;58
2;3
43;61
26;40
91;33
92;48
77;86
96;76
5;4
49;3
93;28
83;100
52;2
60;85
87;45
15;54
45;7
64;53
98;39
7;83
92;26
93;51
25;54
57;50
45;86
81;71
29;54
100;21
14;97
4;96
84;2
25;37
6;90
60;11
35;18
70;11
48;40
17;23
72;10
57;23
29;70
97;100
28;49
5;63
65;41
97;86
58;79
47;62
82;81
5;69
94;64
54;10
46;38
95;12
59;23
72;3
66;50
84;95
65;3
42;100
29;41
5;70
62;74
35;59
80;2
76;30
100;14
49;47
44;85
63;73
41;58
37;11
78;81
15;16
33;83
55;33
26;1
30;26
92;96
7;70
56;9
7;91
29;88
89;58
41;11
14;19
63;9
65;74
66;84
73;94
35;48
19;71
36;62
19;35
27;94
56;45
81;77
68;12
4;46
15;47
77;99
99;82
24;45
36;72
78;66
78;6
13;12
36;53
87;87
33;56
60;2
66;34
53;58
34;68
86;88
18;66
52;70
34;45
5;2
74;81
83;56
78;72
47;85
40;99
55;56
87;75
42;49
5;13
47;5
34;32
70;6
8;16
98;95
68;9
22;80
90;81
91;100
58;51
2;44
12;93
40;98
1;61
85;30
36;92
7;97
19;75
4;71
43;4
3;47
87;65
50;23
34;4
28;45
89;40
29;37
23;63
50;24
83;33
47;43
52;40
21;74
17;27
74;25
12;1
71;33
97;35
85;86
44;95
12;8
55;58
81;25
67;73
45;59
38;8
25;39
17;74
37;65
76;25
97;11
63;37
82;65
30;1
4;15
61;60
36;44
76;74
62;41
78;24
69;18
49;6
90;77
35;88
27;34
81;44
92;36
75;48
100;24
32;83
31;100
48;93
41;46
9;24
3;4
37;63
82;90
68;10
95;15
93;100
75;63
31;2
76;69
6;64
18;85
77;50
89;75
59;73
45;48
81;80
37;45
23;98
96;2
71;17
23;75
53;5
69;11
98;100
52;78
94;6
10;13
68;54
14;10
24;92
42;73
57;13
23;76
38;81
23;6
39;91
80;79
93;36
73;3
14;97
38;12
20;63
17;11
97;23
11;74
80;18
15;90
55;32
21;80
80;36
80;31
39;24
6;81
86;63
39;41
4;51
54;85
56;70
91;72
9;16
60;24
79;68
39;14
73;40
48;59
10;63
97;72
32;75
46;26
19;87
19;64
75;67
29;50
21;95
73;62
19;98
16;62
12;76
68;98
74;62
100;27
84;31
99;85
44;84
27;22
26;57
42;61
51;36
14;22
44;2
17;40
27;8
16;93
93;84
65;9
91;86
12;22
94;50
78;19
13;25
10;61
81;44
10;35
45;4
38;79
57;31
76;7
2;67
79;17
4;99
53;3
14;72
49;66
39;78
27;14
18;40
35;79
25;100
64;75
44;16
1;44
64;50
7;53
91;15
10;97
22;97
62;89
29;35
78;40
84;18
92;25
28;61
41;47
46;5
44;84
20;3
54;8
37;32
48;66
22;36
84;11
34;38
11;34
28;96
64;16
9;90
71;60
6;45
84;67
95;7
87;10
17;38
94;61
27;48
64;9
7;37
18;54
90;15
20;63
93;34
47;86
34;90
74;3
88;76
94;29
54;91
19;74
4;21
72;5
15;89
24;2
15;31
91;49
68;82
49;91
98;38
53;62
3;91
46;63
74;74
96;39
33;63
29;63
48;59
64;18
81;1
78;14
21;45
60;13
81;61
49;62
10;48
37;72
35;8
44;20
28;74
40;55
85;93
46;66
69;62
28;14
45;92
68;12
637;328;35
107;629;15
330;665;48
523;245;21
279;116;13
524;615;41
166;438;39
124;328;28
508;379;49
138;586;22
220;180;30
32;189;3
55;668;41
151;460;38
413;205;41
497;694;48
422;607;31
121;655;4
129;196;22
109;533;24
594;342;26
595;636;38
580;692;7
280;144;37
106;539;2
332;467;16
511;475;28
171;258;28
581;121;17
422;145;44
600;374;27
235;31;1
159;625;5
700;109;19
613;502;50
659;400;10
638;279;40
353;514;44
140;322;10
512;308;21
283;694;36
306;318;40
160;60;29
607;30;3
292;6;4
478;304;21
610;117;39
437;671;16
102;544;48
13;176;33
522;336;17
99;693;27
386;587;45
558;256;28
328;39;25
15;51;26
652;193;23
362;476;8
235;139;8
688;366;16
341;544;47
307;140;47
672;665;47
222;441;23
6;425;12
474;554;50
44;314;9
522;360;29
463;152;35
318;262;41
420;247;30
610;569;34
450;114;49
581;657;27
391;686;43
300;127;21
449;688;32
424;362;27
555;234;22
654;241;49
631;56;41
259;256;25
14;206;42
390;304;42
543;635;47
535;229;5
667;506;7
255;599;10
495;18;10
645;644;16
184;73;34
220;103;45
651;629;7
633;439;23
70;131;39
644;506;1
622;526;28
439;568;37
524;596;8
24;332;50
266;518;16
390;242;39
14;283;19
166;445;20
277;563;7
47;160;36
282;617;15
115;307;32
116;155;11
257;8;6
302;493;50
568;481;45
319;637;35
343;307;39
136;116;34
417;530;4
155;570;41
134;558;28
115;617;16
131;202;11
192;114;23
505;646;35
423;600;15
393;130;10
49;188;43
295;653;1
319;537;21
694;303;1
6;433;24
625;83;15
108;177;7
233;594;8
140;13;32
166;528;34
570;484;23
585;156;6
223;109;35
68;499;40
116;446;26
388;212;6
475;14;23
448;213;38
320;652;39
276;325;8
382;121;42
365;333;33
520;670;40
422;10;17
304;424;10
586;272;6
174;496;26
216;66;38
506;420;48
194;502;7
450;226;31
45;179;29
505;642;25
538;586;47
299;210;15
231;355;22
698;409;7
51;599;29
300;484;39
273;236;47
99;566;32
121;44;8
307;100;3
119;468;41
628;436;7
208;299;4
353;669;23
275;668;19
544;357;17
334;435;11
44;309;11
645;44;3
215;413;28
550;567;6
527;562;1
68;173;29
561;382;46
376;418;7
357;564;1
249;315;18
210;494;17
649;72;7
172;360;23
305;637;38
665;366;36
190;696;4
534;557;15
131;242;23
319;260;25
149;121;23
292;578;14
279;139;39
244;292;49
160;67;10
395;106;21
698;455;45
677;471;41
148;482;15
117;661;25
432;48;10
593;429;20
26;222;28
517;651;24
684;43;25
259;210;11
628;55;43
16;610;38
526;63;32
409;272;31
387;265;12
191;235;17
218;295;1
239;499;3
409;160;38
598;314;50
490;630;36
643;341;13
142;540;3
83;16;35
383;268;48
345;449;18
655;699;14
265;611;16
141;682;2
471;308;36
99;497;14
196;502;2
156;692;21
270;84;34
367;233;45
400;635;43
622;412;9
488;546;30
273;223;23
558;546;40
592;327;1
262;674;3
241;86;29
11;278;28
662;539;5
642;213;18
116;292;35
686;539;30
608;184;42
434;510;2
213;525;37
650;147;31
154;244;13
453;118;11
531;24;30
175;675;17
635;422;42
387;3;35
466;418;20
550;431;14
33;243;7
152;185;19
366;85;32
426;56;6
285;600;41
314;345;50
636;693;33
11;254;30
31;355;34
611;566;39
671;682;48
24;458;13
258;129;34
694;650;36
520;600;23
105;100;28
574;399;18
299;65;12
115;488;17
300;283;2
278;645;16
562;245;16
411;297;23
387;16;23
402;536;17
313;558;40
40;668;35
350;348;15
73;447;28
302;656;29
96;634;31
239;193;12
241;572;40
444;80;21
160;115;14
203;93;45
528;129;38
325;348;2
297;392;24
469;291;40
477;19;31
600;16;29
83;354;24
199;699;8
213;137;30
26;78;38
694;526;45
409;226;10
676;525;1
308;493;9
399;20;1
418;611;13
605;654;47
412;294;34
138;343;34
33;296;29
178;286;21
553;264;22
507;628;1
128;348;31
63;159;2
125;218;44
7;60;17
56;410;14
275;666;39
381;603;32
273;444;20
113;684;37
573;553;23
49;479;36
570;588;42
663;578;20
10;438;47
454;505;14
254;455;6
419;386;2
193;57;47
72;369;46
257;626;42
307;628;23
210;146;47
417;360;25
129;429;8
63;283;35
464;472;36
212;682;46
663;435;27
229;405;46
517;237;31
444;492;8
617;2;21
97;224;41
117;511;15
16;687;6
498;542;20
138;625;23
536;409;41
596;57;11
663;604;14
549;640;44
477;624;8
239;487;48
249;79;30
392;359;8
692;661;48
29;403;8
244;630;18
591;346;25
219;119;49
24;605;15
90;446;31
83;624;15
133;634;38
453;490;23
69;90;18
145;103;42
487;466;42
329;349;40
700;593;35
233;372;33
41;438;11
66;378;27
333;77;17
488;3;11
122;302;8
529;497;22
545;602;21
312;419;14
108;617;12
670;631;31
488;54;20
371;563;44
619;656;46
106;624;25
107;383;50
519;385;25
104;12;10
696;265;18
84;11;11
680;282;4
558;402;26
415;305;46
470;532;5
18;560;5
537;404;22
598;200;8
294;52;28
18;688;28
235;364;12
447;75;28
399;53;27
7;204;25
597;14;44
222;216;31
365;459;34
90;429;7
654;608;32
353;597;30
124;358;46
186;684;39
503;441;23
417;595;6
148;607;19
55;256;1
164;283;42
119;258;50
673;330;5
175;505;49
262;98;14
29;452;26
523;281;21
242;284;20
526;330;44
261;180;44
32;461;1
107;180;47
638;9;43
535;589;3
9;383;10
687;100;19
499;83;28
519;152;34
186;20;34
183;11;29
4;474;46
182;251;49
538;256;18
527;566;2
386;233;27
27;119;46
532;516;28
1;135;44
641;90;20
538;317;19
249;390;5
696;200;44
343;264;15
297;233;31
286;626;5
449;58;5
38;400;10
155;315;47
637;137;16
189;180;19
68;168;7
153;548;24
244;682;29
630;617;32
612;489;34
448;118;30
384;197;37
196;189;27
585;644;12
39;296;26
127;578;34
36;233;27
653;353;10
543;381;2
223;58;14
341;94;39
8;479;25
463;138;12
528;498;38
182;148;39
322;356;6
1;87;18
196;405;21
584;188;3
229;141;10
230;386;10
247;309;38
192;270;42
342;467;26
629;362;25
193;620;22
660;26;20
55;671;48
454;401;26
328;11;19
638;292;8
165;350;1
664;109;36
13;298;6
157;656;8
692;687;16
277;190;38
385;76;37
459;50;12
503;281;29
277;58;10
309;189;4
652;270;32
91;357;27
467;18;19
23;410;11
29;367;8
307;4;25
349;20;9
181;528;49
132;261;41
94;377;32
461;225;31
640;222;29
576;536;25
454;411;9
96;241;38
113;33;41
620;663;7
672;26;7
118;208;45
599;522;23
150;90;50
634;545;47
148;685;50
545;695;18
323;316;21
264;40;40
256;114;29
621;250;17
618;564;41
208;276;37
228;666;47
246;44;45
694;481;13
518;684;10
203;114;11
206;78;47
504;659;49
183;158;20
140;3;5
584;42;42
150;57;46
610;387;47
495;681;30
65;145;24
30;410;45
231;167;47
686;385;8
414;32;2
467;144;50
404;590;3
249;338;7
313;569;27
375;230;32
259;408;7
298;590;9
665;245;34
697;47;7
127;565;2
657;548;18
477;384;26
73;628;42
292;609;35
592;169;48
122;197;47
183;48;24
325;90;18
515;124;1
74;180;9
582;39;19
176;97;43
579;244;24
392;30;23
362;588;42
233;321;25
144;237;46
124;481;29
45;483;24
432;364;33
114;95;24
28;356;31
294;67;18
530;241;4
293;206;3
350;593;38
52;242;25
52;175;1
177;383;33
29;262;40
635;131;4
18;604;8
258;696;46
659;218;27
112;381;37
103;53;14
348;236;47
61;174;32
608;422;7
9;46;37
503;694;15
626;417;49
586;112;42
56;85;14
506;60;43
358;568;34
437;380;6
96;685;3
177;281;37
135;510;35
255;264;25
231;205;27
529;250;15
483;477;24
447;611;38
139;156;3
20;406;21
92;466;43
231;648;2
357;428;35
534;308;36
309;224;13
346;355;49
227;99;46
665;107;39
354;479;50
455;201;5
165;251;9
545;199;24
71;54;20
104;387;3
653;195;21
135;158;11
254;440;40
377;574;43
74;315;12
564;546;50
531;64;16
167;363;29
62;461;40
605;416;50
541;506;9
550;161;2
395;663;43
682;219;46
478;267;48
609;124;27
166;303;22
209;456;42
217;227;33
286;600;21
91;197;13
249;182;48
561;345;8
445;284;18
114;4;29
129;43;34
690;7;4
150;66;34
238;515;4
54;601;28
651;441;2
231;191;45
294;618;22
540;343;45
439;694;8
567;109;16
185;70;6
662;111;7
289;591;42
255;256;49
460;470;12
356;552;48
247;495;47
595;286;29
72;249;44
503;298;5
42;538;21
597;162;37
556;129;26
680;574;24
16;629;35
190;592;48
396;258;37
249;565;21
328;107;25
44;365;5
234;84;5
286;669;46
700;20;41
173;433;48
530;686;15
252;343;35
130;132;15
198;507;10
380;180;11
432;292;36
432;195;50
145;320;43
303;235;29
295;110;5
20;263;24
285;147;31
470;36;13
82;192;23
688;314;19
219;542;20
35;364;37
66;234;33
371;302;20
154;86;5
296;504;39
629;199;33
74;611;22
579;38;48
621;154;33
695;148;14
267;645;1
412;30;6
532;263;14
588;118;20
383;96;38
632;238;42
289;687;38
439;644;37
216;693;34
461;158;3
182;167;21
145;191;36
177;242;24
77;692;43
467;665;27
625;240;22
282;438;11
645;241;40
667;67;34
631;272;14
320;78;8
240;31;30
346;270;38
375;211;2
313;204;26
417;579;6
7;103;17
164;83;11
634;462;19
577;127;8
354;209;48
639;668;23
402;468;15
376;503;2
156;653;25
171;688;9
599;152;26
42;209;16
187;626;24
50;625;50
425;42;44
343;272;40
697;304;23
514;15;43
10;144;27
160;449;32
69;173;14
678;197;14
649;230;24
660;649;45
152;179;23
271;132;2
323;212;43
495;351;2
410;586;31
339;78;16
316;451;29
517;682;36
496;689;50
438;285;20
604;478;50
480;351;3
291;28;23
52;272;38
9;306;29
317;309;8
4;90;9
111;437;35
321;555;30
497;178;8
624;424;2
618;557;10
632;142;17
284;170;37
148;359;22
143;564;36
380;485;28
261;119;14
72;506;49
86;132;31
466;405;17
342;479;26
24;680;46
179;76;22
262;220;35
124;311;47
443;561;29
58;243;21
431;139;2
418;521;26
552;300;30
626;239;47
72;163;8
188;150;18
5;250;35
131;41;41
31;408;49
30;354;45
207;438;42
697;23;39
87;314;31
175;296;21
596;685;11
403;53;43
598;537;7
332;70;37
227;636;47
556;106;26
626;108;10
198;225;19
54;248;50
150;530;47
685;63;46
358;284;3
227;606;44
65;192;47
275;209;48
15;286;3
1;533;15
156;541;6
639;176;9
233;326;39
623;430;18
107;320;26
143;356;37
32;631;38
690;584;32
612;487;26
309;423;47
280;501;9
511;116;2
460;60;48
83;349;14
454;28;13
671;415;50
488;360;19
100;407;26
96;15;33
532;150;48
46;157;45
96;130;48
414;173;34
186;356;15
506;574;20
178;506;49
204;671;22
367;556;44
579;592;37
441;248;25
419;482;1
364;694;12
60;496;35
524;538;22
17;237;50
620;248;49
355;528;12
440;514;38
90;416;30
675;605;18
322;156;37
523;2;33
506;499;42
168;338;38
480;418;1
581;267;36
80;530;26
18;409;37
538;75;35
411;668;21
24;638;40
656;539;42
643;572;7
695;294;11
348;41;21
172;189;10
150;500;20
228;83;30
345;532;30
373;700;8
500;316;25
421;37;46
666;349;38
509;551;30
207;294;29
602;577;9
3;384;21
171;486;32
61;35;32
535;528;21
553;595;26
505;485;43
438;43;48
609;169;24
220;330;3
583;658;36
221;599;25
323;441;4
114;541;7
459;300;22
477;561;19
682;444;23
583;133;15
169;162;27
381;429;41
625;626;40
382;654;42
52;100;2
273;617;38
212;467;22
424;563;23
248;504;28
192;608;39
369;155;8
495;612;20
130;404;49
668;432;33
77;570;13
62;281;44
89;353;41
262;537;44
384;379;41
82;565;38
475;266;6
111;144;49
635;405;2
696;662;8
651;537;17
259;599;3
348;295;48
383;226;13
380;555;17
251;312;24
545;123;16
95;574;15
255;359;9
528;444;2
550;292;18
454;176;29
408;533;10
270;377;34
625;469;3
13;362;27
124;100;27
380;279;13
141;335;15
272;42;38
660;208;32
144;655;28
307;483;24
626;410;37
172;522;7
548;279;28
328;21;1
676;544;44
242;369;15
168;75;34
150;164;21
334;32;35
322;130;46
252;276;40
402;426;17
611;451;35
24;145;20
180;551;3
50;236;16
326;153;19
253;570;37
504;180;26
222;174;25
394;153;13
522;195;14
34;468;42
657;664;13
331;376;9
14;636;39
498;221;40
37;549;8
600;636;46
379;418;11
44;318;1
252;398;1
273;640;1
617;494;17
414;411;4
142;360;33
165;170;12
279;49;23
61;259;44
178;588;46
653;525;8
135;564;44
475;17;42
32;227;22
173;109;47
113;566;5
650;145;36
524;468;8
96;693;43
287;198;38
155;684;10
236;593;49
488;20;8
593;16;44
515;202;7
147;131;24
279;435;35
628;76;23
616;280;32
476;339;38
512;482;29
157;105;34
209;674;30
396;319;1
634;266;28
452;117;6
254;464;42
280;666;47
427;184;30
286;602;35
254;427;14
46;15;11
38;29;1
544;689;30
7;657;11
521;489;6
158;655;32
210;258;6
48;438;9
84;460;12
296;251;12
598;259;42
327;297;3
525;217;21
28;144;21
10;551;3
467;275;34
500;499;47
456;367;27
380;609;44
677;585;46
280;218;25
221;697;11
513;306;50
474;483;6
192;661;16
278;160;45
1;259;8
37;282;9
307;683;35
48;194;14
418;231;27
603;238;44
18;671;24
53;365;38
515;116;5
452;530;34
691;182;13
267;286;4
240;586;30
561;102;16
604;263;13
680;663;35
60;202;22
616;326;27
381;194;49
690;481;5
676;629;27
8;253;23
219;142;48
380;468;37
588;693;34
593;139;39
526;23;31
316;617;20
260;101;11
489;265;21
490;132;35
685;469;43
472;456;33
122;33;48
223;635;23
426;155;50
512;28;15
559;114;23
91;584;5
585;322;16
359;193;39
158;62;17
381;28;21
266;572;39
607;26;31
240;301;8
155;61;19
412;361;28
419;157;30
4;665;5
108;564;49
514;36;45
217;694;14
67;534;37
640;95;44
119;470;42
691;109;44
528;644;12
298;649;48
127;232;14
461;116;47
356;657;37
82;181;27
566;307;17
189;88;48
205;4;16
292;626;24
695;395;18
655;494;5
475;626;21
24;285;42
659;255;9
232;115;45
117;613;5
254;12;15
429;193;14
222;513;34
506;528;17
358;347;45
329;105;39
510;537;19
153;15;35
26;98;6
692;273;23
154;456;4
231;440;34
232;42;48
30;617;13
414;477;31
619;494;32
628;347;50
400;304;29
85;382;21
556;13;40
391;90;49
670;84;34
72;152;49
662;435;30
465;599;10
17;618;48
324;697;27
367;67;14
597;233;19
430;303;4
663;68;19
350;484;26
435;346;15
658;351;34
246;464;15
351;617;42
308;532;2
675;279;32
516;238;36
398;472;30
554;169;46
44;591;45
142;550;49
234;433;6
63;20;42
57;601;8
147;346;50
573;341;18
16;64;5
197;45;16
128;485;47
213;499;20
201;517;5
576;494;5
306;462;13
226;248;31
120;87;15
47;585;43
635;480;1
479;467;23
627;391;22
603;6;17
74;83;27
388;467;35
397;350;45
699;449;6
559;442;33
235;254;13
229;632;34
197;483;12
328;132;39
91;447;38
654;661;33
262;402;19
590;250;30
670;492;26
363;640;3
647;89;13
268;146;29
474;690;3
598;657;35
576;482;6
373;473;20
482;578;41
349;202;48
165;483;38
13;407;29
108;157;29
340;102;25
548;292;25
168;472;45
403;628;32
134;648;33
625;167;8
247;52;21
288;26;17
446;3;18
130;308;42
576;64;19
137;546;16
686;628;45
179;61;18
407;116;49
565;217;39
236;214;21
58;119;1
482;388;40
472;233;24
227;238;8
640;127;3
43;562;11
187;97;11
477;578;17
487;647;3
305;623;11
385;586;25
218;23;23
472;92;34
143;611;48
132;486;22
364;491;46
154;150;23
630;576;14
546;272;26
609;306;40
361;352;16
645;483;31
325;464;5
115;262;50
601;334;44
650;549;27
90;533;26
167;338;27
674;408;8
326;348;21
647;637;12
690;595;47
661;401;15
410;601;37
220;192;45
508;374;44
457;313;22
194;83;8
663;350;12
327;46;7
392;541;21
292;243;48
312;367;34
304;202;44
482;217;25
435;205;29
421;264;45
612;303;8
9;281;32
209;649;9
632;140;32
298;183;38
103;236;42
243;274;43
188;631;43
299;615;25
112;490;11
282;392;25
642;352;36
330;366;4
362;249;34
173;700;49
578;218;12
273;652;20
357;549;18
473;94;47
644;677;31
6;569;25
628;483;28
198;624;45
78;251;22
18;267;40
289;92;29
535;222;12
643;142;3
142;373;44
679;424;43
640;495;39
82;491;34
375;434;41
16;402;35
396;566;12
153;569;32
536;635;10
626;667;23
685;670;42
3;602;38
559;642;42
385;637;28
393;490;4
166;661;32
50;439;29
123;66;14
197;577;11
279;341;40
559;583;30
281;418;32
470;30;19
366;17;22
157;80;29
536;356;50
448;267;32
268;10;38
489;338;35
636;277;32
133;608;32
673;155;39
86;578;46
2;115;37
43;649;36
663;268;32
542;292;9
135;303;26
268;233;4
54;391;20
217;48;48
170;1;12
386;494;27
679;599;41
575;626;13
495;690;25
104;474;14
83;406;31
262;579;45
650;315;10
304;649;10
564;543;28
650;240;35
142;279;24
31;405;45
14;454;49
34;696;40
222;129;43
455;571;17
224;17;31
524;182;44
566;38;35
680;27;49
507;15;46
36;99;30
72;36;45
59;466;2
681;35;38
595;691;4
82;397;6
76;204;19
336;51;9
171;287;11
376;665;9
162;465;18
502;115;8
596;329;30
259;557;44
136;26;42
570;455;7
265;126;2
505;285;48
426;395;13
140;259;4
645;499;19
70;331;7
237;208;9
545;241;37
263;293;39
508;314;41
357;664;16
218;320;8
104;284;5
512;579;41
603;376;22
153;242;13
263;172;40
684;341;3
591;66;43
157;85;15
432;402;1
165;599;9
631;554;11
351;376;42
447;582;29
699;625;8
471;121;28
309;156;46
106;392;29
39;529;26
86;163;31
158;625;19
344;499;26
225;27;8
514;496;27
326;600;43
413;669;24
664;223;1
40;43;43
552;121;13
331;601;12
599;38;26
19;516;6
50;319;7
347;551;9
18;344;40
557;693;1
500;29;18
397;654;11
642;459;25
309;128;26
301;5;2
90;536;32
430;451;49
672;588;36
147;311;20
616;262;35
216;459;23
512;289;12
503;443;13
20;90;39
24;144;11
364;234;30
414;639;48
568;40;20
428;233;4
341;370;1
439;285;35
16;130;43
444;33;17
238;639;9
490;98;48
123;668;13
260;213;40
414;676;1
460;328;15
271;119;23
685;386;30
434;485;30
453;350;5
274;380;9
213;152;47
547;590;48
363;445;39
212;82;11
488;455;46
327;28;27
661;556;27
57;166;39
336;222;3
108;136;26
645;141;12
173;20;6
460;697;4
555;355;12
55;691;25
192;219;45
61;104;38
433;290;47
180;167;49
556;432;33
202;117;22
484;156;47
582;335;8
261;492;19
327;508;11
625;349;41
317;614;26
347;636;42
485;22;8
238;406;47
676;371;29
532;395;44
145;484;5
73;635;40
250;357;30
65;396;31
315;20;29
8;395;6
96;85;39
304;128;9
323;13;37
364;270;19
628;668;25
508;598;21
510;417;50
295;387;26
452;277;5
566;128;27
560;595;39
577;144;34
162;360;16
695;536;25
549;265;14
243;687;20
359;366;49
164;483;38
134;698;21
281;630;12
324;535;22
255;55;20
616;234;36
193;486;1
677;263;30
493;63;41
143;603;42
35;226;23
579;246;6
220;327;48
484;499;38
461;692;40
448;112;50
257;7;49
161;649;32
100;615;43
70;435;45
262;3;39
378;534;44
396;337;28
596;185;22
110;580;40
580;294;25
237;356;22
102;655;50
474;685;39
626;276;28
498;192;44
517;285;42
254;61;14
656;159;24
220;595;28
559;242;36
298;26;46
397;546;44
597;109;14
432;219;42
447;256;14
233;559;48
470;360;47
588;636;10
75;324;6
592;256;34
254;608;28
694;499;44
25;480;47
62;559;5
573;364;5
511;198;38
45;534;39
498;181;30
513;527;41
405;308;27
516;533;19
443;130;15
125;443;22
363;472;16
216;4;36
530;423;45
212;89;37
341;102;23
43;492;25
291;397;41
29;18;10
370;495;26
531;414;3
104;2;18
478;610;47
393;316;47
513;501;14
515;459;40
210;206;6
405;475;20
91;332;34
680;109;14
152;365;33
53;242;8
361;495;7
226;560;11
662;484;25
311;264;35
147;609;36
575;229;18
614;359;13
630;362;26
86;127;42
191;60;41
685;515;14
391;655;16
76;146;29
50;652;18
662;685;33
589;433;17
45;518;43
19;423;14
469;286;4
437;217;30
496;10;40
510;170;46
134;659;49
381;317;40
213;272;49
17;409;37
384;385;22
278;325;36
550;362;48
162;84;33
400;624;15
381;96;40
29;631;32
381;519;38
251;395;9
422;85;23
352;467;20
209;488;17
100;312;20
579;334;38
322;550;39
122;679;4
428;243;38
604;600;27
102;610;11
606;617;2
675;630;32
193;349;13
214;648;47
496;206;29
316;636;47
578;128;38
336;653;15
470;250;32
84;547;32
375;120;2
113;221;50
339;431;25
452;632;5
542;596;39
22;407;21
150;78;2
73;661;41
166;145;33
277;374;36
191;380;12
602;611;10
159;37;10
340;285;20
375;368;14
149;485;18
529;461;25
17;222;40
495;367;17
231;625;44
615;228;26
371;404;18
137;323;7
614;647;21
47;271;12
320;382;40
486;385;15
161;504;39
7;320;26
197;120;5
693;94;17
244;493;35
3;71;16
190;450;28
398;553;11
69;91;27
11;659;8
251;13;18
135;71;10
607;609;45
661;679;31
336;446;15
136;456;43
9;641;10
387;541;22
80;109;49
181;146;11
659;412;40
611;31;30
471;402;19
53;525;26
389;349;12
175;537;9
10;568;49
199;278;47
581;304;2
637;515;31
580;35;44
169;336;47
429;93;49
289;338;28
383;97;7
490;277;37
434;547;25
522;322;5
676;345;40
620;314;2
36;248;45
71;318;7
280;271;44
142;68;40
250;130;41
93;416;29
520;60;10
48;666;15
261;228;29
186;447;43
36;181;7
688;695;24
421;488;42
481;475;19
260;492;46
158;284;29
128;76;3
382;629;45
572;31;5
266;150;49
668;373;8
26;173;3
523;180;42
213;440;13
76;175;21
120;40;22
282;535;6
6;517;18
198;668;10
82;142;21
359;583;12
482;98;8
57;40;7
479;657;16
93;545;25
243;51;48
362;274;49
74;569;44
480;535;23
159;262;38
529;613;39
80;529;45
694;552;7
228;273;2
627;689;9
87;686;5
532;198;2
545;164;20
274;570;31
550;122;15
592;60;37
607;323;35
149;442;15
538;596;8
227;22;1
274;48;35
553;319;21
191;476;16
315;403;47
692;341;27
661;644;12
257;431;10
351;424;13
384;626;23
483;558;43
374;24;11
547;680;9
368;152;10
568;419;31
696;77;37
347;89;28
353;549;15
414;651;20
696;665;19
453;23;38
536;265;3
173;694;2
490;700;3
519;524;17
178;442;33
139;146;6
552;510;33
222;403;31
572;613;25
618;507;48
590;628;19
357;538;26
77;601;38
17;549;15
44;333;48
286;359;28
549;692;47
2;38;42
647;17;43
500;548;29
671;529;28
659;87;49
274;656;40
249;395;15
684;593;18
34;230;22
156;633;48
691;76;34
254;327;24
500;11;26
347;457;34
302;557;23
577;454;13
191;461;12
241;524;14
109;188;32
472;122;18
65;364;46
468;129;23
427;492;15
149;636;20
137;160;38
77;279;32
332;571;15
256;698;33
103;460;50
553;587;24
694;493;26
364;699;46
556;344;14
330;663;48
509;302;15
393;31;22
212;694;33
489;636;1
203;302;27
245;129;34
206;660;32
625;689;25
298;457;3
291;599;40
586;668;9
369;264;6
639;514;28
22;386;18
473;681;8
580;183;27
637;588;11
53;201;19
66;265;45
290;464;31
573;472;41
320;233;7
655;643;44
74;683;42
184;64;9
636;488;32
599;650;33
603;320;19
274;31;2
41;653;49
672;229;18
612;128;21
615;613;25
295;69;29
128;239;18
594;261;9
631;327;32
483;671;42
208;652;38
173;384;7
550;29;44
181;536;36
158;587;46
96;118;9
255;96;6
376;554;4
656;385;3
657;397;4
694;445;8
225;475;49
392;698;34
465;452;14
10;306;26
372;368;27
98;184;21
609;425;30
360;147;16
70;250;37
265;85;22
567;554;44
304;161;6
604;569;31
192;400;7
462;127;10
12;296;18
283;523;17
351;653;44
377;445;25
335;507;17
428;336;41
368;481;28
505;423;29
302;564;3
400;94;19
394;48;19
75;104;3
399;233;29
547;227;35
345;196;16
18;251;43
202;440;28
584;79;30
564;30;49
215;343;30
417;28;42
283;4;27
232;284;26
151;118;32
605;116;7
301;395;30
414;437;4
294;184;19
383;165;28
68;2;36
352;208;6
251;340;4
69;592;40
646;697;4
241;473;31
336;361;7
192;374;35
467;251;35
517;568;7
109;462;34
308;509;5
23;333;47
293;593;25
489;691;2
216;100;22
369;14;50
560;501;4
378;488;4
337;279;39
302;321;9
251;120;15
151;80;26
529;169;13
435;227;26
139;230;16
200;467;10
169;598;21
339;298;29
331;456;1
161;378;1
139;506;15
237;360;34
539;528;31
359;452;11
232;104;30
18;645;1
156;125;7
36;466;39
338;4;3
222;231;13
10;46;4
622;288;14
229;480;37
93;375;10
400;576;18
1;175;12
48;386;21
73;93;46
685;699;44
274;119;11
694;559;38
67;226;14
657;327;24
487;349;33
257;427;29
424;527;26
231;26;5
288;182;27
458;230;2
662;238;38
679;95;19
83;315;14
634;211;21
148;4;11
285;291;43
521;409;31
238;464;30
386;614;15
84;651;10
334;322;36
422;610;34
85;53;3
97;646;41
540;486;46
137;523;9
39;285;43
348;210;8
572;368;46
645;354;48
568;198;6
512;347;38
61;413;18
305;158;10
466;533;6
567;403;41
193;206;38
75;628;4
668;146;24
97;381;15
478;530;27
344;191;26
62;256;4
694;41;24
507;495;46
356;581;25
59;599;29
416;386;33
568;355;34
688;169;34
123;394;38
646;256;15
401;424;15
310;516;45
96;277;2
115;256;28
602;412;4
544;49;29
477;477;30
260;445;27
475;310;1
93;589;50
18;163;10
397;248;44
132;333;49
45;264;28
44;223;8
156;28;15
111;379;32
137;385;23
693;641;30
395;521;16
431;164;44
603;461;30
504;23;8
347;380;17
221;134;8
543;696;46
375;517;29
598;305;12
598;221;39
65;402;13
281;304;11
194;328;15
165;107;33
180;413;37
110;662;22
497;368;36
321;265;9
66;191;48
454;241;42
529;530;9
531;465;47
439;442;21
3;689;10
284;403;9
38;272;35
151;599;18
48;254;8
413;270;37
304;481;43
190;397;43
140;680;46
326;569;48
355;580;10
126;305;23
231;271;26
303;399;39
505;444;37
289;7;45
356;86;16
273;250;10
636;20;8
211;559;20
270;105;31
31;171;48
125;593;3
96;282;14
289;221;9
89;695;16
373;578;47
238;95;24
22;77;48
410;553;19
626;533;9
132;47;50
191;211;28
141;675;22
8;557;48
331;609;29
411;153;21
322;685;50
536;558;16
535;342;37
593;175;9
51;626;17
389;524;11
70;173;47
259;548;45
137;517;16
43;550;19
537;11;45
370;18;37
463;544;21
141;659;21
172;276;27
625;267;38
58;609;4
388;281;48
496;406;29
159;570;48
37;693;14
521;682;2
181;238;46
422;111;8
292;406;37
414;602;2
66;605;37
130;439;12
88;660;27
670;601;36
116;436;21
4;689;32
502;77;23
291;219;38
682;209;26
500;245;45
468;47;47
51;155;21
35;427;14
441;71;6
254;536;22
27;690;28
136;568;11
148;308;42
406;460;40
11;366;42
177;121;5
527;149;21
98;558;23
659;663;18
258;415;23
650;449;15
323;93;45
578;317;41
699;229;32
341;633;21
43;509;41
358;57;28
36;423;43
660;543;27
657;23;14
691;616;48
48;18;12
511;203;43
565;658;47
514;329;9
269;90;18
633;464;32
587;17;19
518;103;50
537;561;16
268;411;31
481;214;16
418;557;14
364;261;6
64;49;16
177;484;16
83;99;29
162;298;16
22;15;15
296;461;18
563;438;24
621;466;27
100;478;44
381;315;15
667;677;10
296;187;48
347;66;8
302;142;46
110;128;5
386;655;18
332;504;39
313;223;42
177;437;23
113;346;32
609;372;25
552;619;43
327;174;48
320;352;23
79;118;33
439;143;42
685;432;3
648;577;21
113;265;27
203;220;2
490;567;29
23;447;37
25;177;50
263;132;44
572;507;6
83;56;2
158;37;24
439;188;38
37;220;7
58;314;29
638;484;20
245;80;4
358;247;17
323;452;30
477;603;15
125;488;47
70;96;10
629;622;8
612;137;5
282;169;10
609;552;43
268;468;1
609;223;17
651;698;8
496;223;9
249;376;50
160;467;30
395;173;17
62;15;24
39;86;45
483;575;41
467;450;23
157;28;33
213;134;44
626;679;36
686;251;2
179;192;46
503;674;11
533;172;47
176;165;17
676;520;43
635;145;34
440;400;39
693;87;30
109;382;48
677;180;40
58;323;23
281;449;14
151;237;27
16;435;22
270;96;29
685;504;11
630;542;37
101;100;47
423;637;50
309;1;26
312;257;29
638;69;7
303;553;33
645;240;5
169;392;25
303;625;8
283;127;29
82;268;19
6;529;49
192;421;27
648;437;44
289;621;8
216;306;23
67;148;41
598;375;29
230;146;5
412;10;27
362;516;2
646;486;21
424;556;41
432;215;45
546;415;25
551;486;49
70;239;39
599;32;25
111;160;48
480;467;47
170;84;19
198;119;27
331;471;5
476;45;20
498;442;48
251;442;26
282;497;24
627;322;36
447;439;9
548;342;18
300;288;22
636;32;22
291;134;48
562;468;5
102;261;15
308;165;40
204;354;10
342;397;3
95;38;4
658;443;35
218;233;29
249;518;37
315;323;18
624;682;47
261;136;1
20;369;42
510;238;9
643;196;5
463;528;41
88;351;17
578;534;36
532;99;22
510;270;30
74;194;13
564;336;22
651;127;2
48;463;4
429;344;44
261;377;12
141;539;48
351;310;6
613;53;29
154;32;43
350;207;19
91;224;21
687;134;2
26;166;22
28;320;22
30;687;26
659;299;27
555;236;24
223;190;1
80;575;3
127;152;40
116;589;47
374;684;33
354;270;9
593;349;43
624;155;33
235;486;34
69;318;20
669;207;35
14;260;3
23;160;4
35;278;15
309;523;29
670;270;11
181;395;50
176;325;20
474;49;42
644;372;21
398;668;23
504;86;42
65;50;9
220;502;28
566;86;24
370;466;12
142;604;43
228;611;32
589;69;35
473;408;48
216;179;22
570;86;3
13;50;19
91;124;3
698;252;8
443;603;32
44;367;11
66;343;8
95;570;19
558;460;33
634;394;11
367;690;14
226;249;48
250;508;18
5;294;21
6;470;35
144;239;20
162;431;31
469;33;35
117;60;23
39;359;16
66;620;40
652;537;25
70;167;30
451;161;38
699;205;50
131;127;42
635;551;22
676;584;27
317;417;49
407;690;29
364;340;29
456;315;40
198;177;5
203;270;39
595;176;45
167;74;9
119;536;50
73;600;50
33;354;5
277;286;4
486;680;21
68;555;32
302;560;16
407;55;34
698;119;25
590;688;23
644;88;30
111;678;42
67;350;28
304;10;32
572;648;14
634;40;36
367;10;45
96;129;21
76;660;1
172;549;14
479;41;5
313;394;2
518;117;22
340;384;1
524;536;2
246;501;43
539;219;43
221;319;14
193;683;26
393;227;12
529;591;35
509;6;18
508;341;29
307;295;44
30;699;22
76;393;30
209;599;34
474;658;40
113;700;27
561;327;47
519;520;16
502;55;8
167;56;48
305;659;37
635;600;22
517;605;39
272;481;9
501;454;11
132;417;39
146;114;15
488;273;15
12;687;41
308;202;42
89;477;5
684;54;38
130;686;32
333;55;27
102;135;11
430;214;11
327;76;48
492;82;22
252;572;50
597;333;9
356;156;29
423;534;21
492;451;23
407;383;45
27;444;44
546;273;10
103;45;26
33;358;47
578;423;47
628;420;22
509;315;5
485;409;16
503;635;25
628;223;23
212;671;36
602;311;4
659;304;12
680;15;46
534;622;29
101;50;36
498;694;44
510;440;33
522;674;27
389;128;46
594;692;36
377;75;4
475;224;15
441;284;14
472;50;46
30;273;36
575;73;21
610;370;7
32;229;37
699;14;47
330;698;44
271;462;15
115;367;6
247;155;24
239;179;35
189;646;20
700;5;18
321;191;29
159;100;29
32;579;47
401;689;28
575;600;41
6;191;45
693;353;12
96;681;19
143;405;33
263;154;2
7;616;46
479;255;11
228;560;4
421;476;25
500;641;22
172;104;30
586;592;6
164;168;46
572;45;32
698;456;39
693;660;8
698;70;2
356;241;26
585;431;48
232;463;19
511;206;1
246;134;18
380;573;1
530;667;39
503;628;13
698;192;33
606;375;47
402;316;15
283;105;10
138;539;23
602;254;9
640;392;31
486;129;6
575;457;31
561;663;44
569;670;9
435;253;50
234;367;25
186;113;25
163;564;22
417;116;12
278;198;19
609;56;33
427;293;26
191;158;20
19;218;47
441;318;15
579;408;9
650;124;50
49;396;23
667;447;44
467;130;1
476;568;14
220;169;9
589;290;50
259;249;3
224;392;26
372;159;40
168;69;49
235;156;32
609;144;47
567;321;36
407;446;19
625;525;29
696;369;11
424;33;18
647;396;27
217;325;35
318;258;3
585;505;29
79;86;39
299;640;34
466;315;10
643;210;3
585;683;43
6;448;13
202;682;24
95;685;23
561;31;47
18;393;2
646;293;33
43;261;6
123;206;18
449;448;41
45;223;41
24;459;41
365;106;41
358;212;38
389;185;36
42;692;16
498;623;3
465;291;41
263;190;36
380;615;21
227;578;12
418;383;50
113;395;19
39;318;39
604;272;24
284;260;46
539;501;31
422;590;17
260;573;28
262;530;2
480;68;37
612;312;8
598;1;44
319;311;19
129;210;32
146;365;32
310;87;47
251;388;47
202;26;31
547;538;24
600;513;10
526;533;11
345;387;36
430;196;34
165;224;2
580;280;36
288;525;27
212;53;18
652;645;6
538;539;27
523;26;48
208;292;30
585;592;12
525;8;47
221;533;12
152;296;15
488;649;15
474;359;47
181;112;45
337;449;19
445;153;41
42;342;48
22;117;44
591;105;31
428;633;8
672;162;7
572;169;19
526;293;45
8;138;3
628;362;33
546;597;36
101;560;1
678;508;10
571;417;30
432;133;39
694;500;50
571;505;38
513;46;14
643;618;33
623;104;3
231;85;30
507;419;21
204;223;18
480;663;19
41;509;44
479;323;44
441;496;36
281;610;49
215;436;33
33;477;32
320;453;20
231;366;22
191;206;12
628;662;17
229;238;45
174;8;50
18;464;41
215;288;22
397;606;33
377;58;10
618;33;44
629;79;34
244;416;27
158;690;29
392;142;26
214;220;47
292;313;9
602;560;4
294;485;39
65;152;12
470;647;32
398;693;7
524;102;34
176;308;32
507;223;30
159;105;5
569;552;41
185;668;9
698;657;6
698;640;43
684;629;31
404;120;44
238;17;11
75;276;44
652;143;47
143;191;10
585;237;45
49;176;39
159;94;12
693;347;18
2;386;11
439;336;15
616;480;48
484;195;41
527;212;42
84;653;50
399;333;20
207;23;11
584;289;43
155;109;37
115;254;45
296;304;7
321;533;44
176;335;7
194;314;24
67;428;41
234;48;48
82;180;4
192;201;30
52;486;12
44;519;28
469;602;5
433;334;18
152;587;33
282;576;22
124;483;16
228;411;3
356;41;8
411;190;50
349;219;20
606;387;41
50;533;27
71;187;18
38;551;11
626;232;34
569;287;30
325;410;29
505;173;10
219;299;2
416;298;32
83;71;48
570;297;9
371;289;40
31;222;1
24;697;23
461;294;30
649;188;46
178;118;35
71;410;36
87;154;13
667;419;19
439;528;36
90;35;6
650;364;9
223;355;18
350;480;29
615;485;47
678;403;10
268;656;7
408;618;12
611;564;1
266;73;8
553;196;37
189;203;10
100;139;21
280;331;47
384;435;20
376;685;40
348;331;44
257;200;32
226;75;32
442;396;14
72;469;21
110;84;18
196;522;29
466;217;45
380;671;42
677;646;42
335;223;36
580;275;10
230;91;14
366;546;5
413;202;20
308;286;40
698;629;40
301;546;26
430;265;43
207;295;48
320;579;43
33;569;24
450;48;39
38;418;7
277;498;11
424;222;3
312;548;13
138;274;39
568;23;50
496;227;26
613;585;23
567;654;50
173;44;4
266;548;41
204;57;10
681;662;5
272;498;39
92;359;2
334;437;20
301;613;50
288;365;42
699;666;8
211;199;4
335;403;2
523;679;4
132;45;6
226;118;12
337;92;13
286;92;24
394;456;18
506;631;21
103;211;20
70;166;42
378;300;44
322;681;34
245;636;40
646;262;6
515;45;40
128;379;50
253;529;16
521;224;25
123;639;12
591;297;49
112;528;49
195;661;44
450;330;11
642;42;19
88;567;17
135;662;20
414;277;36
352;174;39
37;230;31
396;33;32
541;400;36
237;185;37
557;33;16
666;4;40
604;698;38
696;555;6
665;542;35
577;137;29
645;313;18
612;1;36
393;544;8
349;102;43
232;172;21
461;689;11
255;298;42
449;57;45
506;671;17
347;418;8
493;121;37
405;301;22
691;511;18
90;377;41
534;149;12
530;633;9
302;98;10
130;513;22
496;304;13
277;101;23
288;239;5
535;397;42
276;400;40
241;447;41
126;210;16
537;564;16
610;82;18
94;687;2
371;397;50
288;280;6
108;648;17
632;292;29
330;342;15
606;580;30
62;48;36
169;308;48
560;370;23
387;649;24
231;71;2
666;30;36
291;356;28
459;357;20
431;37;13
212;306;21
431;628;39
447;112;41
113;423;10
471;333;22
150;180;37
221;167;47
357;553;29
438;588;9
440;223;44
126;697;30
84;591;6
306;416;22
265;461;47
507;4;11
403;657;44
41;385;46
548;150;47
61;199;32
682;634;50
402;8;29
540;583;15
585;459;17
377;564;32
465;622;3
133;477;34
191;617;23
442;27;31
69;559;26
616;272;44
502;410;39
606;462;30
544;383;13
604;81;47
654;181;5
633;216;38
369;621;4
538;667;24
499;282;32
242;652;29
137;677;38
101;319;7
618;200;16
120;79;12
435;8;2
319;92;13
474;54;16
192;419;4
4;373;12
515;562;39
608;478;17
107;384;37
651;690;28
625;552;50
26;235;40
695;435;47
75;666;5
643;509;46
321;157;32
542;186;44
655;193;11
330;143;5
249;336;41
647;464;3
413;78;25
18;241;42
3;171;32
120;444;48
682;184;13
621;313;34
56;400;36
280;262;40
186;384;50
76;664;45
700;427;48
193;13;40
176;70;15
401;455;22
386;642;28
409;44;7
312;198;25
364;314;29
15;290;49
115;261;47
603;559;44
272;158;30
497;482;40
243;282;4
422;121;2
365;484;15
579;19;49
570;424;13
337;32;24
75;230;43
386;382;11
435;680;18
223;52;39
97;459;37
413;115;14
490;203;12
697;530;18
483;3;39
92;134;8
411;13;8
627;403;38
620;186;28
174;584;26
381;150;20
364;79;46
441;458;48
698;398;45
674;680;36
67;47;39
243;360;47
478;483;40
227;21;29
589;200;2
623;96;21
104;128;15
364;661;7
134;689;12
214;541;39
177;590;39
174;24;46
340;132;5
223;404;7
249;196;22
541;158;28
538;59;28
569;170;15
542;390;6
622;348;30
553;605;5
470;497;26
200;457;2
6;439;49
268;579;25
369;49;15
316;92;45
664;12;47
10;673;41
45;663;34
435;133;1
392;26;1
697;477;32
118;538;2
433;114;41
318;237;6
533;589;50
198;382;15
515;12;49
327;553;12
652;280;6
353;69;47
390;206;22
667;291;5
84;520;21
325;71;35
508;329;29
463;552;8
31;340;19
118;359;30
637;104;45
150;282;7
151;475;39
350;284;12
259;295;33
180;652;47
354;349;29
349;321;29
698;687;45
626;455;22
266;32;25
508;655;45
310;333;35
657;59;39
583;504;41
564;657;16
362;105;40
485;42;24
582;551;50
472;56;8
175;46;15
33;252;24
642;393;11
269;386;33
89;617;28
508;238;32
281;479;3
487;67;38
634;542;17
329;628;3
344;249;36
450;418;13
321;255;25
452;695;40
263;673;27
596;341;2
217;140;26
449;673;20
602;166;3
620;468;43
523;467;38
613;545;14
535;101;37
663;404;27
385;322;10
184;580;31
177;15;34
177;13;35
616;13;11
631;312;8
430;28;36
137;437;18
493;116;13
88;544;23
489;579;28
342;75;45
136;673;15
311;353;15
54;359;39
541;421;12
249;665;31
385;550;40
659;446;14
455;431;29
357;373;23
569;485;50
656;102;3
128;561;49
330;352;18
464;3;11
559;36;28
187;388;5
507;699;12
53;176;3
58;338;4
174;120;32
363;555;4
205;145;25
269;609;15
498;189;34
572;656;15
217;498;41
336;320;35
387;628;47
8;288;9
394;75;42
566;648;50
649;137;31
599;17;3
195;554;21
158;268;21
315;492;7
53;104;37
546;668;27
559;541;21
10;537;19
260;212;3
308;14;13
586;63;9
491;153;6
342;27;5
199;567;49
19;399;47
182;238;14
109;68;12
607;60;35
637;521;6
550;355;34
631;579;22
50;255;48
85;311;3
102;502;25
693;135;46
285;460;16
401;669;24
478;620;36
676;533;37
146;298;45
122;64;3
7;111;40
208;399;38
650;3;18
74;389;11
285;418;29
365;259;2
673;205;28
685;690;50
490;550;6
563;534;7
179;521;33
648;583;9
25;676;11
61;633;17
59;449;16
13;36;45
521;404;37
99;318;22
419;197;8
503;167;9
224;524;13
66;69;25
602;493;9
567;298;5
629;378;24
345;578;26
133;479;6
220;123;49
557;608;46
693;335;38
549;169;32
347;15;42
530;88;22
534;284;2
301;671;14
34;657;10
301;314;32
257;168;35
587;173;44
224;342;48
686;33;10
569;467;19
607;547;3
413;422;48
52;498;26
496;700;14
142;153;48
429;691;49
212;185;2
361;143;39
184;32;20
476;567;19
587;369;40
325;17;39
537;76;41
83;155;33
83;449;50
355;67;26
506;19;36
457;243;36
649;379;1
626;269;49
179;582;36
421;646;45
84;515;50
390;23;38
561;421;44
280;359;12
574;254;32
347;367;33
403;590;12
342;522;44
226;19;2
425;595;39
255;498;43
316;215;3
78;447;42
349;442;32
111;491;21
261;698;6
383;568;45
650;671;23
6;463;5
262;140;6
666;411;36
164;65;12
414;555;11
297;493;11
622;220;40
1;542;20
627;693;23
15;466;21
401;640;6
230;352;43
221;383;17
98;606;42
76;34;6
558;243;15
179;176;49
221;22;9
699;106;33
171;564;25
324;625;15
446;254;25
197;406;27
349;153;16
384;241;23
534;535;36
532;535;29
242;541;38
657;578;17
337;599;22
657;277;30
60;689;32
131;588;32
366;240;36
64;608;17
119;563;33
54;281;4
546;677;9
88;146;31
257;131;44
86;164;42
140;578;23
339;38;32
520;419;45
46;275;37
161;127;14
84;363;20
77;573;49
590;347;47
226;589;23
697;367;3
463;221;19
506;650;43
135;90;46
691;626;20
648;690;45
509;323;13
451;182;16
409;682;9
221;335;45
347;675;22
82;251;34
211;70;42
648;304;4
488;392;33
303;454;27
13;119;22
633;345;50
541;116;41
679;459;16
107;544;29
510;243;2
216;256;48
555;324;26
482;465;22
381;21;9
360;671;22
254;453;34
509;147;27
693;183;34
515;623;20
515;676;12
211;51;17
494;240;21
513;601;21
246;265;38
502;105;31
153;489;44
23;509;13
442;265;33
430;409;26
615;430;24
525;44;14
622;357;49
439;15;33
186;456;14
376;675;36
14;229;37
627;632;50
135;668;37
335;254;10
319;103;40
480;258;30
563;480;3
617;83;35
523;542;44
403;658;6
472;268;33
256;653;41
37;59;6
547;441;23
333;437;45
58;11;27
27;296;10
205;492;44
542;686;34
534;694;40
2;52;2
125;145;26
502;51;11
405;171;22
606;367;30
590;499;10
95;487;48
579;670;6
314;2;29
483;202;35
208;28;35
303;123;30
373;52;39
368;232;3
521;573;25
1;224;6
444;212;50
270;617;4
40;674;39
171;694;30
189;348;29
570;323;12
239;62;19
671;538;25
570;507;2
697;418;31
570;680;17
303;111;49
588;97;10
83;171;32
491;161;33
535;306;41
280;335;6
66;159;1
289;171;32
258;416;1
93;388;33
650;598;26
185;46;26
545;654;22
612;470;10
281;609;39
284;376;3
550;671;28
300;638;29
209;361;11
513;47;34
124;135;13
161;225;17
222;107;32
602;207;40
680;91;2
429;467;46
467;617;18
456;147;30
375;242;38
194;203;15
577;522;29
540;693;50
203;471;3
260;455;36
122;555;18
106;562;27
61;556;16
614;227;43
409;678;23
660;496;29
678;32;32
256;396;50
358;31;7
507;558;39
478;497;15
441;486;17
394;553;28
299;158;22
434;330;7
482;574;7
561;483;39
525;530;24
481;307;28
352;122;28
439;609;41
67;646;2
426;505;23
42;668;22
334;592;9
83;366;42
457;650;24
415;514;14
577;70;7
208;343;49
51;199;8
635;417;19
223;658;30
46;53;18
569;414;48
469;617;21
690;150;14
169;644;1
236;223;48
154;268;33
507;442;24
242;600;24
288;630;45
264;547;12
48;131;19
242;339;30
636;350;25
565;510;43
636;104;10
422;173;39
168;403;14
269;556;43
150;474;7
340;401;31
528;654;39
448;194;1
160;157;34
61;439;3
1;448;29
321;245;31
441;270;37
455;307;50
243;159;14
297;547;2
559;450;9
378;368;31
219;300;7
547;330;18
598;275;7
226;613;47
599;455;6
621;151;50
172;326;18
658;593;5
151;132;27
201;18;45
165;310;2
640;568;28
689;381;43
472;485;4
658;295;36
78;533;40
179;116;17
456;83;36
428;280;27
267;617;23
364;533;5
12;684;18
63;70;26
684;81;27
671;101;23
1;235;44
540;241;2
262;195;39
464;525;22
501;440;45
281;289;27
496;625;4
693;97;35
567;95;47
568;586;39
46;119;50
332;69;4
54;662;12
95;326;18
581;212;44
285;263;7
379;199;6
399;412;49
414;333;1
662;644;27
127;166;46
531;54;10
626;538;12
676;625;33
87;338;38
385;451;39
304;339;49
561;113;50
394;407;24
45;299;14
201;47;15
51;644;28
73;69;41
617;312;11
485;443;32
61;112;35
410;315;39
440;526;35
164;221;35
459;528;39
438;360;2
582;421;43
429;456;34
65;475;36
305;274;12
582;99;32
247;265;31
109;474;44
452;637;19
193;100;27
138;480;10
374;57;35
218;279;17
296;161;30
360;197;16
619;245;8
124;70;35
180;312;35
316;313;13
283;139;35
615;209;25
452;491;29
284;630;44
407;646;8
545;394;12
683;245;39
664;191;15
582;55;17
320;202;17
257;194;24
76;574;3
285;121;35
48;218;16
1;147;45
59;364;23
348;224;28
140;113;15
201;316;39
98;117;28
105;306;10
94;617;21
199;387;49
275;373;12
108;253;15
591;218;10
535;643;15
362;254;1
575;469;12
42;591;20
398;419;17
98;69;11
615;554;18
15;607;23
322;205;5
654;385;39
21;395;15
301;251;45
267;413;16
651;444;23
248;650;11
93;475;30
479;159;20
611;162;4
327;32;42
509;283;13
381;405;25
696;347;7
8;340;13
307;301;3
469;543;2
270;287;40
519;631;24
355;389;8
580;376;33
486;72;28
428;523;19
585;149;34
234;58;26
527;285;50
578;501;8
389;15;13
423;54;40
313;254;5
545;370;45
693;533;48
350;543;1
446;669;7
219;211;9
125;247;36
61;158;20
70;285;13
442;141;32
546;423;8
121;98;4
666;50;39
533;168;18
525;154;47
10;646;10
643;537;14
446;307;34
551;368;50
232;643;23
365;244;13
236;421;18
390;216;10
601;660;10
223;518;14
131;187;39
218;169;29
616;53;29
168;13;20
86;549;37
249;20;11
694;172;43
516;645;19
96;408;9
694;118;48
216;568;11
296;334;2
610;278;23
161;563;29
20;32;35
516;602;35
204;497;11
302;387;35
97;652;29
123;233;44
167;42;37
140;636;44
683;518;2
313;154;24
172;54;24
208;144;39
100;447;3
209;532;39
88;447;2
586;35;48
618;535;20
174;409;15
692;29;41
542;527;29
613;76;4
604;454;34
568;309;29
591;290;19
580;99;22
72;80;19
28;579;27
565;228;7
224;15;12
341;476;34
426;583;42
222;66;38
197;202;29
474;571;48
283;377;5
586;245;35
78;675;4
56;128;48
577;438;14
682;32;24
76;343;20
486;286;11
190;400;38
421;238;1
652;161;8
129;58;33
399;111;9
101;217;49
134;252;10
338;83;16
336;566;14
627;73;25
629;623;10
271;430;14
328;664;49
209;579;7
96;179;48
189;45;17
681;619;14
511;486;4
66;298;33
695;10;16
359;399;40
434;512;38
548;233;33
216;156;1
574;357;4
529;202;11
269;440;24
268;539;5
450;40;33
523;483;41
43;658;3
370;202;1
366;281;38
626;202;24
684;576;31
181;183;7
385;163;41
506;347;17
546;651;27
565;530;47
562;265;33
234;503;25
96;586;15
497;239;46
410;579;40
48;214;14
440;129;17
510;98;17
340;176;19
116;107;21
107;168;2
592;265;49
525;426;15
82;294;22
248;528;29
86;573;28
518;122;27
21;49;7
4;52;28
380;605;28
455;404;34
166;42;48
408;297;48
311;594;14
5;76;16
556;524;4
338;163;15
34;447;6
76;47;27
234;37;19
397;40;24
498;490;44
269;367;47
371;128;18
567;278;39
498;6;37
180;692;12
393;97;6
117;637;27
593;183;34
407;121;38
458;449;34
696;524;6
596;4;31
286;331;13
490;404;5
491;363;41
2;91;47
6;484;10
105;309;32
538;3;42
225;620;50
75;683;8
546;576;28
81;219;26
534;33;9
259;572;6
96;197;11
679;93;4
434;157;4
645;168;20
461;670;18
195;256;21
549;77;4
604;612;44
449;279;10
499;550;49
292;328;32
374;454;11
80;213;5
558;571;25
456;598;8
202;81;49
573;456;27
320;608;18
431;515;1
149;76;15
56;169;14
151;432;36
53;10;33
622;677;3
681;145;16
310;655;49
313;357;23
374;547;29
361;372;42
669;481;39
614;606;18
328;426;11
692;506;21
341;135;1
464;383;24
488;601;37
318;515;26
74;411;3
542;450;23
61;534;25
120;324;35
72;383;25
647;607;13
553;669;23
200;638;1
366;156;17
248;219;48
73;412;39
261;281;3
228;551;35
379;631;22
79;525;48
473;142;27
236;97;50
197;531;39
669;62;10
573;158;3
136;528;47
414;533;13
199;293;32
96;452;49
164;87;8
74;382;29
153;69;46
374;62;31
538;546;36
1;83;27
142;147;45
368;319;49
166;71;24
228;12;24
157;634;18
27;448;43
649;57;44
635;443;30
47;197;5
464;229;44
342;291;9
698;496;44
70;373;24
211;183;36
698;377;21
183;347;42
150;215;24
294;244;1
469;699;30
467;190;33
153;546;16
147;695;24
525;623;13
178;80;20
285;126;21
670;420;21
137;473;14
418;603;7
198;185;11
344;420;11
483;254;48
168;597;18
188;431;16
563;50;44
456;222;50
337;232;33
565;501;34
166;333;30
653;411;38
119;387;48
195;310;13
6;4;48
204;518;4
143;93;12
290;242;36
96;565;7
220;102;11
496;669;24
598;309;18
199;75;23
311;609;32
327;348;22
354;84;30
582;391;33
58;501;36
407;119;50
634;86;29
79;502;14
607;331;16
466;54;30
18;173;29
58;59;13
181;644;36
534;525;3
656;158;34
565;638;3
310;444;45
31;308;20
356;428;2
199;541;5
696;544;18
355;398;39
688;313;20
412;403;1
427;230;46
347;86;46
499;123;10
427;454;23
444;428;27
564;79;33
3;141;1
313;595;46
304;262;16
677;355;44
346;560;49
31;685;37
36;84;29
342;47;17
201;256;47
83;634;23
656;612;7
472;564;13
520;64;41
344;400;5
148;16;41
652;207;22
342;273;6
388;421;34
130;33;38
296;499;5
249;484;28
646;306;19
419;501;3
640;678;22
523;671;12
325;58;42
145;211;7
399;649;36
56;603;50
560;216;17
137;117;20
628;202;42
419;619;22
636;594;26
646;422;5
20;341;5
491;120;10
464;621;19
77;250;36
238;51;48
423;625;35
127;553;16
238;459;46
253;167;41
231;343;20
305;455;30
581;58;36
453;58;20
371;230;22
581;178;40
282;143;11
245;386;40
670;423;7
91;292;33
582;482;4
565;577;28
635;222;43
475;601;24
106;324;6
209;19;5
265;345;41
385;74;27
138;321;40
23;242;1
87;45;6
491;537;28
233;344;34
286;536;23
542;346;15
490;19;26
484;25;10
71;616;25
57;641;46
474;275;24
158;484;12
401;6;7
304;349;10
394;465;27
161;342;25
608;70;32
505;179;19
633;509;12
178;247;42
38;49;15
514;528;3
392;284;40
196;410;11
331;310;10
145;253;19
85;189;8
488;248;29
459;169;14
122;355;40
481;486;49
383;437;2
690;136;46
384;207;32
399;482;46
94;171;1
225;478;48
457;205;29
439;266;25
120;396;26
502;530;29
171;300;8
240;456;29
89;391;15
448;121;48
417;254;37
698;602;44
105;215;11
211;572;37
532;123;1
416;312;33
537;548;38
75;514;45
560;243;18
578;174;15
345;235;31
84;557;8
186;537;50
627;389;42
428;641;36
434;604;29
70;202;27
378;138;32
614;284;22
482;543;4
395;116;47
326;678;34
35;314;7
617;468;47
448;518;29
372;453;3
302;78;22
232;455;45
275;301;15
45;27;10
640;73;42
566;642;31
264;568;1
386;209;50
683;431;31
291;224;41
323;447;48
278;252;40
99;268;12
50;506;14
670;677;36
126;385;22
311;450;50
334;72;5
387;674;36
19;228;18
82;199;6
542;581;43
551;322;32
224;311;43
430;679;7
234;603;22
144;164;17
194;228;31
146;205;9
310;3;24
381;381;39
311;39;48
255;204;34

