800
19829
4800
83;28
66;91
50;31
26;71
12;81
31;32
87;20
54;40
78;7
67;47
10;90
99;24
76;38
3;14
57;11
53;96
29;70
4;7
34;94
82;34
96;7
62;88
30;62
8;19
8;56
20;24
40;94
18;84
68;50
45;62
70;33
51;42
72;64
9;66
75;92
65;36
6;17
4;85
75;80
91;93
21;15
97;35
78;70
90;20
13;72
64;68
92;71
83;54
12;93
56;66
2;12
39;92
26;17
41;71
23;80
49;23
65;88
47;4
11;39
91;45
37;29
85;70
63;3
33;86
49;54
82;85
43;18
56;54
24;77
58;37
82;36
19;48
72;58
62;99
56;43
1;86
58;97
79;59
35;91
37;77
16;2
70;97
5;10
40;3
73;29
3;65
80;47
86;96
31;70
77;40
65;28
76;99
27;75
47;50
8;45
67;9
63;71
85;72
81;32
27;26
3;22
11;97
72;77
13;100
65;7
32;99
2;13
73;81
73;52
72;9
13;32
7;66
97;26
11;83
88;73
1;80
41;44
26;35
7;22
99;96
94;7
44;72
11;30
90;28
7;72
23;90
91;16
65;100
95;90
58;10
96;51
75;44
12;51
78;21
61;50
66;66
71;83
13;46
31;83
52;94
5;99
39;42
2;98
21;88
51;69
41;22
93;28
3;2
26;66
32;80
6;78
20;80
63;26
10;91
87;88
59;2
99;36
1;25
38;32
71;70
24;32
66;68
9;31
70;15
6;74
78;12
5;68
35;18
66;6
96;33
23;10
12;89
86;31
29;39
86;12
56;56
30;50
45;15
18;100
40;74
68;2
28;25
52;98
26;83
89;64
66;9
26;60
1;65
1;62
90;20
75;97
78;29
90;37
79;66
81;3
82;44
8;43
37;31
77;75
84;71
2;99
81;16
86;57
55;5
8;15
12;100
69;39
66;50
59;98
36;33
86;93
6;88
39;45
66;42
49;11
55;19
35;44
64;68
85;99
15;54
63;86
12;75
52;38
20;73
25;88
35;7
40;44
42;78
32;16
95;5
35;30
66;94
44;3
4;22
40;77
19;63
19;60
86;92
16;46
93;70
28;17
4;18
73;66
64;99
72;43
22;58
29;56
25;85
75;39
52;34
19;24
61;41
35;53
1;45
84;12
27;35
5;14
96;36
63;30
49;19
85;7
42;15
21;86
40;19
10;70
33;60
5;38
39;39
59;93
22;36
81;42
59;31
99;2
91;75
55;64
6;20
69;91
77;22
84;11
22;44
44;29
19;79
88;17
23;93
68;3
16;59
43;6
34;47
50;26
32;37
81;88
13;40
72;12
59;41
54;2
69;21
94;99
25;49
58;79
31;8
81;52
47;24
82;11
94;1
3;30
76;55
72;42
100;19
20;98
61;17
90;57
4;93
54;70
59;49
64;74
1;39
30;16
17;20
81;29
61;65
93;1
10;73
93;71
74;20
15;100
71;10
10;12
27;13
22;46
34;54
93;21
39;35
15;82
67;79
97;24
65;13
84;8
27;71
92;85
78;39
68;43
72;60
12;53
2;36
74;97
54;33
55;85
59;51
93;67
4;53
94;88
52;64
12;55
38;53
41;42
26;45
43;11
12;75
29;41
61;95
100;49
54;91
68;36
92;39
19;62
66;6
76;58
80;79
22;81
40;50
88;5
53;17
57;16
40;43
9;73
48;12
66;66
46;90
37;40
41;28
17;57
17;70
19;89
23;76
33;79
97;48
48;14
70;3
33;65
60;36
79;60
24;70
7;46
55;39
70;87
64;25
60;22
54;20
94;81
35;27
41;53
87;77
47;81
75;80
87;50
71;54
100;90
63;50
51;71
93;98
63;99
92;67
63;37
52;50
22;2
82;19
23;50
93;39
23;63
51;76
63;41
70;40
36;75
66;34
51;37
91;67
47;79
69;9
42;35
52;22
47;88
39;84
21;27
25;28
64;94
46;2
18;40
84;88
63;7
53;78
62;62
34;62
7;23
46;68
53;12
82;78
77;91
49;55
14;96
79;46
68;100
83;2
99;7
30;40
69;58
88;49
96;32
13;22
3;60
89;66
21;20
13;60
87;64
98;51
27;100
8;23
21;76
76;52
55;96
83;1
65;1
24;87
74;47
9;37
55;64
81;18
9;42
49;1
15;41
53;44
94;72
76;64
12;94
28;81
60;85
36;51
100;63
67;13
95;68
61;30
90;9
46;9
89;19
15;18
35;100
62;7
82;23
42;5
65;26
35;41
84;90
68;50
34;92
94;78
7;35
50;100
21;65
24;37
86;22
63;37
44;20
25;35
87;59
11;58
96;81
81;38
74;88
56;46
15;24
17;14
90;100
92;12
48;62
59;94
30;44
80;59
37;77
73;49
89;82
2;54
4;37
86;95
27;87
31;3
19;3
97;54
61;94
22;59
15;43
35;83
36;9
19;59
68;31
68;32
17;12
79;27
70;64
78;37
33;19
86;93
89;53
8;70
67;38
48;11
54;13
84;64
29;8
79;39
11;7
1;85
30;14
16;44
62;41
1;70
2;3
45;24
34;55
64;28
52;44
95;49
92;50
34;62
67;22
13;38
71;47
32;23
76;24
46;28
68;32
11;62
18;96
99;3
34;15
43;59
80;11
67;25
43;24
45;100
92;91
24;23
27;89
13;86
40;30
20;85
8;45
84;11
7;30
80;100
100;7
47;48
72;24
59;59
76;77
61;14
83;98
97;84
25;40
52;7
13;15
40;57
21;100
5;20
23;48
53;65
46;94
94;33
39;78
67;18
86;55
59;81
41;33
63;79
19;32
25;13
55;4
54;45
76;70
4;26
53;7
22;100
6;72
34;33
45;62
20;16
96;9
81;65
68;17
11;22
94;85
4;61
11;64
23;1
5;49
54;47
62;86
82;67
21;45
29;77
55;20
90;24
37;92
88;4
99;85
76;59
2;83
57;94
55;60
94;85
68;99
87;83
16;71
62;27
75;30
89;16
20;28
88;21
38;86
12;61
46;35
11;71
19;27
61;88
9;20
12;49
36;87
84;29
21;75
81;40
83;37
97;39
48;81
47;29
79;52
78;81
18;75
8;26
8;28
10;68
29;100
29;41
59;89
35;57
9;57
40;2
3;24
48;61
48;12
54;70
52;87
16;6
46;75
38;24
39;97
25;53
17;63
32;17
43;69
13;83
26;15
66;13
77;82
36;26
22;68
54;13
44;38
3;75
86;93
45;13
70;32
38;43
51;54
5;85
68;16
39;41
94;70
8;49
58;47
36;31
92;62
98;58
24;25
44;81
82;41
58;60
57;13
69;15
42;88
97;72
80;76
31;56
36;97
77;37
69;47
48;3
50;86
47;41
96;20
69;71
31;17
57;11
34;78
3;21
15;38
96;92
41;31
66;38
44;69
46;39
84;11
83;71
42;91
84;26
16;95
48;42
48;95
9;12
43;12
82;36
45;92
97;99
29;68
85;34
27;14
74;14
9;13
63;10
66;54
30;37
68;15
87;45
6;75
7;17
73;36
75;20
40;85
12;62
42;51
66;85
24;48
10;61
73;55
11;8
53;31
12;54
59;46
12;20
75;74
74;32
64;29
87;77
732;234;13
498;92;36
39;606;9
486;170;37
216;460;49
442;284;12
587;556;18
386;45;4
605;160;22
242;680;9
260;772;31
423;635;29
65;635;10
61;165;5
621;594;1
500;491;15
309;566;27
405;69;16
436;500;39
705;393;44
64;718;18
793;32;45
707;712;9
225;541;9
593;388;27
701;362;49
451;88;14
571;691;25
148;410;11
85;486;6
324;236;46
142;381;35
652;367;24
743;351;46
483;756;41
200;221;40
425;225;39
180;415;15
235;664;14
10;680;34
504;198;14
491;672;31
5;262;32
515;429;11
385;366;43
114;423;13
691;768;25
239;219;39
246;640;37
442;280;43
190;711;11
723;73;17
719;790;16
7;620;50
664;304;27
62;55;37
506;446;8
576;487;41
355;234;23
38;506;10
54;119;42
97;207;34
441;401;4
581;30;35
712;525;31
195;670;26
398;539;29
376;556;50
559;635;31
749;351;47
184;36;50
412;180;23
794;612;23
65;382;50
568;256;46
172;589;39
385;596;37
301;98;45
761;325;47
162;799;12
600;353;9
564;542;31
765;442;8
528;586;20
200;800;41
449;460;10
191;200;22
707;8;19
671;590;10
752;66;34
444;419;41
444;118;8
111;262;21
513;6;13
51;797;28
403;569;23
604;352;18
386;613;49
436;720;3
242;740;13
150;277;44
352;585;50
30;494;24
211;637;13
622;149;16
594;752;8
425;207;37
670;104;18
269;74;1
489;129;7
490;30;43
202;388;34
136;564;10
704;1;14
125;168;5
150;26;19
696;521;34
420;363;17
102;555;42
747;221;5
781;48;49
424;486;13
184;575;13
537;499;35
522;98;38
721;440;9
767;75;6
756;602;13
755;452;40
97;672;36
642;783;20
754;398;4
426;140;38
618;105;29
552;721;22
747;240;43
673;311;8
24;193;40
388;302;12
469;329;47
594;267;20
35;657;25
308;744;49
738;309;14
370;791;22
632;367;49
299;302;21
543;515;44
75;333;20
172;630;41
151;469;33
595;641;36
400;416;29
293;63;35
645;153;10
601;700;28
179;423;15
76;113;50
713;183;50
483;334;4
314;53;49
26;219;8
355;147;21
564;185;13
247;731;44
166;586;26
227;521;40
673;632;6
447;644;31
529;317;14
725;603;33
461;254;30
282;244;42
311;221;41
513;765;39
102;30;2
417;709;29
282;242;45
82;72;7
8;274;2
301;262;17
276;377;42
703;418;9
182;416;39
595;506;48
417;601;15
238;750;5
55;287;39
501;594;13
527;444;5
701;349;10
700;287;19
508;399;13
299;546;50
547;281;7
436;719;30
266;318;33
657;216;16
795;178;3
112;1;16
243;185;21
152;240;37
265;751;19
737;273;13
306;64;11
32;210;2
574;315;25
467;139;30
513;698;34
257;440;7
638;273;16
334;179;16
170;691;37
409;62;27
554;14;25
176;294;23
579;122;22
218;736;29
480;538;9
337;230;38
414;798;17
21;5;35
486;346;14
668;475;50
614;333;41
79;353;7
526;349;40
301;766;37
205;658;4
199;577;10
700;649;23
21;280;18
73;114;25
105;198;2
620;393;48
399;719;22
679;235;41
379;155;28
631;157;33
357;73;8
607;721;19
233;523;36
124;6;19
11;401;35
47;269;30
631;788;30
355;597;20
574;800;3
363;731;47
458;352;44
294;24;1
66;766;38
345;391;11
700;154;6
721;776;8
414;654;34
227;397;50
450;36;47
529;122;13
189;432;16
621;243;18
612;238;48
562;360;31
11;200;35
558;43;19
224;619;35
8;771;29
625;420;3
227;466;47
355;517;19
55;607;44
438;419;19
391;775;22
462;281;30
55;547;29
572;602;21
70;402;16
713;741;7
24;564;44
699;89;49
248;763;37
111;421;19
44;453;18
229;499;29
210;234;3
765;676;1
650;389;12
158;226;23
576;361;36
737;247;35
375;269;33
446;497;20
375;59;1
547;237;24
296;589;15
366;669;46
494;448;38
58;555;27
427;666;36
196;59;17
756;496;24
566;220;39
108;382;21
740;357;8
292;633;28
557;524;50
27;707;39
445;504;12
764;542;35
396;285;36
467;358;10
196;317;46
21;788;34
324;59;49
190;221;47
23;336;1
725;195;16
599;146;22
541;204;47
281;549;38
712;798;25
742;518;42
300;306;41
302;783;6
597;712;29
385;74;17
107;498;38
539;611;47
724;173;44
626;786;32
416;425;50
677;2;38
228;194;37
365;427;6
352;468;6
587;412;46
258;225;8
32;626;36
340;515;6
746;472;2
318;651;4
444;233;27
129;167;16
404;600;37
591;451;12
357;174;7
585;763;12
724;706;4
750;204;33
740;333;38
662;729;48
266;611;22
8;168;45
143;413;8
125;580;36
647;116;28
404;726;10
729;496;45
615;341;42
429;551;39
428;302;21
355;268;50
51;141;38
782;643;31
545;579;34
167;126;40
672;607;34
422;563;23
654;732;26
325;182;38
399;703;14
478;358;48
566;24;3
180;309;13
654;83;48
743;183;34
113;69;41
559;10;43
152;604;8
408;213;16
713;516;25
129;324;3
544;392;21
46;774;26
75;388;17
726;777;34
277;416;25
422;621;44
609;64;23
456;44;30
327;402;36
545;595;25
548;447;30
587;709;47
465;194;13
28;459;40
213;399;3
446;738;17
791;90;20
145;118;12
500;742;4
471;195;45
567;242;18
663;365;21
337;62;29
529;204;30
293;742;14
794;197;39
776;724;37
252;795;34
87;27;9
703;725;34
402;324;16
553;448;28
40;54;27
128;60;43
286;683;30
793;532;43
512;290;49
71;38;34
134;290;14
650;650;40
633;323;1
594;438;49
293;187;36
709;393;3
68;675;36
363;774;29
270;707;24
591;291;2
403;704;42
585;273;10
223;667;47
210;359;28
536;761;22
143;730;36
316;795;13
783;410;20
308;508;38
200;687;1
768;45;45
266;589;29
498;86;8
101;398;23
213;650;38
346;464;8
570;381;10
413;208;13
621;572;22
723;555;4
746;69;21
646;715;24
177;185;4
122;724;35
295;37;37
413;57;12
797;384;1
718;324;21
507;653;18
663;799;47
726;314;21
789;76;13
30;560;9
393;113;25
92;247;25
754;557;45
63;592;47
356;217;11
609;171;17
9;717;7
709;178;35
398;607;44
644;268;47
148;620;47
22;326;13
486;779;50
798;562;18
365;702;43
257;411;1
543;206;2
323;18;39
129;410;44
512;422;46
479;743;35
460;64;31
149;313;39
510;629;32
668;10;40
472;72;29
96;674;47
31;380;42
219;227;11
379;561;36
781;458;22
229;259;43
622;673;10
182;694;13
275;385;35
407;402;15
80;22;4
622;648;32
508;366;12
164;514;41
7;707;2
800;237;43
278;228;35
782;714;39
286;57;29
666;630;7
353;566;45
363;235;28
453;547;31
524;521;22
125;110;46
653;256;39
270;392;33
549;244;42
247;739;18
618;302;12
654;52;8
737;176;47
120;208;10
126;683;45
661;190;48
136;163;16
435;776;6
500;150;48
403;397;4
58;723;7
562;175;41
300;220;35
657;413;9
110;529;19
707;523;47
31;618;11
656;582;41
65;427;12
492;514;10
263;604;24
777;484;24
499;117;3
528;549;19
450;745;34
552;282;25
21;125;10
357;337;9
477;432;1
367;664;48
646;111;32
60;510;47
438;235;33
108;99;29
741;341;43
595;184;17
35;151;18
288;732;27
168;268;35
643;595;5
695;166;38
692;738;31
243;396;11
41;482;24
650;521;12
33;57;3
172;159;44
188;16;21
256;325;44
355;693;41
275;132;19
82;112;19
75;313;20
66;280;33
406;584;49
471;438;9
595;529;1
583;319;41
490;329;15
275;336;39
797;722;15
126;483;41
61;592;9
735;471;8
400;427;25
564;580;45
208;593;10
652;167;15
314;316;16
695;617;17
265;745;36
88;438;40
633;749;7
654;298;30
558;667;42
118;8;43
542;535;37
29;791;26
22;656;5
256;136;9
501;335;10
159;634;10
705;499;14
37;91;36
8;412;4
391;96;43
655;13;19
529;150;32
138;607;13
347;222;36
278;202;21
677;472;41
792;226;22
566;599;8
756;369;46
380;506;45
130;135;4
450;770;30
620;417;22
735;649;19
751;309;44
728;688;41
278;21;6
335;94;4
71;617;45
92;659;30
86;670;29
244;44;41
19;384;21
673;387;46
406;128;5
14;704;10
488;325;12
189;99;2
279;531;1
63;591;24
745;547;28
178;778;29
139;512;12
571;465;7
178;80;38
738;388;26
709;285;8
342;403;4
442;379;6
597;190;16
345;558;43
689;594;46
120;220;27
689;169;5
136;417;17
104;683;45
207;223;36
509;382;28
155;717;17
35;630;49
429;117;14
251;489;20
24;495;30
383;314;30
757;512;47
169;553;24
346;74;15
448;644;15
773;385;4
572;188;33
355;257;47
510;697;32
379;231;32
224;192;6
52;508;9
209;210;41
57;414;4
439;540;30
453;380;35
578;527;25
239;250;4
597;69;31
407;579;13
696;171;27
384;615;49
765;517;4
686;589;2
612;119;28
517;54;17
195;479;29
163;332;4
465;43;35
55;462;4
38;566;28
448;459;13
723;30;3
465;756;16
529;373;22
333;586;45
339;382;36
730;193;22
117;687;43
110;794;6
253;131;10
744;327;49
141;463;24
727;669;30
270;166;15
73;743;21
183;690;19
447;260;23
582;694;49
132;602;44
467;152;33
217;525;46
13;242;11
229;98;8
99;739;7
298;224;5
301;122;17
30;789;27
70;447;2
572;302;42
277;616;1
464;46;17
378;72;8
313;718;33
173;484;27
690;376;25
20;594;38
186;29;31
323;157;32
369;511;6
230;426;35
327;88;32
248;283;9
702;445;22
565;674;35
385;703;21
335;24;43
207;742;29
477;467;37
1;657;20
284;278;16
324;25;33
715;259;1
717;648;7
494;435;22
594;363;27
414;334;27
329;24;27
449;129;27
36;729;41
514;554;17
753;432;39
266;506;37
614;274;9
49;363;10
783;116;36
711;216;13
452;744;21
368;557;50
271;62;48
235;139;35
663;633;6
490;248;4
471;600;8
491;139;40
777;518;11
692;327;37
348;512;47
80;596;22
118;631;22
454;74;20
759;639;24
226;377;49
379;336;3
185;689;21
94;14;19
565;121;16
692;317;19
587;210;9
695;208;23
346;470;7
357;414;41
691;651;4
494;45;19
429;396;7
387;695;22
74;425;35
175;537;50
479;422;34
755;95;49
383;594;43
183;745;47
104;756;43
568;74;29
350;774;10
557;374;29
690;416;40
147;573;12
422;488;35
277;281;49
333;648;32
204;54;39
301;195;11
716;554;10
722;621;41
118;670;21
377;496;43
536;702;16
798;177;9
759;84;42
324;732;31
607;515;31
598;423;23
748;511;48
437;175;39
639;2;47
666;267;9
340;696;40
766;624;5
293;473;18
48;379;8
12;441;20
63;13;16
190;251;38
117;517;4
192;591;45
93;575;42
82;334;23
106;135;26
10;351;22
615;242;49
441;264;5
481;317;25
667;576;6
398;650;48
365;558;38
234;61;27
63;157;36
327;298;47
71;465;45
7;6;21
614;653;7
776;791;18
237;718;35
753;446;12
38;377;27
452;674;26
240;746;21
332;547;19
132;17;41
171;107;18
732;176;1
662;353;28
378;532;23
714;713;50
528;783;24
655;458;9
346;578;19
292;527;36
725;316;42
142;298;5
281;232;11
723;304;31
498;488;16
744;322;35
112;15;38
134;140;21
390;774;12
454;756;16
453;10;31
255;716;39
567;517;34
10;101;5
494;162;14
625;79;27
718;462;25
485;105;15
510;584;13
795;367;15
525;546;50
480;127;9
33;222;21
365;70;27
608;57;25
141;197;7
745;586;13
797;403;17
25;66;20
82;526;2
372;704;46
590;98;43
64;60;47
58;215;44
13;563;31
293;624;4
494;438;48
352;288;46
247;481;15
400;20;34
546;336;48
192;96;46
81;448;6
125;353;38
563;406;49
291;473;31
316;625;1
475;720;17
462;669;48
303;274;31
32;103;21
440;100;37
34;292;43
114;44;19
309;379;41
447;430;7
671;562;20
401;371;28
710;472;42
309;759;43
773;655;26
153;477;11
88;422;6
503;644;28
479;489;2
490;729;23
16;189;5
667;92;12
439;397;42
35;518;3
60;209;9
201;558;29
77;39;34
565;76;14
401;124;31
700;727;39
169;702;25
368;367;25
729;660;44
194;743;38
280;344;43
12;487;29
280;659;6
21;299;34
379;591;42
765;85;50
333;261;35
637;590;27
482;53;19
703;535;46
187;601;3
204;705;14
256;787;40
450;580;24
146;751;6
92;546;34
159;385;12
282;635;9
592;386;37
367;97;49
27;73;21
13;350;38
554;251;19
620;39;2
724;198;16
98;356;17
176;794;3
474;600;30
100;668;49
651;434;47
468;105;20
771;223;46
729;155;28
215;723;10
51;551;21
752;81;6
612;572;6
286;774;2
436;150;18
580;434;26
87;384;21
753;286;9
406;490;32
31;316;49
310;521;7
358;591;35
240;311;15
56;263;29
587;382;35
134;203;13
665;94;40
190;203;37
613;519;41
315;180;11
302;59;23
309;745;43
578;266;18
769;467;18
634;725;9
305;785;29
464;553;40
368;719;27
600;523;15
474;420;43
284;738;13
587;161;8
380;736;33
579;98;2
617;42;43
433;556;31
568;460;39
335;166;48
202;397;19
741;210;28
195;359;24
297;630;45
627;621;20
580;233;19
444;218;19
488;512;44
496;765;7
458;756;14
565;460;16
421;230;11
192;675;14
329;693;38
212;269;2
673;418;30
708;239;30
432;7;28
667;427;7
223;525;24
697;163;42
540;178;50
304;55;44
513;771;10
110;777;20
326;799;36
479;218;15
11;137;28
759;274;2
81;179;22
3;162;32
634;695;15
70;89;18
278;384;48
108;107;41
712;729;5
771;124;21
406;607;41
420;724;22
359;119;36
538;91;27
291;65;16
242;168;40
702;701;8
250;791;33
787;748;28
616;686;45
139;670;15
742;434;2
618;779;9
32;789;41
62;346;33
203;710;37
747;358;48
201;423;23
183;39;21
442;107;32
68;376;43
456;529;2
420;660;48
472;658;48
123;70;12
162;84;14
226;496;16
216;96;39
768;789;46
383;52;2
183;434;19
114;241;29
345;348;37
49;322;16
273;666;9
436;338;45
236;800;28
59;48;26
294;638;4
638;289;25
532;326;5
21;664;48
80;328;22
531;109;48
268;427;8
500;754;14
107;610;17
627;781;36
761;631;5
431;313;46
469;476;36
525;134;34
31;664;7
36;640;41
42;749;11
537;773;11
363;306;19
481;62;48
739;765;38
12;30;6
736;155;15
744;91;2
209;12;5
524;8;27
72;109;30
82;703;17
227;277;16
202;319;28
545;764;20
605;254;25
121;275;39
631;605;2
233;431;44
776;649;3
395;491;31
408;188;16
592;51;38
67;252;31
546;562;12
699;436;2
673;434;37
717;455;12
217;110;40
370;436;2
597;522;14
414;516;44
633;641;49
550;424;3
604;130;6
172;61;18
567;139;14
364;559;21
624;800;15
433;383;16
724;565;39
669;318;37
704;701;23
18;166;32
760;114;24
362;798;23
30;129;8
610;622;44
563;232;37
275;614;37
302;306;32
653;348;8
568;310;15
224;605;39
723;335;44
250;367;31
575;694;20
656;792;8
128;739;34
657;207;27
799;74;50
694;531;30
640;348;15
418;216;14
365;571;32
396;566;27
651;163;25
558;651;50
92;261;49
455;271;12
270;430;35
392;122;47
634;407;31
689;239;37
125;601;26
444;245;18
557;127;11
125;11;32
671;635;6
376;574;50
687;747;16
605;728;35
286;795;10
592;621;33
372;178;34
87;75;21
530;299;47
388;169;10
286;250;20
126;756;28
657;149;6
453;12;24
289;123;17
357;765;37
318;153;50
253;281;11
514;393;17
341;716;40
371;320;43
53;646;36
526;55;39
775;89;39
692;690;7
664;520;30
417;639;22
308;278;28
122;780;44
765;423;41
637;487;26
753;162;17
609;213;23
298;8;40
523;358;44
481;144;46
54;536;21
477;408;46
506;205;2
234;642;46
584;147;26
397;4;41
283;745;16
753;420;8
18;788;36
534;122;33
318;333;8
105;240;36
794;3;26
691;213;10
142;325;4
754;198;20
331;713;2
72;77;33
408;619;4
288;25;19
301;423;50
131;761;43
531;527;37
564;227;24
737;473;12
388;598;22
210;670;48
670;285;7
709;616;43
578;358;44
139;105;8
50;722;47
447;666;17
679;498;30
741;221;33
337;371;13
578;188;44
593;176;38
726;453;7
125;782;38
336;342;10
591;653;29
529;134;23
160;36;8
325;146;19
254;76;41
132;477;16
257;193;41
572;80;21
582;532;18
327;544;21
365;174;7
404;497;20
381;721;11
184;310;18
359;9;2
179;677;38
799;665;13
587;573;50
276;286;47
212;187;6
687;759;23
231;512;26
301;23;11
164;685;46
470;109;11
19;154;41
41;375;17
557;783;4
702;347;9
599;626;41
558;12;46
158;282;18
658;773;7
231;732;20
92;362;40
267;353;9
93;122;25
257;657;1
511;380;25
502;23;36
613;695;40
640;307;9
728;764;35
536;610;11
427;466;10
80;744;4
110;587;48
161;489;43
41;571;46
329;409;18
158;452;23
291;317;34
79;5;19
225;48;47
36;467;5
53;783;1
291;715;37
321;51;48
300;715;47
508;631;15
540;342;13
673;680;45
290;700;14
365;452;11
515;195;47
88;142;49
155;139;3
150;589;8
589;618;50
499;476;35
614;163;28
419;538;23
384;194;32
174;545;20
187;657;38
197;696;42
73;521;10
487;513;42
358;85;34
565;767;48
31;296;8
407;432;20
632;699;4
158;426;44
799;795;22
69;53;21
18;305;37
353;475;25
267;55;29
795;549;16
439;155;42
283;528;48
489;749;50
161;642;8
501;554;28
745;591;24
765;243;35
335;568;11
792;467;11
692;81;38
779;778;8
644;187;48
211;355;16
657;310;1
692;34;1
477;295;6
691;439;22
615;44;28
339;66;47
458;764;18
459;338;24
604;581;29
604;77;32
386;60;10
734;559;5
722;765;2
249;39;6
95;172;45
468;286;1
435;109;20
489;445;24
331;684;17
68;51;13
436;792;46
575;43;13
65;541;16
610;769;47
94;247;31
796;543;38
600;373;39
750;622;3
145;138;30
401;516;33
98;553;3
1;360;42
521;613;47
764;610;7
122;415;10
573;700;30
395;285;37
741;201;10
419;661;50
120;654;9
386;566;36
668;340;48
438;26;47
172;44;30
554;147;25
506;435;25
187;432;42
678;773;26
182;33;9
762;650;39
544;741;28
625;31;26
117;41;14
763;573;22
238;435;50
295;526;45
344;792;29
156;117;2
704;3;5
763;616;11
119;180;26
732;69;2
631;194;33
654;701;47
794;37;7
628;174;47
689;678;9
308;619;43
732;197;6
506;9;14
480;296;45
298;630;7
370;751;31
60;172;39
350;487;13
191;94;42
658;8;35
798;492;42
5;158;42
740;83;48
247;788;24
185;584;33
644;778;10
441;268;40
73;95;13
569;239;31
661;323;24
285;189;36
258;302;6
250;289;6
659;285;11
218;141;37
116;330;22
392;601;32
529;99;26
595;142;43
687;177;12
217;722;4
685;568;31
500;48;17
486;161;9
208;496;22
395;626;24
412;342;48
185;106;41
247;126;28
678;93;30
689;530;50
214;535;49
97;285;8
105;721;31
585;723;38
514;416;38
131;37;4
451;407;49
440;548;10
765;599;48
661;493;31
352;775;15
227;408;44
585;341;46
18;749;25
732;350;20
744;457;36
435;169;19
721;555;28
730;711;25
239;456;43
755;581;16
294;731;34
635;464;48
633;470;5
726;237;45
513;40;24
690;15;19
684;633;38
676;36;38
426;663;25
347;473;43
608;402;31
3;637;3
479;596;29
275;709;14
434;402;25
483;451;33
595;493;38
586;10;25
522;372;29
555;226;22
93;443;8
435;526;23
473;778;49
799;391;17
712;291;35
223;264;28
609;269;16
562;520;20
704;779;48
796;535;20
51;157;30
504;788;4
294;716;20
639;43;45
119;772;18
267;349;16
95;186;42
20;652;46
604;58;15
48;260;11
744;22;1
516;533;30
51;379;35
719;151;30
442;220;28
5;440;5
613;650;24
229;574;41
332;265;16
529;701;36
183;315;10
374;507;35
714;137;46
190;776;49
733;442;32
386;713;14
636;503;49
680;177;43
297;412;5
526;138;43
759;454;48
795;598;2
746;9;47
91;711;14
483;602;6
565;163;37
296;669;22
800;207;12
336;602;38
208;231;10
70;81;25
314;114;28
386;329;29
134;124;42
251;127;20
649;642;37
574;700;26
117;411;47
182;138;39
479;431;4
88;653;46
139;770;13
309;132;40
633;772;34
771;181;17
452;75;38
329;338;34
279;394;19
316;704;7
182;466;5
721;339;38
783;288;12
155;770;38
438;362;43
344;775;9
709;284;19
671;527;34
700;678;24
629;754;21
607;555;18
221;112;15
682;103;17
70;456;45
189;744;22
430;56;9
659;78;27
402;11;8
525;131;25
314;254;17
703;8;33
97;312;46
484;536;34
620;269;29
211;729;20
768;233;6
240;17;10
731;671;48
22;175;50
190;476;19
594;227;24
186;560;50
662;12;26
293;281;47
753;74;11
613;22;42
338;375;11
607;504;1
721;73;19
721;758;19
153;424;25
494;650;15
202;681;31
791;121;46
88;662;40
527;247;12
572;371;32
517;197;50
313;167;8
787;109;32
712;117;1
361;719;50
399;507;22
706;513;8
193;278;35
163;662;34
503;445;46
502;278;34
329;799;44
558;787;39
513;208;45
536;451;3
512;336;38
626;52;37
533;122;5
579;89;40
223;451;32
273;783;19
281;280;28
250;523;50
618;296;36
404;603;6
343;550;19
143;15;8
588;165;1
378;514;32
484;784;42
538;73;3
516;497;14
101;538;40
259;162;9
603;15;28
580;404;36
104;539;33
241;497;6
534;399;9
162;358;19
345;626;46
258;492;49
273;182;44
495;9;16
375;508;48
433;650;43
404;51;22
205;557;2
800;86;50
446;633;37
549;576;17
261;552;41
731;792;8
664;265;14
166;329;16
669;311;27
452;682;17
738;475;17
788;269;27
176;92;18
321;598;40
410;498;29
582;330;8
96;252;11
392;516;43
286;60;24
263;382;6
718;253;37
339;525;44
560;292;47
696;400;2
626;706;45
10;655;42
513;32;46
15;86;19
301;172;47
51;454;8
274;794;33
526;216;18
547;598;42
225;195;44
733;485;7
328;90;46
78;596;24
446;446;10
667;38;3
94;32;32
630;112;36
798;591;36
295;164;32
25;210;46
36;137;33
329;514;14
488;342;38
620;71;32
125;754;20
428;304;41
533;496;18
177;614;27
499;651;48
358;49;44
57;658;47
5;528;16
190;327;4
498;407;31
94;597;27
522;66;37
689;99;15
510;222;22
783;283;8
192;799;15
49;71;36
47;296;20
254;185;27
712;115;42
520;739;17
790;76;33
397;75;27
94;634;41
768;272;19
796;246;40
337;669;29
762;136;3
371;521;17
557;785;35
728;698;11
10;363;16
70;525;26
748;40;15
532;667;14
342;371;7
541;187;15
124;117;45
728;790;50
120;217;31
177;273;8
590;440;15
743;72;43
415;614;6
38;298;9
531;48;12
501;264;32
360;659;26
129;443;13
456;719;9
590;18;18
321;630;35
30;434;5
33;335;44
571;21;16
163;582;42
327;435;8
667;619;48
12;418;33
242;188;24
776;727;19
299;112;31
87;505;6
347;578;48
456;714;20
293;90;41
455;57;44
306;176;40
697;776;7
753;482;48
665;172;39
270;185;6
600;540;45
248;60;35
199;213;44
106;45;33
504;478;24
367;519;10
464;31;38
66;544;45
415;368;3
262;485;30
376;396;29
15;305;38
60;156;4
633;307;43
561;63;44
264;461;15
152;634;24
516;238;27
671;218;42
49;175;7
188;651;46
369;495;10
700;248;7
430;581;5
753;400;32
218;262;32
193;138;37
372;558;1
35;582;10
423;304;8
34;155;47
190;548;28
270;497;48
427;215;21
39;644;28
434;58;18
334;304;30
460;508;49
201;563;22
88;576;6
359;151;44
168;130;33
270;110;1
174;62;3
730;483;26
283;4;22
554;253;34
799;530;46
334;463;34
454;798;31
379;654;24
127;429;8
658;536;41
8;58;22
453;90;8
493;216;25
90;61;15
95;493;26
312;778;34
236;525;49
751;575;32
688;396;9
592;165;5
43;482;29
158;236;39
562;631;45
514;571;18
203;726;37
501;153;3
89;87;10
440;361;22
7;15;31
235;433;34
794;346;4
448;51;7
418;523;31
453;610;32
196;1;3
327;549;48
793;438;14
253;557;27
291;547;25
44;48;39
110;514;4
741;721;40
156;499;20
696;677;42
470;732;18
146;570;13
135;581;31
691;152;16
296;130;35
637;19;15
373;342;41
569;123;26
107;506;39
556;397;7
199;498;9
211;28;40
739;486;17
246;659;15
431;504;30
490;165;19
32;91;38
651;213;49
206;800;26
254;760;24
171;472;30
122;404;35
403;325;11
764;556;39
149;603;41
341;472;42
596;678;21
182;655;40
294;151;18
120;212;10
499;111;9
84;545;36
583;202;30
559;347;8
247;605;13
463;114;1
341;242;45
669;298;25
108;775;27
38;705;17
523;391;4
65;57;6
642;97;30
81;25;14
338;587;19
540;39;15
390;546;20
411;497;33
111;518;22
630;41;26
776;334;29
596;679;4
81;150;28
359;791;39
49;758;32
684;769;43
415;331;12
186;763;33
552;227;22
67;681;45
194;504;46
277;159;37
41;539;32
484;364;42
572;396;33
412;250;27
105;195;36
602;246;28
749;681;3
315;63;25
82;171;3
290;533;34
389;532;31
586;106;7
542;687;12
712;15;17
531;18;7
211;240;29
507;610;19
150;777;14
81;219;23
152;746;16
546;462;15
782;223;38
466;16;45
24;677;3
509;511;32
384;258;26
369;240;47
313;689;7
508;518;36
31;346;3
31;432;6
488;589;20
187;322;42
533;641;23
81;48;45
645;116;12
251;65;36
510;640;18
684;721;31
162;366;13
258;620;33
410;497;31
630;140;23
754;317;39
473;361;34
612;601;2
227;134;43
679;42;17
297;67;40
680;553;14
705;744;45
283;755;18
538;397;2
184;377;35
40;755;31
313;668;11
336;684;20
326;201;35
649;727;10
701;631;6
652;315;38
150;669;47
217;459;6
223;698;30
516;656;37
19;219;27
34;417;39
182;356;12
7;356;30
73;139;37
80;313;31
639;339;42
632;24;49
634;658;14
731;733;37
325;653;39
333;59;30
113;116;48
222;180;16
67;145;23
172;209;14
540;781;15
346;472;39
301;65;28
330;23;47
606;179;26
175;426;12
342;503;22
585;41;17
458;20;5
706;780;33
179;137;43
628;301;45
308;334;5
76;23;9
164;450;15
481;625;42
297;247;18
76;778;26
443;743;3
426;567;16
230;211;27
627;75;39
126;650;31
465;794;17
525;788;41
15;562;40
368;599;14
247;657;50
59;731;5
383;136;17
532;257;11
321;537;40
191;337;47
730;246;31
345;720;12
271;727;42
77;649;47
69;545;26
538;337;31
353;675;12
55;61;18
535;284;17
5;771;15
432;457;12
325;586;43
755;221;20
645;417;49
108;722;31
771;434;13
618;185;16
289;377;42
704;712;30
288;117;37
497;83;45
555;176;40
616;382;48
31;724;28
302;727;50
125;311;37
532;631;13
398;170;9
579;397;32
294;118;35
579;70;32
284;49;46
701;304;20
428;348;37
165;27;33
495;150;36
388;70;40
402;105;30
54;613;34
154;481;21
775;529;45
289;672;39
219;219;21
245;268;16
586;395;47
107;756;24
36;478;43
494;582;25
407;153;7
339;53;39
293;161;19
197;140;24
583;222;42
17;607;24
762;529;4
381;716;1
756;248;40
570;296;1
510;696;41
662;30;29
517;463;20
37;269;33
175;516;4
672;456;5
253;113;29
625;736;21
200;781;41
369;566;22
424;418;22
426;504;9
611;28;5
639;700;18
363;440;15
786;28;43
659;143;24
784;753;48
527;557;7
645;53;28
67;33;13
438;176;50
241;374;41
126;344;47
661;431;33
576;660;24
593;600;50
382;373;28
2;478;31
19;153;32
446;513;9
371;551;50
754;193;32
127;691;8
322;123;33
509;321;49
320;767;23
150;84;14
280;293;42
628;793;34
436;282;36
735;550;12
302;708;10
334;251;8
229;562;28
688;74;1
128;542;15
5;501;19
18;688;21
386;500;19
92;591;31
350;514;28
37;711;20
742;780;10
659;539;9
780;286;11
588;446;4
349;266;24
11;12;5
284;749;42
540;753;42
684;54;36
646;382;30
690;688;20
172;222;21
726;643;11
534;605;22
537;301;49
274;132;10
683;143;43
648;215;24
417;642;45
485;45;16
390;193;40
658;213;6
553;591;34
439;309;46
508;678;1
675;237;14
421;709;14
726;619;18
599;561;41
78;315;43
97;214;29
358;349;9
619;54;10
538;758;38
11;642;2
646;25;6
679;586;43
400;518;27
440;323;38
293;471;40
117;257;17
74;219;14
357;510;32
424;634;32
549;748;32
733;160;49
102;719;43
386;606;20
106;407;13
555;245;34
709;280;34
23;244;4
688;708;12
592;580;28
104;366;46
534;784;29
781;462;4
271;499;10
601;620;42
251;229;23
32;768;18
91;653;43
676;622;40
144;361;38
704;434;16
583;257;15
351;46;20
172;654;1
445;275;12
701;755;4
280;155;29
217;725;43
197;484;43
407;334;48
769;35;3
121;714;21
658;560;17
720;643;13
779;185;8
32;6;9
92;618;27
459;791;22
613;505;24
714;42;36
451;443;12
87;150;15
797;432;35
207;477;17
416;538;30
444;412;19
408;319;48
347;107;41
495;392;15
440;675;27
504;711;44
353;259;13
451;763;27
10;631;11
402;423;40
407;21;12
462;735;35
409;442;30
114;681;10
741;525;35
371;645;26
213;156;13
213;515;16
542;120;29
722;347;19
387;643;2
266;161;24
249;249;37
55;2;44
447;91;21
237;233;22
65;399;22
264;422;44
66;546;14
552;415;11
655;46;46
114;176;43
44;251;39
335;48;37
321;32;37
663;639;48
195;21;48
672;242;22
332;31;5
125;221;15
322;63;21
29;49;24
660;728;37
62;181;50
278;274;27
270;685;28
228;615;48
176;618;17
74;323;20
767;327;3
608;626;9
440;426;7
426;172;36
634;163;35
704;364;15
312;649;36
77;511;30
169;592;45
447;240;32
667;178;27
629;46;33
596;715;3
761;543;39
577;64;19
697;257;19
538;394;13
602;382;29
755;50;25
330;61;2
791;349;34
186;248;38
620;356;41
90;342;36
570;55;27
591;629;45
330;706;31
577;505;40
648;692;50
771;317;6
56;543;12
642;32;17
218;411;37
748;309;29
258;171;17
755;539;38
631;170;10
673;763;9
604;427;32
98;479;23
567;185;23
305;744;5
535;362;35
315;247;6
636;96;19
120;682;23
233;405;23
495;364;25
277;282;48
691;324;2
96;332;28
759;25;4
58;116;2
538;364;9
235;220;40
670;343;21
390;551;43
20;40;38
397;657;10
261;202;29
125;8;34
333;364;11
616;272;17
617;143;27
419;234;17
652;380;27
521;618;20
456;363;10
766;579;5
297;386;16
62;244;42
329;697;13
561;274;16
4;499;21
249;347;4
737;183;17
540;72;35
600;684;29
519;349;27
218;214;42
796;172;32
694;492;47
377;314;9
215;228;4
644;129;35
278;757;12
694;17;22
795;672;4
445;171;30
591;107;3
100;175;39
16;513;13
137;152;44
239;785;27
218;681;18
172;235;48
119;770;39
398;611;42
268;178;37
502;248;39
10;152;50
580;253;19
761;400;5
782;327;27
788;5;50
482;110;23
572;529;3
19;172;37
721;529;11
294;609;47
277;515;5
455;315;47
299;12;42
176;562;43
316;104;35
726;666;8
241;786;21
58;240;48
74;367;41
668;266;36
540;368;33
396;188;50
267;71;46
428;570;17
518;269;44
724;6;45
108;182;44
245;401;3
16;493;47
572;711;35
5;784;18
104;574;7
760;55;8
381;199;10
491;587;14
222;6;48
508;575;38
25;117;34
253;695;44
413;720;28
631;198;23
14;485;5
529;498;41
257;248;19
542;69;1
270;19;40
291;769;28
415;407;21
702;242;10
435;121;14
1;162;46
685;148;3
669;194;40
695;183;44
190;614;2
262;402;37
498;405;5
457;200;2
153;388;31
371;445;41
331;24;31
355;355;22
497;304;42
108;697;4
547;75;37
481;94;25
47;113;39
324;529;19
133;491;8
404;291;24
600;218;25
202;289;13
457;51;7
763;596;10
310;504;17
436;73;26
48;773;28
586;82;30
383;248;19
710;109;28
396;492;21
505;630;3
475;280;22
508;205;1
508;567;8
376;183;37
10;739;18
233;219;11
506;82;40
271;170;25
516;718;1
432;660;18
203;444;28
300;486;38
679;289;21
251;252;43
2;622;37
620;325;7
299;695;46
30;660;30
777;261;20
328;475;38
67;37;11
538;330;36
384;64;32
749;618;5
543;470;49
674;211;36
463;518;3
611;567;13
70;16;12
658;101;30
781;631;42
688;563;15
151;604;21
647;792;46
246;71;31
708;75;36
262;523;7
498;738;19
660;110;34
279;629;24
695;477;12
77;309;28
720;163;24
437;799;17
705;356;32
120;351;15
254;143;44
450;126;41
170;109;41
37;228;33
715;68;29
193;248;48
1;231;1
790;99;38
204;726;20
407;246;16
613;741;10
720;267;29
716;137;42
564;786;9
665;550;23
113;672;42
729;722;37
314;161;5
361;636;4
708;343;19
755;450;40
255;517;47
421;210;39
317;211;22
694;441;39
608;687;4
712;643;2
476;687;45
211;66;15
621;160;34
67;193;33
640;30;16
147;727;4
349;154;29
307;496;7
602;612;44
641;661;21
128;37;41
284;282;18
372;133;24
350;458;33
287;157;23
594;781;18
541;361;37
257;388;13
475;379;14
788;537;29
281;145;5
517;701;46
206;377;38
416;496;29
748;339;26
616;45;41
643;507;16
136;641;16
524;425;43
344;788;39
155;241;5
235;281;4
778;108;38
49;458;14
197;33;27
105;767;41
37;232;48
618;429;47
706;490;4
694;468;14
52;113;23
182;111;11
380;108;35
23;621;34
534;27;27
526;98;13
553;716;29
690;470;35
671;175;1
148;745;13
297;379;43
679;780;31
265;545;32
763;292;24
545;63;33
581;285;38
253;390;26
683;671;13
123;50;1
95;519;41
37;394;9
746;384;32
227;335;8
580;307;7
407;775;23
252;531;32
455;20;47
85;309;47
72;761;39
19;284;13
435;233;29
793;11;3
115;342;21
362;512;30
464;455;49
756;694;9
780;579;46
340;345;12
319;476;50
414;513;12
110;137;25
795;541;29
735;211;23
87;244;50
614;558;29
138;241;30
640;89;32
448;732;17
449;776;42
692;439;49
9;387;36
461;771;25
129;116;33
22;249;31
214;244;21
94;654;36
127;588;26
417;153;23
463;67;40
500;351;50
517;478;43
283;159;29
46;386;40
328;657;43
244;576;38
555;198;26
152;418;47
350;51;2
116;457;28
59;748;16
733;186;48
513;10;22
166;67;34
448;316;31
407;302;39
656;143;46
490;69;9
317;33;26
325;117;40
573;777;37
790;581;42
623;530;6
650;219;22
286;335;14
92;561;50
203;380;30
46;174;37
388;229;35
126;230;5
777;633;15
408;29;38
209;89;49
760;33;10
172;275;9
429;98;37
78;99;36
562;539;22
35;508;19
688;617;41
706;62;29
554;217;49
335;150;12
639;690;20
230;782;2
354;521;43
591;194;22
239;568;36
253;439;47
179;400;49
161;432;26
653;733;18
617;318;13
85;8;48
455;266;22
698;357;24
192;744;21
306;111;4
50;517;50
393;647;6
164;213;3
687;129;22
163;525;20
222;75;31
697;511;42
286;783;4
596;500;14
653;341;49
89;124;40
106;145;37
670;607;31
789;361;12
684;148;10
424;31;34
189;116;5
193;47;12
763;680;28
511;165;2
342;492;28
355;158;26
587;73;43
636;60;7
308;29;6
238;58;45
477;541;36
41;669;32
339;45;21
412;10;19
127;280;28
505;208;5
161;108;26
713;185;37
686;298;44
505;147;27
574;667;19
216;429;15
305;245;34
63;797;48
650;615;18
628;312;40
248;145;33
618;457;8
547;717;28
423;305;12
747;487;20
655;386;38
415;510;14
331;789;34
536;486;40
127;661;36
302;11;23
229;322;3
97;598;50
649;506;4
118;291;43
601;214;49
456;465;19
97;102;30
180;704;7
256;369;28
736;698;30
715;408;2
563;520;36
95;461;37
569;685;11
409;422;29
339;600;10
121;543;30
783;733;45
311;619;46
448;419;44
299;404;15
567;197;35
209;311;8
277;641;15
223;209;9
336;221;38
596;28;32
244;683;14
610;656;19
426;22;3
727;505;6
140;299;37
632;284;39
158;328;14
581;364;23
559;473;32
375;720;36
402;144;39
603;481;23
150;297;11
24;25;40
335;575;15
436;250;37
347;425;32
529;334;43
490;117;5
333;290;28
121;750;23
616;16;40
754;597;23
74;186;38
235;695;30
10;331;14
324;409;43
704;6;17
135;49;22
609;144;38
753;237;31
565;445;29
798;34;1
683;214;6
497;225;1
202;84;44
410;106;14
591;20;9
751;192;33
66;718;24
603;333;49
50;708;47
761;357;2
130;170;7
663;308;26
496;798;6
714;725;7
448;177;37
277;441;40
13;215;20
253;623;10
129;419;7
589;138;21
18;798;16
376;167;18
292;549;21
743;749;20
285;538;25
731;250;29
387;17;25
662;170;14
377;426;49
300;291;17
256;2;23
567;271;20
628;193;33
676;386;15
147;405;3
343;6;48
209;680;16
522;122;46
598;457;38
696;269;11
311;93;16
676;542;50
498;493;16
434;380;18
748;358;18
124;506;48
285;741;2
478;613;1
272;614;14
547;69;14
747;407;20
611;675;34
221;577;15
399;649;2
464;338;20
720;188;42
151;628;17
230;148;6
445;471;32
306;763;10
700;172;21
480;198;7
317;797;10
200;720;3
749;155;17
656;159;19
500;183;3
379;141;34
703;238;2
172;109;31
60;665;9
595;103;18
648;99;5
715;311;34
388;449;24
557;143;26
81;736;9
179;561;23
623;345;18
592;339;24
540;359;48
381;485;27
397;513;37
614;604;37
475;621;48
345;769;48
1;81;7
175;781;48
277;306;47
84;395;31
24;228;42
504;766;34
189;402;32
193;70;41
682;570;19
243;604;17
762;449;36
668;776;15
536;28;24
232;231;19
180;444;9
433;130;5
328;75;22
753;47;48
330;548;18
419;51;7
584;59;5
299;594;16
85;462;42
50;721;45
38;65;9
463;637;13
704;29;26
605;541;5
530;724;34
775;709;7
303;57;41
13;171;8
344;600;30
710;650;18
506;658;40
356;318;47
633;753;3
236;418;21
463;222;15
667;336;43
193;420;3
651;594;19
658;440;34
539;657;17
73;751;43
398;96;44
391;502;17
792;649;22
188;128;14
23;747;30
90;237;14
155;487;17
472;451;28
309;412;28
547;696;5
640;296;40
647;32;13
246;373;16
780;779;24
339;541;14
148;603;8
726;335;49
471;320;39
15;561;16
161;719;15
166;427;48
516;742;20
412;144;50
350;526;12
99;136;3
599;297;8
780;715;28
414;769;44
669;155;28
126;106;14
314;545;30
555;512;38
9;101;36
153;197;17
678;96;48
66;118;12
11;773;23
762;385;1
440;466;29
673;156;20
587;501;33
372;223;20
599;571;47
196;471;25
411;506;10
121;330;15
526;359;42
790;632;37
139;413;30
132;511;14
68;265;10
428;182;35
81;735;1
414;225;8
341;659;20
704;496;18
164;229;40
377;569;17
214;625;42
332;744;17
782;444;15
720;504;34
538;696;42
671;54;4
531;394;50
464;28;18
589;46;7
324;702;21
16;619;29
283;487;6
593;698;36
661;167;2
80;133;5
41;262;36
754;575;20
587;153;30
207;246;18
446;30;9
668;792;46
393;718;1
351;418;16
785;748;37
115;605;8
494;519;43
499;97;14
130;525;29
266;122;1
126;679;19
514;75;8
606;228;49
565;143;33
275;772;7
12;586;39
409;770;24
769;81;4
525;577;3
705;226;40
144;585;18
587;420;42
348;96;46
712;199;3
193;466;30
117;250;8
494;413;10
548;484;27
48;85;35
765;467;28
737;734;37
25;203;45
256;47;16
463;729;30
206;781;2
116;198;30
179;389;38
162;800;40
248;176;46
753;353;45
104;47;29
136;544;25
409;311;49
446;250;8
631;281;9
487;376;45
240;508;21
133;430;30
466;428;31
716;104;14
720;593;38
432;585;44
131;466;24
327;594;1
719;122;47
238;82;47
517;575;22
121;438;24
402;771;25
283;473;11
745;211;24
209;143;19
250;756;7
356;678;30
335;516;13
350;790;32
246;776;20
80;679;17
614;674;2
326;154;16
428;261;37
2;637;48
202;314;20
476;769;16
685;301;9
515;108;28
672;484;13
88;199;40
572;763;9
549;261;12
215;641;20
680;314;6
355;657;49
11;378;26
5;709;28
300;118;11
123;86;10
718;6;17
580;347;1
136;139;24
541;741;44
193;671;2
17;430;46
506;48;6
306;359;36
124;225;41
104;235;40
114;619;10
539;714;34
445;288;30
646;141;29
329;551;47
550;307;42
563;529;43
36;58;48
50;153;15
566;598;42
445;253;45
244;529;21
20;665;18
86;174;50
152;172;45
259;237;41
417;641;47
482;591;1
255;82;23
690;204;49
360;716;50
89;160;22
499;449;43
25;497;21
431;565;8
331;79;2
194;563;2
98;16;21
612;337;34
292;612;48
716;794;16
294;688;42
794;307;20
155;511;16
233;366;25
719;691;37
344;644;14
193;421;7
367;58;18
275;57;25
468;260;4
721;732;16
729;747;27
721;747;13
647;553;46
536;320;35
682;382;43
82;93;20
738;378;3
233;150;49
22;109;20
646;435;41
454;239;5
360;165;39
42;414;13
736;205;21
249;559;33
473;269;48
683;337;16
377;742;31
699;719;46
685;311;19
386;652;20
389;734;28
128;588;16
560;659;47
256;236;41
253;223;22
319;108;18
762;392;4
4;402;49
50;581;8
81;574;24
440;589;28
417;464;48
625;352;1
317;147;48
670;126;24
6;471;4
64;156;6
280;224;34
340;306;40
254;614;18
124;72;34
370;123;34
354;241;39
31;25;39
310;635;38
178;599;3
674;459;35
199;308;44
305;315;3
267;709;34
552;715;39
552;627;33
418;192;45
592;528;19
152;113;49
716;791;2
300;543;26
747;252;33
77;423;25
508;791;48
573;169;36
531;451;46
649;211;45
196;585;9
497;314;14
707;372;27
774;19;34
729;19;27
586;630;2
398;81;1
576;271;37
67;314;22
146;117;43
440;397;12
4;335;37
605;622;15
246;360;44
8;584;22
769;309;41
482;153;19
776;541;21
513;783;30
594;524;1
171;715;30
248;357;14
727;220;49
718;583;34
731;491;27
599;541;8
422;463;45
277;495;10
100;420;33
17;690;6
102;302;33
415;732;22
331;625;17
526;549;36
163;583;28
458;300;6
175;750;9
428;663;9
721;264;35
263;665;4
47;5;49
131;423;45
740;608;10
490;364;38
594;58;1
797;255;24
484;765;23
276;311;3
552;188;19
441;758;31
135;426;9
711;456;9
150;720;29
292;598;19
289;268;22
462;192;2
664;131;48
28;294;35
349;65;14
495;75;12
744;373;20
522;330;15
375;477;36
790;82;12
547;677;22
354;623;13
714;393;19
230;436;14
275;421;18
161;524;42
140;481;50
583;540;50
112;482;26
522;618;1
1;145;16
783;307;32
584;631;5
294;717;5
340;84;17
215;221;19
614;120;17
159;467;34
714;82;36
643;8;49
695;191;22
673;705;8
441;572;8
404;392;21
176;381;10
21;294;50
93;47;13
310;776;1
787;326;31
322;319;45
530;586;34
714;483;50
537;64;4
266;322;36
4;533;27
216;760;14
211;338;13
389;32;19
396;151;4
251;4;4
465;462;2
645;522;49
573;27;5
464;529;8
588;195;45
366;444;14
484;455;16
580;467;23
327;42;30
56;575;48
406;769;47
385;122;17
184;594;38
44;465;44
619;520;21
477;43;12
557;562;7
32;328;31
752;500;27
615;210;35
371;627;2
664;285;9
2;562;45
535;26;15
409;160;44
642;76;36
702;199;9
314;484;36
537;755;48
181;351;27
668;263;36
767;285;21
222;517;50
302;210;50
195;90;13
424;241;2
682;377;45
592;250;33
352;371;20
664;773;31
119;718;49
222;328;43
664;725;6
446;586;37
390;199;29
415;434;41
644;460;9
708;309;35
221;33;25
311;122;28
356;300;7
510;532;50
338;633;28
133;526;44
691;722;29
346;706;47
429;639;16
773;22;15
770;60;33
680;387;36
114;547;35
44;405;43
105;366;21
495;147;2
580;738;30
482;144;3
159;43;49
597;800;33
269;85;22
552;722;41
178;437;47
400;735;5
259;319;44
751;56;18
282;618;38
309;483;18
525;473;2
89;337;23
304;388;11
164;50;21
108;644;43
119;102;11
323;436;20
55;90;42
285;210;15
423;448;50
178;4;19
206;777;11
195;185;16
529;719;4
94;111;29
32;449;27
586;478;27
6;79;47
542;134;19
647;114;49
654;226;49
285;142;6
605;361;33
432;425;9
546;147;2
210;81;39
233;39;48
391;589;32
662;154;27
5;316;11
330;155;10
451;626;10
281;260;10
755;761;14
570;620;39
699;238;23
324;344;12
668;377;39
795;168;41
269;113;32
640;444;24
313;798;4
427;517;8
46;634;26
102;652;39
321;322;44
124;765;14
508;779;15
300;224;24
480;88;36
232;748;40
292;326;49
552;224;17
251;344;37
393;721;45
504;57;15
342;144;36
428;769;37
207;134;48
761;475;34
316;538;47
477;448;50
722;36;20
356;547;33
789;165;33
683;86;38
207;319;23
676;181;30
243;728;33
738;510;17
22;355;19
573;37;20
262;18;29
440;596;45
105;113;30
440;32;8
386;530;9
592;186;18
329;737;21
440;109;30
133;165;33
117;221;31
659;764;39
448;603;19
639;602;21
536;348;50
48;350;29
391;411;6
466;102;36
79;657;48
688;526;43
610;86;34
545;733;49
179;720;36
608;418;49
83;128;23
430;662;50
285;405;13
58;219;12
28;308;49
164;513;7
485;387;20
130;1;5
770;545;16
732;144;1
479;399;43
793;68;27
296;137;48
324;487;23
348;580;4
754;407;24
561;466;6
353;10;8
226;616;30
490;626;50
281;413;46
765;393;41
16;388;11
540;12;19
794;636;42
389;83;9
57;10;7
25;762;35
606;712;7
626;349;2
67;695;23
446;368;6
46;312;46
272;469;18
324;224;21
711;346;6
221;661;32
612;175;7
161;626;8
106;766;21
793;594;20
558;562;6
715;442;43
6;25;45
696;640;26
150;296;9
287;364;2
1;540;4
451;391;38
140;202;45
66;199;12
601;202;31
362;280;37
48;492;2
287;94;11
154;248;21
556;487;27
218;370;17
197;537;3
726;328;33
265;30;32
154;22;5
361;227;15
378;587;41
782;469;21
391;444;43
444;165;21
100;537;39
420;5;46
189;445;44
177;600;17
537;663;4
126;771;14
520;149;4
375;257;38
765;334;19
293;273;4
679;401;24
726;189;28
708;11;45
10;535;16
338;608;20
401;165;30
365;416;3
591;88;11
708;637;14
672;340;42
470;765;17
186;553;44
796;255;32
560;203;20
402;339;28
608;741;34
613;325;14
672;734;25
158;205;10
786;419;32
575;41;41
482;336;32
443;309;40
750;496;28
605;232;24
787;385;45
29;200;3
333;128;28
278;595;29
159;689;18
713;510;46
236;136;5
96;350;34
222;453;47
454;65;9
353;111;35
670;682;49
684;271;50
754;207;9
133;394;41
163;665;35
593;466;13
540;728;17
288;494;35
280;726;26
245;203;46
153;694;28
733;423;31
544;518;19
422;404;1
728;661;2
180;559;14
771;343;6
625;203;23
760;712;6
502;611;30
560;204;35
353;281;36
289;716;36
737;535;43
131;426;38
512;21;40
535;4;32
744;177;16
111;682;20
497;78;9
402;569;16
165;314;40
350;771;24
399;399;5
691;277;49
550;632;7
635;156;38
204;710;34
88;580;35
570;129;30
761;307;43
145;518;50
280;239;41
350;466;6
406;213;29
214;435;3
82;605;6
561;773;50
256;610;30
229;452;6
776;111;34
408;328;43
576;228;40
793;299;37
625;767;39
86;337;23
188;213;1
117;601;45
594;157;33
469;760;39
319;338;33
460;261;44
438;335;38
658;709;47
572;232;3
628;371;14
476;428;3
432;175;46
151;289;43
559;186;43
87;797;26
675;750;31
717;787;1
31;423;27
347;312;1
766;16;48
51;365;35
331;325;49
250;321;2
68;720;15
258;295;34
443;774;40
246;582;29
528;140;31
667;141;40
405;228;41
760;350;13
618;413;2
109;464;29
667;585;30
391;646;26
111;72;49
284;209;18
619;22;33
732;768;43
67;27;40
516;51;29
601;455;21
282;530;29
797;124;41
164;484;46
724;635;15
419;160;36
311;674;28
30;304;6
539;90;42
685;526;35
569;334;15
643;779;28
642;184;30
603;189;11
42;156;35
533;672;47
46;158;2
783;73;25
91;316;25
44;771;46
562;272;6
676;580;35
631;165;25
258;759;20
653;370;15
258;121;16
466;207;17
274;261;22
105;236;4
594;648;10
437;73;4
356;130;14
538;117;23
281;65;22
779;73;34
365;227;36
24;181;24
617;40;8
468;361;29
761;40;14
482;75;10
123;621;46
332;377;14
19;298;20
696;181;10
384;398;26
543;566;7
516;651;1
606;211;8
371;514;31
287;129;20
460;699;14
800;397;2
730;373;11
390;614;37
296;511;18
622;787;29
26;760;34
718;647;48
676;21;5
163;769;16
547;58;37
230;208;27
690;651;49
772;534;39
725;707;18
222;760;40
247;692;46
438;530;7
788;398;32
746;246;19
559;614;29
368;145;22
753;92;1
14;743;38
167;555;31
471;80;31
510;138;9
220;387;11
125;157;27
16;162;38
726;427;11
737;420;23
63;80;45
536;438;34
46;730;16
711;794;44
582;60;35
55;720;37
612;432;35
411;214;23
343;91;6
731;393;42
682;539;25
407;56;28
573;116;17
648;621;8
792;503;40
99;704;40
717;515;1
52;377;11
660;670;38
413;726;37
350;696;26
25;182;5
582;34;49
576;350;41
716;677;32
139;605;48
196;355;2
489;772;33
369;764;16
369;720;43
30;324;16
445;711;40
551;637;45
344;282;27
272;671;11
271;398;42
454;437;21
138;492;16
267;289;1
710;76;12
605;586;6
357;508;38
582;472;24
355;377;33
248;669;18
368;98;7
270;367;7
713;566;20
278;47;47
785;57;3
463;516;25
702;772;16
204;748;24
545;24;50
614;345;44
86;555;8
547;206;23
680;276;22
429;718;13
87;746;6
498;289;18
428;219;20
553;55;34
63;168;50
192;268;25
652;214;8
732;17;24
331;189;39
659;611;47
715;568;46
57;230;12
340;752;42
271;629;30
691;284;44
342;140;35
94;401;15
169;785;33
564;249;42
58;663;41
110;292;1
119;207;39
578;173;11
664;349;50
597;239;31
277;115;40
269;203;38
730;617;37
552;371;34
762;78;24
244;694;22
561;113;28
782;669;23
499;722;50
180;609;35
486;490;21
416;357;33
749;540;31
518;613;39
245;621;38
541;624;37
96;609;33
546;255;29
726;248;47
644;208;15
492;755;34
603;558;2
223;566;27
327;319;30
389;31;35
592;654;24
436;406;19
393;484;10
664;315;47
307;12;16
800;483;36
311;390;36
315;597;38
534;128;14
493;617;46
502;392;34
293;342;40
620;265;30
226;468;30
374;255;38
743;174;33
340;706;15
672;323;47
160;491;17
590;353;18
190;164;8
692;209;44
614;104;11
781;500;38
320;717;3
720;778;4
686;266;30
32;28;33
669;714;12
284;717;23
66;335;32
243;10;36
698;312;30
530;43;29
31;566;2
714;316;26
709;175;44
47;35;33
384;373;34
738;778;12
715;192;47
428;33;35
238;463;48
189;627;18
125;710;8
52;570;18
687;12;37
388;748;5
488;354;18
728;589;23
785;10;50
301;366;49
407;774;3
678;449;18
505;793;19
356;641;19
238;668;1
223;638;7
308;365;33
655;112;45
589;327;48
207;402;9
609;308;42
594;595;33
646;528;9
223;41;29
385;334;38
153;411;7
4;516;27
13;113;12
292;707;3
157;133;39
194;65;23
389;529;29
122;184;12
454;262;24
620;280;45
529;556;24
763;516;16
247;23;38
60;308;26
52;735;29
219;550;7
176;710;24
316;225;42
732;699;35
22;737;26
405;386;45
29;625;36
637;424;24
27;487;36
596;8;8
281;160;9
66;704;31
32;761;39
141;694;2
82;192;11
421;397;31
299;281;48
467;692;23
558;87;36
167;327;39
96;702;11
663;642;49
758;365;43
451;789;14
564;654;18
492;394;4
84;235;44
773;294;38
181;626;29
13;395;37
558;613;32
800;659;30
507;427;7
35;711;32
234;224;28
484;508;18
535;202;39
43;562;30
38;407;30
502;165;4
351;548;50
61;223;18
540;672;24
65;661;30
91;172;2
560;529;50
504;661;20
690;530;12
728;226;34
194;483;41
607;149;38
585;226;2
303;209;46
348;92;42
325;401;1
274;713;24
88;638;48
250;635;48
209;459;40
539;452;46
344;260;13
144;547;49
248;705;42
328;7;28
429;324;23
657;108;34
604;464;5
618;321;38
762;161;26
242;525;21
488;91;13
214;785;24
59;402;36
596;561;19
466;180;45
313;715;39
783;248;18
680;734;19
725;154;17
240;724;13
485;150;40
179;548;37
209;105;33
30;799;8
77;424;36
120;400;14
73;185;13
286;490;7
36;564;4
349;597;44
576;68;27
352;610;5
226;677;15
463;796;37
279;19;48
376;279;36
556;94;34
231;144;26
46;283;49
153;516;1
250;178;34
663;721;30
286;778;44
137;486;44
428;506;46
550;667;11
344;582;44
758;799;26
599;168;34
223;729;28
549;125;34
493;592;25
621;65;39
465;788;46
99;672;26
530;792;24
694;207;46
88;346;12
351;592;24
499;724;45
497;667;27
385;693;2
156;739;16
671;59;29
527;480;20
435;241;28
391;457;46
797;638;11
629;100;44
274;49;13
605;751;19
766;2;22
83;266;16
485;408;36
644;397;3
731;130;25
398;459;11
799;407;6
138;612;44
206;234;40
707;320;21
453;520;19
276;737;18
238;718;37
74;749;13
142;356;36
82;426;13
6;722;50
167;437;48
227;131;18
158;162;24
670;351;23
530;661;20
353;787;24
665;611;1
426;448;28
644;45;32
577;216;27
771;611;22
123;235;36
485;536;20
69;791;27
417;339;20
680;639;29
789;691;2
184;97;14
29;142;37
139;291;18
99;570;48
684;561;11
274;425;9
800;269;21
46;616;15
465;227;8
482;521;9
680;717;4
432;323;9
746;465;4
409;540;17
305;351;48
273;574;43
41;80;18
37;173;8
508;147;12
620;161;47
350;178;1
798;185;20
511;322;37
778;140;31
561;514;16
52;486;38
177;504;15
256;32;9
120;575;44
769;379;36
13;609;24
431;455;23
716;382;1
52;690;2
758;666;3
703;402;13
126;135;15
734;113;24
321;156;37
639;265;8
271;275;45
229;31;10
472;431;39
677;744;46
741;296;44
172;763;16
259;465;5
133;269;42
705;507;27
195;17;12
10;170;36
25;311;26
180;360;23
600;750;20
414;470;46
53;241;42
697;87;29
34;602;8
287;534;46
300;117;1
486;533;36
173;44;41
30;91;34
108;212;42
324;405;48
75;728;47
506;250;32
517;715;33
335;366;35
721;107;8
83;630;5
500;284;43
262;15;14
551;608;4
16;205;3
665;314;44
360;266;23
27;284;2
146;510;26
84;278;20
41;534;36
259;355;28
22;553;34
741;46;43
212;118;31
417;330;39
550;788;35
489;330;22
208;447;37
357;482;34
633;87;1
323;244;11
105;201;42
106;327;48
266;515;28
332;519;26
695;697;21
465;285;39
108;313;11
159;651;39
351;404;21
582;157;10
515;299;28
203;491;25
126;553;21
533;214;7
118;315;19
350;645;23
780;260;7
495;726;18
328;725;7
659;136;50
261;531;26
38;465;36
654;178;30
704;644;41
556;735;27
457;673;30
674;147;38
390;419;2
241;273;42
326;148;29
797;544;20
766;765;39
90;166;41
355;204;19
427;227;44
613;465;22
614;185;12
128;743;36
736;429;41
268;150;28
340;19;7
499;680;37
464;139;38
70;697;44
43;762;34
616;214;10
548;621;45
566;8;18
572;219;47
765;136;7
144;797;45
733;405;28
138;349;38
223;715;48
72;512;48
261;670;37
370;492;2
171;771;11
474;755;13
405;49;37
46;391;5
363;757;19
735;139;45
570;501;4
283;47;22
436;750;7
179;18;8
406;330;2
3;532;26
354;517;44
716;610;32
336;794;15
734;486;17
312;68;27
687;329;43
224;593;25
570;60;1
30;748;12
709;481;48
285;752;15
418;557;8
320;574;48
500;753;1
13;550;4
163;753;21
73;543;24
17;301;16
304;711;8
306;666;15
577;348;36
507;622;29
498;350;35
594;765;36
593;115;14
139;310;42
51;134;2
314;576;30
377;699;47
111;523;47
477;415;11
700;135;30
787;642;17
541;662;41
169;131;8
392;582;16
655;444;47
108;800;3
374;735;32
119;205;5
339;773;34
678;17;38
112;231;36
172;244;46
438;164;26
161;750;9
480;745;2
382;778;49
192;120;19
213;630;1
62;75;12
281;325;4
553;183;42
175;256;46
56;665;16
427;368;8
147;442;11
204;315;11
198;30;34
738;244;19
206;445;42
713;522;11
276;699;38
155;237;6
15;42;1
318;515;40
466;765;22
574;210;11
501;542;42
275;460;14
451;369;27
46;552;17
418;780;19
242;762;17
41;282;7
614;332;38
633;486;30
547;47;33
338;586;29
165;195;29
193;738;33
415;630;1
170;310;12
370;457;34
637;66;17
260;165;22
419;122;18
78;404;47
430;599;12
365;328;47
640;8;21
687;513;18
686;460;34
567;587;17
461;34;23
340;106;18
764;423;5
7;212;50
717;132;10
487;564;15
80;170;36
229;272;24
522;681;5
295;717;43
406;217;7
230;213;14
90;370;43
6;527;34
711;465;18
607;212;8
165;154;16
7;266;22
220;651;22
751;436;25
681;545;16
186;7;2
260;26;18
689;419;47
103;217;48
61;559;46
702;102;20
390;399;50
351;247;27
727;466;22
139;300;18
4;795;39
638;514;27
667;588;29
323;444;48
389;788;40
672;601;32
31;43;23
751;437;38
565;651;34
313;172;36
351;244;32
93;552;31
257;324;2
22;66;26
314;588;18
439;47;13
514;20;1
9;522;30
15;443;8
375;400;49
779;593;20
139;329;19
188;691;9
605;315;7
637;555;46
578;71;11
796;790;24
200;36;46
780;641;46
491;287;3
708;606;19
74;487;27
564;182;10
505;681;47
514;95;19
157;799;50
486;521;15
3;365;41
250;719;47
636;650;35
402;683;27
357;622;7
485;494;21
788;132;48
664;179;21
485;792;8
591;681;24
481;773;36
151;182;49
671;464;40
20;769;10
700;673;9
601;186;48
291;799;32
671;529;30
121;675;23
193;688;11
194;258;9
72;54;8
471;45;11
603;745;32
400;474;1
177;367;22
761;312;29
422;169;20
75;147;17
452;268;35
57;140;18
72;576;44
579;443;8
692;428;11
3;388;26
566;287;8
699;713;38
693;518;37
263;169;20
774;111;28
628;143;22
34;242;44
335;336;8
764;68;26
81;774;33
338;489;27
473;185;26
566;313;14
637;637;4
575;15;34
742;782;29
796;477;12
17;358;38
316;89;24
152;61;19
719;659;37
410;612;48
89;402;17
738;763;4
564;191;3
608;573;23
446;384;27
673;223;10
486;611;16
587;480;33
744;493;43
784;383;1
286;433;38
742;187;12
460;520;45
353;306;43
136;322;8
653;132;19
303;498;47
143;139;20
267;173;43
172;234;1
550;733;26
759;693;4
476;731;34
69;352;22
24;663;20
751;408;11
360;607;19
124;749;29
757;173;41
694;144;21
356;298;37
150;314;6
282;499;26
211;269;38
635;644;29
196;577;3
427;40;18
417;692;45
188;415;24
295;87;15
564;383;42
335;376;50
421;429;50
52;63;35
421;257;12
558;733;8
664;377;22
734;147;6
721;22;5
203;434;4
545;731;2
156;343;38
164;434;24
424;204;41
584;547;39
549;54;35
575;222;49
194;257;34
623;436;10
782;797;3
30;674;38
631;636;17
591;248;34
622;446;21
726;713;25
87;422;7
323;477;31
39;240;5
582;679;3
454;448;28
515;702;38
499;622;13
44;298;2
584;448;13
15;657;11
221;508;24
699;69;30
243;97;16
691;727;40
742;618;38
273;770;42
313;154;30
588;200;22
414;511;39
332;778;8
55;88;6
273;227;32
772;536;36
324;284;9
613;272;28
693;120;44
451;278;30
315;622;11
546;372;28
786;410;13
274;638;9
451;686;41
584;716;11
540;403;26
640;530;49
44;526;46
352;422;14
340;402;4
643;22;1
100;45;22
303;453;43
500;645;45
630;676;9
310;77;18
425;474;3
587;183;7
176;503;12
617;475;27
218;35;9
667;666;41
580;460;34
364;508;2
687;745;18
105;205;9
590;439;33
732;339;25
657;547;7
90;82;30
771;766;35
682;635;28
34;128;30
422;529;27
545;266;29
543;396;36
238;150;27
263;34;27
172;294;12
601;50;46
17;747;39
210;442;47
159;687;14
408;41;42
708;347;43
60;463;39
277;176;3
629;402;24
391;43;40
546;318;18
159;332;13
156;101;29
187;318;25
299;18;2
550;297;16
356;308;38
601;365;25
57;291;1
590;227;29
179;240;35
326;264;5
309;230;36
130;88;8
506;208;36
235;725;41
253;198;11
504;211;37
9;234;4
341;58;20
402;768;32
536;543;32
208;241;29
464;120;7
75;340;15
627;498;47
727;641;4
769;271;44
91;382;9
200;61;8
560;604;43
202;250;2
282;725;50
223;80;28
219;114;28
264;535;34
266;679;36
541;358;1
226;664;1
1;223;20
472;611;8
396;13;28
137;397;22
278;730;8
115;690;35
388;590;11
345;164;7
323;501;28
600;397;46
136;679;24
167;665;50
314;90;29
509;353;26
601;605;11
534;726;33
28;238;14
155;340;15
161;174;46
149;496;13
284;296;37
241;646;27
421;247;25
582;116;19
799;497;49
773;434;17
248;584;29
164;82;29
759;331;6
783;235;47
515;696;48
134;304;24
325;283;41
568;445;45
252;640;19
648;757;33
786;41;12
681;487;27
715;428;36
146;568;28
401;429;39
359;601;19
27;118;5
249;44;47
27;204;1
773;663;47
683;149;30
10;147;46
496;713;27
537;336;25
441;122;24
109;645;33
398;159;19
312;420;13
687;386;47
46;515;35
633;562;5
389;698;45
309;207;40
782;623;31
379;537;40
195;580;49
12;721;23
277;341;45
202;138;5
557;333;14
745;75;24
27;109;14
782;367;26
717;10;44
470;684;2
132;139;13
74;689;34
83;246;26
792;196;28
434;237;35
544;107;12
20;550;28

