700
17700
4200
14;27
58;94
31;34
59;69
46;81
4;31
20;85
35;22
85;13
15;64
95;90
85;47
49;65
9;69
81;58
27;8
93;76
92;41
58;48
91;82
18;24
40;86
47;89
60;89
27;56
40;58
27;59
48;57
100;4
96;13
88;32
52;19
70;34
49;65
22;37
89;3
84;72
11;84
93;98
89;73
83;3
60;66
13;38
6;66
34;71
8;26
81;80
74;37
34;73
27;31
24;26
53;84
3;35
78;49
92;39
78;10
9;52
21;34
67;18
13;36
52;10
49;7
81;39
66;70
24;82
11;91
63;43
52;97
49;16
15;51
34;17
50;80
31;61
9;38
72;4
97;81
22;34
40;85
81;33
71;94
15;23
25;31
12;84
57;46
52;99
19;53
27;19
42;3
23;92
30;33
73;28
89;83
76;22
43;63
14;45
70;33
62;26
41;54
1;96
65;35
21;60
7;32
17;22
17;3
98;63
63;7
89;38
98;39
61;1
3;97
72;52
63;3
82;70
79;33
40;68
80;23
24;92
1;2
78;30
44;100
56;9
80;69
60;1
95;10
30;25
45;48
49;42
57;28
27;51
48;10
48;15
61;40
28;1
82;55
25;7
70;82
73;39
24;82
54;77
93;66
51;54
63;39
55;98
68;3
52;6
98;97
62;26
37;65
23;37
11;2
10;44
96;48
24;47
29;27
64;16
52;56
76;62
2;58
97;61
38;42
30;9
62;88
68;73
51;85
51;79
22;35
98;2
41;24
79;23
94;75
36;48
2;27
36;38
11;22
51;15
96;59
14;14
45;74
8;67
47;81
49;95
89;95
68;12
22;20
40;73
51;90
49;34
26;89
69;51
76;15
46;99
56;52
77;91
61;52
94;17
58;53
13;37
54;49
44;91
59;41
99;43
4;77
92;93
86;13
53;72
51;96
57;90
2;59
66;50
76;8
60;55
76;2
50;37
39;73
3;15
55;44
94;80
1;67
27;74
2;6
61;9
15;89
20;68
57;65
44;2
24;78
84;68
12;54
93;92
15;64
60;59
98;7
23;8
22;53
81;37
11;70
60;98
95;34
67;36
34;90
62;12
66;92
69;61
19;21
99;56
1;34
87;36
41;35
12;63
51;6
30;49
93;3
92;99
13;76
59;47
32;70
93;42
91;41
16;66
85;17
13;67
79;89
56;26
100;80
94;14
24;91
6;7
87;58
7;12
16;55
63;72
16;25
5;94
6;82
95;63
24;13
70;80
31;55
12;32
22;97
44;48
1;26
6;67
33;16
10;38
27;94
11;17
22;11
21;66
54;17
20;98
23;85
12;87
99;24
66;75
48;28
25;48
70;22
13;8
53;59
77;3
16;89
64;39
64;68
35;84
1;90
58;74
4;64
85;97
54;95
86;35
65;92
12;96
19;72
24;47
84;56
76;5
94;85
92;77
69;51
49;87
73;44
46;13
11;28
11;36
56;92
92;67
13;80
26;39
44;42
93;32
36;3
98;43
61;69
82;57
99;6
92;43
12;15
51;28
17;71
74;90
65;84
1;8
6;50
19;54
85;24
30;94
85;71
20;81
68;33
47;12
54;75
91;9
5;100
73;83
26;10
12;29
80;66
36;78
9;72
50;71
19;17
11;94
22;14
2;52
73;78
57;1
79;47
20;23
64;10
12;29
25;33
91;99
7;99
61;56
69;71
9;40
60;65
38;88
80;23
24;34
75;3
87;78
30;91
69;7
36;41
1;31
74;37
92;95
29;66
21;3
47;24
42;15
9;21
85;71
31;5
9;25
86;13
29;48
50;37
19;28
7;94
19;9
42;28
99;29
10;79
19;15
34;65
30;62
3;68
15;84
65;54
94;80
26;67
71;42
72;86
66;86
44;48
82;78
21;42
76;70
22;15
3;67
84;71
97;64
12;14
44;26
61;92
68;62
63;9
46;74
99;18
18;53
23;40
35;99
58;89
62;80
29;29
21;40
21;22
90;29
5;96
85;23
21;100
68;94
85;24
29;57
91;69
6;89
4;97
40;40
54;8
46;9
51;18
10;42
42;45
50;98
95;62
25;52
45;78
57;73
36;68
25;18
22;30
91;66
39;20
71;72
24;99
60;28
52;9
93;60
95;78
57;1
48;58
92;12
86;87
25;44
16;11
56;10
17;99
89;69
68;28
36;100
85;77
4;5
88;86
35;47
83;52
11;84
50;38
3;33
24;28
6;84
85;19
72;69
55;43
24;33
15;53
65;27
48;87
98;36
35;6
94;3
58;62
96;18
7;86
36;68
30;52
54;36
23;88
16;82
21;41
92;85
56;84
40;38
42;50
97;69
26;88
92;87
9;18
67;19
17;65
21;9
64;86
25;15
6;73
73;94
78;26
100;67
39;32
16;21
98;60
98;69
23;9
68;68
100;42
30;75
74;15
62;55
87;78
93;11
75;22
18;69
36;39
25;95
48;18
94;68
97;78
5;30
99;56
90;17
6;35
95;14
100;89
45;63
67;79
44;12
28;48
39;98
7;58
79;23
87;5
89;66
86;68
38;58
50;49
43;75
56;81
62;36
45;86
100;56
55;95
75;20
66;54
76;62
52;32
65;73
16;97
49;96
78;22
44;44
60;9
74;22
17;52
45;94
75;59
14;11
56;44
18;48
89;5
18;37
82;29
25;87
83;19
70;37
89;100
61;56
10;51
95;70
73;72
62;71
25;99
8;100
9;72
97;1
66;56
80;51
2;53
89;31
80;34
49;34
22;82
31;58
30;84
47;98
14;25
78;71
39;62
25;66
15;69
91;86
39;3
22;94
32;16
2;32
48;26
100;7
49;47
50;83
57;3
33;35
61;19
9;2
28;93
25;99
77;52
73;19
62;19
20;25
55;82
20;10
65;76
54;31
19;73
52;49
76;80
57;52
1;94
23;68
18;83
48;100
100;49
35;96
81;51
59;26
76;62
74;41
32;52
60;60
84;6
99;30
61;24
19;78
68;41
3;13
56;25
75;96
75;84
97;73
77;43
86;54
98;50
98;78
90;49
88;63
31;88
17;13
14;79
44;17
6;58
79;14
62;66
96;33
43;89
27;3
11;88
37;5
85;80
82;83
77;31
21;15
5;21
76;6
41;11
43;77
16;27
85;25
88;74
66;83
52;4
616;20;39
394;117;10
670;437;41
390;86;26
295;690;19
590;440;35
196;442;46
425;109;21
557;88;26
594;170;24
109;240;17
370;129;22
17;594;45
654;565;12
290;443;3
212;508;15
303;158;33
592;172;27
146;173;17
626;423;45
610;626;12
607;6;44
226;114;19
225;529;45
251;175;29
606;60;19
581;156;23
598;394;24
169;539;3
197;67;49
281;140;37
526;356;35
439;274;43
320;249;20
339;171;10
617;71;34
458;661;7
605;109;37
6;130;33
565;687;6
592;620;43
190;99;49
227;314;41
700;654;13
402;242;36
308;142;7
468;443;33
487;207;42
317;567;6
39;120;16
310;180;16
3;429;1
408;14;18
238;387;21
29;579;45
108;251;42
163;53;6
122;654;48
108;459;37
257;94;16
152;699;12
691;175;38
288;652;47
443;329;2
523;29;6
107;664;38
466;307;23
267;385;2
284;245;39
52;474;45
123;344;3
303;112;24
76;148;32
184;101;7
401;512;15
684;692;43
690;50;10
160;131;6
689;483;23
158;513;34
199;416;4
147;57;2
238;447;39
209;488;6
341;373;16
698;43;15
43;420;48
564;659;49
406;202;5
222;155;28
105;477;32
468;405;44
284;269;34
389;616;23
102;371;29
575;643;40
534;154;44
397;446;3
66;8;30
199;322;2
281;466;22
357;183;43
19;635;34
211;573;13
694;492;20
418;609;6
201;592;27
465;547;4
112;133;10
107;151;3
676;392;24
349;58;37
493;683;18
430;250;48
62;642;32
586;510;20
443;479;17
120;632;44
565;160;25
672;372;22
220;549;18
571;697;31
614;197;24
250;316;13
468;461;14
639;78;30
357;21;3
649;42;49
319;312;24
170;514;31
696;68;21
337;502;38
598;352;22
509;296;31
503;227;49
373;394;32
260;376;9
62;199;12
125;513;3
679;688;47
681;208;31
387;210;25
329;509;31
10;110;13
284;594;5
322;124;50
581;442;25
200;349;50
282;156;33
506;612;9
361;584;41
291;580;6
478;502;3
625;194;34
361;325;49
640;162;2
37;303;28
565;588;19
396;369;24
459;686;7
90;459;31
443;156;48
200;70;28
694;515;3
487;70;3
649;493;49
526;46;48
233;255;5
383;546;10
684;518;28
595;399;48
299;550;15
677;376;25
558;424;38
173;516;6
412;512;31
38;629;23
231;482;39
557;102;30
319;20;32
207;215;42
546;437;25
430;548;43
342;105;47
58;554;13
391;430;43
579;612;19
553;307;15
438;495;8
67;244;3
215;264;15
104;494;33
127;100;37
560;514;25
225;511;33
502;159;2
219;134;9
164;534;43
48;386;40
519;359;14
271;331;31
561;587;20
229;462;8
220;269;11
155;219;32
607;520;42
263;626;50
99;617;39
376;207;36
466;261;43
184;197;1
406;556;12
685;190;14
299;385;39
408;167;34
561;531;5
641;656;45
190;246;5
408;91;29
669;311;32
580;152;30
298;21;42
550;374;21
143;699;38
265;150;4
57;361;37
617;549;44
7;9;45
663;31;5
110;263;40
149;331;5
510;559;7
192;633;21
613;145;15
343;506;22
15;310;37
503;10;14
606;276;23
615;54;13
390;229;45
615;444;42
431;240;47
598;213;22
449;691;20
453;415;24
157;10;30
120;446;1
229;456;19
267;193;13
194;49;7
452;472;1
533;671;12
670;488;31
49;339;47
430;18;7
638;621;27
554;613;21
117;123;44
118;474;19
287;105;43
74;104;3
199;636;4
678;119;28
428;679;21
335;27;17
464;104;10
491;96;40
183;459;25
222;621;17
680;283;25
609;634;27
574;672;36
601;609;26
542;188;32
313;254;11
661;331;49
211;632;5
208;26;31
545;185;3
664;250;11
245;80;38
610;380;43
294;433;12
112;26;31
145;374;20
87;174;40
26;221;5
219;532;46
413;198;33
313;72;13
633;220;27
122;52;36
569;642;37
687;581;40
318;100;2
227;203;12
494;54;13
525;486;20
639;678;30
276;403;12
336;520;3
359;269;11
158;355;49
396;270;20
500;285;49
210;165;18
615;414;17
361;640;8
378;407;41
80;579;2
503;223;27
559;35;5
277;465;50
459;51;49
183;336;42
51;204;37
44;333;45
422;134;13
27;495;10
624;447;2
546;21;48
416;91;29
114;569;23
627;85;15
431;106;47
627;394;47
401;646;42
657;447;4
606;529;13
17;688;6
28;610;19
303;575;32
92;27;18
53;338;25
337;480;37
86;174;17
518;413;42
312;158;7
473;358;7
322;376;34
47;673;25
558;431;18
150;217;24
505;277;27
60;313;26
189;145;10
691;67;26
325;281;18
600;30;10
66;295;36
191;291;44
147;67;6
101;181;9
416;261;20
112;364;5
162;480;35
57;178;47
13;387;11
612;450;38
324;402;38
620;477;10
463;21;50
506;599;45
131;668;49
42;462;21
197;554;28
302;354;5
509;681;41
169;236;45
415;471;2
679;267;21
3;609;11
129;178;23
679;498;46
540;500;28
515;227;15
175;626;34
150;25;34
666;274;5
232;441;42
621;689;4
484;454;46
201;336;30
506;122;11
642;177;13
593;366;46
436;593;7
611;251;35
551;229;3
594;84;20
565;25;50
22;404;3
256;682;35
573;373;15
45;519;21
7;633;32
662;5;35
398;445;30
665;255;29
635;186;10
433;261;26
325;192;6
104;42;32
364;658;13
432;92;19
145;424;42
7;14;22
160;8;33
18;523;19
259;315;16
515;54;41
41;103;29
16;388;17
201;119;47
214;398;34
537;384;46
105;4;48
215;265;25
448;257;6
127;193;24
208;658;48
23;184;29
204;180;40
514;281;44
264;294;49
24;413;28
668;320;11
675;143;37
223;268;37
572;340;43
86;532;17
314;524;39
135;264;5
695;421;6
254;360;28
281;169;2
29;318;38
140;345;8
145;93;17
624;55;12
82;520;41
252;295;10
39;533;9
487;58;37
224;581;24
315;463;8
62;221;12
498;624;8
135;110;36
526;538;40
262;411;32
12;432;46
692;79;21
203;693;32
65;683;25
634;405;16
446;27;30
416;293;18
633;593;4
573;226;25
105;589;49
268;116;13
692;699;29
368;253;20
568;263;4
88;614;11
308;361;33
408;99;40
272;626;39
405;677;5
112;302;6
236;304;39
454;452;22
503;250;26
623;436;9
277;479;45
164;62;46
9;274;47
5;136;50
217;274;4
337;29;23
684;354;50
683;492;49
368;432;13
471;256;7
139;512;46
568;357;35
384;51;36
271;453;19
333;571;1
371;36;45
146;284;24
545;365;17
474;65;9
451;233;30
659;558;39
646;171;49
289;435;28
439;207;10
620;128;16
619;216;31
511;241;23
350;105;33
307;304;39
383;244;36
545;381;36
122;178;20
439;325;38
436;200;34
235;596;33
302;328;17
131;641;43
398;32;33
372;132;17
250;594;30
459;144;28
14;678;29
490;521;30
465;427;32
690;32;4
183;157;48
415;397;35
242;60;22
229;574;14
304;152;48
63;142;14
346;231;10
422;54;13
402;79;13
286;112;41
238;386;38
170;324;28
607;256;25
106;401;13
216;213;42
48;230;2
156;131;22
317;691;42
189;695;31
590;394;30
112;275;30
517;648;17
679;677;49
534;369;9
563;185;35
5;496;15
344;699;26
390;526;37
211;651;6
332;311;6
348;89;43
634;646;16
22;106;48
145;197;12
342;657;12
203;657;44
560;78;35
618;424;29
139;586;2
396;617;30
295;483;16
690;150;21
413;412;33
541;682;4
153;490;24
630;565;15
339;36;42
621;639;15
171;613;12
173;148;10
83;372;28
110;549;27
640;99;41
372;595;36
378;335;33
179;158;39
664;288;29
36;430;6
608;378;40
489;664;26
180;52;16
674;423;40
356;351;38
202;492;27
655;657;42
201;74;40
553;76;46
435;211;37
27;508;24
563;491;50
645;65;32
427;676;5
538;477;43
371;664;34
489;655;32
218;164;39
596;665;1
572;640;19
293;552;49
428;510;6
645;324;40
71;272;6
120;367;22
98;189;2
257;501;46
366;4;34
261;582;25
586;541;13
645;262;11
677;42;8
627;404;19
451;700;29
508;198;44
563;300;5
407;417;41
528;219;26
38;86;36
209;664;33
348;456;20
234;677;30
100;132;4
335;2;2
103;186;50
334;418;19
199;462;41
131;602;50
649;206;36
253;416;37
76;11;13
319;359;40
163;398;9
187;175;36
113;46;40
480;111;30
373;194;48
286;148;9
561;131;20
158;173;29
438;321;27
204;458;9
525;243;3
203;101;45
136;243;23
21;504;22
555;627;31
195;136;2
279;390;44
435;246;11
217;392;28
62;236;10
69;233;17
576;187;10
163;59;9
445;574;3
170;74;38
397;336;14
273;589;28
399;268;45
498;161;42
133;627;15
421;163;36
35;354;9
249;270;29
93;135;10
669;359;6
368;394;36
269;201;16
139;332;19
406;606;42
365;495;32
102;305;28
371;360;27
641;586;11
347;57;45
467;561;33
558;561;1
317;669;24
386;260;14
6;695;26
206;458;29
686;480;49
47;228;44
399;295;42
667;432;41
497;126;34
333;23;26
338;449;44
456;121;39
481;356;8
302;262;19
655;361;32
158;410;20
363;53;45
589;344;9
182;535;5
613;526;26
342;352;41
550;11;30
476;390;49
357;47;49
699;363;27
269;441;26
350;698;24
644;547;1
76;331;9
682;332;12
85;146;8
535;312;45
634;658;46
525;227;21
330;204;45
355;82;7
537;381;5
182;134;25
595;315;21
82;494;29
268;411;13
427;80;27
336;559;13
538;241;46
183;239;38
126;528;26
356;229;22
661;115;46
206;549;15
60;174;31
180;683;1
525;402;15
228;184;45
511;432;4
635;63;38
563;147;48
660;40;36
45;133;26
492;671;3
20;624;15
59;172;27
301;437;34
117;700;24
651;583;36
19;120;43
191;303;40
424;61;39
125;634;17
692;71;36
309;329;14
128;188;31
47;472;26
450;215;10
488;666;3
114;480;31
289;429;36
355;231;30
589;19;2
170;377;4
581;355;17
279;355;15
332;27;28
302;256;22
32;629;19
630;276;6
212;404;4
193;31;31
410;141;15
153;631;49
129;24;23
257;138;39
513;362;37
526;74;4
191;356;35
511;557;49
202;47;44
22;345;10
564;589;38
60;461;31
4;195;13
393;655;6
497;241;4
83;570;41
446;541;38
114;351;27
491;177;40
544;587;15
136;148;2
64;271;28
608;361;45
536;610;47
191;658;35
489;508;26
681;328;37
447;227;48
370;403;42
525;299;46
146;415;47
23;663;7
337;657;25
15;126;41
618;181;45
193;165;22
52;73;49
676;131;4
379;413;17
40;664;28
362;207;21
529;43;48
37;204;6
102;633;9
683;212;6
184;537;43
618;58;7
207;666;46
364;531;50
576;337;23
168;496;1
668;281;15
195;571;30
34;612;32
187;8;30
431;638;47
679;311;19
268;434;38
200;425;2
217;527;5
398;515;42
392;58;33
96;365;25
536;249;21
541;123;33
452;99;47
139;125;44
291;173;35
662;626;27
306;539;11
540;13;12
44;74;29
593;213;10
635;557;50
476;1;12
698;81;7
64;78;21
31;260;3
407;144;14
280;683;26
269;488;20
360;375;40
235;464;6
61;86;17
334;437;40
651;54;50
26;211;45
222;395;28
272;168;32
260;510;2
152;457;1
206;698;40
482;41;31
308;693;27
537;299;9
305;587;24
513;499;6
606;644;41
664;260;29
681;478;17
205;44;28
688;661;10
235;346;8
457;325;16
3;260;38
440;502;41
147;448;27
440;565;4
310;32;26
480;177;8
110;680;37
579;81;2
408;342;34
690;351;15
209;613;34
223;450;12
257;363;37
533;292;36
476;106;45
177;621;49
675;552;40
441;76;27
525;306;47
95;42;45
101;498;7
645;343;43
368;163;46
313;369;43
290;524;43
228;571;12
349;17;39
690;551;32
151;528;50
261;330;16
644;190;30
526;275;9
233;55;25
605;312;5
206;421;9
284;153;28
105;634;10
95;87;25
109;256;30
355;272;7
662;63;33
38;491;17
281;10;4
309;176;6
48;452;2
328;42;25
106;65;42
669;582;19
303;154;45
559;516;44
108;77;28
208;320;40
651;501;37
250;88;19
286;223;28
312;293;48
352;332;4
698;286;40
107;1;43
557;285;14
154;673;6
434;322;43
334;356;24
316;307;50
646;580;10
596;270;13
588;143;23
465;60;37
553;185;26
438;227;4
49;418;1
464;437;17
166;476;2
629;194;43
364;688;41
41;593;47
247;180;47
170;693;29
308;245;9
342;272;43
664;684;20
691;666;34
527;629;19
141;676;33
484;390;30
585;30;29
403;226;39
659;617;23
310;210;48
488;283;11
457;328;7
88;169;29
292;304;39
687;227;44
171;380;19
105;458;49
235;265;15
454;28;38
344;411;12
105;155;44
630;340;18
527;549;35
229;29;35
267;347;35
161;217;27
134;283;37
208;618;34
425;469;1
226;256;7
121;153;43
170;461;2
662;250;6
148;236;25
99;663;37
92;664;46
162;517;7
372;430;50
519;162;10
498;168;7
573;316;21
480;381;10
250;464;12
119;530;48
253;20;47
460;303;37
403;192;19
333;486;30
169;315;10
104;408;14
456;133;29
185;484;18
246;6;11
588;28;42
342;312;9
391;57;8
16;262;43
398;186;8
73;644;50
591;453;42
578;72;43
146;239;34
225;353;22
648;372;30
39;549;22
616;423;42
45;461;6
55;471;6
195;628;24
479;453;41
259;190;41
149;237;31
55;435;37
79;142;43
161;639;48
470;402;13
217;689;47
149;329;20
235;103;48
89;474;45
298;378;27
188;403;30
337;627;5
116;299;33
517;341;10
543;480;9
596;76;24
437;134;35
618;75;40
298;407;6
654;628;47
216;241;20
364;481;37
173;541;1
140;242;49
37;572;18
285;572;11
443;489;12
28;589;32
186;593;1
208;366;28
241;137;23
123;270;14
118;225;22
80;496;4
283;22;9
223;395;25
445;104;31
324;259;23
473;531;29
243;640;46
146;265;1
215;143;28
571;83;11
313;5;30
271;648;18
199;8;39
287;636;42
525;142;21
284;361;38
93;333;33
572;271;45
477;358;45
288;410;6
16;238;41
120;491;47
675;667;38
694;144;12
575;367;16
254;11;4
476;36;4
115;383;24
589;416;28
162;433;38
387;657;28
582;341;11
364;653;46
259;467;26
438;628;32
168;170;42
262;157;27
295;644;39
486;288;49
26;650;39
461;203;1
294;36;12
624;107;39
269;342;45
154;438;3
372;285;13
381;689;22
4;664;50
97;412;29
101;292;19
330;28;35
602;339;26
184;661;48
695;260;22
333;165;20
235;332;7
317;398;30
476;695;6
177;448;3
17;345;10
393;277;48
66;406;10
461;128;25
8;331;23
96;306;34
375;542;16
33;525;20
659;62;9
483;632;10
606;29;18
585;595;6
571;192;1
546;521;28
485;318;22
563;205;1
334;326;50
619;408;8
158;27;2
515;434;49
492;689;41
99;608;43
612;448;47
378;609;4
658;285;15
220;687;8
330;681;42
532;539;11
348;117;42
564;165;22
383;177;18
308;591;30
454;684;34
209;350;20
395;58;35
182;557;32
39;541;21
664;183;5
304;436;38
335;632;48
595;40;44
636;668;25
423;456;6
262;557;13
670;625;36
51;529;41
224;331;43
647;296;28
6;614;10
509;300;38
384;213;4
234;435;44
11;494;19
586;229;50
463;273;42
388;39;41
482;619;25
110;657;32
325;182;29
144;361;19
179;345;19
183;595;15
251;155;3
462;135;38
278;28;31
520;408;35
546;672;17
378;522;8
454;4;39
282;210;30
371;404;7
371;686;38
614;332;20
316;120;41
278;535;34
259;220;9
28;56;3
141;472;43
101;501;42
679;595;13
459;339;40
382;554;28
139;637;14
532;542;29
483;281;40
646;681;38
47;384;30
608;426;10
121;631;34
133;469;21
140;653;30
244;206;10
259;581;23
137;508;6
108;70;17
448;412;30
207;418;37
569;253;47
313;637;21
425;662;7
236;394;39
656;511;47
591;633;20
163;450;14
99;165;34
506;234;34
535;117;31
50;506;17
224;300;49
462;201;4
445;171;49
542;272;22
425;289;18
615;337;14
530;203;39
203;254;44
250;245;26
277;93;25
557;138;21
379;590;23
301;693;27
692;176;49
28;333;43
76;447;5
295;526;17
144;319;19
502;474;41
479;24;29
99;630;44
685;644;34
629;362;32
279;133;12
637;283;16
135;61;41
342;419;15
463;284;29
32;204;30
386;325;30
49;46;39
370;677;25
206;443;23
474;35;49
24;557;11
616;683;27
494;462;15
673;104;17
150;378;6
167;503;45
589;82;12
639;390;44
373;14;18
601;127;44
589;430;24
304;110;9
98;450;22
64;652;34
247;243;32
149;578;24
129;489;40
332;356;4
539;439;37
448;134;24
686;59;37
328;320;40
286;512;47
234;46;48
98;166;15
296;209;42
531;150;25
612;442;44
166;381;23
380;239;31
147;329;14
83;605;42
190;67;38
298;327;41
629;635;29
428;419;40
106;62;9
663;202;1
86;345;9
687;610;41
476;358;26
12;448;2
439;342;18
223;272;4
257;674;12
288;9;4
416;328;50
4;623;42
649;397;7
290;180;1
327;367;22
183;442;7
543;167;36
311;629;41
446;304;16
222;536;10
450;654;18
513;421;39
70;522;36
592;360;25
699;275;7
224;214;28
467;540;26
359;288;16
547;205;23
687;649;24
321;204;20
401;659;43
208;253;12
668;362;32
197;369;3
517;650;21
136;645;1
322;246;36
385;89;7
371;505;34
287;128;23
531;614;6
557;513;30
516;584;33
615;480;30
693;71;18
323;140;31
564;400;29
197;198;11
613;102;26
86;519;31
654;485;8
306;367;30
615;132;33
646;415;19
232;175;27
586;100;35
673;66;22
418;57;6
144;447;27
340;177;13
612;664;22
42;519;5
637;636;36
163;478;23
433;107;31
146;637;36
659;575;36
542;688;9
332;486;49
370;338;9
529;578;1
242;552;28
510;542;25
306;191;31
513;252;38
81;574;2
323;455;6
536;457;45
208;641;45
38;282;47
517;670;3
207;435;38
570;697;9
168;77;20
63;152;48
326;564;33
296;222;33
629;552;48
677;459;19
661;514;21
35;517;12
683;542;23
48;517;41
168;419;2
464;62;1
485;280;22
190;5;4
370;617;46
320;329;36
208;607;50
264;558;10
62;302;36
54;136;31
641;5;33
72;656;3
477;669;43
169;503;48
407;337;20
518;43;48
648;680;7
155;484;4
586;85;22
55;211;48
548;271;31
78;472;7
554;365;49
654;394;25
156;578;32
404;575;26
331;623;46
560;37;18
487;172;28
142;612;5
142;533;11
486;597;44
696;664;44
455;440;37
213;8;18
449;73;43
64;129;46
306;121;28
361;231;44
689;33;19
533;697;28
88;443;41
440;451;31
15;270;17
17;186;7
74;256;15
66;199;39
162;698;41
434;402;44
695;538;8
524;575;39
201;172;16
610;49;38
307;216;4
232;500;23
468;61;24
508;418;16
539;219;14
158;607;5
557;342;32
309;127;26
184;350;15
544;50;28
166;493;32
364;197;17
687;69;22
533;640;39
65;550;18
253;472;11
612;232;15
291;599;40
3;303;42
213;616;1
420;55;9
102;505;3
217;617;40
323;18;13
584;307;38
330;285;9
418;326;9
128;6;41
187;403;25
366;245;23
42;597;29
361;33;21
664;361;7
407;225;25
205;212;45
94;491;1
654;405;35
183;477;44
256;165;41
46;143;49
389;484;49
46;492;17
676;428;3
74;659;13
631;243;12
695;161;49
182;125;8
688;444;5
167;334;18
513;628;33
46;695;37
428;194;23
433;71;41
569;435;21
593;555;34
603;137;23
27;347;40
56;306;3
369;416;43
460;584;12
553;564;3
426;657;22
263;60;49
4;683;30
632;59;37
562;49;25
265;605;32
602;597;26
685;182;7
345;122;1
58;550;1
123;556;3
437;594;8
346;320;1
64;592;43
112;357;8
65;562;21
489;180;6
193;441;12
218;203;2
548;146;42
178;238;43
92;20;13
445;564;3
627;530;18
4;306;46
291;14;23
139;144;26
472;104;43
4;349;14
459;377;10
545;589;3
303;223;26
399;111;9
445;143;32
529;151;50
688;62;44
356;345;44
7;246;14
334;433;47
198;114;27
380;397;17
336;669;43
150;377;33
418;271;22
572;664;49
446;163;31
357;542;16
438;535;23
96;191;19
238;604;24
583;276;48
248;25;50
277;297;21
344;640;50
260;86;25
275;463;41
217;67;24
51;444;17
16;690;7
134;688;6
413;305;41
94;472;38
591;249;40
311;101;21
635;687;34
340;464;7
453;160;20
56;410;17
182;184;35
96;146;40
545;116;38
112;608;6
387;343;49
390;249;22
134;338;4
644;439;31
697;85;7
199;420;21
535;348;17
533;678;8
229;642;23
218;383;38
512;525;38
483;433;13
300;395;29
594;218;25
677;301;27
144;31;44
667;310;26
320;577;18
107;473;18
104;34;2
636;81;8
695;110;19
694;251;45
600;225;20
688;564;42
8;628;3
266;210;42
98;125;33
548;529;12
638;640;21
351;331;32
97;565;4
44;269;19
435;549;18
622;138;14
383;37;41
431;78;37
222;336;28
634;77;14
217;129;2
160;279;21
495;577;30
611;397;34
340;497;38
691;229;3
26;245;31
181;537;10
663;415;33
439;161;48
578;554;22
620;50;18
276;168;45
454;431;33
108;412;19
429;34;34
421;302;48
344;631;15
681;578;39
327;141;17
521;423;26
410;558;43
562;442;45
31;524;7
170;668;5
502;476;39
207;375;36
189;526;6
140;127;45
100;686;50
86;177;5
538;8;23
307;514;37
388;599;38
638;15;20
327;180;7
666;628;12
377;72;22
195;109;14
485;75;39
292;558;48
127;421;41
529;313;27
92;485;15
573;3;30
592;155;20
22;36;28
391;458;29
211;238;1
696;320;16
128;278;40
9;234;26
422;37;25
449;366;19
172;263;16
409;461;41
586;114;39
179;368;32
572;314;27
328;446;47
567;582;37
686;550;32
28;247;15
64;327;37
415;698;24
311;624;45
342;452;44
215;483;34
237;239;1
213;311;4
188;585;6
194;587;14
222;607;5
408;685;28
368;174;30
535;73;34
542;481;27
273;422;23
315;219;32
505;3;17
593;270;42
36;240;4
261;507;2
457;145;43
403;265;48
203;319;34
284;582;17
347;7;47
141;161;17
296;694;3
220;28;5
157;583;47
57;231;5
513;136;20
172;54;49
102;330;26
76;690;9
163;332;25
90;413;19
582;319;45
274;18;19
450;494;26
328;62;9
597;310;14
647;120;42
459;72;3
88;229;17
320;635;23
260;657;32
3;146;43
387;422;10
603;115;15
657;210;29
621;17;7
204;33;44
583;423;6
154;403;14
391;43;39
21;79;32
51;635;40
183;450;24
385;14;6
475;680;32
546;181;38
140;126;43
296;451;43
581;297;14
262;380;22
536;216;48
642;235;47
394;206;38
97;271;20
195;134;43
453;303;49
608;168;34
94;499;12
263;39;24
201;5;28
341;110;42
434;201;36
410;15;27
679;507;13
535;396;45
321;6;7
518;511;23
228;164;27
428;531;13
251;200;15
319;461;45
12;371;10
626;619;48
193;434;2
310;67;40
396;587;8
353;9;7
697;296;18
672;626;33
499;449;2
387;403;38
253;26;47
589;579;33
361;253;28
526;39;24
209;172;11
315;377;18
276;664;30
345;561;8
295;486;20
32;601;43
324;83;32
565;507;36
522;361;46
116;264;48
398;61;46
690;259;50
423;241;14
467;263;28
258;343;4
110;278;35
47;144;18
573;317;15
196;421;3
111;272;17
13;288;14
496;153;23
593;677;35
233;187;12
299;386;33
17;471;45
474;316;11
495;670;47
534;98;12
293;671;10
589;437;31
110;575;25
19;142;44
295;685;4
199;694;49
16;357;18
246;127;6
274;95;7
219;451;11
124;165;28
237;646;19
131;432;22
549;493;25
63;412;5
1;582;24
389;82;41
83;175;9
555;27;39
10;50;50
370;271;20
497;681;42
19;321;38
53;639;41
338;518;20
528;302;6
550;97;34
520;180;7
507;113;39
699;497;13
494;164;6
441;590;17
39;195;18
353;136;12
670;427;10
459;436;13
87;275;20
605;92;24
98;178;8
390;549;4
13;372;29
30;110;14
346;418;1
630;555;25
243;17;10
191;119;33
492;651;47
391;595;31
571;540;48
1;392;18
385;467;14
136;72;26
554;71;34
451;12;3
104;498;12
667;8;4
461;271;46
692;12;40
495;376;37
622;417;12
377;447;30
404;603;47
692;612;6
231;130;49
130;190;16
276;662;36
675;113;13
223;101;45
583;654;22
107;563;10
519;183;41
667;496;31
558;349;47
159;481;38
364;633;40
465;504;13
201;275;15
110;182;47
21;362;1
170;38;9
562;28;48
388;150;27
24;606;44
601;272;20
230;152;42
534;244;2
583;624;50
632;480;27
215;11;48
93;214;19
293;33;32
693;478;28
200;153;40
229;554;3
371;609;19
434;551;34
174;349;1
535;509;15
138;601;17
659;592;43
555;326;23
325;494;39
349;136;30
438;61;39
446;63;38
569;604;39
360;347;6
154;426;43
607;146;33
117;301;9
211;401;46
687;253;13
496;132;23
522;228;37
250;571;18
502;219;34
589;196;42
127;483;25
210;453;34
572;605;47
447;658;23
166;530;8
145;75;26
114;18;37
251;619;28
574;274;44
168;636;46
609;322;29
434;643;5
392;509;45
17;141;43
40;194;42
636;126;44
116;460;40
48;592;7
260;388;21
669;499;39
147;15;6
635;220;3
646;184;19
361;47;39
372;186;43
358;350;25
196;476;38
609;498;14
120;236;39
273;58;23
461;320;18
424;546;26
408;22;12
577;224;10
607;309;36
256;322;8
305;30;25
254;89;38
205;128;42
212;597;14
282;650;39
59;347;32
334;24;14
426;212;41
686;53;4
364;641;26
209;113;20
263;312;45
193;587;43
109;621;43
266;385;33
307;30;18
670;485;35
129;683;44
194;448;5
352;341;13
511;691;46
625;606;30
315;80;14
519;678;19
226;379;23
607;335;19
275;128;36
58;204;32
239;108;38
179;81;29
228;201;22
698;502;33
355;605;20
420;605;16
261;87;29
479;491;28
616;608;28
429;610;10
463;525;43
334;665;8
666;101;38
683;166;28
39;136;48
19;506;46
426;296;12
303;221;2
16;103;35
308;222;44
506;667;30
217;578;46
493;145;12
443;358;36
91;154;5
448;144;42
289;573;23
288;595;3
699;649;29
690;474;31
420;553;46
567;476;18
166;151;46
204;540;26
118;237;4
481;407;22
128;253;39
446;50;34
418;643;28
550;73;2
392;622;32
153;646;43
397;441;21
18;245;36
368;282;11
209;475;2
185;12;43
688;290;26
457;475;16
291;125;35
210;332;34
616;178;46
351;656;1
433;465;45
248;44;43
203;8;1
486;122;13
196;613;24
603;391;40
287;681;19
168;692;49
523;579;21
583;577;4
76;676;43
224;638;9
48;244;21
446;241;40
65;176;44
411;194;21
170;189;38
309;209;26
178;51;14
26;75;28
171;59;18
589;503;19
95;144;2
631;592;13
16;444;12
156;257;19
245;97;43
311;212;8
203;586;45
55;632;30
356;397;27
527;226;15
134;491;25
48;112;44
102;487;19
428;1;15
387;513;20
31;393;23
153;195;31
526;615;33
216;448;27
617;1;22
585;493;35
92;365;42
520;612;1
170;565;44
597;57;24
222;668;22
193;451;48
370;261;49
498;367;21
151;449;36
445;425;2
327;575;17
676;194;35
146;389;24
323;688;8
649;403;23
618;196;41
517;335;9
381;382;40
137;312;35
445;429;32
344;206;16
155;205;37
201;343;13
250;284;5
80;635;39
534;532;11
70;22;32
685;428;22
406;233;47
363;529;1
245;239;43
541;416;39
63;661;34
193;404;25
368;415;8
249;181;28
322;289;46
167;212;21
651;342;22
592;73;50
2;379;32
470;357;2
183;101;49
255;305;49
288;86;36
306;640;39
439;640;19
509;346;42
632;154;29
363;155;1
366;114;34
424;129;38
407;322;36
700;202;5
435;679;7
78;619;38
284;520;48
572;432;43
671;373;46
101;231;16
92;348;40
329;583;2
680;242;18
352;199;22
66;558;2
131;239;50
299;589;2
520;523;1
256;346;14
262;61;18
168;268;21
9;259;48
379;274;29
564;448;31
415;7;11
31;36;45
429;307;32
70;373;8
603;636;4
240;53;15
321;12;48
212;471;20
359;503;25
167;576;7
650;605;38
524;546;15
121;213;50
282;351;35
357;224;21
513;185;26
674;436;50
268;133;47
188;118;25
355;6;44
643;538;33
543;452;31
3;137;41
59;404;11
434;559;45
290;89;50
22;452;7
383;673;5
51;108;12
222;61;2
670;397;43
260;24;23
513;312;41
395;213;30
34;117;50
560;311;18
441;538;18
67;306;38
6;268;3
486;99;20
366;471;11
647;331;25
108;178;40
159;377;30
98;572;35
394;70;32
176;191;16
82;634;43
312;198;31
386;166;12
9;80;45
582;498;3
613;525;43
8;245;7
368;144;40
200;407;22
567;384;34
173;337;36
220;648;48
432;670;44
296;120;36
72;293;3
690;306;14
592;529;19
580;317;35
528;291;44
110;619;23
151;452;7
582;542;48
266;676;44
575;155;19
360;56;32
651;85;11
279;468;33
479;409;6
623;314;44
490;294;1
267;403;49
51;689;5
325;553;27
399;565;48
506;209;37
478;354;8
172;436;7
341;608;43
256;275;25
80;119;27
78;658;37
318;75;47
313;278;6
183;405;18
144;180;36
171;347;29
224;578;3
183;273;23
56;173;46
470;493;35
581;368;6
327;128;31
19;1;8
513;511;14
586;429;23
328;692;49
589;689;40
600;59;3
526;324;27
105;52;19
366;542;35
527;621;3
481;559;40
661;36;26
218;457;12
233;467;41
587;677;45
390;314;25
346;491;5
417;563;9
644;350;13
98;661;46
502;522;31
52;547;42
650;329;37
92;123;17
515;349;30
76;377;4
342;332;4
288;591;29
373;504;23
125;635;40
626;158;24
61;626;41
193;301;45
93;427;7
676;370;35
581;150;27
302;11;22
114;228;49
308;652;20
7;269;7
634;32;39
380;132;22
430;693;31
61;172;22
221;34;29
459;423;46
658;140;23
312;44;5
619;6;12
545;42;44
155;80;30
409;3;24
466;595;49
84;517;19
8;268;47
562;551;23
380;462;30
660;538;29
455;282;46
143;444;25
693;695;45
633;229;28
418;337;34
146;276;7
685;359;24
119;133;31
10;475;36
330;199;13
13;508;13
640;449;33
428;6;14
332;454;43
591;639;40
524;457;29
76;66;33
284;513;43
266;29;5
321;22;15
163;432;31
592;85;49
292;566;14
39;373;23
125;583;20
111;460;31
411;239;49
464;408;29
626;673;9
501;260;6
67;511;45
141;346;49
89;204;8
502;488;27
134;505;36
179;227;21
639;523;26
676;250;35
106;384;48
225;636;43
675;643;3
631;625;5
475;84;8
579;450;47
215;516;2
677;22;38
525;665;11
169;347;45
511;69;34
71;250;47
33;50;50
395;247;12
414;223;41
643;104;27
624;336;43
196;444;25
666;323;8
510;266;29
694;180;14
669;76;21
85;47;4
74;435;49
485;560;27
385;697;8
130;60;42
310;498;33
126;447;10
507;498;35
23;173;31
459;68;17
381;436;32
512;494;37
424;343;38
156;461;23
417;569;21
250;94;6
353;697;42
485;302;5
478;200;37
587;551;19
693;60;32
200;4;44
622;203;25
300;267;33
647;244;41
368;261;8
592;214;17
453;47;25
182;418;49
72;375;41
93;582;36
654;167;23
65;698;38
508;370;35
486;204;2
367;475;46
78;8;48
351;535;19
338;536;24
625;374;12
123;236;44
470;615;49
69;540;40
485;618;13
399;479;47
81;199;28
609;698;30
463;501;50
418;141;42
56;321;42
77;265;10
644;139;49
692;548;42
500;439;18
697;35;32
357;169;34
601;548;4
524;73;15
544;245;19
253;686;17
302;198;6
387;64;35
189;440;15
37;83;40
429;638;10
124;379;35
73;577;39
2;464;7
187;417;39
305;551;26
47;292;31
412;694;5
575;627;23
357;598;23
574;566;22
7;575;18
167;102;27
333;426;34
192;236;14
172;496;49
353;232;21
447;295;28
12;160;4
525;72;48
668;144;17
263;47;20
418;527;24
565;378;46
113;693;6
474;362;38
286;233;36
580;210;36
146;271;46
244;45;15
463;374;43
255;656;10
255;403;39
109;517;19
671;510;11
413;92;7
79;18;48
268;290;3
408;340;43
509;606;22
226;298;33
397;534;47
22;331;7
434;455;27
508;97;6
274;183;45
547;641;34
373;455;33
304;206;33
265;324;16
311;137;26
543;622;27
483;186;22
441;672;17
89;489;6
181;49;21
331;208;21
630;6;18
25;654;18
486;457;17
544;70;6
663;62;27
509;69;12
511;419;33
189;553;45
216;325;44
671;630;6
697;203;13
613;448;14
212;431;5
252;143;31
23;491;25
461;337;12
305;113;45
74;618;21
246;673;8
227;215;31
442;382;6
200;561;18
544;477;48
277;320;5
399;673;20
211;676;2
257;37;13
55;147;1
110;81;32
461;303;21
179;66;8
189;237;42
19;684;15
131;120;29
518;459;35
400;414;24
497;56;28
486;527;15
344;461;30
643;570;47
493;279;50
3;577;3
530;171;24
469;555;8
241;142;34
107;401;6
80;72;16
490;601;33
516;553;45
623;253;4
671;318;44
431;495;41
25;178;28
214;571;40
629;177;47
8;269;39
256;357;38
383;365;23
419;27;3
465;287;48
577;517;33
605;135;12
560;442;41
435;513;4
352;510;34
279;224;1
599;130;48
139;215;43
581;519;16
684;581;19
676;498;14
205;160;44
63;591;16
492;130;6
616;202;27
95;362;10
262;328;18
513;635;5
135;531;15
371;218;15
660;7;9
318;538;24
416;288;34
531;2;6
260;231;25
342;396;18
67;360;31
205;136;36
429;528;5
233;306;48
299;453;11
664;614;42
147;452;23
520;270;6
403;648;1
414;68;27
277;182;22
639;627;50
511;194;6
71;363;48
603;31;3
252;508;9
700;124;45
371;475;48
135;555;30
462;295;47
541;222;4
609;236;11
46;481;31
556;666;50
110;23;44
24;546;21
442;455;9
653;378;33
306;685;15
451;562;20
35;485;30
314;77;6
533;263;31
64;542;23
90;140;10
287;397;23
184;678;14
330;474;47
390;395;24
378;636;50
200;432;36
468;513;16
102;670;13
225;294;4
626;68;15
262;666;31
598;196;31
479;437;27
238;595;23
3;91;28
425;663;44
311;150;19
48;675;1
373;13;21
519;622;8
517;45;2
524;235;1
262;179;15
492;219;16
94;116;10
422;674;2
255;44;21
157;382;28
595;85;12
345;37;35
204;432;15
580;579;37
114;396;12
257;301;43
86;70;26
223;168;31
357;28;12
523;466;30
473;425;49
310;72;1
467;214;14
57;120;41
395;618;32
97;301;12
677;424;13
344;99;32
557;149;46
674;391;39
110;276;41
486;308;43
181;532;3
692;686;32
692;489;13
110;167;39
680;540;27
565;109;31
36;468;6
39;551;12
531;28;47
365;386;9
613;369;28
468;235;26
482;373;11
675;684;26
264;576;29
1;232;43
178;435;15
151;354;10
547;399;23
60;698;13
90;542;44
228;613;21
623;389;9
113;369;3
42;406;2
473;144;21
431;148;22
388;297;37
125;351;32
63;2;23
138;250;38
258;106;2
193;630;43
545;117;39
324;611;8
679;193;15
671;542;2
443;222;7
321;240;44
675;418;33
345;412;21
639;12;18
622;215;20
525;393;1
162;490;21
523;358;30
79;660;16
368;310;34
128;215;24
137;467;6
166;325;15
525;698;29
429;693;15
268;69;46
673;76;11
177;68;6
560;647;3
61;666;28
566;47;47
268;377;8
307;431;1
379;82;38
236;85;17
497;315;32
657;33;37
47;70;29
382;267;2
426;479;14
514;171;45
39;690;12
265;532;3
147;226;1
492;400;45
254;307;19
478;147;40
150;633;20
42;218;47
670;480;30
697;45;28
519;432;1
510;327;16
70;6;2
433;517;8
564;398;15
232;200;12
10;8;29
192;643;12
594;29;23
338;341;26
115;119;16
646;119;45
535;571;22
332;421;19
484;616;26
368;359;25
34;291;35
570;204;50
27;35;49
474;577;48
179;282;31
377;8;12
305;52;48
611;163;1
201;671;26
253;81;43
413;38;40
643;112;17
650;244;31
1;511;47
175;442;1
333;80;45
320;394;7
551;141;9
612;225;2
547;417;18
606;31;12
474;360;11
121;218;48
620;694;8
130;532;33
559;537;15
644;467;20
285;126;17
6;262;32
280;120;11
211;308;26
564;158;37
115;525;36
24;589;42
677;616;48
617;215;23
357;616;36
367;640;36
639;563;22
486;206;48
206;620;5
349;99;34
556;383;48
271;654;46
639;65;25
368;444;32
589;666;41
80;661;3
304;555;28
340;646;19
160;462;13
664;216;16
628;41;40
256;615;22
453;558;22
34;677;22
3;450;28
338;136;27
150;341;21
346;46;13
616;322;50
182;17;37
324;85;35
625;651;46
468;94;23
231;100;22
538;160;11
26;146;6
535;550;33
115;58;28
674;579;14
542;607;18
650;416;28
180;213;47
687;195;18
452;315;31
580;57;2
116;150;43
302;46;15
449;208;19
192;217;20
293;353;21
171;469;41
661;7;48
225;479;18
627;108;12
454;59;16
685;114;10
51;259;6
133;424;24
379;508;3
664;525;17
650;566;37
607;102;48
182;279;23
57;551;24
520;155;16
615;661;43
142;464;24
459;273;28
380;14;35
216;429;15
161;238;13
9;481;27
300;569;19
698;256;42
542;218;36
559;120;24
323;368;20
222;144;21
649;411;22
236;215;4
544;203;13
552;341;31
106;99;32
685;422;16
25;595;15
372;461;22
696;209;13
700;328;16
124;437;17
315;438;48
699;337;46
476;97;2
257;680;3
545;286;44
418;351;27
330;594;18
183;270;38
427;292;42
158;399;3
470;349;19
485;60;31
493;386;46
547;229;10
82;146;21
659;644;1
101;208;23
184;40;47
459;231;3
262;273;23
178;87;21
462;647;4
568;7;39
617;198;13
84;138;41
518;556;28
384;538;33
358;543;26
100;367;13
319;69;40
54;87;47
197;362;18
592;283;31
32;36;2
336;564;45
116;654;27
157;695;19
547;235;25
262;410;47
352;107;2
101;315;24
597;685;12
445;694;11
120;256;29
379;400;20
85;210;1
104;583;20
43;383;45
683;336;26
611;144;22
669;44;35
81;582;4
682;317;46
543;590;46
520;568;34
458;654;46
442;406;45
186;434;21
699;434;14
521;264;11
380;346;50
84;620;14
266;149;18
590;112;29
495;587;25
206;677;11
514;530;47
229;304;23
372;237;37
64;523;39
44;12;46
239;334;1
285;517;24
350;147;29
221;568;5
567;540;38
263;269;21
200;302;1
132;324;44
88;162;50
286;426;29
359;134;23
653;350;13
162;14;2
295;400;45
354;263;9
205;256;12
607;445;36
377;296;48
535;594;11
650;690;30
169;26;42
694;682;22
8;81;43
500;453;41
685;199;13
381;618;47
671;478;25
223;521;50
415;551;26
625;404;13
19;96;15
616;418;4
277;6;8
629;57;1
647;203;3
155;109;40
530;150;39
146;37;21
556;185;17
667;649;16
181;64;26
278;177;6
75;676;7
457;451;45
427;560;15
189;27;36
435;162;46
50;413;50
36;571;37
580;45;38
477;636;9
130;447;1
93;620;42
175;657;4
498;482;42
650;11;41
6;389;44
286;486;30
481;390;23
601;505;37
342;341;45
96;650;34
400;588;33
348;63;45
346;27;46
266;397;12
154;538;44
329;50;30
44;527;20
97;335;35
497;37;28
379;251;44
623;416;9
61;606;42
618;205;8
360;218;6
123;121;23
119;122;48
155;372;49
644;361;27
579;231;38
402;284;38
385;397;28
365;458;26
186;536;31
9;156;25
621;256;34
487;104;4
102;99;1
388;534;2
531;227;25
610;332;50
315;393;21
243;615;11
268;608;39
297;346;43
122;671;36
412;631;18
217;403;17
450;453;25
473;408;1
689;561;50
84;634;24
592;588;7
602;496;49
356;388;5
468;18;2
549;534;8
45;452;1
407;165;33
273;149;42
271;457;7
25;160;34
571;400;7
110;607;49
481;576;20
238;371;30
364;558;30
647;491;19
102;138;38
233;345;25
489;681;7
692;135;3
71;6;27
382;647;29
194;332;43
49;369;4
66;100;29
292;559;18
655;226;10
81;658;34
33;91;28
336;475;14
636;285;48
209;223;18
344;38;48
347;425;39
397;535;30
2;142;31
383;170;37
493;673;48
41;316;39
174;395;42
257;677;34
62;315;14
42;613;12
112;618;38
56;488;24
355;187;49
314;30;31
439;498;1
55;663;21
295;292;27
314;580;32
286;303;5
685;566;16
486;245;3
502;61;36
687;492;35
69;693;25
223;295;25
501;127;44
289;43;34
407;44;8
334;588;44
622;220;47
59;386;2
617;129;4
220;56;28
593;12;48
390;36;33
160;352;50
470;452;3
198;698;46
535;14;38
650;233;43
414;679;7
279;297;40
127;473;33
598;513;7
357;577;14
392;355;9
146;664;15
534;574;47
379;471;10
440;577;19
631;142;34
304;277;45
40;115;21
607;114;42
618;470;4
384;307;12
263;171;39
264;578;24
619;542;15
55;49;1
302;41;33
36;482;12
122;291;13
690;673;50
593;362;28
436;389;25
615;48;22
265;624;50
690;528;20
425;2;50
536;586;28
394;673;21
193;549;11
654;673;15
216;652;16
450;664;49
523;196;5
548;506;35
440;383;27
288;225;32
329;211;12
43;81;41
496;681;37
162;222;8
271;598;35
19;508;49
287;274;9
148;491;32
429;506;1
310;658;48
492;624;31
515;557;23
326;301;27
577;92;44
481;658;18
415;582;30
171;667;2
14;206;15
275;677;27
698;623;45
587;655;33
414;656;40
600;471;3
398;149;33
636;61;11
119;45;21
697;40;4
289;521;31
315;247;29
102;453;39
687;501;41
191;651;35
629;107;20
122;343;25
57;583;11
316;478;39
126;608;23
404;217;26
93;538;10
46;634;20
131;521;36
257;276;2
164;297;10
547;117;22
184;20;10
442;61;46
193;403;25
360;643;34
141;454;34
267;317;10
681;203;10
358;425;49
85;316;36
78;89;21
168;621;15
484;73;46
674;206;15
670;673;33
359;184;46
550;427;45
19;696;26
544;138;39
154;28;34
545;76;16
64;180;11
55;597;35
407;617;20
33;568;10
612;95;39
298;460;20
77;378;34
135;132;43
307;484;21
279;488;17
449;120;7
169;422;35
42;441;12
441;458;12
210;462;11
587;108;38
529;299;26
182;601;15
398;632;47
412;524;1
79;399;18
166;625;39
115;349;14
687;472;43
622;156;35
518;367;18
200;35;3
149;177;6
231;490;49
541;64;28
53;638;38
665;669;11
140;270;48
415;18;25
126;626;45
408;226;48
326;47;14
680;377;14
65;546;31
133;638;44
221;17;16
683;255;48
181;511;43
105;20;31
14;695;47
179;350;1
590;693;16
473;24;22
55;128;8
557;328;3
468;5;22
509;529;9
115;37;18
527;194;10
626;699;30
278;229;21
269;464;3
666;626;50
238;252;49
414;624;4
559;335;48
648;152;9
195;236;1
670;562;17
679;200;1
522;229;1
341;503;49
690;453;30
483;572;15
359;454;21
451;464;13
137;46;13
284;283;30
688;115;27
587;101;13
597;3;45
48;324;32
183;49;3
422;623;20
616;253;42
1;693;27
380;560;6
248;335;31
151;593;22
555;380;22
18;502;12
540;474;34
107;167;40
432;622;35
317;285;35
640;634;17
580;457;4
193;700;41
579;266;21
431;682;48
33;239;30
381;308;25
665;440;37
502;166;3
644;212;42
679;126;36
154;155;14
141;136;38
149;395;47
234;509;43
553;134;43
87;485;31
507;170;35
131;103;37
128;535;7
571;524;44
443;442;30
109;698;27
302;97;6
63;389;10
502;196;50
645;517;33
202;448;1
511;151;31
555;132;19
133;188;2
326;674;31
277;79;25
423;610;4
36;509;18
344;486;10
538;135;30
464;651;41
696;1;16
75;373;27
260;667;12
439;346;11
562;211;50
433;685;3
601;278;12
452;614;36
391;120;5
73;12;48
187;227;9
202;298;26
604;288;21
22;627;19
290;410;48
253;114;38
403;599;46
105;421;23
68;430;19
253;364;33
177;494;39
490;352;27
623;227;22
228;150;37
664;206;20
335;570;17
623;680;10
336;214;6
614;680;28
449;618;7
40;295;15
92;79;36
616;66;50
612;283;41
531;24;18
385;3;14
217;201;18
225;146;25
60;75;27
125;146;50
26;225;35
95;532;33
614;522;18
496;93;44
438;103;2
312;219;29
4;308;6
607;660;42
268;214;29
499;233;8
214;113;47
91;162;28
394;421;40
615;80;44
308;347;47
327;199;14
494;369;46
431;321;43
418;532;24
247;350;6
527;63;41
369;610;42
52;290;32
541;106;22
493;664;17
551;641;22
179;126;6
26;239;5
47;99;38
482;421;33
281;486;50
113;419;33
25;649;26
678;344;11
637;477;2
226;291;27
606;143;9
543;609;10
100;76;20
68;494;12
179;37;9
151;262;11
216;484;37
247;219;16
595;493;30
118;48;3
203;357;47
150;33;34
206;527;17
402;651;27
105;33;18
405;351;32
251;628;13
497;198;6
16;59;42
611;121;2
20;427;42
36;69;13
645;2;43
122;366;15
29;335;44
42;277;28
337;469;37
369;227;50
612;103;28
667;248;7
361;690;2
208;205;17
659;72;1
316;43;25
75;247;26
16;323;24
451;98;45
15;473;18
334;422;37
38;535;5
162;579;13
420;182;38
325;536;34
300;131;6
534;552;11
615;329;47
653;429;32
151;92;40
93;566;35
606;354;1
405;319;1
400;147;8
604;35;14
654;393;8
166;561;15
434;272;20
347;30;3
370;232;29
360;231;32
1;565;43
179;150;48
483;52;23
392;675;50
229;604;13
264;237;22
599;7;27
421;568;1
571;561;31
558;134;31
646;201;19
174;88;22
509;30;21
491;279;3
519;142;17
597;197;50
650;137;41
255;256;42
402;196;8
506;3;33
616;60;36
25;604;1
630;154;30
90;572;27
41;448;40
693;434;44
589;629;6
108;397;39
72;657;39
666;517;35
672;451;42
95;153;27
386;297;26
277;527;11
304;485;43
274;26;35
635;356;3
33;544;17
512;366;41
369;35;44
98;448;35
197;190;46
69;51;1
298;479;34
600;664;22
295;622;31
434;670;4
361;434;32
210;171;47
407;684;27
276;40;38
606;600;6
70;594;47
686;67;5
72;457;35
116;580;34
668;663;18
618;568;1
573;166;19
6;16;19
422;420;30
20;328;5
177;62;9
80;455;16
68;132;22
553;442;4
479;645;29
543;330;31
526;361;49
222;91;29
355;485;14
541;55;29
94;426;45
75;47;10
523;306;19
615;411;25
174;219;46
252;200;20
388;253;38
400;387;49
408;658;21
339;316;13
423;600;24
239;263;39
593;338;5
614;315;9
174;74;28
77;174;12
103;446;10
500;503;44
430;142;33
423;493;1
303;362;47
472;53;40
538;418;19
198;467;47
352;142;15
118;193;33
619;517;8
449;5;41
250;226;46
304;45;31
623;556;38
582;215;17
44;408;22
397;683;25
690;264;31
368;228;2
22;439;42
248;62;1
660;564;14
567;387;23
429;605;35
450;295;6
141;477;25
145;121;20
117;679;42
188;367;50
536;636;13
144;675;21
280;677;40
216;440;48
70;80;47
552;284;40
387;521;37
515;378;49
64;40;33
11;37;15
552;535;19
137;385;30
501;274;15
590;416;49
508;671;42
555;343;45
145;526;30
94;23;40
289;679;18
477;296;11
349;41;10
188;601;8
328;95;16
329;463;18
264;566;27
525;487;46
625;683;20
483;53;7
327;83;33
387;630;24
673;468;34
463;305;22
691;4;5
613;650;50
149;635;20
293;407;2
57;247;31
226;121;12
696;620;34
648;272;50
123;664;23
678;166;45
234;360;13
555;503;4
75;572;3
549;105;14
584;598;47
676;151;35
110;76;35
597;444;19
517;631;38
310;113;37
514;195;50
194;69;4
575;468;37
187;334;33
509;599;27
25;242;45
328;461;13
276;381;18
329;536;18
43;434;30
456;501;37
698;179;25
77;176;46
168;671;45
75;185;49
218;624;19
42;671;16
241;62;44
672;238;39
311;666;31
687;465;27
646;115;44
240;315;2
299;65;43
632;328;31
462;84;45
68;46;4
558;263;11
143;508;39
576;493;44
686;241;8
668;257;7
548;314;12
19;187;47
523;126;39
130;304;45
379;309;38
24;464;48
398;244;46
206;249;32
556;40;29
623;458;35
194;150;28
644;166;1
288;594;42
642;623;16
635;134;46
319;250;27
100;638;19
191;424;1
174;652;50
491;377;32
254;425;19
630;116;4
526;228;22
130;100;48
39;134;28
293;563;42
10;415;41
562;676;49
420;209;39
30;397;31
515;577;42
50;660;11
60;265;10
72;650;40
405;60;49
265;320;3
648;286;14
63;360;34
54;306;12
360;665;46
235;161;48
290;127;28
386;252;19
296;211;32
530;331;31
398;208;6
439;675;3
331;699;16
668;322;3
536;201;50
609;696;6
280;66;32
633;353;17
165;273;13
88;680;27
194;518;36
121;495;3
242;629;38
535;222;21
490;57;44
17;541;5
384;643;9
638;529;5
334;419;22
39;633;25
601;543;6
695;303;29
578;557;41
402;154;48
533;464;9
666;451;8
308;168;15
460;33;48
554;215;48
642;99;31
540;362;5
684;5;18
524;229;28
525;691;25
496;202;26
560;580;15
87;136;26
201;29;47
510;585;31
560;656;31
181;161;33
693;578;5
43;498;6
385;573;31
202;352;32
41;347;42
72;662;34
77;694;23
380;233;1
211;470;9
156;610;39
651;273;44
187;139;50
198;14;48
511;478;3
164;269;50
263;179;38
308;355;9
350;647;3
334;606;31
111;222;15
133;422;26
212;447;43
395;77;39
325;397;28
39;289;37
301;685;20
635;207;4
640;283;45
131;86;6
19;170;24
57;154;3
189;251;19
161;644;22
102;139;21
652;8;7
624;366;35
267;114;12
349;331;17
567;84;32
657;42;7
600;466;12
158;16;2
341;128;39
205;34;32
586;448;8
150;614;11
225;369;4
334;145;46
298;290;48
468;588;41
208;542;11
607;284;45
268;206;29
480;602;30
277;231;15
420;301;29
291;75;11
105;269;45
281;566;49
413;293;40
662;613;8
103;630;11
348;232;45
280;17;29
198;448;3
296;307;21
700;98;31
122;614;32
228;179;25
589;597;48
64;152;7
219;290;8
483;130;24
242;292;27
384;454;34
230;531;17
535;174;41
43;449;5
519;10;2
464;455;43
356;498;21
502;574;34
26;154;12
89;577;24
258;275;38
193;517;22
398;687;17
648;304;5
14;397;13
34;402;7
365;375;26
232;206;5
491;544;39
15;297;9
406;71;1
456;329;19
59;107;37
664;50;33
230;558;10
160;606;35
225;523;23
347;485;40
411;123;29
343;87;44
4;64;33
295;193;43
472;654;14
165;183;4
150;138;39
149;488;27
303;318;20
478;696;8
152;159;21
536;694;30
441;89;7
85;2;29
412;669;16
690;232;1
419;318;50
65;390;34
1;119;16
497;672;10
463;529;4
543;447;45
27;699;39
607;95;21
248;516;37
214;618;42
359;1;49
341;692;44
549;696;19
338;627;40
323;17;28
536;596;30
576;488;46
188;699;7
294;583;22
275;507;48
547;66;6
122;643;10
124;260;50
536;516;4
597;188;12
417;154;44
411;651;6
133;375;42
165;376;43
326;491;31
689;697;35
321;379;25
440;326;29
676;433;42
571;470;29
348;667;28
107;468;45
154;544;29
55;9;31
264;200;50
446;89;14
550;658;1
238;543;44
157;57;43
51;379;11
158;400;24
102;569;7
274;698;13
222;47;21
345;482;11
24;600;1
322;648;42
205;119;27
85;358;33
394;544;12
523;557;39
355;92;28
229;191;23
234;37;27
579;662;5
522;627;31
542;580;13
34;655;14
121;340;36
450;36;34
612;396;1
129;341;35
460;335;41
601;149;16
618;253;7
292;150;36
216;154;1
312;613;38
315;422;44
571;449;32
52;300;30
527;646;29
5;523;6
276;612;34
469;120;27
658;270;31
55;252;21
380;234;35
138;528;31
592;14;47
252;532;46
343;23;33
60;210;7
145;163;44
691;133;22
357;100;46
497;29;31
614;79;23
414;112;26
529;103;4
352;683;26
548;297;26
426;277;27
597;104;28
278;383;39
538;479;13
256;67;36
443;217;14
340;551;13
251;346;16
433;434;22
99;430;26
437;305;33
624;433;27
537;510;31
132;375;41
273;592;43
36;435;25
479;357;10
86;330;19
181;486;4
188;485;18
212;229;38
9;129;41
465;503;13
21;671;49
106;160;15
201;447;19
616;292;26
463;64;28
33;129;3
82;679;6
368;81;41
626;513;20
350;334;40
229;430;34
127;470;36
656;634;7
542;411;21
130;256;18
209;175;26
91;7;10
162;560;10
350;547;28
617;101;19
227;57;24
309;192;22
150;122;3
280;288;44
375;611;27
488;396;13
617;473;8
357;420;31
568;630;29
472;471;29
250;356;4
14;289;42
134;326;4
323;488;49
162;279;3
652;480;1
145;643;40
648;92;9
225;211;32
636;504;6
158;81;18
294;390;49
250;48;31
83;349;25
647;333;46
397;574;31
17;320;23
85;245;13
316;476;19
32;263;46
12;338;34
334;505;31
464;368;12
204;659;36
274;17;17
552;611;37
529;35;4
498;442;39
366;685;15
497;495;35
353;536;13
34;328;8
316;536;2
285;338;12
614;430;1
16;228;32
597;474;41
485;351;41
26;78;48
527;458;44
326;641;13
688;662;26
488;620;24
421;184;45
228;447;1
122;1;33
232;553;32
180;673;13
139;289;5
236;138;10
55;466;26
663;47;47
308;435;37
382;501;10
489;335;11
392;655;46
415;134;41
575;339;5
205;323;6
561;365;1
497;606;23
126;114;15
325;40;14
339;261;12
177;283;20
26;400;22
428;198;30
545;440;24
252;230;42
74;666;34
245;606;35
393;111;49
157;223;6
567;35;31
94;275;25
652;664;33
22;689;21
467;650;7
196;486;16
434;263;6
179;310;22
50;37;43
119;385;23
494;263;47
445;635;8
452;204;29
183;95;41
134;661;31
423;595;42
182;42;29
149;441;13
15;224;18
465;359;14
55;272;14
550;544;41
597;680;1
51;207;9
309;94;18
101;244;40
676;599;24
261;248;45
98;318;45
622;465;2
593;549;5
92;483;42
213;461;34
687;548;19
376;377;4
427;62;32
116;43;20
608;137;9
210;684;41
324;95;6
83;502;42
295;329;33
319;111;21
295;42;23
563;391;16
514;655;10
282;486;38
633;135;1
128;239;19
605;684;43
485;411;25
331;533;21
273;646;24
140;640;50
421;685;6
349;642;42
127;83;17
478;464;7
386;41;26
49;236;47
465;100;39
689;98;35
424;236;4
540;661;3
215;269;46
25;336;33
606;416;21
429;120;14
380;655;37
128;654;32
424;481;22
474;667;7
487;487;22
487;46;3
101;155;9
176;690;8
379;198;30
464;21;15
98;665;30
387;30;40
332;105;43
632;372;31
295;658;33

