800
20448
4800
1;10
87;22
76;65
6;44
81;33
39;75
17;60
55;87
9;41
63;7
43;73
16;83
76;84
85;72
53;10
59;83
8;1
39;59
97;21
16;69
54;62
52;38
5;91
9;32
37;44
63;79
96;43
80;55
67;1
53;82
59;31
34;91
52;12
21;26
93;1
84;44
33;92
47;100
93;56
64;72
22;97
92;18
45;68
36;58
86;97
18;1
34;68
44;56
21;88
85;79
16;67
28;65
21;12
19;77
81;42
19;31
79;24
9;81
3;79
91;62
20;96
13;80
79;65
71;74
18;56
37;81
42;97
90;9
26;68
78;72
100;70
15;34
1;38
63;39
89;77
29;6
1;43
13;24
31;41
13;66
63;8
27;28
75;56
89;2
76;34
61;85
48;36
1;43
74;18
94;9
45;70
82;9
74;5
63;24
68;62
40;34
53;32
47;89
79;64
61;17
36;33
35;25
60;59
94;91
18;28
37;66
70;66
14;45
34;54
15;29
51;6
40;96
51;69
27;40
69;64
46;30
90;90
69;60
67;89
12;11
56;48
10;11
75;80
1;41
78;27
80;90
88;69
39;46
50;26
61;72
19;82
5;38
5;59
11;97
23;52
53;5
44;3
18;35
42;85
8;61
33;87
76;96
30;57
82;10
5;63
77;62
71;12
85;43
25;14
48;24
90;97
8;75
59;96
32;35
17;81
29;21
31;38
100;19
7;8
58;82
92;49
57;53
75;31
13;54
98;75
6;35
17;4
73;79
84;39
70;19
22;8
22;53
25;20
11;61
94;67
42;32
40;71
86;37
77;74
3;48
21;32
78;47
60;28
29;43
79;5
29;22
3;78
54;85
90;46
99;21
50;34
6;14
80;73
91;60
38;23
30;39
82;31
79;7
39;10
74;74
41;60
12;16
89;6
33;21
39;91
44;85
9;57
66;42
21;47
82;80
42;36
46;89
8;35
31;52
14;10
10;51
34;18
72;18
4;57
24;53
91;27
80;5
73;63
62;58
54;54
44;93
93;10
52;40
63;41
86;93
21;32
8;88
76;35
17;88
12;23
65;53
74;67
37;19
76;22
78;80
63;97
73;20
3;1
46;54
16;11
74;16
96;100
40;8
89;65
26;45
89;100
54;45
85;66
83;64
92;4
79;35
37;72
8;92
16;80
66;33
38;15
25;49
90;85
46;98
9;62
24;65
70;23
70;93
11;96
16;66
50;21
59;19
15;80
82;14
75;97
75;27
73;56
39;45
41;84
90;32
3;54
31;38
73;49
1;25
85;5
86;21
26;59
44;99
46;48
2;33
70;54
73;39
54;19
26;39
75;93
88;61
95;83
6;61
1;23
87;85
38;70
69;28
12;88
1;41
89;24
82;62
76;20
76;8
84;31
68;12
18;36
49;21
70;47
18;45
57;50
44;49
83;70
87;44
68;29
14;72
56;92
83;73
36;99
52;96
44;100
33;28
36;45
92;27
7;1
15;59
11;37
64;33
99;1
54;72
13;90
64;32
16;41
4;41
27;70
78;98
45;34
98;90
30;35
33;17
47;89
72;82
57;34
88;22
6;36
90;73
89;47
9;97
29;54
51;18
18;46
57;54
99;62
23;18
36;31
96;26
73;68
78;39
36;27
75;62
85;93
12;14
66;16
99;43
49;71
89;97
55;59
8;39
15;47
36;25
38;49
93;90
73;89
13;9
100;41
16;66
23;75
16;48
78;52
65;46
6;53
13;46
55;97
13;15
37;9
56;87
8;73
20;49
48;76
8;50
29;11
17;51
16;3
10;63
27;56
43;1
48;74
88;4
74;32
31;33
91;77
64;3
78;82
42;91
5;21
92;10
47;84
66;27
69;15
97;17
90;44
97;99
70;81
26;96
59;47
83;65
48;57
72;98
99;29
21;56
77;65
29;54
98;3
65;19
9;37
78;69
48;71
3;1
56;51
75;85
8;43
35;99
9;75
95;23
65;74
99;60
83;99
42;5
61;85
63;48
25;44
25;97
95;43
85;32
55;86
42;16
96;68
29;35
32;51
6;43
7;57
15;91
27;51
68;32
22;98
85;92
24;89
69;1
36;50
80;84
58;8
27;40
54;50
39;65
40;63
4;61
48;82
85;37
30;94
2;91
96;70
70;45
83;98
67;90
58;13
71;65
29;84
8;34
88;69
23;97
86;41
78;50
53;92
62;11
91;99
94;97
54;20
10;61
61;62
26;76
95;40
85;63
81;47
11;45
20;76
20;11
77;64
96;65
15;52
96;67
43;82
46;27
93;29
93;78
74;97
91;82
66;94
100;22
42;11
49;26
88;52
78;15
50;41
74;47
92;30
5;74
37;75
90;28
18;41
87;15
87;68
18;45
94;88
36;22
30;19
93;56
18;69
86;77
52;11
79;31
33;74
68;76
21;87
19;16
3;40
53;87
27;54
55;80
73;59
99;16
72;31
48;60
47;35
22;9
71;66
8;82
14;87
84;46
36;9
73;1
89;65
25;28
7;95
37;100
89;48
38;66
17;72
94;34
27;89
72;31
32;50
48;88
91;26
24;94
73;49
56;56
100;2
77;89
74;31
5;32
60;10
50;69
99;93
90;37
66;40
11;80
82;16
76;24
27;8
9;61
41;48
83;8
16;9
64;21
8;19
94;49
16;99
62;50
9;94
73;61
64;48
47;54
38;26
32;38
44;10
24;72
35;57
83;94
20;23
38;34
66;82
41;98
2;65
42;83
36;72
19;23
36;97
84;50
87;3
8;55
85;39
34;9
35;64
75;57
18;55
51;27
11;100
54;40
86;18
58;38
47;29
71;11
68;19
38;37
45;20
55;79
93;21
81;65
90;29
20;3
73;95
20;44
23;30
44;90
56;38
10;89
71;3
66;4
67;53
94;17
61;95
81;93
33;77
59;13
40;77
42;20
84;25
83;69
88;19
4;61
8;27
47;81
67;46
55;35
96;52
50;35
34;87
60;6
54;3
87;35
15;23
52;61
37;50
82;81
71;31
66;68
54;35
19;71
15;44
28;87
52;92
40;64
21;72
98;65
34;59
37;97
85;27
84;1
14;6
12;2
42;90
10;84
13;43
16;90
80;31
87;85
32;9
71;90
21;87
96;7
6;45
50;5
30;37
99;61
48;57
57;7
48;81
19;1
3;67
37;13
33;86
64;96
74;86
27;35
38;46
89;99
74;84
96;37
45;90
44;17
59;78
5;20
50;43
65;94
34;7
86;82
27;78
52;5
59;96
76;61
73;44
10;62
42;61
45;80
6;61
29;64
83;6
32;89
39;4
58;43
16;26
71;39
13;41
11;91
39;75
11;82
89;46
47;71
10;40
16;49
30;67
10;86
64;85
74;74
7;93
64;61
19;90
21;82
47;61
1;67
46;87
38;28
19;94
15;43
42;64
85;34
8;38
89;12
2;31
20;27
51;37
87;72
92;13
86;90
14;78
93;32
59;96
95;5
94;51
19;29
9;31
32;34
48;16
24;30
81;39
29;44
10;96
33;95
91;12
32;50
85;94
96;31
40;73
21;35
94;33
3;38
93;23
89;8
23;84
100;35
72;66
29;90
65;82
20;87
8;94
10;24
73;127;13
483;672;49
552;432;44
12;658;14
68;445;38
662;29;25
760;552;19
48;456;47
15;108;28
35;571;26
612;511;43
188;430;15
730;462;18
527;124;31
741;340;42
605;334;21
161;352;9
780;34;43
242;756;46
29;155;14
628;555;16
35;166;10
604;101;34
442;681;25
364;511;44
500;731;2
558;711;45
27;659;50
597;713;10
321;197;9
390;381;19
645;304;40
122;419;8
626;612;4
156;466;30
755;666;31
90;658;38
634;575;48
661;127;46
779;420;36
14;629;16
95;23;26
75;178;48
149;126;4
219;224;19
639;210;45
356;401;29
47;432;28
322;527;26
118;520;20
724;260;45
131;663;19
138;416;25
325;85;29
729;504;31
610;520;40
559;353;37
405;420;36
442;41;40
433;328;16
273;240;11
289;28;38
548;608;4
425;44;40
483;682;40
442;690;19
522;610;9
773;219;31
471;66;4
77;243;16
448;146;3
123;613;32
427;763;25
263;437;16
251;789;34
309;646;31
474;216;31
417;257;19
271;732;14
545;229;14
586;664;5
576;166;15
366;456;37
364;43;27
469;39;50
571;517;2
705;398;23
85;681;26
638;215;6
232;764;13
589;642;14
101;114;45
218;597;14
633;570;7
493;312;1
355;57;14
640;319;23
200;679;16
239;461;16
238;368;38
407;603;10
763;405;22
757;525;21
236;582;15
387;395;50
585;207;2
657;663;26
679;355;20
596;356;9
2;132;34
612;419;34
255;41;39
51;5;4
53;344;4
220;780;9
353;466;16
593;44;46
340;48;13
273;497;5
95;233;21
534;172;16
58;480;12
36;62;12
321;399;33
171;194;44
694;795;19
29;784;21
608;116;2
12;143;23
104;350;42
166;766;38
155;567;22
502;104;30
400;577;32
431;764;46
74;739;31
529;208;3
15;739;20
8;417;35
567;239;44
323;654;8
621;24;1
94;241;42
533;601;21
729;515;22
642;443;38
187;381;32
464;135;2
410;699;18
633;435;22
102;398;43
395;163;16
402;364;46
663;651;8
795;361;30
369;122;40
352;485;44
770;186;48
207;118;8
139;312;28
740;741;1
5;306;11
396;769;11
759;650;23
593;436;27
249;466;40
780;650;8
193;665;26
275;407;49
678;363;16
508;289;29
403;487;20
389;324;27
79;345;19
408;529;15
751;48;13
186;189;15
563;585;37
582;198;41
581;616;18
525;737;3
472;41;26
90;17;38
391;212;34
15;165;44
459;728;7
749;48;30
578;654;10
117;649;39
779;211;36
640;276;18
399;322;12
708;142;15
173;289;40
124;643;24
111;423;50
770;461;49
769;132;33
774;36;42
637;227;31
291;107;7
761;421;42
266;98;11
228;615;50
340;17;8
18;707;31
271;720;36
217;715;50
432;191;19
692;384;10
122;307;15
235;719;12
484;680;23
28;655;5
330;293;44
254;247;39
489;704;46
578;613;49
182;190;31
479;169;1
742;409;20
477;132;22
525;470;25
346;45;19
679;502;7
778;7;13
594;111;40
367;456;50
167;606;10
436;277;8
571;502;32
746;190;8
733;761;20
694;268;44
110;784;14
345;747;44
558;288;16
452;561;20
160;121;8
735;357;34
407;502;44
464;218;3
754;752;18
47;505;44
637;61;29
785;1;46
466;312;39
380;616;41
571;267;45
39;366;26
722;800;38
117;773;22
112;323;2
162;775;16
80;10;24
150;181;42
490;423;41
233;30;49
395;177;13
258;330;45
251;403;15
702;287;19
741;492;8
628;677;42
351;44;26
359;93;18
515;151;50
571;175;34
622;319;9
752;256;31
261;410;10
653;539;38
524;46;6
53;725;27
139;618;32
348;706;5
211;428;18
708;122;17
141;788;31
621;612;46
642;498;23
551;589;20
798;800;22
16;191;11
557;242;10
40;152;45
614;187;18
625;695;36
265;720;39
630;483;31
642;277;12
84;393;5
666;248;38
140;31;32
449;177;6
71;244;8
546;337;19
441;114;4
229;132;10
505;494;47
16;57;43
323;651;48
27;29;9
655;136;31
139;338;12
429;44;47
128;172;42
479;358;32
162;258;45
416;407;50
313;422;34
414;742;48
730;320;10
206;703;45
22;364;28
603;243;32
283;498;42
570;597;34
203;244;23
534;46;27
63;251;26
348;339;47
628;552;6
274;705;30
288;25;34
265;496;20
12;307;5
367;488;22
581;20;1
216;329;48
16;450;39
188;6;38
465;442;26
487;464;49
478;495;29
754;72;31
240;143;2
293;27;49
749;34;41
67;417;45
231;713;49
433;244;22
689;761;27
441;362;21
543;770;44
328;97;35
692;368;2
707;126;8
533;462;5
132;216;50
475;34;41
337;118;13
361;244;2
776;745;39
700;789;17
712;206;47
777;1;5
737;559;2
704;572;39
56;668;25
482;256;24
400;540;24
1;414;1
499;594;47
619;685;42
586;296;17
618;380;34
704;216;40
54;368;46
200;479;35
495;697;12
181;15;30
636;591;39
484;12;23
336;187;15
75;653;48
108;451;31
768;14;12
567;86;2
19;314;31
375;532;30
115;541;34
722;657;36
109;524;5
387;552;27
454;577;25
438;168;46
769;172;13
50;638;6
321;184;37
122;217;22
462;269;37
214;385;32
620;713;36
20;354;23
328;781;18
348;768;38
408;530;8
443;112;4
390;243;49
186;66;18
196;210;37
257;60;38
449;108;48
511;222;20
323;60;43
275;118;46
512;299;46
701;496;13
644;354;10
248;204;9
151;323;39
605;783;12
82;706;49
332;236;2
440;235;49
648;739;1
418;663;11
95;14;40
458;791;44
438;411;48
340;326;47
117;53;35
637;278;16
189;165;31
537;619;6
580;796;30
423;148;24
479;30;20
475;424;46
364;310;19
273;277;9
664;208;16
739;370;11
799;151;41
177;372;41
682;228;4
156;352;45
567;215;28
644;350;39
304;692;36
478;377;32
405;701;32
764;727;41
548;651;26
557;321;26
772;480;31
765;16;46
789;656;36
584;487;37
114;465;9
302;778;3
112;68;39
294;374;49
495;638;20
626;500;20
434;21;19
579;478;44
333;472;4
157;36;40
528;51;25
161;295;30
731;572;12
107;347;42
171;295;46
306;378;39
518;630;40
180;130;2
603;139;8
91;275;44
662;74;31
611;645;15
159;476;19
27;719;49
138;373;10
526;337;6
38;84;14
81;118;4
56;570;10
328;54;49
293;540;41
227;206;17
492;63;26
409;451;42
222;325;38
164;4;35
643;734;38
119;481;19
370;31;27
278;255;32
395;256;32
469;503;34
395;459;34
565;42;50
707;556;10
225;65;21
688;755;13
413;614;29
210;678;8
180;84;50
653;609;5
682;50;24
589;315;9
394;473;40
166;692;48
422;257;5
241;609;12
88;45;34
545;278;13
745;95;32
770;388;24
517;314;6
502;658;28
32;710;49
424;420;12
25;412;21
476;363;16
216;299;28
12;354;41
569;124;43
24;687;49
125;520;17
379;674;35
700;586;18
588;434;25
516;750;15
95;659;30
96;769;23
610;799;47
527;434;16
221;754;25
509;324;31
221;688;9
567;601;33
344;245;1
291;696;8
67;103;37
45;777;39
169;12;34
679;70;9
272;317;36
353;341;15
704;138;43
288;439;32
289;767;49
267;685;33
642;330;22
184;435;47
676;608;24
176;8;10
776;22;7
485;574;35
65;784;5
741;343;45
185;649;44
62;697;33
528;340;19
89;207;8
332;92;14
786;794;16
287;567;38
758;538;43
390;550;42
604;592;49
485;550;33
333;291;40
115;389;3
283;734;31
368;193;37
250;261;31
171;290;33
71;473;16
367;405;2
389;151;18
76;282;15
69;9;33
645;334;4
560;414;6
439;191;19
482;290;36
627;561;27
568;759;22
273;517;26
645;133;18
329;431;4
283;743;11
192;481;35
422;576;29
561;93;2
736;681;40
327;212;16
197;357;50
128;520;36
604;795;32
774;367;45
317;370;38
578;174;34
217;109;21
730;791;14
31;293;36
297;751;9
538;464;8
309;16;28
354;227;14
730;618;28
674;703;14
547;382;30
224;13;47
412;652;5
155;501;21
130;750;25
228;358;47
582;618;12
346;147;21
229;412;24
486;333;19
300;343;2
584;756;22
716;791;19
1;90;22
13;25;46
261;471;34
394;136;42
227;160;8
644;30;27
462;47;50
411;24;9
107;39;19
17;787;43
710;19;34
681;55;10
665;556;47
780;445;25
280;6;24
483;161;19
423;94;9
461;712;44
99;426;46
769;707;10
189;670;47
547;228;48
375;718;14
64;100;34
521;699;48
696;279;16
36;153;40
30;7;6
725;273;36
37;309;31
539;378;36
26;54;7
474;229;17
255;724;16
468;405;5
114;162;17
186;615;41
485;452;38
184;308;24
97;653;37
659;747;40
141;451;15
480;208;32
699;240;41
55;172;1
754;86;16
34;419;2
624;673;28
416;679;21
389;187;3
308;340;28
386;245;2
232;761;8
21;675;20
401;773;4
748;780;39
94;29;29
453;356;23
609;324;22
473;274;11
284;237;37
80;340;3
766;469;42
101;522;15
574;700;44
355;410;17
730;33;19
123;526;26
788;244;21
576;518;29
37;133;12
786;218;7
384;634;47
82;361;39
307;769;7
590;143;44
67;227;39
282;486;34
354;195;40
472;156;18
793;570;19
381;239;47
225;312;49
674;223;49
749;473;27
144;52;7
21;55;31
739;498;31
270;456;15
73;414;34
734;274;20
338;553;35
361;222;35
715;129;16
95;289;11
457;544;38
216;666;4
597;759;21
386;149;18
481;730;38
255;646;25
304;497;32
770;350;11
589;76;15
223;304;40
636;497;36
267;162;2
252;161;47
10;13;3
254;410;38
357;547;6
312;639;21
191;659;3
112;272;4
215;371;45
765;751;37
792;442;28
589;676;5
495;607;25
160;578;49
422;344;27
640;111;46
741;765;33
325;759;50
6;223;42
80;264;46
360;475;33
739;354;25
20;445;46
370;599;47
729;110;36
767;688;19
742;118;35
690;529;11
27;444;29
11;206;36
475;233;29
583;582;38
501;398;29
99;303;36
121;421;4
667;638;28
727;414;18
75;564;9
509;558;41
540;394;22
417;256;50
623;495;36
469;57;3
683;734;21
330;120;21
447;713;14
626;777;47
742;484;19
388;449;38
398;426;10
289;109;23
156;787;35
709;766;32
654;766;30
96;735;50
692;199;14
554;647;11
659;189;15
180;226;34
674;721;12
476;121;32
458;428;12
289;256;44
80;246;10
380;290;7
285;648;49
315;135;20
621;157;47
772;335;12
173;202;2
481;295;48
445;426;13
11;189;9
755;396;38
80;273;38
292;207;30
275;448;49
605;753;8
381;726;11
344;74;36
359;795;16
584;364;31
68;3;3
10;561;4
356;678;6
711;448;49
677;509;18
153;337;49
33;509;38
536;45;14
631;70;43
220;126;49
273;114;26
774;659;25
796;275;10
17;684;29
589;345;32
167;182;36
59;111;4
367;612;4
279;372;26
795;42;32
340;537;43
141;250;32
386;131;4
263;626;39
534;127;27
789;547;22
534;755;20
533;201;35
51;317;12
592;75;19
536;167;36
593;777;34
61;765;26
599;684;49
719;207;9
393;530;32
82;147;50
284;226;7
746;108;48
361;747;7
666;124;26
155;35;31
293;516;39
601;429;36
761;124;39
712;692;31
371;529;39
29;583;18
199;250;7
638;766;43
61;488;4
720;610;13
676;770;34
777;711;33
145;657;9
293;652;12
337;318;38
153;69;4
639;779;42
195;26;36
322;56;8
748;20;24
357;97;11
483;367;45
406;280;43
319;304;16
435;437;43
497;610;44
561;413;17
345;294;19
497;431;48
355;261;6
360;67;22
60;141;14
517;266;9
770;264;16
515;57;17
336;378;5
90;227;31
283;293;38
585;484;33
533;728;32
2;584;44
361;157;21
765;188;19
622;221;49
548;673;13
523;679;17
718;234;40
749;641;42
346;325;19
388;114;19
147;709;8
359;754;44
377;100;25
60;8;7
285;431;24
253;394;32
220;84;4
473;283;47
718;87;14
492;778;41
387;579;20
323;69;7
399;244;7
602;519;46
61;352;8
506;656;39
359;100;5
453;202;41
398;334;13
797;636;10
335;392;46
18;541;26
754;782;50
417;679;20
586;293;36
55;41;41
232;80;43
339;79;14
89;96;45
557;644;14
434;638;3
531;604;22
52;286;20
253;399;48
737;653;35
150;258;6
125;446;7
494;518;32
54;41;35
32;778;28
534;93;25
625;280;12
203;708;41
195;216;31
762;237;19
18;190;38
313;66;26
383;655;16
304;570;11
579;464;6
571;332;42
287;26;38
36;514;13
591;698;28
473;184;21
597;397;41
216;407;24
704;245;37
711;217;28
410;48;24
319;507;18
756;634;39
692;529;2
557;580;9
113;576;36
11;377;18
7;343;31
783;390;10
322;322;27
686;655;50
204;559;35
95;762;37
340;75;40
197;189;41
342;237;23
256;298;46
661;426;23
96;637;41
324;397;1
621;467;50
523;567;7
711;440;46
206;282;11
189;105;48
116;143;7
424;155;2
66;65;23
320;90;34
530;783;26
421;751;32
15;569;37
796;758;5
106;600;30
127;654;33
396;602;14
333;407;13
21;39;25
235;538;38
473;384;40
33;163;19
695;375;27
696;274;37
587;769;10
21;343;43
21;412;16
354;454;49
494;635;47
598;742;14
12;486;44
287;209;29
108;795;41
287;744;15
548;119;12
267;78;25
274;788;29
306;342;8
74;106;26
794;266;33
314;228;25
734;122;5
677;105;6
450;225;29
140;364;37
757;332;13
711;754;7
458;525;31
774;245;3
80;95;17
301;303;9
475;192;6
35;769;16
9;4;25
202;760;46
73;410;45
511;413;1
59;461;1
549;398;23
454;125;17
737;489;33
609;345;29
107;253;18
492;582;41
379;586;8
113;600;20
326;150;31
557;702;2
756;245;17
220;749;21
436;687;39
769;86;25
365;384;3
492;569;3
92;257;8
211;312;47
616;590;35
641;223;17
643;166;12
561;322;36
13;382;2
273;331;32
4;308;5
310;54;21
367;121;42
387;788;33
38;481;1
573;340;16
596;446;48
303;616;49
399;155;31
748;656;11
314;341;10
477;752;26
318;652;36
515;295;49
62;277;30
287;369;4
317;624;16
8;564;25
158;729;4
277;410;25
285;699;44
505;329;47
551;494;6
165;452;45
644;595;31
53;289;43
465;346;1
28;347;31
104;270;1
687;570;42
718;721;21
780;324;46
455;466;38
88;615;40
43;194;9
459;480;48
503;14;29
463;619;1
598;97;12
556;725;6
255;449;44
400;713;18
422;377;11
550;436;25
209;46;39
31;416;13
640;376;37
775;478;34
55;545;13
568;764;19
30;606;38
603;136;48
657;170;50
669;47;43
627;171;40
165;166;9
744;443;48
706;743;44
370;13;43
258;780;37
324;777;42
224;448;25
693;267;9
190;440;40
769;516;32
765;33;35
386;409;6
284;724;26
297;156;41
764;652;42
240;320;17
495;575;49
387;410;14
175;150;32
272;785;17
727;564;8
464;159;21
797;158;16
15;431;23
258;619;23
349;516;43
569;450;10
256;542;44
488;68;5
636;182;24
169;629;38
638;340;36
137;107;42
693;725;29
664;213;21
120;258;8
398;574;34
673;112;5
578;449;14
270;103;48
386;370;15
31;232;23
257;367;16
288;153;46
564;123;27
232;615;18
704;386;10
463;729;24
499;723;3
324;35;11
643;290;23
164;698;40
398;378;22
551;28;19
153;141;50
21;22;25
462;133;25
253;343;33
520;403;14
142;278;10
793;666;50
170;509;14
155;391;7
84;387;13
77;704;45
22;93;24
306;729;6
365;118;42
158;508;2
109;514;32
623;200;23
645;704;30
597;254;37
141;600;29
192;668;5
530;159;40
366;259;35
735;650;30
662;538;26
671;199;29
437;604;10
752;56;19
778;376;7
686;208;38
37;756;9
770;544;11
782;696;10
383;777;27
102;599;6
355;20;43
255;153;30
342;257;9
778;694;20
647;123;28
77;16;46
449;694;15
363;752;27
280;526;43
652;445;30
639;453;43
140;83;3
691;88;25
419;482;26
421;628;18
338;200;49
566;370;13
727;406;7
131;743;27
709;470;2
188;417;4
731;287;41
396;774;6
48;518;18
51;789;26
702;70;30
635;751;23
90;684;36
653;200;17
793;716;5
633;229;50
359;781;5
218;57;29
508;65;44
163;28;47
407;292;37
575;747;47
412;669;35
753;488;27
66;135;34
519;774;37
515;271;36
282;234;50
437;143;10
94;720;37
571;218;29
379;319;8
309;29;40
678;400;10
1;424;29
223;76;20
471;769;25
746;264;42
171;158;32
673;306;3
352;509;23
696;150;16
637;22;19
342;50;17
487;206;25
212;79;41
534;212;32
590;709;45
268;275;47
367;512;48
506;568;29
65;771;47
220;239;5
286;201;40
163;665;23
623;789;42
459;17;37
526;383;47
369;410;29
712;354;19
470;28;49
28;645;21
659;669;38
211;347;5
443;392;38
522;15;22
122;158;27
659;524;36
190;688;18
117;28;15
321;418;5
268;711;2
546;429;40
76;247;39
706;54;50
683;726;31
681;104;46
99;786;19
64;444;46
780;485;24
753;374;17
77;646;22
468;200;31
701;177;23
437;708;2
176;82;19
607;561;8
296;282;6
580;315;17
441;406;33
84;233;30
471;169;25
713;421;24
216;180;19
327;727;31
313;613;2
639;150;16
782;107;33
30;36;31
681;192;44
631;398;24
74;729;26
250;664;43
375;385;29
721;195;41
762;596;29
617;145;17
454;726;48
476;484;15
358;524;25
308;722;3
701;321;14
83;673;24
321;39;19
297;702;15
386;3;30
221;15;40
353;129;47
684;656;16
328;465;25
425;80;38
85;551;31
519;362;27
402;666;3
363;375;44
669;696;16
722;275;27
248;90;41
94;433;5
285;256;11
489;517;18
687;679;17
478;616;45
787;314;39
145;716;38
558;445;14
682;266;4
335;200;3
623;83;30
404;16;33
124;239;36
618;569;6
78;575;14
430;693;30
430;800;34
758;575;40
562;519;20
60;405;44
786;604;44
733;435;13
357;162;49
347;184;46
244;380;17
622;718;40
422;200;1
518;210;44
408;126;23
25;270;13
49;61;40
286;21;2
499;551;35
387;330;13
119;495;30
785;507;35
111;426;39
285;315;45
4;713;8
223;534;17
520;495;16
311;465;15
654;423;16
352;477;41
453;53;22
217;534;39
201;50;45
426;413;20
92;640;38
185;650;20
268;45;32
439;707;30
46;470;5
656;291;45
551;277;21
492;42;46
644;140;5
271;455;39
301;655;1
381;13;37
523;582;49
535;529;15
288;706;6
533;210;45
58;292;27
269;229;30
453;749;40
121;504;21
614;736;11
84;441;42
716;763;29
724;199;46
455;668;43
348;681;47
676;667;35
566;92;17
371;290;44
192;478;26
258;564;50
447;534;38
508;364;40
534;228;27
84;350;36
448;264;1
623;682;27
422;717;17
686;435;6
681;547;45
498;106;40
261;174;22
408;363;38
389;742;25
418;411;30
259;253;13
154;558;27
554;621;20
560;178;20
391;429;38
717;43;9
533;252;35
31;22;3
484;527;35
584;240;30
763;334;43
516;31;3
749;78;26
524;698;8
611;167;17
417;545;8
491;525;43
340;500;43
567;539;42
423;624;21
663;584;33
197;324;11
98;96;40
143;740;16
171;398;44
437;712;44
284;639;37
156;740;23
187;31;27
67;423;11
521;186;47
24;552;35
168;495;4
636;108;41
296;770;19
624;543;35
412;286;30
301;469;35
625;289;6
790;631;45
409;697;15
402;785;3
253;743;11
602;611;42
404;602;3
2;368;24
18;539;42
461;288;28
231;192;40
29;348;37
383;167;14
763;152;50
523;116;40
571;717;4
650;265;24
683;176;26
684;673;43
409;513;40
721;282;34
286;550;15
605;150;32
139;305;48
630;773;46
168;570;30
340;450;3
738;8;23
477;270;30
791;630;32
185;243;24
64;567;7
23;611;12
135;433;17
448;404;27
71;108;39
489;12;8
326;117;35
125;10;8
418;457;32
719;595;48
114;41;50
606;563;35
54;536;12
611;632;45
243;209;39
796;386;15
242;643;24
258;573;18
479;346;3
787;706;46
22;585;32
310;720;27
274;570;50
729;238;28
779;532;42
55;642;19
304;285;15
434;370;36
7;368;39
499;267;48
608;707;15
745;746;30
354;765;42
501;768;8
365;333;38
291;187;14
194;45;11
650;666;41
643;128;29
565;410;11
40;497;21
198;748;43
491;680;46
734;800;22
510;277;1
782;74;10
300;198;10
310;336;35
422;724;42
664;216;13
551;749;24
141;14;12
519;493;44
533;126;22
663;590;27
664;325;34
414;348;32
728;718;29
106;189;31
334;668;25
168;173;47
23;695;46
39;755;50
89;701;47
528;724;25
438;754;40
486;474;32
15;779;36
545;159;4
107;334;14
749;432;3
552;390;46
273;148;4
580;738;34
277;11;49
337;454;6
655;574;35
398;343;7
705;771;19
294;312;36
211;618;46
23;696;35
159;374;43
551;193;23
329;569;15
540;255;34
230;494;23
297;597;28
34;181;3
293;132;49
84;709;48
436;796;6
160;398;47
404;301;20
777;465;20
596;297;39
324;166;35
742;245;23
428;67;11
369;159;39
317;303;33
665;579;34
33;785;39
225;650;12
311;126;15
404;336;49
397;92;49
37;126;20
326;768;13
141;28;11
591;469;10
728;503;37
246;659;3
108;534;50
35;289;23
523;438;38
152;408;12
53;623;5
125;740;21
374;252;4
595;171;12
235;354;36
776;386;2
560;748;39
332;604;27
600;201;25
738;265;15
423;234;19
412;608;31
658;135;35
60;787;2
307;308;35
341;776;38
544;53;9
90;368;42
396;34;36
24;27;23
354;532;16
237;73;5
612;6;8
574;135;4
536;374;27
273;583;2
663;714;10
713;346;36
769;113;39
527;506;42
70;745;20
303;246;5
268;266;38
728;446;11
619;212;20
267;778;41
757;578;33
35;704;12
686;619;10
712;358;9
45;7;48
236;711;11
62;188;17
466;270;14
389;514;45
435;215;3
322;517;35
451;439;48
523;768;30
533;632;40
599;105;44
495;215;1
27;263;12
434;315;35
572;378;38
725;766;34
154;672;35
323;101;46
784;523;5
10;650;40
420;707;22
223;172;18
773;150;33
139;384;11
111;428;43
82;615;18
373;506;11
327;543;27
15;288;34
97;139;12
282;114;10
752;341;40
32;579;15
69;248;49
515;155;5
516;348;46
715;546;48
715;347;44
427;750;35
548;167;21
200;480;24
621;469;50
651;573;4
312;766;23
394;680;20
344;513;49
663;244;45
612;114;20
193;598;38
546;795;23
110;438;3
404;561;32
609;777;39
750;165;4
754;666;12
264;354;10
712;177;10
295;427;47
735;586;42
36;212;15
421;569;46
766;463;8
544;319;2
479;152;38
221;58;29
169;39;38
677;579;16
205;151;12
400;196;27
449;235;10
728;44;16
371;133;17
353;658;31
735;243;15
790;664;39
15;636;10
507;465;9
91;262;6
323;83;34
618;366;30
439;596;10
9;726;3
478;553;20
643;346;26
290;31;3
538;399;27
27;593;33
97;7;46
580;214;37
756;471;44
502;288;37
29;790;42
36;521;11
214;407;39
492;686;42
402;313;21
304;103;2
51;65;21
238;496;15
330;9;25
225;644;33
561;754;27
215;26;41
429;605;36
227;144;41
677;191;39
196;152;50
17;670;50
698;766;14
246;117;43
458;48;20
161;766;26
745;374;34
213;33;41
43;127;3
628;369;3
21;288;40
413;215;30
682;86;32
659;764;12
207;693;42
276;726;42
550;24;15
494;209;35
279;172;17
580;432;17
267;57;22
228;644;5
292;677;24
351;688;49
298;222;6
469;255;21
585;254;41
150;701;3
274;724;26
558;474;21
154;56;14
254;708;20
128;759;5
56;142;19
180;557;44
743;123;9
506;169;49
70;48;46
355;56;2
673;712;4
514;660;22
321;450;44
549;297;1
212;520;2
461;293;14
666;588;2
85;44;29
643;692;16
506;206;48
627;625;8
491;701;19
582;70;36
679;319;47
498;646;24
518;498;14
362;290;34
102;8;47
44;357;13
628;333;18
654;120;47
375;727;39
113;424;28
657;197;24
643;239;30
183;242;46
130;793;40
628;440;2
297;708;39
30;346;31
724;141;27
784;727;3
745;728;9
654;131;37
264;344;18
95;726;39
219;400;20
462;795;2
145;4;8
417;406;18
510;637;12
638;61;2
72;738;8
202;249;15
726;357;42
173;793;22
56;523;31
450;10;50
527;34;5
718;588;7
489;136;21
303;494;16
660;655;33
432;447;37
244;756;19
502;435;5
339;42;43
693;293;7
778;747;14
518;443;16
439;347;14
514;381;1
264;35;3
510;782;13
170;731;16
476;746;43
3;769;32
109;450;15
175;249;33
443;627;38
661;559;24
64;207;11
128;766;1
703;483;36
618;241;7
162;411;11
562;440;22
233;293;50
305;446;8
676;775;3
13;484;18
490;786;9
292;156;42
195;526;39
747;486;37
528;201;4
659;798;47
135;643;41
388;365;9
716;753;17
343;404;23
398;14;47
465;721;8
766;542;42
247;153;34
31;447;15
247;451;21
208;136;27
285;746;2
105;656;48
639;585;29
417;762;12
62;211;8
134;66;2
329;154;16
755;328;5
574;288;6
180;589;21
711;799;35
506;235;7
696;710;41
728;669;12
112;718;31
106;529;20
770;405;28
409;352;31
403;203;1
4;661;19
629;547;40
285;485;20
275;259;5
132;437;15
498;189;49
683;231;35
217;271;36
114;42;30
648;596;34
5;464;18
76;523;49
330;633;45
187;457;5
40;320;18
645;634;16
147;176;2
7;159;49
267;534;23
711;480;9
193;244;28
427;740;11
730;270;14
436;514;23
239;639;20
393;772;26
789;720;38
290;676;12
773;463;41
274;19;3
688;82;38
659;423;30
266;769;11
679;796;46
48;509;44
460;518;9
462;516;14
131;18;19
584;723;25
229;181;36
607;241;11
93;571;31
439;216;24
39;319;13
750;128;45
433;412;33
327;375;24
411;193;23
708;286;20
711;334;14
300;516;35
582;79;15
47;546;30
595;547;25
126;264;5
154;554;15
172;134;5
516;188;48
443;674;8
624;227;37
792;154;24
226;786;3
197;208;46
57;312;6
190;635;50
23;583;50
413;117;31
539;145;21
679;267;25
310;305;49
546;254;25
577;351;40
161;258;50
737;362;25
433;197;37
402;441;50
534;457;28
365;191;29
34;671;7
684;59;11
755;271;5
393;443;12
740;90;49
593;580;6
569;92;38
740;760;25
285;678;41
102;180;36
396;619;3
661;298;41
8;157;7
549;743;43
29;124;3
797;335;25
724;518;5
240;537;10
798;367;26
239;127;36
63;283;28
493;288;36
265;20;29
472;468;50
245;627;25
25;648;6
86;615;4
161;190;36
176;3;5
764;566;24
64;32;17
794;174;14
437;293;10
227;579;10
154;304;37
570;772;1
751;259;31
789;795;23
123;752;14
74;320;42
211;278;45
197;187;32
299;635;16
200;74;42
504;559;20
750;428;3
434;419;48
79;166;37
442;63;48
612;295;9
580;200;13
668;320;47
211;59;5
750;366;4
18;45;24
116;695;44
317;767;21
121;556;26
760;428;37
778;689;35
687;156;39
431;658;31
70;241;5
645;420;33
699;725;48
398;598;20
790;140;6
550;356;20
298;620;24
317;528;21
434;296;47
463;310;43
732;706;11
481;315;5
135;769;17
296;472;25
38;3;36
246;398;33
689;441;16
548;338;20
465;617;17
321;125;3
12;339;3
394;134;29
628;31;44
425;345;21
605;512;18
598;343;46
86;111;1
685;40;20
99;382;20
229;353;22
139;670;50
56;424;50
166;521;32
632;382;11
305;187;3
280;398;25
162;208;13
409;151;47
656;767;11
342;671;16
472;50;14
161;343;18
403;343;37
168;593;38
154;489;9
99;240;33
174;774;35
746;265;7
440;396;50
393;401;24
693;398;10
498;280;21
692;443;36
68;397;45
94;117;14
714;507;16
422;59;39
266;272;14
348;588;25
193;375;4
341;457;18
65;585;6
415;372;36
418;758;20
603;562;19
577;759;15
244;194;45
269;394;27
220;424;40
478;730;9
93;618;23
11;36;40
651;536;34
779;703;20
182;449;43
484;312;10
736;577;5
611;527;38
653;418;26
181;376;2
258;359;24
73;412;40
292;378;22
37;403;17
54;557;26
56;338;27
590;8;28
606;625;26
554;776;34
29;382;43
170;5;31
161;245;23
584;408;13
232;421;37
680;42;12
473;727;9
641;441;47
619;76;32
126;24;25
409;739;6
93;351;4
674;391;22
366;601;48
649;571;48
70;264;21
474;489;45
320;139;41
99;749;39
503;19;25
500;240;44
126;165;20
580;409;20
588;405;28
497;114;3
185;379;29
549;394;3
110;308;32
176;239;5
63;773;18
81;728;23
163;533;26
442;124;16
478;68;16
249;479;16
280;119;8
72;593;27
33;45;9
778;102;3
501;138;3
643;601;46
76;199;39
424;184;43
452;257;44
273;284;46
703;342;23
412;159;36
485;332;46
184;530;38
204;290;8
559;235;28
505;43;4
100;334;18
158;123;41
674;262;11
208;68;44
491;301;10
624;475;47
318;442;42
281;541;6
25;226;16
589;630;23
686;362;3
527;748;49
110;519;12
402;311;6
437;528;18
419;179;18
107;138;27
390;776;6
449;33;49
113;177;36
20;441;16
794;91;28
486;578;9
619;444;28
535;628;1
778;655;1
174;110;27
388;210;39
339;310;22
504;691;13
374;654;32
610;502;6
413;647;10
136;718;24
764;765;6
652;255;29
261;682;8
4;296;35
412;542;43
179;467;46
478;262;44
245;233;34
258;772;9
200;283;49
451;251;36
740;616;5
769;37;11
643;280;47
541;779;5
84;423;38
393;2;19
659;507;50
714;585;44
580;290;36
223;255;31
559;537;2
224;235;12
686;719;24
686;674;31
735;389;2
695;496;45
638;519;42
131;83;27
304;159;24
684;23;19
56;492;20
542;376;28
378;178;32
778;36;4
690;44;31
587;275;27
344;355;37
589;55;36
83;618;40
312;737;49
364;781;19
359;659;15
654;227;22
105;121;29
340;177;3
76;751;8
198;406;29
559;742;13
150;690;40
49;261;7
454;678;9
447;202;19
523;38;49
279;157;12
356;130;31
486;761;16
211;304;19
110;733;28
321;534;6
541;243;33
285;536;26
651;32;21
243;596;7
440;361;15
327;632;43
567;691;33
695;84;22
195;377;31
656;209;4
673;355;48
733;607;44
790;589;43
37;268;42
685;182;25
697;169;11
660;683;46
642;628;47
664;610;2
382;714;42
566;355;45
342;649;35
476;788;9
146;768;27
220;495;1
426;469;38
2;173;25
26;641;13
550;409;13
427;528;10
318;625;21
677;445;37
668;327;33
700;598;32
743;429;3
289;463;4
551;66;10
621;267;9
588;702;2
657;159;25
84;209;50
350;482;44
476;537;35
770;617;12
298;353;15
765;299;42
637;16;1
29;721;14
332;245;50
615;438;29
483;264;11
111;795;40
484;400;17
450;312;50
734;543;8
674;547;35
379;211;20
367;187;17
210;259;14
74;351;14
298;603;17
421;739;2
677;42;23
597;481;19
552;539;38
391;703;7
690;562;2
502;221;50
177;158;44
662;427;48
126;484;19
389;753;30
3;274;26
322;459;12
301;236;31
1;207;48
794;15;16
418;778;16
11;752;2
86;14;3
462;158;31
169;381;10
541;676;16
263;22;46
755;286;15
705;347;42
428;739;6
270;111;50
564;488;48
345;671;24
22;226;12
199;716;14
20;155;39
289;741;33
665;614;44
563;97;3
490;570;5
287;390;7
581;509;33
576;454;17
543;89;22
769;314;37
549;530;25
14;79;33
494;703;39
154;272;1
49;546;18
374;786;50
800;718;19
50;20;29
731;627;10
588;28;40
714;519;43
93;740;19
317;587;32
363;729;37
589;81;47
661;88;39
99;486;41
152;389;24
432;353;3
395;725;16
130;9;36
743;732;14
421;604;44
192;373;36
605;572;32
3;515;23
94;63;26
282;126;37
119;156;46
274;249;18
115;200;15
58;388;20
739;246;23
701;38;9
571;694;26
465;262;20
44;406;42
341;102;7
779;20;27
218;585;42
425;551;30
153;729;33
406;348;23
139;347;25
649;125;48
61;115;37
490;767;10
300;655;11
703;597;43
430;707;10
780;41;18
690;377;46
242;550;47
24;138;3
313;617;12
205;174;31
108;409;19
561;3;17
385;119;48
197;355;32
293;539;38
727;337;17
649;375;24
427;743;35
467;283;36
636;50;15
484;642;30
467;423;50
281;534;46
395;742;33
567;396;31
742;485;30
337;23;28
427;3;34
559;553;6
702;349;31
543;196;13
104;640;15
327;242;24
243;157;45
91;603;22
282;740;29
131;684;23
569;39;36
99;196;33
197;435;46
203;271;4
372;237;43
547;680;40
616;413;25
302;748;4
651;497;27
266;742;9
123;555;21
29;465;35
513;159;32
83;173;30
536;559;39
328;399;4
395;336;35
116;45;11
98;559;43
383;388;35
3;133;1
526;752;43
588;117;11
176;666;33
226;582;9
90;654;2
280;126;32
129;22;37
660;541;6
372;37;41
648;549;27
626;374;27
749;475;26
495;783;42
315;531;10
121;571;25
705;653;27
670;117;12
342;430;49
386;525;20
153;547;2
322;169;20
618;99;16
618;739;7
104;199;10
252;217;18
509;345;9
64;682;42
549;29;17
281;71;4
745;60;33
257;294;23
539;677;48
317;381;45
296;683;38
341;604;7
228;401;17
694;422;5
378;199;45
306;505;47
668;588;33
518;671;12
582;800;37
339;724;23
217;80;9
436;307;30
389;549;6
797;118;50
512;619;15
280;589;25
261;464;20
728;707;17
602;663;25
457;688;30
17;372;1
142;665;32
13;283;1
493;267;40
214;493;33
778;318;1
110;106;22
356;432;26
713;170;20
791;222;22
764;607;9
730;587;6
205;577;23
379;346;20
143;315;28
495;87;50
473;55;7
279;197;31
375;69;21
364;436;43
30;211;23
101;337;49
330;516;44
429;156;8
207;678;17
21;463;7
61;162;15
78;572;16
578;609;25
429;380;16
571;711;49
539;231;8
443;795;9
259;799;2
730;184;18
416;718;8
48;101;20
578;375;48
786;51;42
50;724;30
144;117;7
734;666;24
304;434;13
576;6;20
69;19;1
445;736;19
657;257;12
481;79;50
417;172;21
556;391;9
658;260;8
291;432;33
382;280;26
161;409;39
651;465;45
726;86;23
261;530;2
667;241;43
3;302;27
347;77;13
281;636;18
475;514;1
487;720;32
565;443;49
52;788;37
71;288;45
764;153;8
210;687;17
407;639;16
643;449;9
764;148;25
61;63;48
201;312;1
211;4;17
132;343;49
492;377;1
157;478;3
792;635;43
51;541;31
105;376;31
799;96;12
588;43;24
311;38;9
359;576;29
144;589;48
5;760;18
393;628;4
683;333;27
724;196;11
76;135;49
704;492;11
572;141;47
149;381;46
129;548;15
427;782;47
721;694;32
521;666;7
660;618;15
32;122;3
638;473;19
503;182;42
457;713;16
408;41;12
611;93;37
480;272;9
48;170;17
5;12;7
473;48;25
769;508;7
711;182;36
35;268;48
226;448;2
157;111;48
213;125;12
467;262;17
115;240;29
736;205;32
749;379;12
495;714;34
168;653;48
516;286;5
736;247;45
141;359;44
227;64;36
280;683;6
338;413;40
13;677;14
357;426;43
263;7;7
144;24;44
641;473;16
252;422;49
464;570;40
275;142;3
63;154;36
194;25;34
210;245;1
574;140;48
644;760;46
509;139;46
102;157;41
653;74;39
167;466;50
777;406;28
642;329;21
563;1;40
356;587;46
508;788;18
340;109;31
298;589;47
362;578;5
10;493;28
799;130;49
653;44;12
522;456;35
80;257;14
606;197;41
713;313;23
132;404;37
724;32;6
92;676;10
345;47;45
375;602;26
241;524;3
118;288;3
793;286;18
685;514;29
793;367;41
149;628;17
58;116;50
489;509;11
604;486;49
370;412;25
764;211;14
246;154;18
15;657;20
750;410;34
321;146;42
182;669;24
78;703;22
406;539;5
422;602;1
172;792;46
10;443;21
25;318;1
500;422;26
494;476;39
389;605;39
111;189;44
731;286;43
146;79;22
418;535;27
79;44;48
296;665;27
316;169;5
452;674;4
596;775;23
85;439;48
777;2;39
628;45;45
725;466;19
103;191;21
68;458;44
588;713;18
582;544;14
253;227;5
459;611;14
121;252;11
23;317;36
299;53;14
612;211;7
291;40;28
336;687;33
430;749;45
617;347;12
529;192;48
78;128;21
1;193;4
790;269;24
337;751;49
358;575;35
373;712;7
83;291;40
444;268;27
604;653;15
711;692;43
523;146;41
191;582;28
520;92;42
500;595;3
144;420;16
444;495;49
781;666;32
15;426;50
432;236;29
119;113;50
382;84;35
411;790;16
352;283;11
757;498;15
471;766;38
187;743;45
235;281;10
455;589;40
669;759;48
398;418;14
767;184;14
397;727;18
154;306;20
224;506;15
637;458;34
94;146;32
479;664;46
131;563;3
324;762;9
621;90;45
767;369;39
292;60;29
128;192;12
78;754;17
589;650;44
481;783;47
156;501;1
255;307;2
667;281;8
768;560;18
41;110;25
330;344;7
247;484;11
611;391;1
50;173;13
174;528;33
236;456;41
639;771;42
615;90;1
454;169;16
121;414;7
467;180;34
746;441;10
138;29;13
792;289;10
381;620;17
224;573;44
282;676;32
247;307;42
400;794;13
799;481;12
385;639;1
244;517;32
458;172;39
761;575;21
255;292;15
448;701;7
41;264;8
619;481;50
616;531;33
122;155;8
229;46;6
269;604;6
400;91;49
749;733;36
480;212;7
606;389;16
209;50;38
752;73;8
481;294;37
595;355;26
107;568;8
1;273;12
201;97;23
644;427;41
114;654;14
742;120;38
196;340;49
763;498;34
783;673;41
105;348;20
680;667;32
706;485;23
133;309;49
567;341;29
516;288;12
48;316;30
732;695;30
700;162;21
695;568;20
600;436;19
675;395;23
5;203;48
585;606;44
406;228;11
407;375;46
763;681;45
31;151;26
607;111;8
648;83;39
640;331;28
271;427;38
652;31;5
336;699;26
539;740;2
298;570;38
147;550;33
766;645;28
674;653;34
265;118;38
745;291;34
562;511;7
537;48;28
200;176;8
420;248;4
163;684;22
64;533;13
738;98;23
178;199;24
733;516;16
376;700;49
735;731;21
700;473;25
538;215;10
314;159;32
417;528;45
105;679;8
29;439;41
747;270;36
529;343;22
545;432;40
472;571;38
180;334;34
333;187;14
570;607;36
483;296;46
437;56;3
729;147;30
760;704;37
446;242;12
129;563;40
167;629;18
374;263;33
108;105;39
428;87;42
173;240;12
618;581;19
150;568;16
392;230;26
106;319;32
429;465;31
704;783;10
56;624;19
348;224;34
512;279;15
51;105;48
643;266;33
681;556;46
595;583;39
176;464;12
753;723;28
624;649;10
551;228;23
404;325;31
411;460;22
627;226;33
316;208;32
725;644;13
164;474;31
492;576;46
174;217;41
320;780;45
654;67;27
593;506;2
160;426;9
278;325;38
751;170;8
77;143;32
451;792;7
138;227;29
778;560;46
133;700;35
441;47;20
417;143;33
385;656;21
523;688;27
794;289;30
717;334;4
752;445;40
43;421;22
96;531;23
271;610;19
413;323;34
600;753;14
519;428;3
336;244;36
530;352;12
186;641;38
789;259;12
387;91;23
84;39;45
543;238;21
256;748;32
417;735;23
310;440;12
483;626;10
660;231;19
650;607;25
46;166;40
292;795;46
412;653;16
60;538;43
497;398;34
271;647;7
481;479;6
378;17;5
642;695;24
713;536;6
215;693;14
68;242;31
621;212;36
547;390;28
478;264;20
694;632;19
249;250;2
101;347;43
652;772;1
551;150;14
36;711;36
382;708;12
80;22;13
71;250;30
240;473;13
206;426;7
730;246;17
637;599;44
67;15;2
568;296;40
254;762;33
36;676;26
116;135;45
367;318;33
640;735;35
136;617;8
9;572;30
323;620;4
242;572;39
649;128;32
325;771;15
752;162;23
737;397;20
788;704;9
614;426;41
780;636;22
791;480;50
2;606;5
500;212;47
532;243;22
386;648;12
663;693;42
157;700;37
154;374;49
698;356;31
800;684;48
133;141;45
565;702;27
648;755;49
208;479;6
290;259;39
684;104;21
458;191;42
448;671;9
366;233;6
552;6;32
347;587;9
74;347;18
765;55;20
62;278;48
408;738;16
298;553;37
470;15;29
286;252;33
166;325;46
281;485;45
263;219;31
547;722;16
696;633;39
46;288;33
792;429;8
64;645;29
565;563;25
346;733;15
616;220;24
43;675;9
159;201;9
8;446;7
446;287;19
112;56;37
598;542;27
502;420;47
544;144;1
605;64;25
259;562;12
379;92;32
551;424;39
749;221;6
794;140;41
510;349;4
347;474;7
668;370;49
575;173;22
472;662;37
66;694;41
462;784;32
498;634;5
527;13;45
356;53;4
717;366;45
439;651;22
690;225;4
645;253;2
50;738;24
494;284;15
339;482;43
524;312;42
491;257;49
411;731;30
456;171;16
60;706;33
593;660;31
427;370;48
199;147;25
517;57;42
471;431;7
593;263;48
588;288;20
761;337;40
712;575;45
672;603;21
270;162;44
504;523;10
499;217;17
175;149;34
533;245;13
60;12;1
559;648;46
306;36;21
368;128;30
490;785;36
514;91;9
728;106;35
237;108;16
799;455;41
612;240;21
429;221;18
585;778;25
570;32;45
553;521;30
789;559;46
463;461;44
403;746;19
548;241;16
427;629;42
325;40;26
576;577;42
336;595;17
316;461;36
584;12;38
40;333;49
177;320;45
44;321;15
610;202;17
655;142;49
735;579;34
396;785;11
698;745;20
453;602;20
491;555;2
61;150;22
337;523;30
82;81;8
194;636;19
109;745;28
149;329;12
170;335;47
119;538;23
660;107;15
438;529;35
113;648;48
646;27;8
659;70;11
29;352;37
467;506;10
28;49;8
561;377;7
364;324;3
571;697;9
730;569;47
232;42;9
310;348;5
641;10;4
158;635;42
611;238;36
509;198;29
144;325;15
298;183;42
798;236;38
707;264;28
177;222;34
686;78;10
746;450;15
728;161;14
698;653;12
755;789;42
663;54;46
706;577;13
216;412;26
800;691;16
550;114;21
237;540;25
718;597;14
177;268;48
705;34;39
343;640;8
580;687;12
379;745;23
178;436;10
483;750;12
99;188;15
327;247;47
664;372;33
224;684;49
261;539;30
721;276;2
317;235;42
253;736;3
562;93;30
710;721;8
620;603;37
660;32;18
717;478;21
543;218;5
648;512;50
407;334;3
566;42;40
678;185;10
31;109;8
644;234;41
721;369;49
107;449;18
357;713;47
713;551;46
717;498;1
9;14;23
165;366;6
603;679;43
712;103;35
227;562;34
89;229;21
449;489;47
277;442;18
222;20;7
323;776;49
640;584;39
8;588;43
323;665;31
316;124;6
460;263;47
721;422;13
91;141;18
721;786;10
466;464;36
396;743;20
302;4;11
85;258;16
236;708;7
770;784;16
512;513;44
472;524;32
618;628;9
593;727;6
146;576;3
511;211;16
290;374;39
303;46;13
377;215;25
661;479;44
412;378;23
372;151;13
326;448;2
647;631;19
164;420;10
795;730;24
149;192;30
756;668;15
494;246;14
268;670;43
37;8;25
536;444;4
229;246;45
728;205;49
571;483;41
281;756;28
629;632;29
510;131;1
435;654;14
298;26;24
287;57;3
79;525;23
594;652;20
289;743;42
784;765;19
640;12;11
595;276;49
127;773;22
317;724;35
414;18;17
20;263;12
692;505;47
353;575;8
167;134;12
646;649;17
72;341;42
635;280;34
27;665;38
631;243;39
539;101;14
784;247;49
153;268;27
518;719;10
148;155;35
769;409;22
78;72;47
106;708;26
192;34;46
177;548;43
367;256;26
263;601;13
793;4;13
95;366;38
111;653;37
663;767;12
175;320;21
99;165;16
468;270;48
57;558;18
554;755;36
208;623;48
300;4;44
449;665;31
245;169;13
238;474;30
68;111;49
643;36;21
767;73;12
697;55;16
449;591;15
485;187;33
644;131;39
131;647;33
495;418;26
169;166;28
786;544;26
778;65;35
638;606;18
411;769;18
589;12;45
30;594;47
692;691;44
293;304;49
540;42;12
123;587;9
357;584;16
501;759;17
549;348;38
262;193;28
455;535;2
592;207;39
732;277;15
174;630;33
330;559;20
446;571;46
578;357;15
298;382;42
428;493;33
281;418;2
305;712;36
178;709;41
146;415;28
442;287;28
476;148;8
516;564;46
58;765;19
330;60;21
59;645;1
637;186;42
53;397;16
235;613;22
717;207;18
760;399;42
377;251;9
681;224;28
159;552;9
431;253;41
92;346;45
360;257;24
722;375;16
436;288;10
421;259;48
97;325;13
660;181;50
36;592;10
6;315;16
296;199;46
561;759;25
170;348;6
129;175;27
616;173;8
705;237;2
378;482;1
627;651;28
688;626;17
207;72;20
710;184;49
486;443;13
158;712;24
373;144;28
638;655;48
244;124;44
43;71;32
219;615;12
651;146;27
782;180;45
750;506;28
376;206;43
481;415;7
13;42;15
127;175;34
427;45;11
218;365;26
575;344;15
100;769;38
157;726;1
487;579;31
56;260;36
305;171;45
127;145;45
522;569;49
378;278;45
721;148;42
483;27;43
38;599;12
778;139;1
170;282;29
480;240;36
575;16;1
409;112;12
517;100;31
110;176;2
390;482;23
788;18;15
532;240;36
163;102;5
340;148;29
369;633;18
500;509;39
593;716;14
544;403;4
222;124;29
570;382;48
613;147;17
530;433;26
560;120;38
755;708;19
134;231;41
63;36;4
781;642;31
267;175;5
335;664;13
567;256;27
222;579;41
440;665;50
306;539;14
130;441;18
157;555;39
280;199;26
179;215;28
241;256;21
223;70;12
413;373;28
69;261;15
696;320;37
38;434;41
274;421;20
652;119;4
225;61;16
430;122;26
478;652;42
374;418;30
516;561;36
729;69;24
270;672;24
384;735;28
762;204;37
513;15;22
248;170;45
42;467;19
119;559;35
642;257;6
546;205;45
799;183;41
767;588;26
298;163;22
201;728;16
45;538;35
441;324;38
615;119;29
165;630;11
164;363;50
457;645;3
19;649;18
466;279;37
437;59;14
257;198;20
614;394;48
403;258;33
17;40;17
543;42;36
640;36;15
248;194;27
4;477;40
409;183;38
313;527;5
71;275;26
182;477;40
156;729;8
527;618;4
95;719;42
37;198;34
796;415;31
436;493;43
320;641;10
10;795;41
557;153;22
442;514;18
175;494;42
525;707;43
56;211;34
516;187;11
94;771;44
494;54;40
689;601;24
466;70;48
656;294;45
475;671;47
621;145;41
176;773;18
2;421;20
496;291;24
120;599;38
644;195;18
270;605;44
183;551;19
332;544;28
698;424;43
274;561;22
228;760;21
613;53;3
118;788;8
438;112;25
532;589;17
473;722;40
318;114;5
211;73;1
459;304;16
493;739;38
393;523;16
215;213;44
240;674;12
106;548;28
272;259;30
429;457;34
143;69;37
22;379;47
279;105;24
131;31;6
50;347;19
71;379;34
384;271;13
716;232;32
35;116;20
313;94;33
533;417;16
76;313;24
617;366;19
8;743;16
472;250;24
666;22;41
710;798;50
737;251;47
593;90;36
391;167;5
243;339;34
123;290;16
699;444;21
486;191;37
319;258;41
459;39;41
564;779;14
77;139;18
370;612;42
60;337;27
519;187;45
512;677;21
449;740;49
5;484;2
95;509;18
406;61;19
470;574;20
763;609;46
755;468;24
795;392;29
487;105;17
783;157;1
304;685;39
573;16;34
249;446;14
539;169;19
16;755;27
427;448;34
408;249;33
509;679;3
381;360;32
192;434;48
444;484;2
461;429;20
745;503;4
165;767;23
707;412;9
211;641;23
22;141;30
285;331;8
398;404;18
505;215;1
517;719;7
291;275;4
2;798;44
296;147;25
230;175;22
534;27;20
516;113;49
342;223;40
259;512;29
445;640;20
185;556;9
356;752;16
433;753;45
622;415;6
96;641;23
526;387;36
508;702;42
241;489;46
470;310;49
611;790;23
278;553;38
587;428;5
301;589;42
28;109;44
580;527;45
541;358;27
785;139;21
753;299;29
621;638;20
338;561;3
128;670;13
110;498;25
391;236;13
192;430;14
524;545;7
364;737;43
424;618;25
271;791;30
599;258;11
644;240;21
430;799;25
606;653;5
179;42;32
454;786;47
692;153;37
107;99;27
380;229;2
655;719;45
602;70;9
217;525;6
92;64;4
737;259;9
20;401;46
162;345;40
692;95;7
774;304;12
473;688;45
166;507;34
433;452;6
242;617;31
410;409;11
421;239;38
391;255;25
232;380;33
709;723;40
412;343;40
734;332;15
800;91;23
172;780;7
204;443;8
624;594;16
367;477;9
392;491;29
82;271;35
415;31;27
340;755;23
416;791;24
521;501;21
650;330;30
549;473;8
238;746;7
133;357;40
321;235;48
285;373;21
425;445;39
534;756;27
319;576;2
524;646;14
197;697;38
606;696;43
543;197;12
260;155;5
127;575;47
440;753;21
399;472;3
356;236;36
125;61;35
302;45;49
11;717;24
123;279;41
62;43;42
775;768;50
578;551;32
457;373;11
114;103;12
125;756;8
398;200;48
312;55;7
769;29;16
618;336;4
377;66;5
348;218;9
143;79;26
624;233;9
740;793;14
404;429;20
453;554;2
108;458;37
51;221;47
526;540;42
277;462;50
711;620;41
541;767;37
206;672;23
53;626;35
466;281;22
471;584;18
693;714;38
126;686;18
632;39;32
356;109;42
6;306;36
361;539;49
276;85;44
195;519;7
428;8;26
399;638;23
523;684;31
189;6;20
224;383;33
316;668;13
498;621;49
80;601;45
180;459;15
795;217;28
39;800;48
2;347;45
267;424;43
517;634;44
214;769;1
158;790;18
647;168;43
213;245;46
474;98;14
722;183;40
477;480;41
189;669;15
120;404;16
648;232;16
152;655;37
776;455;37
698;443;3
330;249;43
324;398;17
463;682;4
702;192;9
516;191;43
308;484;32
638;249;17
484;171;14
392;327;40
587;780;14
460;102;4
469;484;30
18;453;4
716;120;25
419;87;36
447;229;2
390;216;21
726;331;27
177;382;22
259;738;11
239;659;47
85;122;4
694;784;37
313;703;28
575;479;7
283;72;34
306;341;23
81;375;32
438;580;6
243;198;42
515;205;1
765;528;33
194;8;30
448;316;18
265;377;25
719;375;44
742;599;16
717;748;39
208;663;18
238;288;11
36;475;9
260;344;43
55;503;35
675;297;10
593;1;45
723;777;42
663;6;43
655;681;19
716;411;17
800;225;14
777;702;43
747;123;45
180;538;11
430;308;39
685;406;49
612;291;20
409;141;13
83;157;45
431;624;29
90;626;40
796;129;49
288;566;31
716;643;42
668;364;34
347;797;13
84;649;48
635;398;33
779;658;6
780;385;4
230;492;29
496;672;27
17;194;38
370;452;40
372;145;47
322;206;16
612;386;48
373;145;1
405;451;45
693;666;40
388;324;19
211;485;44
31;52;2
474;580;3
726;780;5
348;526;14
190;442;4
699;24;3
323;85;1
291;202;5
123;258;50
91;571;32
505;379;6
280;610;25
556;612;34
419;59;42
261;58;37
346;714;41
70;606;47
64;411;1
467;699;10
753;31;16
356;68;47
431;385;41
491;632;16
322;133;40
442;444;23
771;388;4
49;413;5
707;195;50
387;80;6
422;637;43
384;599;24
502;228;37
267;228;38
228;720;15
235;561;44
506;340;37
130;15;43
15;607;10
313;34;21
164;732;12
326;750;17
323;20;26
227;107;4
468;420;27
499;540;43
434;401;36
468;389;13
18;357;12
322;766;48
69;256;8
259;780;13
579;385;8
666;310;18
59;270;47
351;120;44
209;229;4
293;118;49
326;70;8
489;179;42
793;573;46
790;11;24
416;557;37
290;630;7
670;797;11
562;575;42
711;120;43
570;520;44
757;607;44
148;520;38
641;725;38
137;736;27
624;719;29
626;630;5
18;592;40
350;98;33
16;553;50
294;543;37
732;220;50
308;683;27
431;464;28
155;747;32
205;645;33
417;78;33
445;411;46
442;16;25
22;763;16
437;728;38
660;799;18
351;777;4
434;222;13
404;629;10
753;32;21
415;434;22
130;565;3
502;44;16
209;173;15
711;331;47
489;292;35
211;341;7
696;688;5
471;474;44
797;720;6
693;303;5
85;670;36
388;756;44
513;568;18
64;439;42
298;387;17
753;674;30
439;473;8
328;605;33
594;16;6
562;713;15
635;165;36
440;728;11
292;268;13
582;171;21
499;8;26
418;769;8
381;157;16
56;209;28
201;448;36
752;325;6
643;281;10
602;19;30
386;223;42
622;667;7
108;789;27
453;311;10
433;391;24
250;253;27
37;146;29
504;541;16
461;233;1
657;732;32
246;231;41
307;164;41
712;323;47
351;211;21
172;727;17
152;397;9
585;414;41
75;261;29
663;280;18
774;230;23
377;713;31
709;618;10
635;549;33
635;490;16
385;188;47
693;588;27
11;617;48
653;364;23
444;659;44
713;440;33
23;529;47
523;379;50
112;494;41
482;632;19
527;309;31
286;103;36
447;778;33
132;740;30
232;234;10
191;74;6
420;295;47
1;288;44
99;270;21
604;11;46
513;95;8
104;201;36
278;729;38
628;645;27
253;230;45
343;208;30
203;37;31
563;557;40
530;139;35
323;337;15
205;387;20
724;345;46
268;659;1
744;645;22
234;322;1
473;612;16
342;85;22
634;475;21
346;228;13
113;22;30
533;223;40
654;493;23
486;358;22
238;105;11
736;427;30
622;246;13
748;340;40
296;398;6
719;134;41
799;585;40
456;463;16
795;631;27
759;135;23
408;708;24
693;580;22
609;310;46
511;431;36
138;587;47
505;275;29
21;491;44
564;426;36
399;665;10
167;768;44
333;68;42
65;73;22
345;792;2
550;610;25
474;294;36
35;578;16
352;505;24
152;430;42
165;336;13
736;270;43
559;647;4
574;679;47
49;71;28
382;6;43
147;574;1
159;652;11
688;564;22
761;482;3
425;257;45
335;454;17
108;434;12
406;759;41
139;337;38
789;212;44
316;269;46
732;19;29
95;128;16
781;797;45
712;716;18
234;159;15
325;237;37
277;794;19
162;664;21
172;250;21
291;145;47
332;454;34
778;669;27
174;277;18
150;223;10
765;139;7
742;150;12
474;727;47
351;499;13
641;402;38
354;718;11
199;278;42
272;297;4
331;590;7
275;521;20
239;23;19
602;726;26
294;238;23
171;521;27
394;267;7
156;59;29
321;294;48
129;469;2
224;48;18
146;93;16
724;64;37
168;796;31
512;328;1
768;761;46
514;396;49
721;608;40
760;577;29
642;572;50
391;425;49
518;631;33
677;554;13
313;729;20
436;535;27
685;211;33
466;598;41
380;507;49
190;388;28
63;394;16
645;695;16
417;130;16
317;471;22
331;695;36
156;544;38
622;371;44
56;100;47
372;744;31
671;640;21
584;399;23
199;20;9
586;794;4
374;32;25
256;108;10
728;152;38
784;71;14
450;737;44
125;170;29
348;306;10
83;136;42
625;220;16
82;70;8
3;776;14
75;734;47
659;638;37
709;594;16
394;303;40
312;403;35
434;198;49
449;109;17
766;56;39
611;294;50
646;326;31
97;406;8
225;226;31
55;460;42
333;539;6
353;35;3
49;259;12
163;506;16
416;114;25
619;696;21
721;156;25
214;328;6
747;96;31
611;379;1
296;672;13
446;344;3
28;549;31
24;588;39
429;456;7
742;157;5
644;357;14
303;153;38
653;127;5
371;447;1
740;44;31
566;183;36
162;739;13
38;645;17
650;660;49
15;267;44
73;463;7
564;542;34
365;464;34
130;618;24
720;308;42
173;771;13
528;436;40
382;680;41
531;397;30
315;476;18
608;355;1
172;56;35
350;748;9
234;684;41
217;789;44
397;245;1
268;573;18
58;272;44
76;714;44
258;75;34
357;138;5
29;570;50
598;2;37
783;330;23
795;70;12
772;624;28
455;243;18
355;591;13
40;654;36
315;173;31
243;443;32
796;121;13
15;625;19
285;475;38
417;349;8
398;365;6
308;89;18
329;531;24
149;337;26
778;623;3
738;683;48
27;794;9
612;251;39
643;454;29
575;160;45
188;485;27
404;370;25
120;800;29
681;607;31
150;336;10
135;406;36
269;347;15
679;53;38
129;461;45
23;708;6
607;254;10
511;167;44
628;210;4
606;16;6
444;668;2
568;528;17
433;189;29
623;792;30
43;570;47
152;457;20
655;295;10
799;681;2
653;712;6
654;710;32
161;691;35
554;161;10
748;360;39
147;589;50
772;609;19
632;547;24
632;56;31
746;761;25
650;21;34
540;781;35
435;269;24
530;460;41
743;772;34
441;349;20
495;403;36
718;39;37
753;297;33
91;53;5
353;141;6
187;225;17
647;301;24
758;5;32
790;76;43
598;158;7
762;468;42
38;784;39
268;599;19
495;447;46
306;274;42
196;574;19
726;542;19
336;721;42
264;507;26
186;228;6
744;709;3
441;774;7
512;687;21
510;720;16
446;156;37
795;183;35
373;274;5
293;374;49
635;647;25
592;531;4
677;794;27
184;570;42
7;247;21
714;533;1
342;252;32
758;12;36
587;480;17
662;746;25
693;571;8
71;112;11
484;314;29
80;644;7
619;428;25
417;619;14
34;363;47
186;530;31
713;71;12
769;133;47
729;516;32
529;551;2
96;46;32
303;751;23
630;128;48
704;612;36
532;409;32
625;503;8
223;601;4
331;599;50
110;303;35
460;510;13
622;448;31
103;617;8
731;531;49
775;776;37
234;203;6
234;179;45
482;382;19
150;198;13
161;26;1
164;739;29
329;148;35
570;554;6
713;226;25
691;151;22
492;378;17
301;495;12
156;142;18
604;62;43
259;684;5
578;298;41
567;233;17
798;783;34
278;52;32
178;730;49
150;674;4
392;239;21
521;734;7
506;591;26
310;431;46
529;204;48
294;752;9
552;673;6
528;539;38
175;248;2
20;703;43
669;505;1
182;450;9
9;747;31
218;580;41
788;732;10
148;705;45
368;1;13
151;501;2
393;33;42
18;20;40
74;279;15
573;217;1
536;255;12
438;318;21
384;537;41
159;702;19
223;695;15
171;55;41
296;100;23
301;577;11
763;129;9
386;15;10
87;694;5
417;796;39
86;192;3
132;143;14
353;405;23
143;345;23
549;789;22
549;58;24
445;744;22
755;613;31
137;552;29
767;194;11
123;777;31
560;349;38
554;780;12
100;337;26
685;479;23
27;667;22
216;742;39
627;286;44
663;464;44
255;677;42
167;342;48
339;592;45
125;442;1
525;695;40
37;284;22
464;554;6
302;322;29
321;522;14
251;670;10
60;301;19
146;153;28
635;344;41
590;767;30
537;491;29
143;96;40
524;732;6
437;746;44
788;284;9
247;649;46
545;455;36
569;435;24
481;794;13
87;485;44
416;709;19
268;719;4
455;702;33
606;243;23
774;70;9
2;209;33
272;366;16
63;527;23
228;448;17
256;623;40
469;763;17
665;509;10
285;760;9
568;505;11
298;785;25
607;280;6
613;40;20
670;666;37
499;111;11
513;386;4
700;21;12
10;606;3
498;84;33
510;763;40
138;230;8
179;677;18
308;353;35
184;108;14
641;27;36
455;163;48
374;80;39
561;90;20
406;54;1
706;253;9
734;550;22
755;190;16
459;650;29
337;415;29
713;83;4
555;424;16
168;535;27
419;744;21
592;737;4
458;612;4
112;74;24
115;197;3
45;767;28
67;231;6
280;61;9
600;392;10
100;246;18
451;76;15
187;751;26
401;184;19
613;176;18
569;511;26
144;393;28
696;625;33
726;232;31
491;771;25
548;181;16
362;238;27
310;762;7
761;87;37
395;740;47
792;618;11
197;464;20
90;187;31
505;196;8
22;111;10
488;590;41
120;442;19
152;739;38
133;589;24
401;642;6
178;137;16
218;716;48
775;787;23
516;116;38
437;563;4
693;452;25
359;451;7
508;270;38
447;224;9
213;776;50
618;552;45
756;304;6
216;50;40
84;398;24
702;586;2
138;603;33
214;87;13
14;702;32
742;138;48
134;736;43
378;180;44
39;624;4
545;332;22
57;265;5
282;124;11
282;489;9
521;538;16
360;482;45
187;593;15
247;374;8
202;286;3
432;529;25
576;58;50
674;231;25
719;721;30
729;89;6
704;299;37
732;718;18
334;262;25
431;362;9
215;285;50
49;472;44
234;112;44
344;290;27
322;211;11
738;254;17
27;86;6
789;726;27
428;369;12
214;577;45
784;636;50
416;245;18
12;65;2
714;571;41
669;727;49
682;180;22
537;237;49
186;666;6
376;213;32
183;781;12
702;507;25
627;559;14
134;559;5
415;296;27
783;497;18
511;44;3
539;148;35
43;292;9
293;206;2
500;692;28
359;475;18
624;88;11
686;361;41
417;596;8
21;236;30
724;155;32
101;402;1
190;536;25
629;660;17
484;170;11
72;10;31
87;191;16
2;76;6
119;688;6
272;649;27
509;535;43
389;429;22
42;264;20
418;339;34
561;365;41
417;218;12
768;710;35
716;350;42
310;644;7
657;209;31
244;332;50
219;623;28
788;568;21
261;129;29
625;41;46
169;353;6
466;616;44
447;564;23
196;105;14
23;457;7
671;129;25
41;775;36
361;104;42
527;675;24
452;626;6
223;256;46
303;710;8
581;497;31
69;107;2
21;609;29
207;102;15
28;240;39
646;585;39
405;784;35
609;491;25
573;431;10
624;421;30
63;761;11
754;279;13
765;2;45
88;673;38
612;215;30
473;776;47
593;763;44
422;441;47
70;794;20
80;472;45
793;33;39
667;106;10
694;619;15
423;152;39
494;99;2
405;361;30
594;84;45
123;241;15
498;653;41
405;587;21
578;644;20
622;608;30
475;291;15
520;437;34
247;534;26
120;565;2
707;754;43
203;40;3
200;729;1
34;48;19
183;523;11
219;800;38
35;179;9
582;251;3
593;294;32
43;448;18
734;93;22
93;691;24
743;637;50
621;22;16
319;385;30
207;573;25
402;585;16
33;242;2
2;514;7
171;77;40
615;425;37
2;417;39
136;673;25
399;277;43
310;96;50
470;646;40
55;666;36
725;370;14
367;9;44
448;613;4
93;143;39
305;575;26
254;590;15
270;221;27
209;606;4
788;502;19
516;612;43
519;123;33
800;693;25
695;432;35
318;352;22
36;34;12
390;661;50
181;353;32
311;43;40
377;796;24
79;538;27
672;20;10
146;147;38
564;615;29
369;766;10
408;364;12
650;226;28
32;608;3
114;436;26
410;666;12
52;249;8
466;313;14
155;450;35
18;29;47
656;29;38
634;659;48
76;35;18
118;195;1
616;372;39
668;609;19
39;220;41
397;176;9
615;629;3
108;81;2
392;578;6
607;655;43
659;371;3
285;364;32
357;228;14
585;586;27
271;89;16
87;2;11
277;500;14
415;500;19
699;694;12
185;566;37
743;470;31
50;537;22
747;669;18
586;557;3
193;462;22
135;320;40
412;646;20
322;743;9
299;396;2
415;497;30
586;328;10
382;311;4
403;383;9
396;252;45
708;696;13

