1000
25159
6000
69;65
78;18
99;19
73;34
63;71
85;68
61;21
2;6
44;58
74;20
100;41
4;18
78;25
73;78
58;96
100;57
7;28
81;9
21;4
65;63
32;86
78;70
42;68
93;56
49;90
21;64
98;59
90;2
46;51
35;8
23;13
23;26
80;33
98;24
99;67
28;7
20;4
18;10
55;37
60;63
95;13
36;3
37;19
86;27
84;70
30;82
82;58
39;32
45;21
61;60
61;34
77;54
97;77
21;27
65;36
75;50
50;42
60;45
34;14
66;13
40;39
87;55
96;67
81;97
84;43
94;81
26;18
61;44
29;18
48;6
16;36
85;86
98;83
4;17
9;12
66;41
2;61
69;32
5;88
48;63
86;95
6;42
23;3
47;86
34;90
82;14
31;55
3;89
96;12
24;72
69;2
60;33
10;80
68;61
40;29
54;80
43;10
80;88
87;9
25;82
55;10
19;52
3;15
13;20
38;33
77;86
38;30
27;47
88;49
32;78
37;58
85;15
64;71
64;2
63;40
13;14
99;65
59;16
83;41
51;52
45;51
74;62
45;100
58;82
92;51
42;66
81;35
2;33
55;19
79;33
54;84
68;5
100;99
7;41
96;38
76;32
50;26
67;85
86;10
26;42
63;67
41;66
68;52
1;100
85;89
56;5
33;81
58;15
37;61
54;1
81;48
81;28
31;36
77;63
28;71
23;75
51;96
57;89
17;60
65;18
63;30
55;38
27;59
31;16
94;78
36;25
67;40
90;44
85;35
74;35
95;7
64;81
57;50
22;100
76;41
24;53
23;76
12;15
73;13
62;36
54;87
30;12
33;94
35;84
69;7
36;14
100;25
18;65
26;70
45;31
74;21
56;67
7;78
8;76
10;1
21;88
51;83
87;4
28;42
88;53
33;19
99;96
95;31
98;77
72;27
17;25
51;45
54;47
97;93
78;27
31;1
38;71
64;98
99;98
56;67
68;73
39;23
5;44
31;15
25;7
96;54
30;71
50;78
14;73
75;96
30;42
60;78
85;8
77;73
2;13
88;71
36;98
97;56
40;99
25;58
18;86
47;54
37;53
28;98
15;94
99;84
24;94
64;93
52;45
26;15
53;74
72;76
76;15
13;85
3;61
96;52
84;30
59;83
1;90
40;62
10;76
63;55
33;90
27;60
97;50
63;17
11;33
9;8
84;8
37;47
79;53
5;61
46;63
46;74
98;59
31;82
40;37
5;92
80;27
54;20
30;61
60;86
32;21
3;21
7;89
67;5
90;4
67;81
37;85
66;78
28;44
48;17
34;80
11;4
22;37
41;41
72;47
65;98
65;63
5;33
62;79
78;71
58;1
51;80
93;85
97;92
100;52
80;5
83;69
16;34
69;31
75;95
58;9
22;70
69;27
83;26
1;96
34;10
71;77
68;82
49;82
29;7
29;4
99;37
77;8
39;75
95;66
16;65
67;90
23;33
28;52
18;41
8;14
82;14
35;16
59;83
19;76
8;100
31;40
71;28
82;9
46;94
59;54
30;21
14;90
36;96
42;55
30;38
91;64
84;93
36;82
84;54
77;63
77;37
6;71
7;36
84;12
4;15
10;10
66;30
68;73
10;2
48;40
86;17
85;66
23;5
45;18
42;9
76;63
31;25
31;62
97;59
55;46
45;71
31;35
98;23
93;47
95;68
93;26
43;82
51;40
7;82
39;97
33;6
59;72
40;69
29;81
37;62
65;38
61;57
90;85
42;25
76;64
76;80
69;66
4;76
37;6
87;63
20;50
50;7
88;67
95;83
13;95
56;54
28;28
56;97
51;75
97;73
3;65
25;29
53;95
30;77
91;21
73;16
22;62
65;6
65;42
88;67
5;89
34;97
25;60
89;76
19;34
8;77
20;33
86;8
19;91
56;71
72;39
24;61
24;17
29;8
67;87
54;4
59;63
54;84
56;90
10;18
64;70
3;54
84;84
100;8
38;12
51;76
22;18
80;44
67;31
2;49
6;1
75;14
35;64
53;87
53;78
94;42
29;50
60;52
51;38
77;42
11;30
59;42
55;97
17;98
10;95
62;29
82;16
94;6
11;1
22;69
83;77
21;20
47;47
86;63
20;11
83;64
44;74
59;10
11;68
91;25
85;10
6;84
6;80
11;31
9;33
77;20
19;25
99;92
64;41
79;67
40;87
64;89
95;92
67;53
64;31
66;88
24;83
44;78
79;54
6;97
92;50
56;15
89;76
40;47
67;83
59;39
75;15
81;90
23;20
12;89
100;19
70;100
48;55
60;6
49;36
83;37
84;14
16;37
93;85
69;13
52;74
79;93
13;93
91;2
93;41
41;83
5;78
31;56
84;98
73;22
36;44
14;27
74;53
16;24
63;28
84;57
16;9
91;99
98;67
40;94
55;48
56;79
65;66
22;21
16;87
92;8
72;49
51;53
13;24
53;78
18;82
26;43
81;70
70;71
49;16
98;25
20;20
78;68
36;34
89;54
56;51
85;34
64;55
18;6
73;59
26;4
83;85
15;51
94;99
73;43
64;8
87;79
92;31
1;32
12;10
17;91
73;50
94;50
77;62
43;43
38;90
9;66
46;67
59;66
52;64
47;96
45;39
97;17
36;70
57;74
67;86
94;25
74;7
58;25
75;62
66;94
97;4
98;56
67;94
42;12
13;58
4;55
64;6
3;90
59;76
29;81
66;74
64;23
88;3
23;75
54;48
19;83
93;90
22;86
93;36
13;4
80;37
69;6
3;35
76;26
61;43
38;18
65;15
24;57
25;98
93;16
65;83
6;36
7;95
68;60
74;24
74;58
65;37
46;42
28;60
22;30
74;48
51;50
96;88
40;60
31;19
25;20
77;86
56;27
85;80
85;94
60;95
6;27
24;45
74;42
8;72
88;38
91;42
37;7
10;52
61;64
41;47
39;99
2;39
35;76
89;53
93;84
28;35
46;10
90;38
30;60
79;83
2;73
75;58
31;70
72;21
100;95
8;38
38;45
92;2
76;10
10;65
59;57
37;38
12;67
62;23
90;15
41;45
31;19
90;100
2;95
34;62
7;8
35;15
38;29
43;33
79;21
5;25
4;43
48;26
58;11
33;5
24;22
85;15
85;56
53;24
25;66
12;96
32;76
42;39
72;17
38;57
57;34
60;45
67;56
22;53
50;21
93;100
11;91
41;71
71;85
75;65
9;39
66;17
45;21
85;98
84;63
38;59
16;76
77;65
84;45
97;22
62;74
20;67
77;4
31;47
97;78
72;67
29;50
71;3
84;54
40;79
45;33
15;74
38;44
76;16
93;87
93;73
84;17
38;60
98;75
75;90
87;42
36;84
14;78
20;4
79;44
12;47
40;81
77;70
85;37
67;2
95;64
84;59
74;27
49;32
7;74
11;56
85;53
20;2
40;77
61;26
60;54
56;30
40;56
31;59
54;40
12;37
5;45
44;54
94;2
67;98
76;30
97;77
75;8
63;74
74;29
30;32
65;65
1;39
70;46
14;17
74;51
86;63
32;6
34;88
6;37
47;24
20;75
14;1
33;38
97;23
84;68
18;43
4;52
18;99
53;19
86;80
23;29
26;64
19;2
98;96
1;90
29;7
95;85
78;73
11;35
11;26
79;80
70;9
80;48
75;21
90;43
43;81
15;31
90;6
71;23
32;86
86;77
74;94
30;80
93;79
85;12
52;47
47;42
38;76
76;71
76;39
40;98
53;30
45;63
60;39
11;60
99;46
55;62
5;86
73;71
39;77
91;12
16;53
91;2
98;74
86;40
5;18
16;27
3;41
92;37
35;11
1;44
48;88
15;70
14;79
39;4
79;54
81;36
83;37
80;12
30;5
73;36
3;93
86;28
34;33
62;16
68;88
89;9
19;60
45;100
2;32
29;14
18;2
11;51
54;22
49;36
9;48
61;69
77;86
89;80
14;82
58;80
78;64
52;65
16;23
19;49
95;98
42;72
68;37
5;49
64;22
55;42
16;59
62;91
68;82
69;6
63;17
99;42
65;99
90;1
63;16
8;8
87;61
87;40
16;32
84;27
45;75
93;74
3;99
39;93
46;48
55;83
68;92
75;65
65;95
42;54
83;15
32;54
66;28
83;16
64;33
98;97
10;89
48;11
18;46
38;79
5;14
15;83
95;61
89;81
67;42
24;38
49;48
11;14
14;60
39;45
50;10
48;81
65;30
87;59
12;2
26;2
93;85
12;3
38;83
49;71
58;48
33;66
61;47
65;76
85;25
82;67
99;58
27;65
29;32
15;60
83;65
31;85
24;64
34;89
74;82
30;46
86;62
5;65
50;96
94;77
70;6
37;74
62;21
45;33
19;79
19;56
49;45
9;100
60;81
15;38
94;26
98;31
96;52
11;29
58;92
18;88
74;76
11;22
89;95
23;84
21;64
96;21
83;21
84;40
96;49
40;49
4;11
52;49
38;90
4;37
39;65
13;62
35;34
17;71
58;52
74;18
62;31
2;24
4;14
840;292;20
395;495;18
586;585;18
121;498;1
255;381;40
197;579;50
124;750;3
116;378;49
588;828;44
896;332;37
982;610;35
45;385;26
580;442;37
857;634;10
704;648;15
336;807;35
120;264;4
178;820;25
485;804;33
169;825;12
490;104;15
507;587;28
946;40;42
246;232;44
262;72;44
556;397;24
105;891;50
721;638;18
356;563;39
323;789;41
692;574;29
273;500;1
675;396;19
854;262;32
829;308;6
660;822;45
984;415;36
158;127;16
665;963;46
195;95;21
596;781;44
735;721;24
396;804;29
218;97;13
52;764;34
799;996;37
664;612;27
842;108;44
33;642;4
433;504;2
214;550;44
381;487;34
57;460;7
901;952;20
791;263;16
702;540;13
742;935;24
296;393;35
196;989;9
538;198;32
635;291;50
483;433;18
352;747;40
359;429;21
782;255;23
9;379;8
583;60;44
527;634;5
807;132;14
793;375;18
711;723;8
810;461;44
607;802;36
958;735;25
61;468;11
646;907;39
405;265;19
511;324;43
99;546;26
291;381;10
698;109;37
351;216;14
613;653;16
39;451;50
220;58;19
577;630;5
418;230;8
563;807;40
169;552;43
64;716;48
246;585;20
728;54;45
698;779;13
250;513;22
637;704;5
962;681;43
959;913;4
769;945;26
285;351;27
184;753;28
610;121;41
789;654;6
34;912;49
469;872;1
859;709;27
479;529;36
364;789;11
598;148;13
340;740;45
205;695;21
166;396;32
47;414;32
950;734;13
862;488;3
196;883;36
852;824;48
449;997;7
587;985;50
991;401;2
762;381;24
393;236;50
346;425;44
741;414;42
897;146;27
108;175;11
631;745;28
89;463;1
527;274;23
41;48;41
719;525;10
465;1;18
929;799;7
107;417;45
867;800;8
694;512;46
24;372;39
924;122;40
279;933;18
501;291;15
773;975;14
884;704;33
526;152;23
100;8;5
867;11;43
370;497;29
684;739;3
656;262;3
808;707;6
786;136;28
486;709;25
227;444;39
592;386;31
796;370;20
864;678;47
19;621;14
175;79;4
78;700;21
171;222;24
949;965;43
576;878;48
529;38;28
802;563;8
128;4;15
702;521;40
583;591;47
913;394;43
997;981;19
215;269;49
596;262;33
883;157;34
412;531;29
936;961;19
579;76;49
101;235;44
442;992;49
426;944;24
504;17;50
131;831;27
270;66;27
39;359;32
916;985;30
870;767;4
98;675;46
496;346;45
422;116;2
647;517;32
14;404;38
422;249;7
404;724;31
628;234;24
719;102;27
827;200;9
873;431;33
53;367;31
559;175;10
261;987;12
594;393;13
595;222;29
950;780;45
974;191;1
353;541;38
845;742;4
741;688;13
875;845;8
11;561;16
159;861;7
539;297;43
855;786;28
366;523;37
96;790;9
344;866;34
372;249;19
818;323;24
648;578;12
167;513;31
598;705;42
417;503;37
555;411;9
632;159;41
659;531;20
786;741;8
597;244;48
611;366;25
803;628;15
863;184;31
524;612;25
720;179;36
184;280;7
351;83;27
516;570;46
27;882;49
298;198;32
255;83;40
514;276;40
420;287;20
554;864;31
217;84;13
607;928;16
716;591;46
928;35;25
703;683;9
935;517;5
420;242;16
804;412;19
10;627;35
895;2;49
271;116;46
886;828;24
419;278;26
800;803;44
543;792;37
610;449;30
323;362;2
715;885;14
404;105;10
132;733;31
839;701;12
866;360;26
441;174;14
3;524;1
723;599;21
928;138;18
424;841;14
469;39;27
8;403;7
206;107;36
797;347;39
944;309;7
65;682;28
770;986;24
256;174;24
952;296;28
600;508;21
220;719;20
212;231;1
898;509;34
910;875;29
799;635;3
13;135;10
948;5;4
127;774;40
338;595;13
29;726;14
534;16;47
509;727;27
641;139;4
911;155;14
290;913;4
355;426;39
445;533;13
724;148;2
939;356;24
507;499;33
732;672;33
634;198;25
909;52;11
834;890;28
948;238;28
333;960;28
882;17;1
335;965;2
642;791;20
180;633;47
427;637;18
851;531;22
883;474;24
718;332;29
515;136;17
851;569;24
317;74;32
957;781;9
604;905;34
418;435;18
141;821;34
120;698;37
301;236;35
706;312;18
76;593;42
79;784;14
137;59;16
273;514;26
279;320;18
719;543;16
996;484;12
720;537;29
867;290;27
917;860;3
21;626;31
248;796;46
234;162;29
22;523;29
827;607;6
670;875;17
270;641;22
932;862;4
246;647;9
502;755;11
208;368;5
4;958;21
523;536;2
621;663;26
196;842;2
749;595;45
331;68;9
166;112;33
340;302;20
323;690;17
912;984;2
54;610;37
631;443;16
817;604;28
606;255;26
700;482;6
941;444;40
996;430;15
834;879;40
937;319;39
809;267;22
732;577;40
961;301;2
886;564;49
803;171;31
317;871;15
888;428;16
860;943;25
711;542;45
227;464;6
947;136;18
789;362;45
231;622;12
756;791;20
21;569;34
479;827;1
81;471;45
871;349;26
804;674;16
497;82;42
773;98;34
633;986;47
38;497;43
623;23;39
606;957;18
584;146;48
715;561;33
193;102;25
44;727;31
489;946;28
352;522;24
648;888;13
699;352;16
195;392;46
221;961;43
305;79;12
378;253;9
902;17;41
989;308;6
355;381;34
4;321;32
53;338;39
152;374;17
314;465;34
155;272;29
264;702;26
366;264;28
286;264;27
615;710;45
519;712;42
714;952;24
743;957;24
930;805;2
376;476;3
417;754;48
55;469;32
806;84;19
41;112;25
742;412;37
90;569;22
86;203;25
144;409;4
883;16;4
651;736;49
628;252;17
199;188;39
854;659;14
708;248;35
29;579;25
725;660;20
877;474;8
935;18;24
6;871;41
816;490;3
472;427;38
395;111;36
530;17;44
174;989;49
946;904;50
527;803;18
402;826;28
690;454;23
115;136;8
826;892;6
497;10;20
219;463;23
678;8;30
876;727;28
722;43;13
535;872;8
234;574;17
885;160;4
192;69;24
535;119;39
503;166;14
468;515;27
505;107;19
20;515;41
439;725;18
115;860;37
590;875;17
591;484;34
349;874;26
374;960;7
779;219;5
461;474;26
543;332;18
43;966;4
326;559;41
617;1000;11
460;479;42
555;310;35
671;39;18
915;844;24
683;383;18
712;876;30
220;126;46
414;508;26
552;94;50
456;241;9
759;839;40
647;111;1
307;594;5
134;974;32
797;369;14
889;103;21
63;775;24
159;350;23
485;377;30
717;495;2
283;260;34
162;15;5
714;263;28
838;582;47
17;849;12
258;741;5
422;849;15
642;663;31
705;262;4
654;715;8
245;836;3
156;787;50
601;718;37
153;318;21
666;458;25
863;213;49
508;458;21
36;17;3
960;901;2
157;161;35
276;817;3
711;983;19
952;162;1
37;257;30
141;812;21
343;352;5
579;674;6
609;157;29
584;832;13
394;203;31
573;659;48
783;430;18
608;93;18
62;940;32
166;460;44
751;421;42
517;75;26
856;835;40
516;909;46
731;797;9
450;91;16
745;746;34
753;37;18
69;723;48
885;555;29
428;920;32
349;325;41
697;895;8
571;371;6
578;262;3
609;379;29
539;362;41
446;188;27
95;469;32
306;274;21
939;51;50
333;984;26
870;138;22
501;917;6
445;598;22
253;661;27
959;72;9
436;323;19
45;426;28
481;650;41
586;385;31
908;93;3
647;830;6
740;859;8
916;144;30
192;371;24
811;816;18
111;393;9
335;534;43
223;637;14
135;156;44
699;58;10
247;631;17
935;590;41
134;333;45
165;687;2
791;360;49
355;467;14
606;954;28
113;964;5
682;8;40
215;162;26
376;367;5
109;938;13
382;616;32
823;638;47
568;645;31
307;528;48
427;544;34
614;792;7
300;424;44
810;937;44
282;927;19
385;904;15
744;524;37
154;838;39
506;15;9
455;80;26
415;812;6
963;938;16
844;916;5
339;618;28
174;672;19
872;950;24
503;823;11
793;377;33
74;210;9
277;483;2
406;771;45
706;139;41
1;477;42
986;573;45
373;338;19
454;791;13
190;769;36
867;423;18
219;293;12
748;145;11
118;294;32
518;464;20
554;407;38
256;867;7
199;84;40
664;84;24
11;629;33
592;351;23
311;412;13
853;543;49
253;877;37
20;751;41
994;21;2
33;740;2
173;927;9
545;766;24
869;870;29
88;148;45
424;828;38
785;424;39
872;812;23
815;729;18
99;650;14
210;645;33
88;416;18
517;282;5
300;505;10
944;572;29
562;559;13
34;113;41
842;894;25
794;666;12
362;878;25
634;103;21
536;385;42
117;354;1
331;698;5
885;233;40
288;597;25
583;767;41
297;88;27
95;315;24
811;356;42
923;453;39
489;583;30
567;914;6
293;716;36
933;230;38
210;559;46
62;823;11
901;202;3
306;193;10
189;749;31
679;223;31
939;490;29
47;958;23
943;486;41
37;983;37
67;8;35
395;925;45
759;660;20
790;517;10
766;70;21
459;668;9
450;168;47
762;985;49
760;235;32
553;608;9
851;94;29
983;986;5
77;652;22
281;435;9
584;647;20
820;141;23
534;362;7
833;389;15
575;694;10
432;823;15
432;263;5
411;902;11
216;593;11
751;356;29
515;366;46
825;175;21
420;514;2
489;639;10
536;534;29
797;873;44
170;323;23
951;641;39
69;763;29
539;766;39
193;708;2
763;503;22
235;914;9
252;693;46
57;705;32
595;827;7
712;7;29
441;89;36
548;155;8
129;29;48
446;333;32
618;329;26
330;490;46
714;674;21
570;705;32
481;330;42
65;877;42
409;177;8
66;451;37
607;66;11
467;720;41
191;998;49
391;107;13
433;519;12
817;104;12
810;839;6
337;852;27
191;564;24
957;804;30
807;172;20
647;175;46
707;676;30
237;866;21
285;147;14
382;374;27
961;223;17
347;540;29
56;945;43
850;155;35
665;74;25
217;671;48
503;836;45
376;173;6
925;731;26
34;463;36
883;693;14
629;871;48
504;131;32
875;482;18
660;51;23
560;317;49
812;933;42
735;462;31
609;722;1
986;404;14
55;971;40
193;409;15
324;834;42
847;829;42
451;809;27
588;228;41
128;579;20
261;310;1
663;697;17
823;900;8
625;541;24
826;693;28
462;438;42
52;630;31
310;358;37
922;746;8
179;197;46
471;52;23
789;381;41
78;368;47
759;262;3
987;818;31
387;691;23
41;847;45
809;289;36
16;927;50
567;273;31
149;521;6
552;260;45
600;978;29
818;299;1
723;767;41
22;81;44
144;554;28
805;523;27
176;328;3
27;197;15
139;376;35
183;227;43
739;414;2
52;580;10
210;620;10
833;290;36
651;348;12
703;712;38
400;162;34
601;639;6
734;744;32
886;625;34
450;960;31
679;451;39
708;841;21
277;974;29
347;70;21
736;439;40
211;693;4
128;714;29
580;249;14
76;974;47
629;995;3
5;979;12
690;989;11
638;398;17
893;999;49
378;717;15
321;663;17
88;392;33
342;551;3
508;708;5
167;483;50
160;71;7
772;889;4
173;478;28
355;943;3
515;372;35
397;599;34
240;503;45
515;124;19
932;551;5
752;529;28
187;695;22
21;205;11
642;793;10
111;285;25
689;327;13
44;471;17
636;606;18
527;766;11
970;17;31
916;453;32
137;320;43
204;238;7
536;430;31
89;237;14
136;559;16
699;73;34
480;377;22
577;203;17
601;100;27
656;927;27
874;745;25
634;90;15
278;859;32
614;789;48
22;861;40
461;969;49
802;808;23
149;890;50
877;480;47
777;161;30
932;323;26
878;537;11
544;29;23
588;929;7
456;285;45
786;776;5
624;460;46
307;780;27
617;788;1
754;115;37
444;325;10
409;994;49
463;718;35
598;440;16
73;470;11
309;352;16
938;727;18
267;811;13
507;652;11
324;554;32
215;524;38
801;370;1
593;400;13
550;573;27
779;885;38
532;932;9
469;78;38
418;579;6
806;624;39
154;503;43
134;964;8
77;6;18
825;141;28
824;390;14
980;278;45
903;978;8
1;605;19
862;347;7
62;674;11
346;300;32
109;469;49
181;714;4
495;190;14
224;104;6
329;273;36
625;119;24
718;59;22
929;312;1
918;527;31
72;790;42
348;973;16
117;992;34
425;249;35
725;737;20
752;865;18
940;606;50
8;262;41
611;87;1
502;882;9
432;751;4
748;733;17
10;72;13
486;305;45
171;341;43
360;703;10
704;838;49
889;713;42
274;3;2
16;969;8
31;182;44
358;780;9
613;554;38
510;132;33
950;404;24
129;828;48
139;902;2
847;977;12
254;845;16
484;416;4
127;337;21
794;51;24
506;246;46
792;289;47
537;553;23
577;290;19
714;51;18
627;42;50
819;789;41
64;826;14
381;411;18
661;361;20
262;402;8
979;271;27
691;638;1
22;13;16
409;243;1
566;525;43
699;233;36
614;406;6
981;878;16
564;352;23
327;489;13
967;842;9
856;971;35
353;372;45
601;516;34
639;443;21
12;792;16
363;651;32
105;159;33
967;130;5
148;280;32
20;193;47
885;88;42
153;798;45
315;737;14
611;509;19
580;411;13
399;22;20
768;883;30
961;767;43
872;739;19
774;855;27
674;262;6
424;440;14
247;495;16
680;420;18
235;685;41
966;498;47
710;492;46
840;505;41
693;198;38
736;653;41
194;802;38
359;531;11
470;883;15
514;140;37
411;871;13
197;334;33
329;762;3
587;74;48
254;720;45
980;732;39
187;712;28
742;420;18
382;447;19
350;798;12
214;764;29
188;252;1
207;767;10
702;209;29
22;775;31
557;39;26
312;819;18
788;312;28
558;401;5
590;356;35
339;357;20
345;625;33
487;70;3
149;874;38
492;954;39
10;661;44
268;495;19
72;349;45
971;827;2
793;329;34
292;85;22
220;597;45
519;16;37
134;83;26
229;792;15
354;779;11
792;646;2
557;778;46
105;53;26
21;720;31
712;831;50
929;94;24
608;238;43
527;180;14
990;241;33
69;952;9
859;419;12
49;152;50
576;39;47
235;487;15
520;813;22
89;657;47
228;340;33
445;120;16
327;299;36
775;874;47
882;224;9
608;720;44
167;77;21
465;468;2
560;137;36
601;688;7
118;918;22
517;596;3
242;811;45
71;972;9
892;814;29
845;610;13
21;27;42
775;25;20
706;644;18
404;50;10
256;837;3
318;922;1
245;235;35
24;400;28
399;790;44
897;111;47
201;123;25
721;221;26
20;900;12
872;362;24
843;384;16
582;17;39
876;634;8
760;765;39
823;455;33
495;516;3
170;640;44
224;557;35
659;436;43
909;893;37
107;272;41
267;964;34
775;337;42
951;638;1
375;860;30
83;983;17
930;56;10
47;858;1
80;124;30
14;156;43
522;585;46
913;868;40
249;636;27
370;246;43
863;638;24
523;133;11
36;770;44
284;72;44
940;484;37
992;434;16
689;53;12
446;971;24
667;180;1
872;280;28
896;337;41
991;109;16
669;463;34
611;646;48
715;280;31
108;247;21
907;176;21
19;357;15
306;788;19
171;2;9
756;210;30
719;198;22
442;824;27
143;726;26
891;994;27
372;112;11
860;741;37
919;312;24
588;703;36
974;660;35
927;560;21
825;230;44
707;901;28
181;279;44
11;888;47
124;114;4
73;409;34
676;972;10
554;790;2
587;272;27
85;63;34
667;92;10
676;279;50
404;836;38
667;199;45
933;714;49
990;11;45
744;572;15
987;973;2
140;1000;29
951;128;28
133;574;1
696;311;48
737;431;3
768;802;39
174;191;44
252;760;7
576;87;16
6;681;42
804;576;44
837;403;4
584;61;14
687;757;37
478;486;44
406;107;44
817;402;23
398;366;45
931;502;5
532;743;20
527;557;4
260;692;17
632;139;43
907;852;49
363;599;27
92;237;27
204;149;42
757;274;7
626;630;48
105;6;3
97;606;38
767;759;49
534;913;23
983;498;8
453;522;1
992;529;30
112;304;16
12;670;14
621;244;33
631;902;35
15;525;12
955;869;3
522;97;6
480;232;23
419;27;46
676;168;29
342;386;38
819;645;30
563;489;12
178;478;40
223;650;16
313;442;44
766;891;25
234;130;39
123;569;11
651;342;50
677;549;26
419;682;13
964;564;17
473;332;38
774;789;19
536;900;49
514;946;24
844;362;12
44;253;37
30;148;11
975;341;32
40;975;7
898;442;44
307;712;36
984;778;42
314;673;1
78;604;48
245;69;16
662;277;44
546;35;21
651;34;23
387;588;12
252;558;10
718;293;8
520;256;18
747;773;23
818;953;36
779;421;18
77;824;47
968;932;21
232;422;30
432;235;27
892;516;49
295;137;8
662;413;21
337;554;32
516;395;40
134;593;38
424;316;21
284;2;48
754;447;46
672;19;24
887;648;20
612;810;31
1;658;27
24;445;34
810;21;20
600;259;48
80;184;7
337;861;17
258;955;46
279;527;20
531;838;14
455;925;32
132;389;10
843;328;24
723;989;14
421;446;14
618;736;3
7;533;16
743;530;23
539;142;14
894;854;50
533;749;48
579;893;42
144;757;36
161;80;27
153;797;33
895;865;25
222;624;10
949;723;24
508;101;38
729;850;22
897;553;29
79;921;24
617;661;20
144;624;19
359;249;49
149;65;44
858;567;24
643;569;26
548;237;8
874;641;16
736;859;16
812;247;45
764;477;31
270;874;27
344;34;9
996;151;9
433;882;32
320;861;20
449;188;5
238;349;4
550;781;33
937;186;42
834;631;8
746;707;24
772;232;6
470;753;17
577;869;31
759;633;40
713;882;7
450;385;49
287;512;12
101;238;35
385;692;4
142;206;14
64;317;7
438;669;6
428;90;43
805;639;21
359;722;10
359;388;50
118;87;31
192;221;21
662;534;45
807;911;49
429;968;19
971;679;13
907;260;42
524;130;29
997;812;32
923;977;22
623;427;4
446;516;32
935;574;49
589;773;13
881;692;13
57;599;28
856;321;25
228;618;16
376;65;6
228;556;10
741;926;46
503;241;44
38;247;25
40;164;47
339;499;40
980;573;25
1;520;33
534;457;30
844;859;27
133;370;1
931;104;17
977;876;13
510;405;40
341;910;1
185;826;3
916;424;36
733;612;26
279;843;20
809;390;20
216;156;20
729;257;35
892;983;2
445;745;14
614;863;35
74;135;7
159;746;24
709;881;36
549;876;31
846;788;37
639;734;31
506;156;7
79;398;44
21;576;24
160;533;45
13;92;31
973;870;28
971;517;45
446;43;48
647;545;36
405;527;19
716;970;38
711;404;11
18;811;43
132;987;41
622;428;32
589;96;9
189;523;42
181;854;40
520;995;47
949;211;10
133;485;10
86;665;26
384;325;23
334;800;6
695;172;31
786;714;29
730;899;44
697;829;38
75;754;32
392;320;45
916;182;49
362;266;40
634;698;22
302;683;34
701;964;6
25;514;47
321;588;25
114;864;36
765;923;28
328;660;50
631;716;8
718;475;15
1000;257;38
33;690;1
256;40;39
430;309;47
460;400;22
315;568;21
277;581;24
840;30;9
610;378;15
72;881;35
11;709;48
64;341;42
408;773;3
839;962;33
320;958;17
343;42;7
652;469;48
449;786;18
725;850;34
375;885;14
476;330;7
338;609;15
166;727;24
492;160;31
402;709;24
222;188;10
517;298;49
913;808;36
206;219;1
821;459;17
293;918;41
909;185;41
987;478;13
806;721;45
458;355;13
474;16;7
923;675;44
771;297;33
830;604;1
377;763;11
285;349;21
182;866;38
816;945;45
284;435;48
52;101;30
512;649;45
437;565;6
464;330;16
91;995;27
682;941;19
41;166;11
270;568;34
300;132;16
83;72;16
176;695;37
110;912;48
408;785;20
180;936;40
117;836;36
600;392;24
416;857;39
851;596;24
804;945;17
599;414;2
946;571;37
266;803;9
811;367;23
763;358;8
862;803;14
939;809;40
596;836;43
3;217;32
784;736;28
75;218;13
414;830;41
820;112;32
128;559;38
480;457;10
162;628;30
634;79;21
284;87;48
136;274;7
290;881;38
801;549;9
487;881;47
648;482;15
324;767;38
839;55;25
746;298;28
926;936;7
613;91;11
321;645;44
464;296;41
59;236;14
617;635;30
544;213;21
792;317;1
841;150;41
320;705;18
630;421;4
75;924;46
949;209;15
995;714;13
386;172;4
813;863;30
249;470;29
204;264;49
77;248;27
711;449;13
969;828;48
763;919;17
696;571;30
515;294;26
39;53;29
493;816;18
908;975;14
72;580;38
942;180;5
496;577;7
820;66;23
181;77;9
440;513;27
594;518;47
17;171;43
819;548;37
356;487;19
913;198;34
986;946;39
802;520;32
823;84;12
699;332;32
320;118;37
389;849;21
733;567;14
886;96;12
451;265;5
848;61;1
293;432;1
795;874;9
339;719;41
719;511;24
95;921;37
643;587;11
414;860;15
770;244;38
684;98;30
845;215;12
18;140;47
317;738;47
768;921;30
598;835;44
95;228;33
516;935;44
278;240;31
663;855;21
492;742;27
891;497;19
720;208;42
965;856;45
731;962;18
59;9;16
745;307;6
218;269;8
643;216;8
615;166;24
705;895;50
106;764;20
257;715;25
166;64;31
716;902;6
241;441;26
611;608;22
603;660;46
592;370;26
112;386;20
585;437;46
296;45;27
793;61;41
862;18;33
449;758;49
225;270;45
227;942;48
91;32;31
399;545;13
796;970;21
196;127;1
689;427;18
918;193;10
309;412;16
155;220;2
796;676;23
263;984;17
464;737;5
57;37;10
641;144;28
76;422;36
727;432;22
475;476;29
243;129;38
120;958;15
523;523;6
129;482;33
153;200;10
974;977;37
807;116;36
878;195;29
516;546;36
300;179;6
143;877;30
468;506;15
84;276;38
867;418;44
616;60;43
947;934;23
899;628;17
278;405;34
296;499;38
694;692;40
978;125;41
243;81;41
686;121;49
723;270;33
809;247;24
865;976;33
436;543;34
573;272;31
226;961;47
191;723;50
416;458;3
623;859;47
237;915;44
165;191;26
474;889;27
232;18;15
175;109;28
299;772;44
863;339;14
302;73;32
868;382;29
300;33;49
548;264;5
552;949;30
388;426;44
54;483;20
966;153;34
396;998;47
66;11;10
968;541;21
709;374;50
729;529;1
432;202;24
735;514;44
480;843;46
66;402;17
63;667;18
101;374;10
164;702;35
968;103;24
667;291;49
416;284;7
710;969;43
379;23;13
684;463;1
892;521;36
495;127;24
389;384;8
183;114;32
645;430;47
559;783;42
683;760;27
483;618;7
644;627;3
26;354;33
761;50;35
673;279;30
852;39;14
94;81;50
601;98;38
315;282;13
665;388;30
174;150;20
416;932;24
198;158;34
261;760;35
289;38;10
796;254;26
115;22;16
816;439;5
843;250;30
6;965;6
135;683;19
891;581;20
29;240;38
641;549;45
259;943;19
104;200;42
111;546;7
172;298;13
246;147;37
536;842;15
83;25;45
954;219;42
223;386;17
177;269;35
645;526;10
179;5;15
935;872;15
178;64;32
86;934;3
246;29;19
708;795;47
838;94;34
968;961;30
662;15;12
25;900;47
467;662;5
115;39;7
247;932;4
209;522;48
549;622;27
534;886;47
275;896;21
378;308;6
3;617;10
353;347;28
565;272;8
327;497;17
93;944;14
526;812;5
922;722;19
663;237;24
175;902;10
831;967;46
103;86;26
930;578;45
381;220;20
538;194;16
682;555;9
995;457;43
461;115;46
945;278;18
417;116;34
735;900;10
883;688;4
463;458;40
313;424;13
931;777;14
852;610;8
660;865;28
781;176;4
92;373;23
249;703;28
344;568;22
124;899;46
113;547;15
558;510;36
422;271;19
549;53;37
892;984;1
127;446;3
375;514;49
553;702;46
118;172;2
120;300;8
967;348;35
989;782;21
825;655;24
959;651;49
365;208;27
619;134;38
791;277;11
599;532;6
483;877;20
828;954;17
976;432;43
282;133;23
909;164;48
349;658;1
578;697;12
411;718;38
166;232;28
898;103;22
58;418;23
975;111;37
118;162;27
939;953;39
519;332;31
438;910;29
456;791;40
955;847;33
678;415;31
843;861;4
463;128;7
455;144;34
800;396;34
5;777;45
687;85;14
801;71;7
560;675;21
736;230;11
241;182;6
769;587;34
634;82;19
5;446;39
112;358;1
244;179;31
141;275;25
297;841;14
793;325;3
244;384;17
602;712;33
461;975;8
711;817;27
68;932;12
325;397;45
491;81;19
284;146;42
966;264;36
736;482;41
89;94;9
795;888;47
763;723;7
144;781;17
813;249;46
193;530;33
151;326;50
392;456;37
83;921;45
547;173;1
399;212;42
466;84;42
839;505;4
99;286;34
151;486;30
421;601;34
403;22;5
644;357;41
844;804;47
960;217;24
860;240;49
597;495;42
147;800;46
237;393;44
263;136;2
162;992;23
405;356;30
170;803;3
34;761;38
77;826;21
536;795;43
57;338;2
657;298;24
819;749;39
258;533;49
39;123;39
439;47;15
114;804;36
701;995;6
738;221;24
702;543;29
424;873;34
114;266;38
413;13;30
5;633;20
862;205;17
339;548;15
62;753;32
60;201;48
51;7;32
73;297;25
174;462;20
870;279;20
365;591;43
271;197;8
617;728;11
363;399;4
874;647;23
321;18;50
636;582;47
839;675;3
221;735;4
949;510;22
525;384;6
843;717;44
492;114;17
764;287;20
127;550;49
88;970;2
213;353;16
997;547;47
915;110;39
595;481;6
72;291;33
199;876;14
555;42;2
112;889;10
223;511;34
688;711;26
87;172;34
190;968;5
345;607;4
31;157;18
75;255;49
307;41;34
695;17;8
339;818;43
577;587;24
22;6;27
413;436;22
966;155;39
697;36;47
383;260;9
225;125;35
713;141;18
880;871;25
356;180;38
18;636;21
701;432;48
620;739;15
57;766;16
87;847;13
427;801;40
437;801;33
980;729;36
616;714;35
153;79;44
513;127;46
139;709;29
65;360;27
539;317;18
183;174;31
836;378;50
715;994;15
753;125;50
491;454;7
432;58;36
332;82;50
195;221;45
745;684;26
484;690;23
414;27;8
742;699;27
403;24;24
141;759;16
597;408;2
841;12;33
502;196;42
294;875;35
937;631;4
280;170;5
322;996;21
512;695;35
395;985;22
268;203;43
414;127;12
605;612;47
804;624;23
926;14;32
274;576;16
747;402;6
489;740;50
94;648;35
375;573;16
649;258;1
963;91;12
388;476;35
106;817;25
336;679;43
378;788;18
227;385;11
310;247;36
328;399;14
249;551;28
269;669;20
967;661;7
61;600;5
508;164;18
447;447;5
756;811;17
566;470;10
37;85;22
650;42;31
420;247;17
777;802;32
246;690;28
387;916;19
2;815;7
252;677;45
617;825;6
880;886;28
820;10;20
947;667;36
595;559;34
343;869;30
549;747;32
434;963;15
430;398;40
148;119;14
203;987;18
120;666;6
461;379;34
7;514;16
643;538;35
728;968;32
762;716;13
368;254;32
297;330;40
684;483;7
195;36;45
57;418;8
148;535;14
695;641;35
482;116;25
254;907;47
863;519;43
526;82;50
924;311;47
547;400;31
635;627;49
988;810;44
273;497;41
635;658;26
585;608;6
272;508;15
162;524;19
825;865;49
748;37;22
172;10;46
48;720;7
29;17;25
579;80;36
699;730;39
32;501;36
283;404;22
212;471;38
487;803;28
988;279;13
187;65;27
517;112;13
901;597;31
509;550;23
266;1;21
909;517;16
255;567;40
981;272;25
290;177;27
215;577;30
54;571;4
728;765;47
506;531;40
31;360;5
777;365;47
369;813;33
732;55;6
350;46;6
557;473;34
330;457;12
255;398;26
728;870;37
105;211;40
877;236;31
674;7;1
470;444;46
661;520;24
288;461;22
836;627;3
518;986;38
632;314;4
653;419;8
58;730;50
774;308;31
605;729;21
631;925;35
758;200;28
896;593;31
505;446;27
760;100;18
560;49;16
96;943;30
666;682;12
326;390;19
708;385;17
201;833;43
950;931;31
710;728;37
815;408;41
559;312;16
758;879;12
640;912;13
663;714;29
782;323;14
958;745;34
354;111;38
639;757;1
871;308;29
867;858;32
744;759;39
909;507;45
484;632;34
329;890;18
1000;69;17
32;70;29
145;323;27
623;732;15
156;532;28
681;635;16
691;534;2
432;599;15
880;692;40
188;39;49
213;70;36
568;33;12
459;527;31
643;550;23
238;555;44
568;648;34
490;335;15
936;234;17
951;266;40
88;305;5
608;479;30
253;752;16
457;471;38
919;978;2
681;572;40
634;6;19
652;786;37
392;539;21
365;182;40
930;800;39
890;837;19
804;990;37
345;16;17
18;201;26
882;864;3
191;232;29
641;576;30
671;766;24
849;641;14
522;961;18
57;717;2
83;518;17
220;843;18
228;254;23
155;268;28
236;470;1
873;146;43
996;375;14
715;909;48
674;529;10
852;192;12
182;539;40
773;976;20
483;803;42
13;472;36
808;800;16
47;215;39
804;358;13
871;708;25
217;199;5
66;295;35
567;462;26
780;453;20
7;532;33
316;384;4
75;38;11
885;798;12
761;414;9
940;997;17
390;798;26
865;223;24
472;906;47
201;203;45
919;689;3
872;685;19
353;41;18
356;725;25
102;194;21
532;550;35
907;479;25
898;144;28
304;166;41
940;442;28
283;736;36
711;137;33
718;320;17
901;832;20
209;909;30
524;354;30
485;629;47
17;282;30
236;199;44
128;881;44
263;523;39
108;510;30
869;58;23
665;802;42
37;692;21
580;312;24
41;40;37
13;244;38
751;408;34
243;172;40
495;791;48
617;753;1
779;268;15
67;808;18
985;849;9
942;919;28
529;590;27
981;295;41
816;776;18
819;307;5
920;937;26
695;737;7
191;787;30
859;525;18
881;155;21
698;261;5
561;513;39
940;630;42
906;553;23
885;601;47
38;608;15
425;789;23
878;788;39
736;97;25
696;777;47
573;440;37
768;107;14
519;172;23
436;515;43
581;679;15
431;628;48
66;869;42
588;897;35
49;805;10
963;416;21
118;885;10
464;50;20
78;56;21
126;226;48
499;631;15
412;244;23
690;799;12
463;324;7
699;300;2
341;822;14
301;922;50
369;543;25
234;909;25
396;776;33
305;877;29
705;236;18
855;647;35
213;871;25
319;398;28
413;708;48
223;793;30
481;122;2
574;109;7
952;1000;34
121;994;38
543;555;16
840;419;49
994;702;23
419;78;8
577;419;12
474;466;44
77;73;36
383;552;20
626;839;4
512;564;46
714;412;1
26;417;43
125;24;32
611;864;33
259;19;23
51;615;34
616;658;41
8;998;11
514;478;15
803;858;20
463;765;21
847;427;23
471;450;38
478;720;3
477;768;7
148;48;15
880;518;41
821;530;25
828;224;4
870;53;16
618;120;1
718;126;26
365;524;8
58;18;25
4;1;48
130;891;27
51;234;28
563;469;21
147;820;12
826;379;15
194;627;35
120;695;34
968;942;41
830;915;49
477;103;17
922;73;36
390;850;50
539;263;25
837;142;31
968;276;2
561;652;8
511;497;43
76;52;17
177;341;46
696;296;10
723;121;15
417;655;13
86;951;28
996;215;6
470;999;41
333;719;18
218;650;14
529;197;26
313;628;10
595;778;33
87;633;20
594;130;12
883;831;9
191;169;21
550;562;22
842;579;21
642;52;12
885;76;19
986;165;25
685;300;35
859;23;22
258;742;14
890;335;23
501;669;26
455;799;16
959;349;21
578;832;49
497;574;32
844;182;16
57;970;32
708;471;18
40;937;42
52;141;28
173;928;38
416;279;1
820;458;20
757;229;38
216;724;23
893;219;38
459;685;11
406;337;37
805;168;6
123;805;11
391;69;36
602;279;26
599;365;4
624;612;31
334;44;47
731;502;21
30;12;9
963;930;1
515;460;38
332;26;50
335;360;2
800;741;18
316;833;17
604;611;36
867;707;17
592;789;20
374;944;12
116;717;8
864;970;12
972;380;46
699;624;48
653;656;17
134;295;50
694;460;47
252;868;19
24;568;38
450;290;33
36;570;3
674;619;27
986;359;19
966;140;44
395;256;32
135;973;26
338;727;33
337;897;4
708;951;33
226;674;18
938;309;13
954;8;49
846;443;43
480;864;41
607;536;19
167;753;35
687;320;43
830;360;2
766;351;7
44;539;47
704;129;46
716;350;35
932;289;49
911;57;30
876;129;48
372;35;2
353;407;8
656;199;19
652;763;34
633;129;44
193;196;33
205;462;3
27;323;33
723;691;34
400;333;2
67;448;43
930;207;12
767;311;44
433;819;44
952;193;29
639;192;27
779;897;24
138;766;31
220;548;22
734;210;32
840;604;49
631;533;2
208;774;28
420;923;27
153;800;39
648;752;30
799;819;46
380;239;36
768;755;34
296;983;5
369;674;5
457;81;2
225;62;32
300;804;28
390;278;40
447;734;19
494;541;41
622;820;4
334;235;17
702;795;47
362;802;36
708;516;41
55;362;29
491;111;18
274;894;11
361;407;25
303;362;24
373;467;25
125;701;3
391;148;23
761;556;24
9;964;36
149;78;39
559;140;27
645;282;34
75;779;48
199;900;27
462;481;46
999;749;25
330;187;32
421;12;19
500;803;30
337;665;30
454;761;14
388;915;17
611;501;50
508;742;33
370;690;7
935;83;21
857;550;15
337;877;17
248;766;9
426;802;27
435;722;10
990;188;24
580;250;41
52;119;10
24;502;34
852;199;25
9;195;37
500;962;17
942;355;30
693;644;39
787;598;41
453;760;11
316;370;20
682;210;29
7;603;20
981;504;40
172;271;21
657;742;32
821;89;32
743;220;44
780;161;4
901;987;40
905;140;36
385;167;9
841;358;24
368;909;25
368;244;11
281;816;23
63;524;20
603;617;31
477;639;35
625;385;9
153;602;1
765;283;43
969;414;26
745;990;36
664;781;2
866;277;48
144;388;4
524;685;48
339;759;29
67;648;4
398;354;3
995;182;42
778;139;36
274;713;48
221;656;44
919;144;30
128;676;18
505;691;21
90;973;2
835;113;30
212;636;26
152;251;17
739;327;43
358;975;23
314;705;21
67;709;46
903;694;5
118;255;8
285;794;44
614;58;5
355;371;46
609;217;16
352;120;4
976;36;5
412;317;44
246;591;37
767;448;35
20;951;10
966;259;22
16;809;33
400;125;33
903;476;12
887;733;27
492;326;10
790;659;17
347;324;13
785;245;29
280;208;3
955;222;32
586;278;43
491;371;24
172;468;18
264;146;50
565;854;41
867;574;5
245;126;49
203;716;6
211;883;20
922;405;28
676;621;43
629;726;23
175;541;21
732;845;28
743;96;4
319;921;50
530;145;24
898;677;15
398;213;2
215;299;29
992;801;16
806;236;49
934;337;19
195;272;20
46;75;1
51;60;30
626;898;20
746;341;25
56;133;16
246;359;3
405;861;32
899;880;14
488;124;48
446;943;14
742;372;50
123;29;31
514;455;4
739;204;24
603;32;7
480;66;14
508;267;18
693;694;6
63;470;39
628;754;28
323;877;9
989;129;22
446;473;41
415;639;16
704;895;16
72;104;16
45;469;4
445;89;37
665;640;47
733;226;15
8;683;18
32;924;32
523;235;1
677;1;44
275;694;6
882;543;26
645;443;13
634;81;5
947;833;11
715;471;28
1000;545;19
533;773;43
669;203;36
203;954;3
794;579;33
920;989;16
324;377;8
787;704;35
625;945;13
517;995;35
65;958;39
406;92;29
492;270;27
289;605;31
404;1;37
134;521;49
413;649;28
545;524;48
432;410;16
733;104;7
515;951;15
119;826;20
154;627;11
586;414;25
916;94;47
625;626;23
674;312;49
852;3;21
942;623;34
510;152;33
299;618;31
712;158;10
70;568;16
158;49;11
222;598;11
770;684;36
977;973;38
789;966;3
156;173;42
891;968;15
719;17;37
660;306;24
1000;912;19
262;718;18
712;317;3
93;786;9
643;618;37
671;752;49
102;693;43
273;948;36
353;873;4
715;378;41
314;67;12
783;999;24
826;899;8
917;881;50
578;898;9
979;73;4
540;881;42
931;590;47
151;375;49
433;72;39
52;531;28
349;105;36
933;31;13
996;232;37
660;664;46
238;369;5
851;737;40
24;882;49
310;936;20
577;352;42
794;879;26
160;901;28
823;56;14
938;500;3
417;782;44
173;431;12
72;194;23
95;218;21
607;774;8
340;771;21
902;462;32
338;827;32
361;735;28
410;534;15
946;736;27
214;665;3
283;49;39
575;44;3
724;864;44
51;35;21
932;567;24
941;108;48
976;880;4
926;44;47
377;985;15
139;436;47
819;518;44
97;987;36
796;156;36
842;438;19
984;879;7
603;76;37
916;839;5
732;162;29
347;748;28
717;252;24
996;461;35
183;651;44
97;842;46
2;47;20
694;599;13
779;717;35
272;681;8
742;407;9
708;970;50
679;591;3
16;434;30
547;1000;26
194;197;4
118;679;26
167;512;47
777;170;17
302;496;32
277;654;24
536;596;7
63;961;26
432;306;25
831;500;17
344;967;45
951;705;32
274;678;29
852;909;33
628;246;34
212;989;38
732;604;38
310;694;26
730;24;20
630;706;12
27;875;38
42;308;4
358;542;14
180;363;23
112;110;47
700;272;45
728;472;1
21;219;32
280;393;46
949;963;35
238;554;24
502;59;45
341;423;31
378;412;16
202;729;2
141;311;26
454;36;44
203;421;15
797;862;25
45;638;26
423;17;22
154;708;44
18;893;39
182;589;19
305;484;19
932;484;6
804;790;16
206;243;36
47;877;42
770;231;17
458;2;9
250;173;20
893;948;34
765;205;34
504;434;46
617;198;8
213;520;42
39;725;31
171;299;22
560;688;37
753;745;4
974;342;38
729;270;29
233;112;30
671;573;33
235;746;16
123;147;39
548;97;27
149;688;3
776;759;23
760;189;29
208;87;41
842;476;12
592;930;3
199;848;34
388;389;30
5;833;33
376;82;19
112;214;32
367;62;37
310;999;6
116;5;45
440;457;50
150;333;34
86;655;31
51;122;14
872;626;35
492;314;44
325;385;31
699;515;27
369;984;38
428;242;16
823;422;45
489;933;29
486;60;34
282;569;22
890;254;6
312;623;5
141;25;18
624;398;32
912;412;3
515;868;38
420;633;17
21;299;1
549;830;5
597;54;14
660;922;21
672;57;22
997;490;29
765;545;7
557;111;41
211;92;29
700;242;35
711;752;24
870;490;3
340;592;23
986;848;33
165;775;49
607;998;35
173;807;1
82;397;48
356;157;30
197;515;37
716;845;37
751;69;15
507;716;48
161;298;39
765;467;44
939;949;15
526;71;6
837;152;12
3;796;23
980;493;37
423;944;16
45;903;2
190;984;22
668;385;23
437;693;39
38;592;4
823;635;37
204;1;4
495;550;37
685;780;36
832;313;23
965;713;14
969;549;3
487;625;24
840;80;44
340;988;9
199;721;10
609;738;31
786;610;18
121;162;25
494;543;39
556;351;50
69;341;20
316;753;35
527;487;18
222;459;13
6;473;27
884;720;21
983;207;48
783;307;23
394;638;21
164;550;38
121;328;33
991;788;13
913;552;39
898;466;49
429;562;43
305;869;6
861;144;35
878;508;45
345;573;50
478;899;27
961;360;7
365;377;46
437;287;11
777;59;2
821;299;3
857;565;18
252;956;30
226;442;25
566;638;9
590;898;13
797;302;8
241;672;17
51;831;9
187;878;2
922;601;4
545;891;1
18;112;46
250;257;16
112;139;21
559;231;20
449;305;35
972;443;34
556;182;26
478;602;34
153;136;31
261;828;7
935;906;15
456;262;47
478;605;22
856;46;16
943;346;2
939;391;7
866;254;40
632;414;7
766;506;50
174;684;11
836;513;26
696;156;34
534;450;34
261;632;4
925;642;5
774;701;2
681;995;8
969;662;16
127;8;20
735;208;40
383;933;27
404;4;32
336;509;28
837;29;41
64;143;35
180;575;3
297;33;12
61;134;12
398;318;13
347;147;9
687;589;5
320;792;9
80;878;25
870;189;23
501;76;33
550;577;41
152;644;21
688;807;29
602;700;45
650;179;29
306;231;10
461;406;11
977;684;50
353;741;41
570;246;45
284;516;22
898;454;30
995;177;23
712;76;21
309;694;36
868;764;2
987;774;3
811;359;50
864;225;34
468;679;11
586;92;1
991;456;22
94;406;45
478;563;47
368;182;49
332;125;7
610;630;28
662;263;6
916;584;45
997;274;44
880;900;29
570;889;3
562;886;12
441;61;40
942;718;23
455;527;2
844;806;33
554;160;42
368;664;48
781;688;1
696;978;37
152;82;6
566;933;5
353;530;18
569;829;37
570;126;33
617;883;15
639;221;39
41;625;35
792;460;26
995;386;8
713;93;5
700;385;50
128;629;25
709;568;3
455;325;47
208;313;17
131;73;12
666;229;39
708;375;22
943;247;42
90;741;11
369;86;22
482;593;41
798;373;49
811;240;27
464;480;39
330;498;15
160;53;36
514;964;28
517;747;49
996;627;14
403;561;8
702;666;19
55;192;36
270;209;49
172;245;48
866;317;34
466;377;22
3;383;16
70;11;44
780;920;43
632;316;17
939;489;49
781;194;30
766;923;6
243;107;49
369;3;48
393;690;6
527;880;21
631;299;1
870;585;29
445;992;7
28;820;24
5;479;49
625;216;46
287;90;20
672;368;12
339;433;12
553;426;22
898;639;36
486;31;6
71;364;36
488;304;19
38;813;15
663;370;23
379;497;5
333;408;39
720;110;46
893;766;7
51;228;23
949;454;39
398;249;3
635;519;21
435;218;34
453;592;43
931;378;12
350;758;34
748;602;5
528;58;23
664;319;21
956;796;11
814;453;19
912;680;14
995;280;48
231;826;25
631;475;29
828;91;15
944;32;34
854;785;26
450;924;33
174;347;39
6;61;48
641;108;32
787;80;25
759;499;35
132;73;21
31;502;30
335;939;21
713;667;27
250;84;45
150;173;4
682;193;18
344;183;22
772;927;44
151;677;10
720;433;28
405;886;31
440;782;35
283;393;37
550;545;7
6;381;12
425;210;21
646;171;26
186;895;8
470;626;39
595;826;12
22;140;42
189;479;24
934;413;8
454;573;44
416;47;10
17;918;37
943;833;19
623;453;23
680;384;10
773;906;36
213;81;49
242;362;20
491;42;39
654;667;28
600;142;34
140;593;41
555;165;47
33;570;22
640;469;40
572;993;30
949;830;23
884;789;49
933;830;14
609;673;37
515;328;7
931;581;28
210;640;11
895;921;10
385;672;25
239;612;1
20;697;38
2;834;29
566;454;49
841;598;13
828;266;12
988;579;14
522;574;1
868;354;9
774;71;48
243;42;1
574;574;34
473;621;20
381;597;27
563;981;36
301;258;13
597;573;49
812;324;13
27;235;8
221;3;47
165;781;5
242;229;27
59;563;33
42;702;10
722;977;36
82;638;50
971;296;2
279;432;25
784;800;23
581;544;34
446;814;46
386;310;28
793;49;33
814;154;23
709;533;48
563;707;31
488;348;6
449;991;40
127;160;20
176;914;6
584;774;19
944;59;2
309;393;15
337;403;14
51;408;36
19;635;14
116;924;11
203;730;36
766;100;41
994;75;31
692;158;32
283;410;38
602;909;48
177;521;43
37;145;31
521;593;26
990;634;37
56;432;36
744;694;35
846;732;38
209;312;24
165;608;15
59;470;36
995;75;25
133;113;9
40;705;39
230;878;4
208;295;38
726;709;12
554;958;42
563;262;23
831;535;29
136;931;24
713;95;32
601;301;18
634;370;22
758;76;12
619;311;38
433;588;2
256;438;37
399;925;39
655;549;11
465;165;10
223;639;22
356;54;34
674;47;48
21;342;33
982;731;22
861;612;37
347;913;50
942;111;11
138;234;50
314;215;10
317;732;40
18;693;21
746;770;44
278;554;10
766;729;12
115;378;43
914;487;4
62;245;27
113;285;48
466;138;39
337;937;1
640;512;20
629;983;38
244;947;14
320;96;13
55;686;33
979;950;32
277;105;48
159;779;20
579;516;44
77;847;24
152;508;46
894;309;41
478;412;5
800;498;31
176;440;48
549;936;37
674;379;13
391;404;12
464;848;48
472;691;22
910;627;7
618;816;25
614;847;49
250;294;21
808;542;22
587;199;2
254;860;46
165;223;29
229;760;34
573;64;11
995;312;2
532;700;12
308;111;44
952;817;16
384;294;5
269;248;3
250;987;27
532;819;29
108;151;23
806;235;29
743;988;9
377;740;47
43;528;21
867;313;5
557;220;31
655;631;49
233;537;34
154;532;28
881;314;38
152;631;31
841;452;12
931;933;40
691;95;8
583;113;24
740;792;22
895;357;27
952;921;6
469;695;12
860;528;19
500;898;37
527;595;33
391;417;11
232;60;7
107;629;36
273;261;24
238;479;3
722;618;2
374;807;50
59;829;30
156;3;2
579;682;49
961;979;35
477;474;27
247;178;1
744;964;39
651;775;46
93;312;14
276;193;33
109;327;15
361;91;29
286;653;17
994;652;25
103;664;42
336;620;32
723;544;17
633;562;15
359;316;34
110;810;14
633;256;3
286;765;24
450;315;18
860;589;26
136;936;26
277;542;28
733;858;23
874;406;19
738;206;39
635;551;7
654;468;48
902;209;24
277;650;35
30;568;44
477;957;33
522;535;29
723;913;49
970;923;16
921;245;27
946;850;32
2;662;17
794;812;39
631;292;2
95;722;13
422;810;22
369;824;34
916;399;45
963;603;42
19;256;19
507;583;46
52;942;40
1;65;1
543;543;16
563;157;15
195;704;28
593;427;31
404;421;31
283;810;36
327;174;32
557;236;7
876;125;21
562;42;50
800;807;45
362;825;29
261;93;44
855;928;35
407;86;28
919;852;39
493;62;8
592;860;40
628;390;30
59;286;48
112;121;39
142;316;14
76;213;39
911;723;31
628;635;39
904;87;50
982;781;26
320;431;41
758;149;14
881;245;37
974;348;19
918;542;27
62;482;17
264;674;39
634;260;12
990;249;32
806;213;44
68;802;27
938;691;16
328;699;31
289;391;19
289;959;29
260;536;19
566;323;26
799;234;24
354;438;6
805;151;20
674;604;30
61;981;45
4;193;48
11;355;26
883;584;4
602;141;41
643;86;31
759;670;14
820;603;43
676;340;9
437;869;35
408;863;37
634;395;15
954;81;48
80;662;34
226;856;11
512;253;11
851;244;17
74;385;46
885;34;42
320;634;33
180;668;47
492;625;47
129;231;42
631;424;45
871;471;3
538;209;44
311;250;9
70;12;43
863;6;37
612;711;44
394;974;23
977;613;3
977;682;7
481;605;4
76;49;44
102;100;40
749;406;36
222;244;10
733;444;32
364;110;34
523;27;36
314;669;22
798;856;8
438;132;32
881;50;27
156;128;3
299;840;40
891;250;20
753;730;32
379;102;12
134;918;33
978;907;16
272;719;6
912;235;6
617;172;12
879;957;6
225;202;34
755;579;45
307;786;10
813;120;2
400;867;23
104;645;19
739;989;21
495;913;27
116;720;26
197;374;3
130;267;26
424;325;14
893;89;22
962;53;22
57;560;6
643;217;30
884;386;50
940;556;44
803;181;43
751;653;16
952;363;11
247;175;2
454;846;21
163;321;32
908;744;5
503;733;1
523;877;8
825;191;27
510;304;4
563;508;10
557;264;49
715;583;15
948;948;21
398;66;4
197;426;43
912;298;17
640;31;44
266;174;25
123;409;47
712;166;39
146;668;1
826;974;7
912;357;23
452;183;2
653;72;37
635;914;34
304;537;18
75;766;36
363;365;16
127;342;31
93;137;46
842;747;35
242;976;18
255;365;30
879;223;15
532;254;36
529;713;5
884;738;48
255;531;23
305;779;3
964;765;29
1;369;17
153;61;4
575;875;2
602;73;43
728;730;37
185;825;12
874;174;20
857;284;48
591;486;41
935;135;28
753;126;14
464;809;18
77;402;8
780;324;7
710;503;11
611;689;1
358;937;26
342;434;34
881;242;30
924;898;10
912;23;17
951;857;27
571;993;38
741;830;12
368;24;45
553;343;50
730;885;47
698;442;7
549;160;23
910;210;15
510;242;14
644;632;44
519;500;4
227;808;1
223;579;14
665;764;13
845;679;16
4;824;17
208;425;8
952;608;27
186;255;3
674;849;4
780;415;48
873;605;32
667;694;43
329;28;38
236;545;19
753;423;27
254;981;3
462;231;47
346;90;24
212;995;3
249;602;50
421;247;29
381;500;16
323;807;11
972;636;19
472;506;38
538;122;16
262;294;12
486;820;5
467;368;20
83;57;30
115;87;9
785;284;28
564;245;2
343;853;12
925;593;46
401;804;31
632;181;19
806;79;11
657;798;7
343;63;47
57;444;13
183;979;16
921;321;15
678;749;19
483;695;44
392;608;10
460;350;19
615;738;28
324;131;32
97;688;41
638;852;25
751;125;48
843;90;24
693;128;9
449;401;17
594;291;17
169;388;17
567;105;24
902;410;40
722;322;2
996;921;16
13;195;35
389;461;34
529;906;19
291;856;9
939;699;1
920;766;35
328;830;37
35;468;35
423;915;30
439;235;31
515;705;45
911;387;12
981;912;7
221;604;34
851;708;19
853;180;36
422;457;8
424;562;4
478;301;8
653;540;18
170;458;5
766;434;34
781;794;20
933;827;49
535;152;42
755;647;25
155;347;10
832;393;38
852;398;49
312;466;10
183;334;24
404;368;11
319;989;11
126;703;38
150;292;46
905;509;27
16;106;26
416;877;18
830;465;7
287;352;34
120;394;10
151;657;13
226;154;44
761;140;2
834;736;12
296;40;48
309;983;40
789;60;6
932;47;36
512;903;36
159;873;41
749;500;14
329;506;29
832;953;35
1;950;44
199;640;47
574;528;50
253;357;1
861;591;49
128;325;36
231;445;24
791;353;14
127;275;44
391;721;33
870;443;40
529;239;27
721;725;49
877;960;32
785;871;16
208;659;8
39;329;48
370;413;50
965;103;22
501;326;4
518;4;33
346;105;48
246;18;16
34;434;17
878;717;16
171;551;44
50;226;32
924;562;14
47;32;23
282;758;49
449;181;46
678;724;48
69;789;8
447;653;37
130;679;34
572;803;42
981;723;27
876;578;16
639;997;47
791;870;26
225;857;12
558;928;5
732;915;4
984;121;45
945;621;40
25;989;26
501;51;15
398;57;7
166;392;3
697;255;22
789;244;16
934;869;3
167;16;21
137;78;37
995;341;43
845;369;5
84;971;46
538;628;47
800;661;36
964;964;32
200;653;49
210;161;38
428;361;49
335;74;39
723;421;12
486;723;16
511;657;10
683;292;20
404;521;43
445;881;4
388;367;6
371;35;32
70;915;49
83;273;10
801;101;26
262;53;11
345;543;23
974;31;30
657;519;25
849;156;42
545;461;45
171;529;47
299;424;46
379;948;18
619;459;24
412;430;18
650;871;7
507;617;49
875;459;24
15;470;24
616;884;17
147;365;44
667;598;7
382;602;11
874;322;7
973;948;16
686;125;38
704;416;21
798;469;34
169;9;6
863;663;23
715;710;40
671;294;8
82;123;39
672;585;25
900;755;33
128;475;18
802;92;3
548;275;23
898;388;49
122;573;15
453;733;43
297;446;45
258;672;46
827;234;45
835;432;5
669;899;38
252;929;14
908;249;30
71;67;18
707;79;9
595;384;24
846;845;12
412;77;38
267;123;50
161;924;45
265;137;9
271;351;43
668;487;17
169;638;28
314;346;28
591;833;31
303;374;49
599;428;49
167;459;27
113;134;29
242;524;22
947;184;19
113;394;26
199;702;2
261;923;6
476;436;3
638;112;14
264;488;17
452;222;37
471;61;47
730;878;15
939;90;23
466;524;2
623;841;14
432;35;8
668;125;46
798;253;12
199;215;20
201;683;5
505;729;21
733;426;24
355;266;34
705;723;31
469;993;25
452;575;11
382;377;15
850;423;21
619;587;21
904;843;11
461;70;12
15;77;23
367;672;29
732;551;17
472;816;20
462;43;38
501;979;2
22;197;42
985;31;50
882;291;43
149;952;45
351;776;46
374;693;13
898;376;4
654;452;16
285;321;41
145;188;41
387;529;13
750;204;7
159;465;48
472;863;48
494;283;35
907;716;15
973;153;24
327;729;31
951;683;45
171;366;5
57;966;28
898;860;6
778;441;50
808;444;34
294;307;48
191;383;8
603;681;50
240;635;1
571;974;35
816;736;32
282;716;5
632;877;8
676;292;4
159;41;5
672;932;42
463;434;5
494;520;28
59;842;47
642;100;21
616;619;42
589;294;18
55;891;40
103;654;1
673;876;35
643;798;31
34;517;50
24;743;43
809;860;26
695;747;31
738;308;16
573;214;19
430;291;2
512;994;28
130;867;17
303;395;9
715;440;1
789;48;23
979;284;48
455;139;1
944;149;19
923;28;46
583;754;33
737;528;21
323;465;13
474;964;20
305;245;26
493;277;25
980;113;34
540;787;24
809;522;35
243;335;31
582;611;19
227;551;37
764;557;40
97;768;7
433;256;13
966;880;45
769;659;34
228;750;2
717;668;49
167;84;20
423;512;12
272;561;45
624;452;32
205;575;48
970;218;15
453;897;37
231;323;14
449;191;49
100;209;12
734;119;14
371;914;44
935;110;34
833;364;33
640;403;9
443;475;10
188;448;27
420;160;2
789;459;47
719;450;34
94;492;19
462;304;9
227;324;41
908;480;24
652;632;31
717;164;32
69;369;12
210;260;12
907;12;30
233;639;30
461;905;21
883;959;4
634;879;36
754;233;33
532;445;10
390;739;31
883;72;24
310;421;17
102;392;23
577;529;1
519;45;28
23;657;8
582;120;45
629;597;7
476;223;5
129;112;32
730;889;16
235;247;12
558;726;22
810;614;48
876;730;42
227;304;50
871;849;3
860;575;1
94;375;35
477;822;32
373;533;31
700;892;13
823;654;9
544;469;1
423;526;18
765;620;22
263;678;48
248;675;27
283;514;23
63;35;20
36;529;25
844;823;4
647;170;32
337;81;47
968;643;43
885;422;47
777;468;21
831;121;13
977;731;27
690;714;43
54;44;49
677;676;6
412;191;50
927;889;34
28;49;6
225;234;43
461;749;29
766;311;9
653;947;22
895;110;15
406;45;1
718;344;7
928;617;7
807;643;19
747;546;40
784;310;42
677;457;5
314;686;6
463;664;48
783;986;25
349;352;34
379;161;20
430;784;20
743;985;16
292;945;44
152;169;41
743;262;12
958;437;38
349;162;19
552;333;2
268;284;32
246;142;50
280;553;19
311;244;46
361;792;2
125;293;12
762;405;6
548;577;30
598;474;36
459;212;25
969;40;21
941;822;23
762;320;21
954;836;35
411;931;37
33;371;1
101;811;47
460;219;15
538;153;32
20;385;26
648;107;21
245;705;15
238;181;32
392;256;7
61;541;28
937;783;31
944;663;25
623;817;37
48;660;43
294;497;21
46;768;14
172;847;40
326;228;8
279;168;1
932;242;31
813;481;31
454;71;39
765;134;8
776;519;50
426;619;47
886;194;6
522;580;13
272;84;3
699;54;4
198;893;15
97;44;14
399;136;45
272;475;24
825;361;33
866;715;37
159;609;15
183;683;36
382;644;47
482;21;32
741;99;30
732;813;40
471;564;12
388;547;17
562;749;39
73;741;7
864;414;29
120;567;16
21;7;34
659;912;38
524;721;39
527;216;39
735;899;9
909;76;41
353;290;41
80;639;2
516;373;4
587;782;39
738;122;2
534;285;45
903;635;44
333;750;28
382;897;14
300;136;49
434;503;42
779;659;12
377;499;12
86;731;7
999;653;34
13;919;31
547;772;21
995;999;9
553;228;3
270;733;8
759;15;8
381;105;50
973;65;10
114;358;15
687;126;35
794;462;30
798;10;44
589;928;1
339;187;19
590;164;37
716;503;37
639;132;30
807;727;6
504;870;37
601;923;47
118;851;23
598;583;1
897;348;27
530;497;21
740;468;34
366;638;4
324;501;30
405;187;35
607;758;17
130;508;38
415;370;13
876;868;19
694;502;43
302;750;33
192;720;32
662;461;39
224;893;45
563;487;36
827;145;23
541;949;45
761;361;2
72;460;35
473;552;50
833;842;10
733;301;42
144;277;13
971;440;17
15;325;6
511;287;23
766;663;26
284;840;6
494;643;49
19;21;28
770;302;8
501;628;46
343;638;18
494;460;25
614;639;39
3;563;40
255;266;33
399;53;39
890;555;38
203;444;26
662;421;26
680;63;45
607;897;8
424;950;48
763;905;29
893;672;23
201;345;14
870;686;25
873;635;7
5;212;22
108;194;31
271;572;32
185;885;27
346;243;6
171;162;7
113;811;23
746;96;6
409;996;10
561;960;17
501;975;41
926;49;5
9;220;10
648;236;46
866;670;32
232;944;12
392;680;1
29;352;19
770;826;31
232;821;46
572;603;28
466;358;20
760;50;44
121;560;39
420;707;26
476;399;50
371;969;43
169;524;27
856;462;7
243;430;10
763;559;14
775;945;49
516;233;9
937;904;4
214;284;15
115;779;41
380;305;2
529;544;44
422;868;14
95;668;12
28;578;38
658;787;37
275;500;37
947;426;14
240;212;5
268;781;32
696;115;14
829;933;37
442;549;3
111;494;40
371;29;1
199;785;37
269;233;11
284;500;32
445;857;38
754;403;28
998;670;21
260;174;13
795;403;12
792;490;20
482;500;38
205;387;41
376;116;37
607;373;3
312;713;35
571;397;22
281;13;19
273;596;40
955;482;19
347;270;50
955;268;2
928;29;44
188;85;5
107;68;4
268;942;45
182;980;17
938;723;12
854;500;34
588;251;32
930;495;44
631;754;9
940;761;18
118;111;21
726;301;44
545;640;25
776;792;2
88;941;44
118;433;19
522;108;9
737;281;46
556;303;17
298;16;40
492;822;43
650;828;48
114;465;1
132;756;18
957;135;42
406;862;37
947;181;38
285;971;50
243;330;41
299;894;22
748;223;20
201;616;4
475;281;30
592;249;25
564;944;27
971;260;34
732;316;28
258;46;23
130;297;31
923;842;36
379;764;23
41;614;44
639;382;22
51;278;10
660;405;46
648;140;43
29;923;1
72;720;5
644;9;25
226;229;12
834;955;12
709;553;22
797;282;38
327;869;41
28;155;26
787;489;26
143;223;27
39;726;30
554;414;33
501;196;6
847;55;24
998;549;34
91;714;48
263;257;24
767;506;20
46;827;48
559;144;47
358;878;50
194;284;37
244;757;3
471;337;18
834;50;40
730;597;7
489;737;21
858;421;38
144;63;38
825;684;26
977;902;45
487;941;32
501;858;33
368;98;45
808;382;20
337;137;9
700;426;39
607;705;3
880;874;29
11;429;7
663;298;38
346;252;10
360;451;15
296;900;10
779;796;35
372;722;12
1000;760;18
102;168;21
558;268;2
659;196;30
496;417;6
832;880;12
155;917;48
663;358;15
487;255;6
814;704;15
142;714;18
193;410;7
624;870;2
291;471;23
627;420;44
740;96;44
334;640;40
818;706;31
496;212;25
3;169;34
281;80;23
325;78;11
514;686;49
31;473;31
873;664;8
490;235;5
693;674;15
338;812;5
680;759;35
779;949;10
245;686;38
173;801;44
661;858;36
633;781;6
65;268;41
59;276;32
715;5;3
813;629;16
278;541;7
801;183;35
48;511;47
324;737;15
441;424;10
58;912;6
354;448;18
198;721;32
542;10;22
291;165;16
981;560;34
555;563;5
998;995;33
768;315;7
984;774;28
161;550;23
93;537;46
72;70;10
766;417;40
677;978;18
288;220;44
732;410;20
264;598;28
845;428;27
101;39;1
8;560;38
792;807;4
335;709;45
100;943;44
483;172;27
601;620;10
577;779;12
996;315;44
337;891;13
643;241;4
384;279;43
715;585;42
971;372;49
895;87;1
823;69;1
800;400;22
760;97;3
53;717;43
842;401;3
954;340;1
825;876;16
203;341;9
144;336;47
215;643;3
738;507;5
673;540;23
589;486;12
27;866;19
222;541;41
113;562;28
159;82;42
350;683;50
716;381;33
148;872;1
32;297;9
384;202;41
903;885;36
543;130;39
390;549;13
372;74;28
91;529;20
238;706;33
623;747;6
560;933;42
33;940;18
857;999;22
872;853;12
4;296;26
612;173;21
25;699;8
927;545;21
600;680;44
157;478;17
279;638;39
528;709;45
170;193;7
305;112;1
943;938;14
635;568;1
621;264;11
961;114;46
684;596;36
222;36;36
499;858;16
533;736;11
645;826;48
548;616;38
259;410;19
948;920;36
132;382;15
82;601;33
855;684;7
684;249;28
191;254;20
338;888;37
916;281;39
282;326;11
855;998;15
606;447;10
309;935;32
797;174;32
614;741;37
675;924;29
266;580;40
132;886;45
133;400;26
535;991;48
82;263;34
346;463;37
867;374;49
872;512;22
57;115;45
3;409;18
713;511;16
314;929;42
539;193;9
341;698;21
258;562;13
277;675;46
663;864;1
989;1;7
160;572;18
287;525;47
867;595;25
688;567;23
312;133;24
300;746;17
620;375;47
807;590;39
399;434;5
503;35;11
651;485;15
414;411;26
16;570;26
578;428;19
805;481;15
440;873;22
903;518;16
766;649;10
943;439;1
829;284;30
870;190;37
238;353;16
229;567;50
54;282;26
175;6;29
506;578;29
32;760;46
64;133;19
998;263;27
870;154;40
780;937;19
493;39;43
889;962;23
425;351;8
589;363;18
325;818;17
701;111;30
50;892;14
500;676;2
156;770;10
951;139;43
429;281;2
691;997;2
965;384;17
307;840;15
669;837;21
218;547;16
323;373;50
716;262;12
730;211;49
244;546;47
456;489;18
994;630;47
154;318;34
334;926;40
217;519;35
451;547;11
715;501;15
514;805;49
195;753;28
638;922;17
230;847;40
32;180;29
548;814;37
913;344;8
125;942;29
201;361;32
454;697;33
204;836;15
750;64;26
545;782;21
433;606;36
909;4;20
440;530;10
717;658;17
337;536;49
821;611;9
872;183;37
418;785;31
508;569;12
889;810;11
182;759;3
272;601;39
750;284;33
869;256;5
440;115;45
732;441;23
763;863;24
691;63;43
450;333;32
949;151;7
632;435;45
707;245;13
743;525;46
350;446;6
79;789;46
595;955;20
95;831;36
353;513;30
366;62;4
46;694;8
918;737;38
588;615;23
698;350;50
177;848;19
927;776;12
85;316;50
885;344;41
720;834;23
867;331;6
993;713;38
521;142;30
720;712;44
744;823;30
322;880;40
40;996;42
623;497;39
897;706;15
534;71;24
362;330;30
622;10;31
511;660;14
716;279;27
738;123;37
455;862;45
523;417;36
121;825;29
317;834;32
930;957;14
664;762;33
232;69;34
528;412;16
234;781;30
488;249;12
976;184;4
294;720;3
557;937;4
243;268;49
351;601;36
715;682;31
234;325;8
910;809;6
652;15;35
31;559;46
899;755;42
167;968;14
98;626;29
491;538;18
537;702;46
91;111;10
223;227;35
809;965;7
912;936;6
216;79;30
612;289;48
395;35;37
72;218;29
605;461;16
119;810;34
707;714;47
43;792;23
676;819;40
507;243;11
210;21;30
54;223;41
296;133;6
577;478;43
392;783;15
487;75;17
304;304;5
528;582;34
935;868;10
93;809;7
215;582;20
95;161;28
956;648;4
421;910;37
502;877;19
467;834;46
467;986;14
633;683;42
592;229;11
651;825;21
949;795;35
964;846;20
385;289;17
856;985;35
65;137;45
521;189;24
91;181;12
106;436;11
805;264;1
58;482;1
550;935;23
486;230;1
847;391;31
237;381;20
818;809;13
99;92;44
301;808;6
897;155;13
619;739;46
835;120;3
141;584;31
759;506;9
313;93;41
462;499;10
570;758;50
748;773;6
514;114;46
961;406;26
124;777;35
59;419;40
13;89;30
918;438;21
778;282;33
407;822;50
789;934;17
165;347;2
199;279;42
431;787;8
160;247;39
592;868;32
702;809;40
883;13;12
74;849;12
635;714;24
100;685;7
667;406;46
10;760;11
738;374;9
944;46;31
952;188;46
311;126;14
772;665;15
170;68;5
291;323;23
815;532;45
917;344;10
997;53;18
370;813;45
301;356;44
305;896;30
602;81;2
17;538;36
863;839;41
860;861;15
916;803;25
149;14;25
112;27;39
710;962;39
873;979;10
613;87;22
639;845;47
427;53;39
939;168;21
930;103;19
588;501;49
785;594;16
795;114;29
957;116;6
611;192;50
42;369;31
687;462;50
720;953;7
209;551;30
409;590;10
392;306;35
405;881;2
983;997;14
576;692;28
683;288;23
924;16;41
494;830;18
951;654;42
434;679;28
601;398;31
936;435;48
137;683;3
494;52;5
754;25;49
247;539;30
400;924;2
939;167;24
615;485;38
6;844;26
377;868;16
856;994;46
578;979;32
305;368;4
882;891;34
402;908;16
494;188;37
707;523;13
591;256;31
364;579;49
565;864;22
483;185;10
779;475;37
269;136;41
186;839;47
643;229;14
787;508;2
870;444;27
854;580;36
870;212;41
22;146;6
102;743;33
942;25;25
901;905;22
209;730;30
708;1;7
202;371;28
581;466;40
119;275;38
521;57;16
313;643;17
175;288;38
68;388;42
616;994;17
984;349;28
557;100;35
858;634;25
979;686;5
66;625;24
452;142;34
173;648;14
363;514;47
826;852;5
300;448;26
40;684;35
796;521;24
165;243;13
272;496;24
586;59;42
362;892;4
491;67;45
20;322;23
43;841;43
100;118;48
268;256;11
289;420;45
448;929;37
436;605;41
504;416;32
87;820;26
750;684;32
200;740;12
719;179;35
599;845;16
786;57;26
432;837;24
112;226;30
163;296;46
278;273;35
68;364;47
478;992;22
4;461;37
312;140;12
562;15;5
261;770;2
718;792;47
28;549;16
745;320;13
986;982;41
963;729;32
209;349;26
997;420;17
521;779;22
201;741;30
241;168;21
375;510;27
984;14;37
34;649;19
266;810;24
272;773;12
705;300;45
400;854;14
401;204;42
130;604;5
886;985;29
634;550;25
718;112;11
348;239;4
686;340;20
687;973;21
978;733;18
352;706;34
53;581;6
373;931;12
124;201;17
306;853;3
968;108;19
605;734;22
626;785;14
672;187;11
621;223;34
422;61;32
189;655;4
153;386;13
210;831;19
59;816;1
877;25;26
459;588;22
245;152;14
651;396;5
771;897;48
469;84;16
201;588;11
348;99;49
933;477;50
389;76;45
729;475;45
916;784;36
211;364;19
983;731;17
389;777;12
841;874;36
443;220;27
59;579;33
612;901;46
917;665;30
962;872;36
600;343;16
509;917;28
247;630;16
253;61;15
59;592;23
398;793;19
448;933;47
458;887;10
195;148;4
189;591;29
850;673;7
916;933;25
319;250;42
671;801;15
863;506;18
462;887;25
276;498;26
120;991;44
518;404;3
884;890;6
597;91;20
177;783;5
487;945;26
246;373;42
187;484;26
418;406;7
271;108;16
482;589;8
20;639;23
557;784;12
671;499;4
148;629;36
872;488;43
483;962;24
119;150;34
981;90;40
879;390;30
727;630;3
631;497;38
645;554;29
455;572;15
852;127;29
389;876;15
359;779;34
443;31;32
20;603;17
394;842;30
128;849;23
13;972;22
175;551;22
799;829;29
267;969;39
700;869;43
733;87;8
893;4;50
780;922;12
394;696;31
770;195;44
338;671;43
463;211;15
429;981;19
620;173;23
950;880;4
133;744;40
781;618;4
627;863;22
573;279;10
171;93;15
262;100;47
28;547;16
486;929;22
6;517;40
12;20;24
187;35;24
498;237;16
671;548;20
643;516;11
44;263;22
864;85;4
503;183;16
186;261;37
614;221;14
605;924;20
62;301;29
348;95;47
44;468;1
489;361;36
551;278;6
311;252;10
472;25;14
187;935;17
552;209;36
160;304;15
605;875;5
526;614;16
737;196;46
236;313;46
360;770;6
197;907;31
234;100;36
458;792;39
451;667;33
74;81;11
833;828;12
52;625;47
39;575;22
60;218;4
911;234;9
581;69;46
789;834;30
437;309;5
766;28;23
757;113;26
472;192;38
91;893;16
610;858;6
449;579;5
594;145;17
655;170;19
809;756;17
13;921;17
16;454;50
856;7;30
880;851;17
292;237;50
980;172;16
83;977;36
571;573;17
95;425;29
342;143;11
156;631;19
896;650;44
641;355;48
935;713;44
789;772;25
865;476;43
948;214;42
763;96;50
887;750;31
781;347;12
893;365;14
217;589;23
606;400;16
578;397;38
11;261;32
825;689;41
606;483;45
113;428;14
589;165;42
322;539;47
786;197;46
142;105;1
450;404;22
719;413;10
925;37;17
107;205;5
970;240;24
652;470;40
450;68;11
256;784;14
514;703;34
713;864;27
37;688;12
617;539;40
102;636;21
763;194;39
804;702;42
371;656;18
128;671;23
107;736;43
424;292;32
116;577;24
309;441;4
733;583;12
693;498;47
311;93;35
703;19;31
582;702;18
113;60;1
913;622;49
614;507;27
434;902;20
608;686;6
19;640;41
8;226;40
32;170;1
749;971;41
397;732;44
168;396;40
371;307;44
981;715;8
803;201;47
163;37;37
518;979;34
149;536;42
551;443;4
646;341;1
877;90;39
28;68;5
755;661;10
891;688;12
724;645;33
803;377;38
776;570;9
227;757;49
357;66;23
727;790;49
56;729;34
839;249;18
674;618;7
97;130;10
805;614;8
719;638;43
276;838;22
740;952;27
540;533;29
724;182;48
727;466;43
189;135;26
874;338;15
657;310;4
867;263;33
513;883;27
201;323;28
332;737;30
969;675;20
288;452;17
423;502;33
331;659;18
287;740;34
479;969;9
460;655;23
715;509;33
345;586;35
147;410;9
734;816;26
50;540;39
677;371;42
673;840;13
290;181;17
301;553;5
234;401;38
433;843;44
580;605;27
373;702;23
714;463;39
290;811;24
737;424;11
728;627;36
71;444;9
569;538;18
922;536;28
427;167;12
702;579;8
218;606;2
725;596;46
489;544;49
342;96;34
947;361;31
254;14;40
779;874;7
923;897;47
50;251;31
406;116;4
932;81;17
848;593;18
39;723;21
329;70;7
677;93;13
609;732;5
686;953;39
281;983;24
334;585;5
881;173;47
170;882;45
289;300;21
190;104;36
889;404;11
997;464;43
513;8;40
331;116;10
421;475;13
42;288;6
93;315;40
142;292;21
857;992;13
126;403;23
773;351;29
63;509;40
186;628;30
866;2;11
227;855;29
189;917;47
464;614;10
299;803;3
492;448;8
765;214;25
197;775;45
920;544;47
824;250;24
229;556;36
931;137;5
259;849;9
306;101;25
548;666;40
348;994;8
900;222;19
21;270;38
610;270;34
748;831;49
986;454;30
917;468;7
720;190;31
136;492;6
956;20;46
708;491;42
821;219;2
89;659;50
703;407;1
254;137;32
122;936;10
555;205;42
18;637;37
697;990;2
679;694;43
227;364;13
12;164;28
509;657;7
704;184;40
732;34;14
887;14;26
76;868;48
528;478;25
637;266;35
197;312;44
334;217;43
342;849;4
74;580;5
568;990;39
428;502;32
861;490;5
205;151;17
336;165;44
591;434;32
912;80;23
957;494;16
404;363;20
329;115;8
601;968;1
699;323;7
263;8;33
361;480;6
769;274;11
853;600;13
841;34;16
990;244;30
26;898;42
18;696;48
375;119;8
156;270;50
756;626;46
236;642;39
361;230;23
409;228;18
427;790;12
375;952;33
619;654;5
93;210;36
951;408;7
910;883;9
35;624;40
594;697;23
24;414;44
113;869;43
728;565;39
75;529;43
86;696;46
570;907;33
372;537;26
658;572;39
586;383;31
519;950;34
58;625;37
12;159;14
937;294;15
484;322;20
145;149;15
826;907;33
750;576;26
413;971;22
319;620;26
693;505;38
482;763;5
597;800;3
471;466;5
526;558;6
155;2;14
87;128;7
963;953;17
822;713;47
589;677;42
322;792;2
138;42;18
612;375;34
686;703;44
25;969;30
662;81;11
20;779;7
553;466;41
724;421;8
191;384;7
610;407;38
264;158;12
721;28;33
366;78;5
182;693;21
588;48;37
607;329;9
766;911;49
960;781;14
699;460;44
52;413;41
548;592;12
584;312;32
287;689;39
990;29;41
413;139;25
710;44;5
70;937;32
689;804;10
793;900;32
431;503;32
287;783;29
616;189;15
404;26;2
980;795;49
836;124;49
759;382;31
795;851;50
481;39;49
793;797;13
871;136;49
755;877;9
57;876;31
728;389;14
506;168;49
760;967;29
928;639;12
172;536;44
160;934;27
210;109;14
983;173;5
298;288;10
886;455;7
335;159;1
426;491;19
666;907;46
218;862;41
856;631;49
405;578;7
935;286;44
828;625;13
969;201;21
323;442;16
262;124;17
895;170;40
20;854;31
985;423;2
258;564;5
178;600;38
439;2;10
743;648;15
657;747;11
163;520;34
474;181;1
380;413;12
345;437;9
758;198;17
313;751;8
258;965;6
154;639;22
386;466;29
745;357;35
296;554;13
146;376;20
450;249;4
898;585;31
550;667;15
167;701;24
145;385;39
608;486;35
979;877;9
996;523;45
952;520;9
910;481;26
530;894;4
356;358;2
538;419;24
769;716;9
427;78;2
700;264;11
535;518;45
678;357;15
405;11;22
432;909;6
557;788;22
505;261;1
520;697;40
461;252;1
27;340;33
610;11;16
808;579;20
318;87;5
633;782;19
132;454;1
645;730;36
229;747;20
265;858;35
588;745;4
592;712;49
872;659;44
89;348;21
276;266;27
703;593;27
38;462;26
137;814;9
234;644;42
785;214;7
701;648;47
688;73;16
129;651;43
933;742;36
801;590;31
108;209;11
867;966;28
429;810;24
290;771;1
606;948;35
904;583;5
415;300;21
891;126;2
260;471;28
231;887;17
443;573;9
99;846;10
521;822;28
567;45;10
593;73;12
74;998;6
63;998;18
554;893;27
65;720;47
130;106;13
165;889;42
6;982;17
534;434;42
799;771;1
181;469;37
112;805;47
668;527;34
645;887;13
277;825;32
838;269;16
397;650;48
484;17;31
254;77;39
745;496;50
955;705;6
475;591;48
129;885;17
596;488;33
575;763;45
150;210;29
293;818;4
517;719;9
56;621;10
925;119;29
782;262;39
391;818;41
187;324;49
168;466;15
775;681;11
327;565;42
336;95;2
34;501;17
115;263;49
314;109;10
820;663;48
806;27;44
852;144;46
198;430;37
216;549;31
949;439;47
54;863;2
814;311;35
426;949;35
456;239;4
380;344;30
548;60;50
517;598;40
122;491;5
698;92;18
739;225;7
387;945;45
730;9;41
23;960;19
107;472;42
816;286;29
596;329;3
813;28;8
133;393;6
797;42;21
144;312;45
823;847;10
686;133;40
278;924;2
363;595;45
727;641;48
760;749;40
992;302;44
49;930;35
147;337;10
948;701;50
674;136;12
613;655;17
843;877;31
491;704;38
287;159;44
440;393;18
33;513;36
779;447;32
165;317;50
157;545;25
188;879;2
167;402;27
454;410;10
158;377;39
497;981;34
343;82;5
137;215;38
896;284;31
920;20;19
86;795;2
124;851;6
234;678;48
375;253;32
345;882;35
824;830;19
812;352;45
134;39;48
237;999;45
8;843;25
506;872;46
544;868;39
89;481;46
600;258;10
864;972;25
74;691;20
474;209;9
510;707;40
656;977;40
379;167;39
677;397;28
376;854;29
543;836;38
575;492;33
623;91;34
50;255;49
39;420;47
168;922;28
880;487;45
26;142;26
277;754;28
746;811;33
222;315;48
899;540;36
11;679;35
227;614;15
613;145;24
426;834;36
809;488;32
12;663;15
499;406;49
136;299;20
989;568;42
336;782;33
338;790;13
268;665;36
106;843;47
575;356;8
358;623;6
868;36;37
997;866;5
230;326;4
878;100;11
337;439;22
915;712;12
783;681;16
599;824;31
84;492;32
15;144;43
535;867;36
395;107;24
584;920;47
169;146;28
280;629;48
367;81;13
759;359;44
949;639;5
477;118;32
192;146;2
846;415;5
413;531;2
175;423;24
667;553;48
453;439;17
94;482;41
890;920;48
396;912;5
728;743;45
854;294;32
395;325;22
757;143;19
331;824;49
135;346;41
937;566;8
260;82;35
773;688;7
975;624;13
179;571;39
864;126;9
715;848;20
547;245;47
748;714;5
249;279;12
43;834;33
207;256;32
266;702;4
939;701;39
10;826;18
531;866;49
206;117;39
959;164;2
920;560;32
429;616;15
382;61;9
326;442;5
448;999;5
142;141;1
326;410;42
875;266;34
748;821;8
627;123;15
973;704;50
996;679;30
109;984;41
9;896;5
402;409;25
501;549;39
26;137;10
197;526;20
847;138;7
393;921;6
566;272;18
447;667;22
478;664;45
614;712;45
76;308;1
969;319;48
127;457;3
572;220;16
575;325;43
825;445;24
75;458;47
690;906;43
194;135;34
554;564;27
181;873;9
368;286;14
213;409;35
841;842;9
285;21;34
564;145;48
498;216;14
511;379;22
790;425;35
81;828;17
889;307;27
638;495;29
856;930;45
956;511;5
412;238;10
47;9;9
964;536;43
454;124;37
711;161;2
85;552;46
236;639;31
302;105;46
20;525;42
739;211;17
854;547;25
675;82;18
953;968;27
116;26;31
697;954;25
857;956;18
417;569;27
571;587;19
529;286;50
502;780;1
576;675;17
230;684;49
700;750;35
671;144;4
31;514;36
671;936;50
369;266;25
642;424;28
113;197;22
482;639;6
257;869;42
599;742;37
463;419;49
389;631;37
501;200;31
80;452;31
478;320;14
695;560;36
686;110;38
754;164;14
794;463;35
404;438;30
970;39;28
418;649;40
12;645;39
171;278;9
648;507;8
598;372;23
742;447;33
781;139;43
865;573;28
150;842;27
214;200;6
675;818;38
838;642;22
349;737;29
712;506;9
66;785;37
602;557;23
281;585;7
790;719;34
821;358;15
133;480;24
252;120;41
867;996;11
991;43;4
768;425;23
661;559;1
909;298;32
740;23;49
359;814;38
776;368;42
456;506;48
748;232;19
928;111;37
718;722;16
463;531;32
547;140;30
467;95;9
625;292;47
316;322;11
487;822;45
674;478;20
120;661;1
256;486;23
582;821;42
328;310;26
410;973;19
846;350;14
556;47;10
167;752;27
937;348;42
634;297;34
551;653;14
818;779;18
573;577;48
391;33;22
775;576;20
595;705;31
315;854;7
317;652;42
830;457;40
989;62;18
874;943;45
385;151;20
847;629;22
97;926;8
633;666;37
606;152;30
342;775;5
470;697;27
615;65;45
57;791;32
708;511;41
650;581;31
264;939;21
690;842;33
909;104;20
726;545;2
632;657;15
301;219;2
937;959;23
646;218;14
382;693;23
920;831;18
491;703;48
878;51;9
191;61;50
847;453;40
761;569;49
617;838;40
997;158;32
331;1000;34
768;664;22
236;114;50
828;539;23
305;810;10
300;258;5
120;800;34
912;246;44
958;110;25
769;386;21
485;710;24
853;374;15
847;793;25
257;915;15
714;927;34
27;879;21
983;918;32
67;47;1
586;941;7
332;872;4
617;236;43
436;949;1
649;364;46
677;670;39
845;869;39
645;119;31
509;116;44
519;631;10
343;172;26
848;139;31
207;747;25
256;569;9
858;843;39
432;121;29
49;149;21
42;57;32
996;752;30
357;283;35
658;537;25
470;760;30
339;483;28
849;851;41
565;482;31
269;977;3
764;949;14
562;878;5
673;662;47
980;125;3
699;927;26
572;118;49
410;646;13
427;696;24
614;109;15
682;596;16
317;3;23
953;189;27
108;895;22
25;59;29
729;90;17
511;212;7
539;267;29
737;433;21
993;604;18
519;469;7
39;873;4
937;121;44
583;852;5
839;205;15
646;300;5
494;99;4
995;414;39
791;782;24
392;657;25
553;453;31
913;192;44
116;892;16
507;750;47
690;843;8
138;760;6
56;770;39
563;201;27
516;464;23

