700
17680
4200
58;19
85;14
23;81
61;89
30;34
14;1
16;63
56;10
93;66
25;99
87;66
45;42
98;48
5;42
30;38
12;79
70;14
82;44
62;12
96;2
28;21
9;33
47;72
21;5
12;71
43;79
6;83
16;35
17;81
71;64
32;69
79;31
73;69
42;9
69;19
92;60
77;57
63;98
91;66
3;41
31;42
65;91
83;62
58;86
41;50
38;85
48;64
14;49
57;45
83;66
61;80
89;42
32;91
96;44
33;35
11;7
45;84
79;30
34;77
18;68
13;54
77;9
4;47
44;87
98;22
82;91
8;94
17;92
99;2
56;39
8;89
40;74
15;8
48;22
83;15
57;44
58;45
62;7
11;50
69;4
86;55
59;4
96;73
79;99
19;71
79;42
83;6
78;46
33;63
2;25
90;24
18;90
56;1
36;48
52;69
98;45
91;25
10;57
92;60
60;90
47;66
36;30
76;29
22;76
90;20
47;17
88;15
41;31
90;91
62;92
54;64
50;100
81;39
87;29
28;21
54;45
85;86
65;95
55;89
87;35
11;56
17;50
43;10
51;73
61;2
78;91
22;16
89;59
41;6
82;41
48;31
81;76
10;27
92;49
34;52
34;39
83;15
58;46
5;24
55;46
49;39
6;29
57;83
92;93
59;45
63;81
96;86
96;16
97;46
47;31
22;93
94;16
44;20
15;39
45;5
90;42
49;17
16;49
16;62
22;79
31;9
33;89
33;6
59;80
12;91
100;35
28;87
40;63
32;72
76;18
47;9
91;7
70;45
70;56
65;5
36;92
96;61
82;56
45;15
91;40
72;97
24;7
99;68
74;63
79;58
29;91
47;28
66;3
28;66
49;46
6;21
85;4
19;14
8;40
78;1
39;69
92;84
43;60
59;31
67;92
75;70
2;6
13;22
88;45
26;98
53;87
30;92
54;95
64;55
25;35
59;16
15;41
90;78
69;61
20;28
97;22
73;5
67;74
26;63
72;14
77;61
70;43
54;3
98;74
14;53
11;21
8;60
76;63
35;76
90;92
2;99
88;26
12;71
55;48
5;67
58;8
1;72
35;81
20;47
17;4
78;36
19;100
14;37
5;52
2;92
69;7
29;52
72;79
30;11
8;84
73;46
51;25
69;58
98;62
45;46
24;93
47;63
53;22
75;55
71;50
64;98
28;95
78;15
82;94
60;58
37;74
40;60
19;45
78;16
30;42
78;78
50;97
43;10
33;49
37;54
69;84
61;85
58;72
96;40
13;81
46;31
1;58
98;13
69;26
72;62
54;92
42;45
43;61
7;6
83;3
98;74
28;10
12;34
82;73
43;43
82;26
95;83
21;15
45;1
93;18
86;35
100;58
57;9
72;8
86;75
75;16
28;87
43;12
10;93
98;47
75;84
44;32
68;85
38;62
86;8
36;80
41;52
78;94
83;100
41;51
54;20
16;90
22;93
18;19
75;72
12;30
32;87
16;4
32;42
58;55
42;27
5;69
60;4
41;81
52;68
76;36
32;49
64;27
48;13
62;82
38;46
21;70
42;96
45;32
20;82
74;34
40;52
4;15
52;63
17;75
13;40
92;77
63;4
29;16
75;97
70;41
8;17
5;95
86;19
83;18
88;44
78;26
64;100
18;64
77;71
71;43
64;23
94;37
49;42
49;41
69;42
58;17
45;89
96;36
90;16
83;2
40;52
30;93
98;87
14;56
71;93
76;19
63;71
84;57
67;38
14;90
8;64
47;9
72;63
6;67
64;84
16;34
43;99
65;77
14;38
5;73
29;56
43;53
61;87
50;63
52;61
49;78
83;28
97;33
10;19
51;14
79;5
31;100
69;93
41;54
4;7
10;37
56;1
87;82
6;94
90;81
38;50
55;6
86;28
75;42
83;40
75;97
83;60
79;27
20;29
97;86
65;32
97;99
27;19
60;45
50;38
3;91
82;94
6;42
77;54
93;42
46;70
97;30
61;73
28;64
74;27
28;67
68;39
67;100
51;92
17;12
53;70
90;67
91;64
7;50
88;24
27;47
96;7
55;27
75;45
59;22
32;80
39;23
40;93
51;70
16;36
52;53
32;98
73;63
82;58
49;62
15;16
38;37
93;80
35;5
59;62
19;9
13;76
19;60
31;91
82;91
22;40
75;53
34;66
84;58
43;88
90;25
31;24
46;26
76;67
95;36
91;77
89;5
26;42
62;74
81;3
7;2
100;95
32;76
90;70
65;61
37;47
21;48
99;98
37;60
34;52
13;24
13;43
44;42
19;43
97;43
24;7
27;76
66;42
45;45
82;42
95;82
45;34
53;79
95;72
46;78
59;46
42;49
84;62
20;37
11;2
52;77
9;78
33;24
22;97
87;26
66;54
11;11
47;2
64;14
59;20
98;77
74;38
90;82
85;60
94;93
3;52
59;29
49;47
61;26
26;83
66;61
32;70
35;44
14;87
88;16
67;88
47;51
44;79
45;72
42;59
53;95
79;32
14;35
71;100
8;50
71;20
6;27
85;2
23;35
27;52
26;46
99;34
57;54
32;94
35;91
25;29
34;41
66;19
73;75
11;68
5;89
76;49
35;20
70;6
10;54
42;42
11;44
44;73
27;66
28;59
24;14
40;36
48;49
49;16
3;12
17;58
48;34
38;6
60;35
98;54
60;88
2;36
21;2
21;61
89;73
93;72
59;99
57;34
83;75
60;64
14;11
81;12
42;13
9;66
67;9
21;26
89;86
48;6
65;12
53;85
63;33
34;4
38;8
47;82
84;45
26;71
96;28
28;1
11;74
100;46
95;62
79;34
55;70
4;82
7;13
70;51
6;77
65;45
83;70
74;59
63;97
36;100
3;15
96;33
5;90
48;1
75;62
20;22
43;46
21;13
18;22
36;86
62;14
59;79
36;44
15;27
34;94
58;39
65;75
23;95
87;36
93;32
80;69
48;95
59;49
16;54
24;51
13;46
2;6
19;95
59;76
40;13
43;57
91;21
63;18
8;1
54;52
10;18
51;14
16;67
46;52
41;34
48;12
78;83
78;55
79;89
53;80
3;97
54;76
20;86
1;50
47;70
48;83
72;32
94;62
3;43
97;46
3;48
45;60
40;21
7;72
72;100
47;5
58;30
78;37
69;73
43;96
40;54
48;96
543;605;20
553;429;31
271;67;37
534;605;27
626;440;18
478;277;29
83;491;31
650;531;27
209;571;31
683;263;37
399;523;20
558;39;21
694;216;27
583;645;28
542;93;16
112;577;20
440;495;24
578;162;24
670;555;41
359;379;11
325;179;30
293;158;3
401;247;28
480;581;5
508;303;23
281;98;9
287;190;22
38;691;1
101;148;50
696;296;25
312;692;21
60;252;20
322;219;44
59;545;27
674;90;21
330;662;18
324;647;13
28;306;40
632;81;43
614;27;16
92;543;6
369;586;28
290;698;46
610;531;27
204;309;49
508;35;32
222;456;20
462;164;37
313;442;28
170;7;34
370;57;38
34;364;2
358;615;8
307;254;17
664;530;9
109;669;27
627;639;16
243;125;32
75;94;45
303;154;12
177;596;17
350;661;27
349;140;49
493;69;39
88;184;7
225;378;16
219;106;29
24;577;34
260;699;27
105;147;26
160;490;35
64;256;4
115;549;2
63;5;19
362;130;23
14;456;20
350;2;3
130;41;8
126;180;37
117;31;6
62;700;50
74;626;4
232;451;15
621;603;43
187;387;44
437;347;25
627;601;7
167;146;28
134;196;1
75;142;48
495;544;30
145;100;2
13;518;38
387;566;43
237;45;12
66;244;30
700;64;7
21;635;14
699;688;7
106;693;3
556;101;15
154;311;28
52;326;13
104;211;46
137;423;38
513;674;43
205;413;46
105;488;45
686;129;11
492;423;2
254;289;35
372;331;27
216;612;8
417;268;40
342;431;36
172;86;5
320;319;7
479;501;33
21;431;21
279;425;28
441;152;14
494;641;3
352;627;25
290;271;8
460;361;37
191;429;47
58;549;2
129;13;24
578;525;10
350;208;19
405;339;9
131;403;42
650;666;25
482;602;37
7;144;46
377;523;26
158;432;9
696;335;30
560;302;47
288;422;18
291;425;48
479;144;43
452;491;45
41;584;38
226;193;25
692;609;43
206;497;47
579;304;16
368;192;21
606;279;16
127;134;6
256;155;43
181;311;37
438;341;18
262;664;39
354;389;9
81;68;3
29;290;25
593;463;31
301;501;18
319;435;6
87;649;5
129;645;26
259;300;25
567;302;29
536;288;12
68;679;12
343;179;20
572;337;15
42;656;46
51;383;17
72;129;50
170;359;12
551;535;17
599;548;19
405;419;4
171;592;24
339;393;14
609;562;10
574;113;3
324;212;38
442;117;5
630;76;13
395;282;29
644;72;35
452;75;49
329;464;14
500;694;28
413;416;3
55;326;46
519;115;40
170;413;18
506;406;28
519;71;15
354;345;14
137;573;41
73;559;33
340;546;8
103;115;24
67;209;15
594;497;19
489;346;49
46;60;4
124;359;20
499;184;42
72;500;17
280;317;16
222;399;47
570;177;17
55;349;6
402;571;43
445;609;12
554;140;41
560;200;33
457;402;8
16;654;15
443;231;20
574;502;32
613;454;41
693;54;46
623;279;19
697;56;23
229;633;39
150;521;35
342;527;38
79;293;22
651;488;16
547;232;25
487;426;38
196;43;34
655;409;23
676;404;22
550;228;6
384;273;4
52;102;9
549;4;39
691;575;40
405;478;41
687;389;19
141;9;39
588;536;3
299;463;45
115;45;35
202;560;1
542;633;15
419;155;19
106;183;30
282;22;4
497;603;43
297;26;15
276;83;1
192;652;30
458;283;26
366;47;15
67;545;24
462;76;32
547;285;14
146;91;37
551;308;6
311;697;43
239;470;33
252;492;9
440;285;30
394;455;22
80;699;36
619;511;3
205;145;33
684;115;3
466;392;1
80;191;17
220;621;6
447;607;28
61;63;15
218;110;30
692;684;29
252;213;12
270;46;35
31;209;27
194;500;7
619;259;46
674;120;3
486;500;37
130;683;25
227;683;49
69;512;6
694;268;10
230;272;11
16;220;50
427;136;13
505;598;7
149;261;44
169;153;44
522;596;18
554;454;12
174;507;24
84;69;45
648;71;37
401;464;29
266;117;37
45;629;45
483;355;15
397;491;31
176;339;24
616;571;46
403;594;16
300;88;23
9;403;50
374;320;16
435;365;38
478;626;11
117;335;32
341;53;24
372;364;32
524;448;36
378;389;37
601;614;1
475;696;17
342;411;21
615;244;42
379;132;17
394;281;17
208;38;35
560;228;3
370;258;15
419;538;45
618;488;34
120;404;42
122;455;46
238;667;42
287;322;40
108;553;38
464;642;11
621;301;26
539;567;13
629;335;17
304;694;7
345;88;42
488;229;28
449;33;9
249;193;3
15;60;13
586;249;28
271;489;5
130;613;22
441;227;32
485;246;48
56;585;43
631;611;15
340;613;37
609;15;35
449;683;35
391;453;3
279;643;31
249;199;19
168;379;19
490;114;18
474;514;5
492;83;15
108;316;21
300;464;28
561;407;30
16;44;16
390;389;27
440;338;5
356;388;1
697;474;1
317;228;43
238;36;19
328;193;43
340;593;4
461;678;4
316;692;13
368;157;12
462;335;24
152;185;42
420;682;17
566;588;14
3;627;38
421;652;19
80;37;16
104;238;33
103;457;19
98;434;45
188;430;8
311;651;15
258;378;9
382;597;19
272;250;22
419;222;23
441;439;13
273;435;2
378;348;5
306;300;47
342;134;2
60;209;7
217;444;36
164;529;33
402;173;46
333;492;23
452;379;10
336;554;30
354;341;13
52;374;32
204;57;33
449;78;24
43;227;47
247;410;34
353;389;32
490;332;9
666;509;48
148;17;41
53;147;6
683;314;45
28;296;18
625;552;44
622;187;2
126;256;6
524;262;3
213;227;13
133;407;1
535;40;16
640;455;31
226;192;39
152;404;27
537;162;32
599;484;44
359;98;16
513;274;13
253;132;37
155;620;26
169;497;33
505;281;9
172;195;43
671;120;36
246;369;24
132;675;41
138;609;41
43;350;2
610;83;37
67;433;44
274;547;43
272;354;13
590;128;23
417;519;50
314;251;40
573;681;39
554;291;48
681;29;3
243;327;43
515;418;8
486;579;28
308;3;37
480;98;49
538;456;37
257;644;24
698;516;33
197;656;16
496;227;31
671;83;8
137;206;4
20;337;24
498;663;26
541;483;47
289;390;3
94;247;2
103;437;20
564;492;33
525;176;12
479;500;23
376;148;39
387;169;23
56;675;12
537;459;7
483;93;29
162;62;19
169;247;16
55;356;48
129;700;9
672;405;46
317;207;18
483;203;34
255;404;14
548;512;35
274;27;45
240;338;27
49;93;9
8;463;45
660;338;24
635;595;25
504;589;25
178;324;26
391;110;3
99;177;13
362;101;16
585;588;28
512;241;14
443;606;37
413;262;1
413;90;2
611;362;18
28;13;33
458;176;33
579;264;4
575;510;10
577;99;23
577;635;37
464;422;41
689;69;2
348;393;44
36;536;37
606;282;17
602;313;43
367;195;46
535;150;47
614;147;11
666;270;33
603;304;27
76;465;31
438;688;22
15;526;29
385;236;1
470;609;7
135;316;9
212;66;12
363;162;3
125;230;19
138;394;38
426;62;46
311;219;5
513;632;23
617;47;35
78;383;48
235;391;20
603;424;23
455;566;32
332;45;6
235;342;15
9;480;41
128;635;23
140;138;29
654;450;16
251;140;44
520;345;15
455;525;1
529;184;50
492;646;48
657;102;2
322;449;27
411;506;11
262;286;25
660;62;4
524;425;36
693;187;31
99;447;48
32;421;12
362;73;6
338;164;19
269;38;31
387;2;11
629;608;22
107;686;4
77;301;22
367;281;8
511;58;38
613;549;27
25;32;15
330;132;8
622;509;28
516;383;31
260;228;11
398;494;31
491;210;45
312;682;25
259;470;14
343;12;45
495;606;30
271;481;16
566;70;27
202;98;39
360;51;37
574;622;34
616;153;26
2;607;43
631;422;2
169;186;7
528;45;12
123;337;36
509;527;38
142;13;35
221;664;44
243;536;39
61;507;43
410;660;40
77;508;18
74;573;13
61;649;36
699;209;20
318;481;23
143;283;19
573;400;32
287;519;13
134;451;45
240;454;33
461;491;9
69;71;21
529;691;49
179;372;45
393;192;28
109;124;16
226;456;17
182;146;25
33;227;27
422;458;40
151;223;30
196;643;43
287;338;42
189;449;37
505;399;9
632;536;8
402;138;24
383;237;26
668;484;31
590;417;46
465;288;37
283;466;29
656;632;12
118;595;15
343;582;17
477;580;22
522;19;11
341;615;45
27;522;31
667;685;26
130;8;15
282;283;32
638;64;2
370;562;48
485;684;41
232;324;12
679;44;35
369;151;41
352;661;7
207;599;44
166;263;29
351;632;45
587;167;50
70;692;32
165;341;11
607;190;50
637;134;9
647;119;48
486;646;41
648;597;9
681;576;45
130;278;34
368;571;19
338;66;19
678;455;5
325;496;24
424;578;30
289;202;5
98;93;17
188;2;27
349;289;7
496;299;26
447;89;18
231;373;49
9;563;39
263;117;12
594;565;36
274;222;43
573;592;33
653;352;35
513;493;46
624;586;42
471;536;16
531;328;29
573;662;23
694;493;8
8;416;35
161;185;37
229;559;7
22;367;29
93;342;40
223;617;22
94;69;33
240;590;46
199;327;23
335;132;14
111;433;15
295;671;40
3;478;31
370;254;43
61;389;23
641;204;48
621;351;12
137;245;2
684;367;3
3;562;5
384;185;40
359;482;17
125;346;29
249;645;2
491;134;7
129;194;45
128;672;43
71;24;44
402;358;35
621;270;12
247;397;35
671;132;12
28;304;11
52;100;21
90;574;40
469;540;41
422;638;35
142;538;29
182;345;32
414;227;20
217;426;4
244;517;5
268;377;43
402;191;26
230;181;20
47;534;12
34;97;42
374;133;17
114;375;39
112;272;31
552;643;23
81;503;8
610;149;6
649;694;24
105;360;17
546;369;11
345;201;29
534;158;19
46;31;47
132;513;35
636;89;25
112;55;17
274;67;20
486;55;9
307;436;3
430;563;45
552;481;14
118;304;47
129;585;22
522;217;43
49;559;30
433;591;34
226;560;16
637;682;12
517;511;37
536;272;40
490;319;22
155;579;27
337;700;27
267;449;35
170;558;29
122;290;40
32;672;45
203;176;17
420;423;43
12;94;46
591;286;20
34;648;4
183;306;41
141;638;37
395;498;21
167;357;16
432;425;22
563;611;22
660;88;7
195;510;47
501;196;19
534;183;11
32;623;46
656;565;22
40;516;9
341;273;15
172;607;19
461;126;50
258;249;2
145;609;46
596;686;28
115;261;27
210;623;16
193;285;3
42;79;14
515;343;44
259;6;19
374;275;6
195;449;31
336;529;6
684;318;10
170;642;25
321;240;32
613;67;27
699;55;17
229;296;3
274;421;22
96;340;14
251;621;17
508;258;3
631;477;17
230;14;47
32;620;31
346;91;24
294;123;49
75;529;10
1;91;15
624;691;25
341;258;9
453;505;22
264;446;28
352;8;19
282;132;19
422;664;36
390;438;7
182;656;20
409;404;32
551;228;9
374;389;23
604;261;19
534;564;37
637;294;29
212;515;7
473;78;11
228;631;44
458;660;10
127;350;32
486;539;48
351;344;4
44;478;16
592;194;30
357;460;7
617;137;6
554;626;30
30;680;45
410;3;17
477;370;29
596;647;16
75;245;47
335;116;11
13;336;14
654;399;8
477;482;21
463;662;25
334;211;24
517;448;24
494;143;48
311;571;38
209;310;33
534;419;20
503;206;41
465;182;20
564;11;5
476;340;12
124;302;13
623;226;14
485;590;43
517;643;23
28;278;28
549;63;46
283;339;21
513;27;2
267;459;38
471;528;46
23;472;8
560;207;45
541;253;24
446;536;49
477;236;42
589;318;9
375;315;24
250;574;6
377;160;3
240;441;33
201;85;25
81;628;34
450;344;9
608;161;12
187;128;27
522;151;45
236;350;25
534;489;26
377;485;25
77;293;42
186;563;27
363;357;15
86;150;6
670;113;46
510;137;48
688;131;27
358;443;4
609;281;29
226;326;22
581;155;15
576;265;36
678;103;3
62;463;30
55;397;47
630;321;49
375;385;38
123;154;13
192;516;50
228;400;23
396;661;24
119;110;16
246;423;13
12;635;39
562;497;19
354;348;41
175;184;43
692;307;41
392;536;1
337;231;41
88;669;31
294;614;10
242;199;36
59;688;23
681;558;45
304;240;1
303;220;50
616;129;19
53;337;26
73;289;43
523;624;17
611;137;31
575;466;12
151;268;49
442;565;14
233;326;37
412;359;48
332;522;2
329;190;7
459;210;13
168;92;44
382;306;21
23;91;45
616;50;10
385;592;24
197;592;41
599;533;1
43;561;48
271;495;3
437;204;26
405;522;37
677;38;32
607;424;26
592;669;42
274;19;35
492;374;40
429;243;18
601;332;15
682;367;27
616;157;14
257;129;44
356;28;43
86;444;9
687;251;24
155;652;13
389;243;2
483;162;45
207;168;9
447;42;25
378;527;10
118;43;29
520;557;50
401;54;44
13;127;46
141;610;43
377;565;12
660;273;34
598;268;23
603;440;49
160;116;50
419;419;15
578;36;43
17;113;20
634;182;19
201;565;20
595;299;38
289;397;11
405;313;36
214;432;17
358;333;33
687;270;29
64;654;4
459;585;7
656;400;14
186;10;24
101;698;43
605;137;39
273;439;26
81;1;41
594;349;25
8;521;36
235;504;29
613;305;22
327;646;2
251;245;7
242;95;39
384;635;20
396;55;2
161;549;33
337;12;5
623;351;41
446;85;44
238;96;16
212;683;14
104;228;48
225;435;10
243;589;29
441;267;42
654;605;24
41;29;23
693;326;33
46;604;28
526;280;13
554;543;41
112;72;3
481;678;30
372;64;13
10;380;49
306;597;18
448;620;12
280;135;2
400;521;11
394;348;3
56;181;43
95;475;5
463;415;36
578;71;17
411;547;31
138;498;46
231;455;9
102;104;21
263;642;35
574;92;36
141;568;39
510;318;10
158;585;50
65;564;5
410;402;29
524;408;3
237;312;47
521;296;47
652;165;38
47;203;17
209;33;12
303;46;8
568;101;44
320;228;5
547;69;21
159;300;16
533;627;23
472;384;12
273;593;25
552;241;8
439;221;32
494;245;41
165;275;38
506;33;49
417;203;18
235;691;11
146;631;11
661;311;23
172;417;20
455;332;41
623;192;49
244;378;41
324;12;41
134;653;41
177;169;1
654;29;23
321;410;8
629;9;7
222;156;27
87;293;13
503;431;35
25;584;12
63;575;39
42;308;35
668;459;22
267;101;11
97;653;35
196;106;42
415;369;47
29;259;12
292;43;48
324;644;43
266;361;43
495;477;18
165;24;47
146;260;27
20;277;38
280;153;6
595;91;17
299;45;34
685;38;21
373;670;39
143;261;15
670;110;24
23;619;2
567;622;44
279;496;43
666;323;46
42;344;33
258;592;39
269;410;34
259;276;5
326;394;50
469;10;38
116;619;12
239;26;12
689;253;23
80;500;47
517;326;4
10;144;46
363;383;38
200;596;15
577;334;32
638;403;39
480;552;20
6;194;7
490;410;28
458;442;35
441;131;43
203;101;45
217;490;30
553;629;12
121;225;46
688;25;41
101;613;11
20;694;10
379;484;3
95;223;27
498;149;7
300;590;21
526;263;26
71;254;14
170;123;48
149;313;40
196;377;29
89;35;22
117;320;19
493;572;39
178;52;32
375;229;39
29;424;50
426;396;18
14;105;18
273;288;15
620;17;8
588;76;13
543;342;24
675;4;1
402;496;4
6;665;35
271;391;35
431;63;39
596;169;26
347;107;24
563;406;6
72;582;27
654;193;15
160;681;10
656;378;26
4;109;27
365;285;45
29;113;36
351;92;10
175;491;23
360;345;49
162;289;38
381;369;4
588;693;21
685;663;26
282;17;28
589;339;17
266;627;5
322;343;15
523;553;41
431;35;13
100;116;6
638;73;18
139;93;8
610;575;27
389;147;8
114;274;27
342;325;39
631;247;17
684;271;28
160;539;26
133;523;49
113;70;21
516;272;19
698;439;9
492;127;40
89;254;18
577;257;33
197;320;7
350;241;17
490;545;9
594;586;19
448;74;41
258;167;34
339;431;3
390;122;33
1;188;16
424;330;12
569;399;47
111;226;8
59;264;33
25;284;38
107;37;16
101;626;38
530;298;49
524;615;8
345;569;23
345;605;26
638;592;35
495;332;3
653;345;20
114;461;33
665;394;33
507;556;5
174;652;40
477;252;6
136;449;13
92;493;47
591;5;46
133;289;3
568;494;42
329;658;39
283;449;48
570;199;21
219;313;42
675;647;33
187;697;15
400;676;17
687;387;17
212;223;46
193;403;2
482;239;32
42;245;16
366;334;22
517;531;14
585;67;7
417;317;37
476;157;11
135;373;50
565;607;4
185;440;12
640;202;6
10;297;39
492;575;40
4;132;30
189;393;10
322;497;2
550;121;22
691;250;30
345;233;3
250;190;36
143;211;6
659;465;28
537;7;27
538;266;34
179;90;39
92;112;12
572;569;45
157;579;26
498;604;47
307;47;2
121;162;16
521;244;31
114;93;45
523;320;13
414;264;5
569;413;27
295;674;29
291;513;50
10;417;34
324;441;43
211;313;47
112;478;21
558;187;48
308;469;20
678;301;4
108;220;31
617;421;15
446;421;14
13;34;48
436;527;18
132;385;34
65;233;4
4;274;20
664;387;41
260;102;40
200;557;19
142;599;10
507;480;40
32;131;6
343;697;37
402;32;15
150;88;35
206;130;9
485;92;50
512;687;29
166;638;29
178;175;39
476;616;11
314;185;42
645;92;48
268;21;6
107;520;4
125;405;48
58;673;17
144;11;45
630;166;23
375;128;31
398;169;22
199;480;21
21;332;36
587;553;39
355;663;30
545;44;39
101;438;37
32;121;26
116;375;38
70;519;20
700;558;47
331;574;49
151;53;41
79;140;46
583;364;3
72;224;45
502;181;38
165;60;46
602;153;40
244;698;6
232;583;29
432;182;36
353;399;26
129;175;41
480;675;18
46;694;14
98;387;28
624;110;6
190;687;21
695;5;4
424;383;15
257;596;11
479;45;5
191;235;40
24;636;13
459;649;44
15;457;41
682;518;25
566;565;16
65;12;3
360;535;43
221;157;49
266;195;44
9;502;2
489;402;21
619;561;6
352;68;22
3;474;42
104;667;38
7;332;19
554;423;13
93;544;3
216;535;20
329;19;25
582;396;18
611;105;7
615;464;44
249;617;45
363;395;29
43;599;32
467;685;12
336;447;47
686;131;22
611;476;13
59;86;22
123;388;11
369;86;24
667;141;13
544;138;16
611;529;42
624;122;26
617;158;2
102;361;11
492;503;25
132;11;1
52;509;50
346;328;22
374;700;7
162;84;6
92;296;28
61;208;17
526;667;8
284;617;4
408;94;11
454;84;44
543;480;21
76;124;43
390;478;15
249;614;50
11;173;15
658;56;30
345;663;6
580;603;5
470;31;11
187;487;35
189;388;7
252;148;24
610;333;17
68;547;1
420;563;10
426;453;29
281;642;36
385;287;25
62;274;41
255;118;50
441;302;2
560;405;46
670;389;3
506;637;9
402;448;11
631;47;17
504;6;20
381;40;39
96;221;41
622;663;24
495;619;15
451;605;27
218;410;43
29;567;15
472;616;44
325;372;29
106;26;8
14;213;17
178;235;50
236;203;23
673;209;42
75;360;29
545;425;8
640;452;41
664;344;14
450;634;7
628;664;42
162;566;38
240;182;31
254;487;18
696;537;17
499;624;8
419;621;45
47;641;16
429;131;39
386;175;45
91;55;47
639;490;49
387;42;23
181;390;24
210;102;1
578;96;47
461;406;49
593;631;20
618;415;8
541;496;29
426;479;29
207;19;47
222;532;30
415;143;16
470;174;42
616;279;48
454;41;41
296;345;7
603;314;30
357;11;24
451;200;45
599;628;1
242;57;4
444;669;16
11;605;2
543;169;35
449;607;6
40;596;40
228;584;46
552;642;17
324;181;30
111;246;42
191;106;40
460;501;35
645;308;25
485;52;35
248;65;38
602;308;32
690;309;9
170;615;43
696;207;1
341;303;33
645;11;50
179;74;31
542;151;17
11;302;49
233;690;40
11;70;37
656;573;38
666;559;36
420;493;50
549;683;41
378;307;16
189;535;12
583;346;45
624;596;33
667;37;11
537;84;27
194;147;2
171;692;15
676;297;50
218;523;28
667;584;39
324;421;37
190;405;45
7;234;46
219;601;32
481;7;46
298;462;21
241;680;43
49;488;17
619;122;22
459;82;9
417;219;50
83;279;20
340;248;41
611;350;10
328;432;36
387;8;44
107;674;35
555;351;31
222;523;18
599;662;5
562;517;41
609;301;14
483;281;13
393;650;15
28;397;30
445;426;5
373;402;26
534;215;17
237;31;8
596;584;8
79;392;23
183;251;43
508;184;42
257;81;30
309;211;34
557;462;33
395;119;8
362;180;44
694;332;41
450;28;17
70;33;3
623;248;45
40;71;40
554;183;42
37;693;32
51;37;8
555;331;1
248;639;48
221;524;40
486;683;15
444;311;29
191;435;14
144;320;20
678;621;2
236;113;11
183;591;11
632;169;36
476;416;6
223;329;20
309;69;3
243;550;40
453;664;46
253;367;18
337;45;13
50;101;40
212;272;12
298;609;14
376;95;42
225;219;30
265;237;2
209;432;50
517;319;13
275;569;23
589;123;22
276;414;1
249;518;42
167;411;12
500;61;6
285;246;30
362;371;36
58;222;31
332;142;16
572;440;32
40;449;33
440;166;39
551;35;9
673;589;37
470;473;6
427;530;49
532;684;35
671;525;20
242;56;49
328;302;12
364;173;33
26;70;32
258;188;35
148;60;25
531;348;19
8;636;40
691;500;46
331;538;37
509;27;35
512;388;32
429;523;36
486;559;8
630;357;30
659;158;8
133;551;39
250;623;35
234;614;36
251;229;22
476;457;38
82;365;2
184;300;42
21;436;7
475;276;47
59;107;16
326;272;20
94;119;3
275;370;34
444;385;14
133;318;21
534;471;38
556;174;1
457;238;44
405;579;29
313;655;42
408;465;7
681;588;8
549;397;49
236;661;40
538;449;16
483;196;36
198;261;5
184;473;31
148;125;45
459;591;34
85;233;33
381;621;6
575;330;31
174;56;34
414;521;3
218;529;10
98;411;6
288;499;41
379;572;41
246;197;26
23;607;25
522;457;35
154;112;42
556;558;5
357;143;44
247;406;47
568;135;13
532;118;15
486;228;25
625;224;6
624;129;3
688;1;18
641;516;7
570;150;15
596;518;7
282;117;41
136;513;37
329;186;44
383;430;43
295;265;40
697;8;42
683;188;44
648;145;8
514;278;27
683;182;19
194;601;30
70;681;1
548;139;10
389;413;13
121;186;37
452;240;31
54;310;48
442;178;35
269;132;33
187;658;3
367;383;39
152;129;8
6;405;8
17;134;21
678;250;50
593;175;32
189;626;1
224;495;26
688;232;43
472;189;34
253;225;12
406;61;7
112;472;30
478;21;41
446;121;35
422;13;19
140;71;22
591;648;42
7;233;6
652;75;41
696;549;24
540;306;9
151;391;29
397;72;43
288;2;30
667;152;14
467;476;15
526;77;4
645;35;37
694;630;27
587;337;42
473;436;30
569;341;41
531;178;1
314;362;38
547;362;30
654;420;44
393;648;45
244;396;11
529;173;28
643;645;42
415;390;33
79;377;15
97;270;22
466;58;14
673;165;22
690;559;14
358;583;28
184;667;37
143;301;48
583;509;40
15;259;19
85;261;23
476;478;45
123;143;12
169;371;32
176;359;3
413;79;7
541;70;42
133;571;6
453;325;10
135;269;46
99;248;41
685;551;7
387;102;5
423;82;50
521;221;48
147;224;33
345;542;24
307;463;47
692;177;45
67;208;29
139;693;17
227;211;10
507;446;19
650;383;34
606;682;1
698;396;17
621;46;49
422;547;34
599;2;12
508;518;43
240;125;36
172;252;5
632;266;26
259;552;27
393;29;37
413;587;26
642;629;20
146;150;29
624;380;27
104;364;6
444;154;29
395;451;44
415;16;5
412;505;3
573;587;41
162;70;27
540;630;46
191;420;36
669;227;33
339;90;46
219;532;37
479;361;42
439;521;34
140;6;5
251;290;12
424;587;13
558;87;17
344;388;45
692;324;26
157;84;26
699;43;4
236;383;37
239;123;38
509;152;7
70;478;20
239;52;14
123;609;45
338;467;43
65;463;40
690;466;26
216;314;3
544;120;30
353;190;35
13;250;34
307;45;9
153;543;41
677;239;18
390;686;10
387;338;27
476;26;6
454;393;26
99;347;42
695;167;21
473;411;27
552;489;15
546;430;15
321;606;6
677;42;10
27;324;20
422;143;24
672;265;16
107;6;9
378;289;35
129;96;43
151;483;23
310;551;32
225;69;50
331;153;9
400;239;43
4;471;32
515;224;37
329;590;18
188;551;43
604;93;33
150;385;43
566;647;21
365;677;16
306;399;39
87;300;39
287;690;22
497;356;4
658;585;29
198;3;41
488;459;44
466;355;35
415;130;34
362;95;2
354;106;17
695;160;39
271;351;18
41;284;36
83;489;30
153;564;3
317;606;32
363;166;10
408;358;35
441;208;48
450;196;34
139;468;37
569;108;37
331;698;4
476;679;24
236;568;32
393;313;11
121;203;14
164;238;27
258;492;17
633;54;9
370;470;3
546;493;46
4;508;44
601;663;29
105;579;42
262;550;2
158;400;40
499;408;24
477;552;46
117;548;12
696;382;22
298;313;3
276;525;13
630;134;12
481;492;40
623;249;2
446;54;31
168;420;19
665;16;28
487;240;5
584;478;36
287;206;26
687;52;48
196;443;17
238;364;11
452;10;7
339;438;6
2;109;30
85;482;41
634;166;38
294;198;19
667;88;38
242;551;44
680;527;46
398;35;43
232;665;36
383;433;19
293;561;3
664;8;9
466;441;28
491;135;43
309;683;5
626;502;39
556;321;17
291;229;35
678;170;43
238;219;50
54;257;14
100;433;38
439;18;39
223;454;4
532;229;19
45;227;23
586;69;19
54;467;16
582;325;18
574;15;35
558;365;8
313;131;46
408;84;1
429;266;23
464;445;2
632;509;19
131;515;32
589;87;44
107;695;11
347;559;45
70;256;32
461;659;15
143;178;3
180;24;16
655;514;8
652;356;20
465;627;15
210;255;40
261;193;34
56;320;23
369;518;14
192;121;40
34;139;19
432;629;36
497;584;18
186;576;39
506;277;21
427;14;19
55;279;9
414;491;17
244;341;21
26;692;16
216;566;15
270;283;47
611;464;49
294;683;11
650;578;2
536;424;33
317;236;28
172;229;24
332;526;25
423;34;24
659;488;41
546;429;27
644;388;27
530;331;39
428;76;5
256;321;49
135;461;24
584;633;22
44;248;20
587;162;24
610;195;40
111;657;22
242;466;26
653;633;2
508;478;43
553;411;13
514;600;7
14;27;13
636;352;1
401;73;33
392;339;48
236;481;48
196;131;36
399;243;25
510;498;39
399;682;36
441;658;20
404;445;42
61;415;28
135;538;7
26;31;23
121;652;18
468;437;19
642;568;42
221;400;6
482;399;13
331;270;30
150;381;26
493;191;9
335;433;20
473;76;45
273;203;22
585;437;10
167;280;6
293;523;6
652;74;35
582;528;36
541;222;1
319;354;49
379;413;9
507;458;1
257;73;18
192;148;3
30;58;13
563;26;27
271;82;42
581;613;2
80;581;11
392;136;33
195;218;2
467;191;4
129;565;32
311;657;9
521;131;24
233;362;37
102;306;20
21;545;3
148;498;9
114;608;5
126;234;8
443;235;47
207;238;2
30;667;36
328;360;20
231;375;29
268;226;45
13;392;41
285;539;29
483;606;8
277;621;32
462;222;49
152;286;49
367;566;38
640;647;12
610;411;7
472;102;35
300;253;42
538;296;32
357;479;48
385;689;11
380;385;1
301;200;29
528;452;25
588;371;4
169;318;50
388;93;24
61;585;27
160;404;14
572;600;18
204;553;18
59;167;44
238;404;2
547;292;20
449;617;31
125;410;17
266;211;24
151;330;37
357;495;16
517;21;27
184;36;1
81;533;37
5;193;2
626;286;42
479;253;15
365;463;12
367;114;50
360;33;27
527;234;23
373;425;7
350;683;35
282;654;46
215;73;24
53;459;47
422;402;32
21;20;15
337;133;22
209;429;16
296;261;49
282;631;24
207;685;41
545;72;48
552;523;12
392;660;38
243;162;42
132;20;20
534;533;1
102;293;24
665;162;36
476;183;9
520;525;23
504;367;29
258;268;31
650;348;24
120;36;14
310;90;13
363;651;38
270;531;29
253;37;44
35;553;37
228;588;20
155;506;41
527;8;3
84;577;23
87;536;27
37;474;3
190;546;48
391;15;34
519;563;27
224;200;18
11;61;39
527;409;17
225;76;9
277;302;25
611;339;16
313;242;30
196;53;30
408;13;7
230;84;12
612;330;27
366;154;49
359;413;26
124;56;6
370;118;6
224;106;38
307;85;21
539;278;23
399;581;28
491;343;11
73;294;14
616;199;24
608;200;27
610;500;9
453;286;8
12;652;2
21;452;29
319;9;20
215;650;45
180;80;31
284;564;23
206;642;11
490;16;33
690;310;23
195;4;31
18;696;49
54;17;23
351;155;22
548;577;44
34;89;27
90;191;37
188;575;40
8;147;27
317;583;15
503;514;45
340;446;8
217;85;49
633;138;8
465;345;21
256;630;36
237;346;38
285;31;18
416;327;44
187;272;25
537;678;24
407;188;36
590;26;8
458;149;26
347;492;1
436;445;47
432;439;47
1;183;47
305;172;28
164;272;48
135;59;20
204;377;43
150;338;10
426;182;16
530;579;37
55;683;17
190;673;34
265;103;43
581;187;49
33;406;20
78;14;19
490;41;25
637;82;8
416;112;46
330;345;29
645;553;15
603;234;45
587;257;25
73;93;36
211;286;14
211;434;5
85;247;50
163;448;26
234;666;9
383;520;7
597;69;45
389;662;50
436;355;35
532;217;2
315;75;17
413;331;34
543;496;42
201;5;6
322;308;32
126;553;40
167;229;36
397;348;39
483;479;47
288;178;31
122;219;25
4;657;8
163;88;33
141;479;49
23;617;8
248;442;36
421;433;34
462;244;1
606;94;20
375;11;20
193;306;43
606;106;25
529;161;2
125;613;47
40;548;14
339;146;40
188;166;48
15;692;38
465;88;5
175;624;30
403;281;48
585;168;7
488;686;21
331;276;27
215;588;28
134;427;8
525;675;46
662;358;7
500;30;49
90;235;45
676;78;38
672;517;46
626;507;29
501;286;43
99;662;4
406;23;42
435;179;36
269;98;31
286;32;44
620;244;19
672;284;20
631;57;2
296;319;15
656;268;42
541;581;13
249;506;19
630;305;34
126;531;14
320;297;43
173;15;8
651;620;23
157;419;32
422;636;10
121;116;42
90;686;9
426;462;22
304;333;43
671;650;15
99;669;49
79;60;30
167;51;18
572;184;34
209;126;4
484;653;11
243;466;12
146;434;18
379;598;3
318;587;44
487;611;12
191;419;6
662;127;14
272;453;26
423;548;20
173;454;12
639;373;42
675;12;8
576;140;44
680;503;40
361;585;33
69;664;41
352;486;36
272;184;9
188;382;17
354;235;10
674;176;45
120;466;44
427;624;11
572;362;6
624;151;23
438;296;35
400;474;8
438;49;11
476;538;24
205;327;24
619;29;2
289;181;5
542;548;49
621;226;50
353;10;3
183;178;19
55;187;12
315;205;33
150;495;29
219;47;30
144;175;40
513;113;23
150;443;50
541;509;43
354;597;2
409;275;46
676;344;4
59;147;28
649;257;2
386;145;26
402;672;30
662;156;18
533;110;28
407;303;41
285;416;41
65;425;41
460;93;5
293;251;39
685;452;13
371;126;12
614;648;42
504;287;47
398;176;10
591;51;44
664;243;10
222;540;46
302;211;38
124;664;30
571;542;12
48;304;42
522;591;6
575;605;4
622;517;20
694;258;46
607;268;15
211;201;49
659;244;24
622;590;1
342;19;40
432;570;13
615;290;21
185;4;6
476;23;30
445;182;22
457;513;34
230;390;41
345;531;32
15;397;40
199;81;28
367;294;47
282;351;17
665;331;12
606;621;46
665;408;9
675;78;47
392;393;47
181;66;26
524;440;44
535;217;32
23;616;17
647;543;9
685;539;11
360;211;44
485;169;19
592;322;6
417;314;46
62;234;13
299;410;39
512;153;38
566;220;19
77;561;45
568;604;47
96;252;46
83;578;35
98;181;24
192;322;28
592;352;1
431;435;38
264;352;20
682;410;32
421;72;35
533;341;18
31;16;35
93;619;34
547;436;21
133;258;11
496;23;11
422;599;37
619;46;45
133;131;10
2;256;37
123;358;18
124;174;43
136;43;23
629;230;3
415;417;30
52;283;18
285;250;7
200;421;7
570;578;28
266;620;13
537;573;12
402;398;17
631;641;2
347;476;20
38;63;20
575;228;21
184;544;26
378;628;27
318;558;19
292;262;39
237;531;14
253;19;42
323;48;23
449;272;39
586;230;49
494;197;4
302;297;25
514;688;4
423;149;7
142;582;14
41;174;43
263;506;43
223;427;44
658;562;48
55;652;20
578;65;50
409;539;49
600;538;13
58;639;13
558;118;3
588;520;38
97;18;34
387;9;46
570;131;24
178;86;15
176;302;35
242;316;14
643;664;38
104;183;33
432;135;14
522;269;14
558;77;18
225;154;30
649;597;47
606;112;43
524;463;6
540;411;47
300;617;33
454;283;37
227;219;23
116;189;47
602;405;42
504;595;30
308;256;7
346;663;26
450;676;41
120;492;43
657;289;2
174;655;7
132;243;18
288;120;22
580;449;20
65;399;47
671;428;3
117;279;8
409;20;11
193;364;12
128;673;23
237;173;41
71;457;11
649;268;3
375;427;37
566;307;6
328;289;40
467;537;15
551;415;28
240;356;13
319;51;2
524;331;18
586;658;19
144;484;48
397;353;39
100;422;27
234;261;2
675;239;39
196;632;23
160;560;17
208;341;18
638;391;41
511;629;40
221;43;15
67;503;23
6;265;33
189;572;32
685;429;4
175;254;11
627;302;42
273;182;44
593;144;23
559;506;48
546;491;41
178;231;50
486;196;27
152;260;43
693;347;17
13;45;5
173;399;20
499;400;2
352;80;27
595;420;1
296;237;26
562;488;17
135;25;24
634;503;15
400;398;50
534;245;18
336;288;49
387;534;19
107;622;38
224;683;47
698;200;41
153;516;23
268;586;42
296;355;17
36;70;18
439;373;20
545;151;30
637;661;23
406;59;23
656;417;23
507;46;13
414;401;11
127;243;41
427;323;21
499;535;33
598;513;38
465;62;22
474;690;1
139;81;44
164;178;1
34;48;7
198;603;37
567;496;14
17;697;4
674;687;40
313;120;33
586;583;37
424;143;45
476;180;47
569;415;24
31;475;19
355;486;9
98;431;13
326;177;18
477;599;10
442;282;48
452;466;43
278;340;36
99;479;5
335;133;32
196;435;46
231;368;30
345;436;6
449;696;40
567;84;46
275;81;39
610;66;42
106;232;11
278;185;35
438;365;40
411;63;50
50;176;15
462;668;21
110;348;21
300;296;17
171;694;49
277;558;21
408;122;49
371;239;27
280;369;24
471;31;31
375;360;40
203;323;10
398;407;49
132;609;9
673;484;47
267;472;13
667;561;37
639;465;17
5;179;35
171;200;27
288;205;10
616;433;9
120;485;6
87;520;38
562;642;21
155;199;44
517;105;13
380;201;11
689;167;32
322;124;38
136;34;20
61;130;50
673;70;42
537;290;30
512;362;39
195;613;50
224;684;6
61;659;36
37;617;32
125;630;12
73;179;15
224;278;22
194;20;45
101;283;2
659;24;13
653;410;22
696;228;33
407;434;16
266;17;22
328;342;29
432;61;46
74;523;41
88;381;12
192;473;12
680;97;9
493;26;40
246;569;39
129;639;25
617;274;44
36;495;24
208;651;43
382;624;47
641;97;31
365;61;15
351;490;26
2;669;47
452;696;27
42;593;12
292;508;26
528;544;39
15;695;10
213;628;4
697;246;21
66;611;26
546;537;13
23;2;20
700;98;8
147;172;22
106;341;46
698;429;48
361;423;26
481;160;15
447;145;42
629;339;27
632;390;25
277;627;17
171;291;49
690;655;17
94;298;11
63;403;27
355;94;38
163;632;29
74;482;1
39;593;11
363;339;34
651;368;34
536;495;35
638;173;50
606;420;19
656;627;47
89;272;9
666;228;8
159;168;24
661;192;2
628;210;23
307;193;18
551;318;46
498;564;21
342;485;16
626;138;18
471;408;37
192;323;28
478;642;48
229;209;42
686;304;12
640;508;45
365;620;27
331;648;20
490;653;31
621;518;21
124;653;10
235;685;27
469;323;13
89;169;13
503;641;4
219;315;15
550;534;35
13;319;33
371;577;38
145;134;8
37;677;20
104;20;35
392;451;31
185;677;8
584;495;12
22;360;37
70;31;45
292;359;6
140;383;11
2;40;46
217;239;24
542;507;29
588;669;7
34;643;38
423;140;22
68;70;40
521;110;9
588;108;24
113;79;48
516;55;32
100;196;1
445;206;19
543;659;17
240;466;17
156;464;10
155;604;41
375;104;29
550;398;31
220;136;1
212;379;25
641;282;13
462;288;20
281;316;15
474;185;33
45;417;38
652;606;41
29;665;26
622;496;24
688;377;11
537;241;28
593;493;12
352;248;23
89;150;35
160;80;40
141;636;17
394;534;46
644;145;2
362;561;16
4;622;6
530;635;15
394;278;8
460;652;23
264;400;45
221;67;8
599;396;31
190;54;22
52;147;43
114;471;45
349;480;50
76;374;34
112;591;16
537;663;18
160;72;38
551;516;15
23;446;21
564;454;46
684;181;20
232;518;3
542;131;1
401;494;48
557;207;45
335;503;22
136;286;42
522;420;21
535;249;34
638;196;41
341;91;40
155;314;44
494;180;13
424;685;39
565;69;27
575;156;34
60;211;39
100;533;50
431;621;1
160;5;33
331;227;10
25;296;30
648;446;43
687;127;42
169;335;8
446;352;31
344;667;33
210;676;5
355;89;48
435;687;10
162;678;30
619;407;45
35;662;13
239;209;9
599;149;50
246;617;10
293;601;38
497;699;50
404;420;43
103;529;23
523;530;11
235;154;11
290;394;22
241;333;41
580;509;14
182;307;44
68;22;5
326;458;2
392;691;35
441;247;24
27;344;50
146;353;8
77;61;5
406;593;40
528;531;48
676;321;31
472;409;39
578;431;26
429;250;33
192;191;1
537;580;28
621;353;38
180;667;7
375;288;12
499;162;21
211;648;31
578;600;13
392;620;34
31;652;30
140;509;12
389;473;32
60;442;12
517;576;30
409;110;5
31;394;23
436;72;9
232;94;16
389;316;37
227;624;27
417;501;1
18;166;7
484;593;43
455;247;25
645;195;29
42;152;45
125;2;29
114;630;9
3;439;32
179;566;20
130;295;37
115;571;5
531;83;43
4;25;50
600;511;23
197;415;6
538;270;9
371;691;4
423;611;26
572;317;23
583;273;15
485;204;32
281;480;22
498;174;49
596;698;13
280;691;26
251;699;39
146;309;14
316;593;9
359;11;14
332;20;31
647;169;46
58;140;2
175;226;34
392;678;17
2;84;3
425;590;46
289;583;37
660;248;25
14;101;3
297;37;30
322;528;1
241;477;8
179;204;24
621;376;28
382;497;34
452;568;46
108;216;27
222;689;43
626;66;30
493;665;36
214;167;27
611;288;1
390;175;13
193;407;23
179;241;22
79;49;21
275;89;36
45;190;31
8;390;19
235;313;32
134;423;39
597;333;46
199;137;36
638;245;36
145;316;1
7;254;48
209;455;50
460;391;4
690;556;24
589;547;32
416;183;13
655;330;24
191;570;11
518;170;36
485;700;8
489;381;1
61;624;2
245;475;44
640;668;16
581;108;33
378;385;26
436;86;7
197;310;41
641;607;13
618;424;33
619;208;3
4;644;6
398;440;19
285;667;42
537;475;25
402;180;4
111;259;33
244;552;16
356;219;44
563;137;37
700;377;1
441;260;49
474;615;20
627;586;49
546;210;22
5;109;20
320;305;48
496;109;46
293;361;28
109;657;20
303;2;27
653;651;40
391;363;31
429;669;46
422;455;33
19;257;39
36;587;46
270;261;16
473;286;49
285;172;28
527;561;44
247;235;18
573;15;49
10;486;27
467;65;49
631;115;44
205;690;23
651;283;30
82;420;22
429;45;24
358;490;42
387;7;47
520;251;5
136;190;19
556;213;35
540;339;15
590;377;8
675;477;24
383;694;18
104;688;19
93;527;13
480;573;40
435;122;33
610;97;41
250;485;16
295;695;50
359;674;24
139;61;26
251;256;45
479;236;16
547;592;42
679;352;22
577;5;28
517;399;15
323;102;17
44;527;33
521;623;21
565;535;30
210;544;2
333;295;3
285;119;47
627;555;18
429;190;9
585;135;23
569;677;14
621;590;14
441;62;13
380;12;12
153;552;4
340;197;1
302;180;38
203;611;23
204;139;11
566;441;2
408;604;35
503;87;14
633;513;39
262;402;1
604;657;20
239;454;45
253;506;4
416;626;40
67;575;27
621;157;21
469;417;6
693;478;39
580;670;10
446;682;38
143;481;2
375;282;19
359;14;15
194;301;35
598;334;24
252;104;13
573;330;26
90;19;44
60;100;3
357;94;26
650;426;4
365;336;20
557;407;36
132;467;38
249;547;32
270;83;31
475;231;32
271;69;13
74;214;44
252;641;2
144;668;48
177;229;41
405;262;2
584;291;23
441;698;31
55;75;15
351;335;36
543;488;4
25;461;41
255;29;3
208;397;23
92;215;45
186;279;31
15;551;11
505;646;21
349;557;41
104;436;16
305;36;14
159;311;29
391;648;45
595;128;36
541;688;2
396;29;35
524;52;45
264;300;27
78;462;22
253;144;24
513;387;47
616;650;14
250;146;34
58;523;41
272;161;42
65;287;36
399;465;44
335;47;45
655;482;16
522;108;9
466;620;36
179;166;16
317;29;35
574;190;34
359;415;21
507;303;19
266;373;46
380;178;16
400;522;9
405;510;29
414;638;10
47;92;48
504;215;24
64;514;38
515;229;31
237;199;13
48;203;41
609;53;28
424;325;6
98;427;48
536;630;3
295;302;36
153;463;46
303;540;41
427;23;1
618;170;22
45;510;12
236;599;17
137;141;22
477;548;15
367;280;33
384;519;7
547;229;40
51;513;42
509;356;17
200;169;39
22;144;15
98;64;31
473;342;19
271;511;2
281;396;8
344;488;15
210;404;24
125;386;22
153;579;49
443;556;16
638;495;30
50;646;1
674;545;47
543;176;23
140;646;39
626;419;38
379;424;18
369;45;13
297;651;1
520;614;46
47;261;11
203;636;5
178;601;37
125;675;45
639;353;23
300;585;44
369;414;24
599;481;35
130;314;36
163;447;29
25;382;21
478;341;9
696;453;49
380;276;23
400;268;48
290;616;12
471;597;5
435;534;3
7;304;17
563;263;4
375;382;27
192;568;44
158;495;5
446;174;43
603;528;17
508;455;49
182;12;39
113;280;19
66;146;42
510;410;40
363;23;28
679;550;21
169;28;28
58;609;3
647;256;26
639;108;28
273;301;41
487;387;3
513;334;47
75;17;6
413;106;5
63;495;37
52;411;45
329;332;28
416;76;13
410;443;16
259;420;20
436;238;17
69;448;23
268;373;21
350;249;32
624;159;18
591;279;32
56;370;49
664;11;33
685;173;3
236;584;49
366;570;33
465;234;23
399;159;22
151;58;17
252;131;35
483;127;7
589;50;28
214;243;2
161;669;42
259;3;8
650;381;30
598;74;32
134;169;43
466;105;7
108;571;28
346;90;22
595;76;50
22;409;11
436;250;38
355;263;31
559;530;25
264;535;22
27;2;36
335;579;17
120;88;13
200;220;14
661;181;17
285;114;38
602;391;41
555;496;30
688;157;13
604;110;18
230;445;4
236;536;23
23;8;3
180;3;14
667;394;19
202;59;15
564;52;34
588;187;1
397;104;32
216;561;5
700;299;50
252;242;34
38;575;24
564;375;12
87;475;31
72;445;16
230;683;20
418;698;26
384;108;13
262;293;26
695;336;30
16;347;42
19;190;5
545;543;38
587;693;39
498;406;9
449;15;34
410;178;21
672;546;24
489;241;9
267;502;16
676;368;32
249;651;29
150;546;49
426;249;22
336;14;20
242;305;46
369;32;16
298;389;12
125;46;23
407;550;2
33;75;27
586;125;49
388;656;4
267;654;24
387;636;8
230;244;5
182;294;15
305;265;3
518;498;24
635;610;10
666;409;14
162;128;23
275;543;45
121;122;26
453;98;27
586;409;31
90;530;14
329;607;4
398;697;14
274;616;26
110;255;36
276;202;46
675;674;36
48;674;19
149;508;23
361;68;6
496;250;46
402;418;34
425;489;13
576;649;24
338;231;35
475;13;18
586;168;43
111;156;3
470;620;46
611;98;37
620;643;43
173;164;6
295;174;20
66;658;48
350;463;48
91;437;33
258;610;21
62;397;29
6;436;43
320;641;13
622;547;20
513;507;29
335;182;8
326;208;2
486;436;1
192;291;43
22;16;45
234;170;43
224;143;45
296;412;42
196;347;36
50;485;5
664;637;29
374;107;24
66;572;16
699;387;10
142;472;38
50;408;32
416;283;45
113;462;31
465;180;47
554;602;40
137;143;28
347;212;16
445;547;30
665;270;50
468;691;9
410;650;10
437;274;17
149;118;22
21;527;49
633;421;18
206;99;31
98;403;25
662;328;46
83;461;38
417;139;30
453;487;38
226;166;41
654;214;28
599;322;48
33;270;17
561;303;41
679;500;45
72;636;24
50;605;20
274;570;41
468;94;6
674;668;40
651;502;15
286;18;3
566;296;21
469;652;22
685;504;40
676;229;13
556;415;22
532;383;4
354;152;3
66;690;47
389;250;37
585;430;36
625;541;22
56;638;41
629;2;50
581;510;8
321;48;34
505;328;7
623;459;39
343;147;9
413;114;46
475;211;10
291;210;47
61;22;13
470;172;28
59;345;41
195;687;50
583;306;14
56;304;36
30;598;3
359;397;49
343;299;42
579;134;18
440;529;38
677;346;24
130;161;25
347;77;32
480;616;24
683;162;22
258;542;9
412;424;10
544;12;48
645;36;18
469;351;18
197;154;6
647;18;10
20;499;42
358;296;37
157;618;23
634;225;2
465;15;8
17;698;6
195;117;36
445;387;29
37;12;10
556;236;21
691;95;21
161;507;30
47;18;8
500;188;27
588;241;28
90;627;46
355;646;39
123;44;6
174;286;43
531;448;19
502;699;10
596;23;24
374;359;47
259;547;16
151;505;22
645;99;28
604;647;45
521;314;29
301;72;8
230;416;47
642;358;3
667;623;37
36;2;4
548;691;27
413;21;41
501;255;26
292;648;37
676;222;43
472;8;37
48;4;43
378;13;40
240;603;1
486;614;5
610;190;48
559;161;6
338;39;26
663;365;28
408;447;18
412;310;40
401;686;18
121;461;4
367;304;7
505;231;45
197;457;37
352;696;10
226;103;20
505;407;28
188;417;15
106;122;38
53;535;27
317;97;11
280;368;33
197;497;20
288;571;8
10;142;8
687;145;2
353;538;48
498;319;46
412;547;26
296;474;18
42;612;50
498;668;27
297;668;21
423;217;7
384;542;40
514;368;9
697;138;17
298;54;42
634;648;28
7;95;44
91;84;41
657;269;11
407;213;5
240;292;29
162;198;16
165;466;38
359;646;9
16;584;48
621;404;11
694;83;18
617;645;21
27;36;23
343;563;32
479;174;4
541;359;42
637;306;4
200;690;30
479;80;22
541;24;41
573;392;40
6;351;31
74;322;6
326;87;48
611;571;16
102;610;32
311;208;22
118;195;26
682;595;6
315;68;15
445;646;43
35;139;8
368;236;16
478;283;47
417;417;20
155;19;2
614;288;27
67;488;3
186;524;13
439;340;10
99;461;29
259;540;21
142;242;34
340;280;29
401;484;35
349;633;31
510;697;10
152;650;28
483;640;42
264;515;28
8;52;13
547;318;49
97;695;43
239;31;1
531;303;43
167;394;20
143;551;10
252;154;31
135;326;44
563;659;22
477;327;38
377;244;18
595;296;21
389;395;43
252;108;33
252;69;5
566;608;2
681;226;13
654;309;35
184;538;38
46;302;49
185;689;39
215;339;2
87;313;29
68;528;27
621;22;23
242;575;46
643;20;39
44;184;3
436;287;14
475;258;15
364;35;43
378;100;50
162;533;16
263;676;14
93;80;12
494;564;47
666;481;2
23;159;42
40;630;42
13;587;29
524;334;23
256;215;35
595;414;29
203;294;9
541;145;33
187;182;24
576;601;43
560;587;24
299;225;29
198;358;14
148;202;44
171;569;22
580;62;24
80;375;24
329;179;28
647;257;2
691;350;38
287;180;24
695;49;42
499;396;7
21;267;28
452;118;29
388;21;50
265;248;36
414;541;8
79;7;46
195;255;41
66;614;7
423;671;48
612;254;1
470;677;11
440;623;1
549;605;23
149;35;50
278;488;49
148;479;10
626;342;25
432;127;18
541;60;1
155;643;23
524;455;9
410;354;6
440;610;25
221;90;34
407;689;19
517;428;42
186;244;43
473;131;30
698;655;1
543;559;47
504;548;21
677;214;25
149;656;23
527;22;33
178;185;14
15;644;50
426;372;45
291;119;36
611;230;23
563;334;48
276;655;9
463;442;15
528;473;32
351;443;45
276;320;3
297;503;3
649;665;33
84;661;6
293;385;16
360;579;18
17;217;25
636;111;41
70;510;43
258;305;7
509;479;26
466;237;48
303;158;11
584;499;7
498;85;8
212;685;35
180;285;25
162;273;14
625;210;36
328;234;17
538;310;2
576;2;7
432;320;50
585;440;10
475;154;34
239;448;9
214;667;19
450;500;49
94;172;35
213;647;16
344;315;48
260;592;34
161;246;18
387;625;45
555;135;26
300;36;33
620;30;29
80;478;19
267;661;23
171;374;32
576;449;20
27;139;24
665;483;40
167;276;33
460;77;18
599;521;21
590;372;38
416;593;24
472;361;9
131;504;21
667;209;28
304;568;20
336;98;2
617;657;32
277;635;2
272;357;18
323;86;27
576;486;10
230;485;50
391;694;20
698;608;50
282;425;27
318;231;44
237;17;14
319;619;39
337;420;23
101;46;7
225;182;28
160;512;4
365;688;35
102;163;50
58;359;1
202;700;25
627;228;33
57;355;1
319;77;26
642;504;1
373;330;40
456;101;2
306;650;14
135;215;32
69;374;4
379;678;32
50;460;27
517;18;16
442;330;39
448;518;44
681;538;19
638;79;22
462;49;1
224;621;48
582;452;1
596;435;49
677;535;12
664;90;45
511;678;8
67;102;29
523;155;2
571;352;24
580;358;25
41;585;6
604;194;21
144;139;19
7;55;4
168;539;2
618;17;30
75;269;26
9;64;26
639;381;27
128;549;11
98;101;26
82;212;36
18;36;42
362;529;29
645;632;37
697;562;33
33;376;42
480;413;50
246;643;10
648;525;1
216;282;39
171;485;49
536;646;32
260;277;33
43;218;16
60;180;37
304;405;37
573;533;16
136;578;23
54;319;44
485;242;17
347;59;48
664;12;36
602;436;38
335;545;6
544;656;37
507;28;14
170;147;39
478;644;28
441;271;6
603;359;20
258;251;42
152;88;33
281;32;48
368;199;12
588;195;42
256;158;10
440;12;14
635;288;43
312;585;41
236;230;28
87;132;12
663;516;33
289;216;47
247;38;4
78;290;8
424;461;46
418;193;49
448;228;50
238;414;30
493;463;24
263;116;46
491;428;36
69;445;45
172;559;1
619;229;34
475;59;25
451;372;38
597;279;32
367;170;28
114;376;31
517;390;45
88;14;17
56;678;4
179;603;2
52;107;30
536;276;40
618;82;6
219;34;11
559;191;2
700;19;22
683;115;8
503;150;27
581;587;45
540;622;27
87;170;35
660;235;31
237;148;12
547;283;10
85;64;29
695;453;14
456;70;47
86;169;50
139;47;29
395;642;9
545;356;13
37;416;4
536;475;12
242;337;40
28;413;40
679;131;10
694;562;37
562;343;47
368;13;28
134;353;23
62;255;43
577;649;41
398;373;23
337;3;25
108;638;32
384;641;7
538;289;45
28;445;50
380;463;26
656;614;19
100;252;50
525;528;29
102;673;27
101;324;25
203;418;39
641;661;37
355;117;23
336;225;50
600;510;3
320;29;28
505;59;30
159;163;40
347;671;16
154;577;2
218;367;44
276;674;49
301;593;45
295;409;16
564;624;7
462;473;34
241;529;33
230;429;24
464;250;15
520;225;10
195;546;29
225;203;18
537;343;17
21;110;39
374;503;4
537;192;10
516;267;46
182;639;28
345;77;3
481;458;25
391;583;19
655;685;14
615;475;33
554;539;43
531;570;15
696;465;36
269;158;27
318;540;8
312;138;18
288;199;19
301;567;22
287;513;5
323;508;40
60;334;46
573;608;33
531;429;11
194;466;20
554;305;44
225;598;28
220;230;24
613;564;7
17;695;19
546;68;11
657;180;2
433;343;13
489;353;2
104;527;18
195;82;27
56;410;33
251;549;40
532;59;47
250;244;20
272;12;43
318;603;13
396;567;8
521;359;13
169;205;17
62;74;42
634;574;32
432;519;12
198;19;20
506;210;33
602;183;38
606;183;44
596;93;27
300;6;46
547;43;32
53;101;1
147;185;8
12;667;37
192;265;7
670;85;34
536;676;23
627;1;20
624;294;43
428;339;39
169;25;39
356;503;42
255;639;43
184;374;6
196;417;41
27;89;6
457;317;26
459;20;35
695;407;3
351;285;6
113;32;43
345;574;43
477;517;35
559;143;44
268;403;40
129;457;50
378;3;36
92;618;21
457;55;41
577;282;40
62;632;13
139;496;3
268;259;15
440;681;41
495;282;34
61;534;4
602;590;34
271;548;50
301;559;10
387;405;47
499;693;5
458;135;20
572;395;9
642;188;48
196;243;12
332;323;3
167;374;18
543;143;14
509;258;13
91;636;32
685;219;45
501;390;20
623;387;48
458;476;39
421;529;40
16;208;46
671;383;24
387;214;31
291;450;25
657;680;3
322;402;22
389;117;39
15;350;50
225;80;11
186;141;35
83;146;34
108;79;19
74;437;8
310;455;28
108;337;35
463;639;34
110;338;45
634;37;37
451;148;34
494;282;27
222;185;42
257;676;39
223;142;23
76;399;44
350;614;4
95;559;44
508;410;4
264;71;34
260;634;1
437;250;28
16;507;13
1;645;39
146;133;35
204;18;32
430;429;2
293;681;42
258;139;16
443;287;50
654;535;47
182;166;3
174;469;27
458;428;14
434;442;10
290;201;17
516;323;3
220;61;10
495;294;19
538;338;6
480;589;40
344;332;40
623;16;26
520;405;42
105;362;8
26;514;3
237;474;45
404;457;41
116;27;48
342;472;36
43;225;21
374;81;8
401;99;3
632;78;16
277;691;11
394;371;43
199;66;20
604;267;8
190;587;44
611;581;21
473;198;45
243;404;15
34;358;20
697;636;24
427;168;48
340;145;42
369;263;12
288;411;13
593;651;24
261;264;12
161;3;50
540;136;50
387;483;38
583;495;3
672;562;48
37;264;17
424;154;5
259;236;30
55;490;22
406;487;9
579;234;5
592;455;43
64;294;36
411;611;20
164;91;10
176;541;43
309;333;50
457;557;18
457;612;25
85;493;15
381;686;3
654;222;30
311;231;34
113;266;46
533;208;16
165;204;47
138;195;19
147;333;9
287;112;2
393;367;15
623;205;48
678;213;29
118;465;4
571;459;40
677;192;4
120;512;4
679;576;11
287;616;28
613;371;49
49;259;22
14;251;34
505;256;8
261;639;19
606;304;17
343;588;24
111;63;43
659;187;20
648;603;4
544;258;37
235;359;8
574;49;13
223;26;33
256;507;17
154;168;23
603;325;13
337;488;8
280;501;33
459;600;41
110;301;2
531;257;24

