500
12102
3000
6;86
39;1
100;89
92;6
57;55
53;95
82;25
33;11
72;32
16;33
96;57
18;98
93;17
81;53
83;12
4;69
52;14
50;22
86;22
14;96
56;79
49;82
18;95
94;11
76;46
59;75
66;5
49;32
42;26
17;92
39;33
26;31
14;28
55;31
13;95
70;8
11;82
27;41
23;76
31;97
29;62
6;78
23;13
31;58
70;81
95;96
47;51
69;67
49;25
53;30
85;65
4;22
61;21
16;76
47;79
22;30
25;10
56;91
31;99
58;96
5;69
68;55
79;36
37;58
99;1
92;28
13;29
16;76
83;51
24;55
68;80
16;37
23;62
22;27
45;93
17;13
75;34
38;99
63;58
99;30
54;59
81;5
30;42
11;41
38;9
26;70
43;63
14;71
48;71
75;29
70;74
35;61
25;54
45;1
22;48
97;62
1;32
51;100
72;44
15;54
63;19
2;28
52;37
94;11
55;97
76;88
58;62
46;13
46;23
13;89
93;54
49;23
77;88
40;63
83;15
73;57
53;84
65;3
90;16
97;1
52;31
20;16
29;69
93;68
10;18
44;55
92;84
17;76
41;98
69;97
71;35
85;38
97;14
63;9
7;42
48;26
67;91
8;52
30;92
88;15
70;74
77;87
47;18
82;66
61;43
8;97
63;69
80;79
50;66
11;84
9;98
69;14
21;6
51;2
74;69
22;41
9;40
46;41
98;24
25;64
73;79
69;85
52;91
40;55
24;51
69;70
45;72
50;79
9;59
26;44
13;82
33;62
71;28
91;93
12;43
8;50
37;45
47;51
78;71
91;87
47;67
59;80
59;72
49;47
23;84
32;60
83;10
20;23
20;5
81;14
42;66
37;57
42;74
35;28
17;72
63;57
99;74
78;62
74;70
60;34
48;26
46;4
36;97
3;55
41;96
83;2
76;33
55;44
87;2
80;60
52;54
5;13
69;2
5;8
51;71
45;19
30;24
76;81
19;47
6;15
69;97
94;56
78;32
57;96
17;76
35;100
4;69
30;85
20;9
41;58
15;46
2;54
91;39
61;71
45;60
57;22
60;15
18;23
99;75
73;84
31;17
79;5
33;42
4;16
13;24
53;4
71;34
86;16
51;7
70;2
98;29
80;29
91;75
70;8
100;98
29;8
13;20
33;14
7;35
17;27
55;58
55;26
82;37
4;24
36;43
6;86
18;20
59;50
41;37
91;59
93;14
55;9
11;14
16;22
50;14
8;100
57;60
79;35
78;50
2;14
76;84
45;82
52;39
62;4
74;52
32;56
30;25
10;62
1;23
29;29
37;50
52;11
50;86
42;9
85;46
83;35
11;38
44;100
77;13
26;84
82;1
69;7
27;53
54;24
52;15
76;42
89;55
27;15
63;19
7;58
93;63
39;39
39;16
27;51
49;54
77;32
30;96
96;44
71;61
94;22
67;9
84;55
2;73
80;40
42;100
31;12
26;71
61;96
94;15
77;54
36;54
16;40
81;4
58;55
79;49
20;9
83;38
33;22
32;88
54;83
34;56
54;81
18;52
67;57
87;55
83;54
90;2
55;59
3;30
90;20
27;2
67;83
86;85
56;69
58;49
55;7
84;49
47;14
27;60
44;39
42;43
32;16
34;32
42;77
16;38
25;14
75;42
59;3
6;59
89;98
58;10
94;44
66;57
26;63
66;2
16;64
56;88
41;90
5;98
62;75
65;7
82;75
30;59
52;42
3;28
91;10
6;77
31;7
82;36
80;28
63;79
91;4
80;38
6;73
51;71
5;28
37;98
87;49
2;16
34;50
47;84
22;53
95;41
61;47
27;71
33;9
46;61
5;49
82;60
21;21
32;27
72;92
57;91
72;26
33;53
85;15
40;38
31;67
16;42
74;25
42;38
100;38
54;77
70;74
46;11
89;54
32;98
60;100
19;89
54;64
23;66
45;52
65;27
6;52
59;88
61;72
70;21
74;75
65;36
6;16
41;39
24;80
78;56
7;68
1;45
100;76
58;15
42;77
50;6
82;44
2;4
22;77
43;91
38;79
69;45
21;25
18;23
14;46
11;82
35;34
22;2
55;22
88;80
72;87
4;8
76;66
34;72
45;51
97;73
69;44
86;76
51;61
37;56
32;22
19;98
98;44
75;54
19;10
31;86
39;17
98;89
51;76
27;14
30;18
1;91
90;4
50;93
20;50
79;53
74;42
18;34
30;78
35;62
43;8
93;76
63;83
40;20
76;40
16;13
13;3
2;404;14
216;367;46
120;223;23
308;483;46
51;381;43
211;338;25
411;400;36
2;280;34
343;350;30
268;446;25
210;113;10
401;420;49
302;190;18
229;265;27
183;226;33
355;189;23
448;417;45
414;28;12
159;178;18
339;58;4
138;478;15
441;347;5
445;153;39
225;474;44
53;262;44
469;358;3
348;107;44
39;346;7
81;270;32
229;385;14
416;391;31
225;134;11
252;477;32
353;22;19
187;366;10
366;367;50
412;221;48
146;119;6
260;487;24
400;162;50
248;164;43
395;482;4
157;232;38
381;418;39
310;271;7
236;285;41
402;427;34
225;364;13
83;228;29
170;183;27
403;378;32
181;23;38
251;133;17
4;245;2
159;361;19
133;375;50
68;485;19
497;260;9
323;175;32
486;18;25
160;389;24
411;139;10
245;356;30
307;438;25
334;216;50
4;381;25
221;462;8
299;423;29
278;437;33
384;169;45
370;339;46
144;389;38
20;298;17
201;169;8
183;67;32
382;47;22
379;144;40
411;234;16
41;279;39
250;323;11
287;21;50
268;332;5
497;118;16
75;214;33
44;386;28
483;27;7
63;60;14
364;143;43
72;329;16
24;390;48
74;109;14
29;411;27
388;6;25
456;401;10
456;99;35
59;80;41
255;211;26
163;443;45
170;457;34
37;239;28
377;30;24
5;325;32
185;408;4
457;493;25
66;348;34
97;202;13
31;492;39
349;59;49
239;480;25
153;335;16
456;80;48
12;398;24
385;133;24
175;84;37
113;46;39
205;354;31
320;185;16
108;420;40
275;458;20
35;38;50
384;467;40
311;126;26
410;270;44
310;93;49
83;456;19
489;497;6
37;113;3
350;492;15
236;495;41
5;82;50
139;149;17
26;287;36
225;191;2
40;50;32
368;422;16
212;291;19
475;330;46
231;495;20
353;136;2
12;358;28
119;359;10
172;440;22
46;213;18
360;192;45
158;305;38
197;481;3
299;484;36
112;223;19
429;181;16
205;275;47
197;401;2
424;76;14
499;483;16
82;434;19
162;447;9
192;60;35
390;151;18
16;340;9
379;118;41
65;312;15
94;437;6
219;235;46
228;451;8
438;84;20
442;137;3
392;441;40
416;386;21
394;468;39
219;359;6
438;302;30
40;343;11
331;30;41
141;139;46
480;66;30
218;242;9
457;206;5
364;176;39
267;36;41
184;56;45
362;135;11
95;65;31
430;396;35
126;295;48
401;154;1
323;1;34
122;340;30
149;198;18
78;481;22
22;336;10
36;214;5
483;479;49
273;86;7
354;472;40
202;14;50
388;338;9
28;418;22
202;302;17
405;74;32
274;118;20
60;221;6
114;218;4
260;168;38
281;243;15
435;61;11
176;329;11
194;395;10
397;22;26
279;491;47
426;394;17
111;195;14
170;34;14
463;46;48
45;233;17
238;63;42
199;384;6
123;46;46
11;75;29
254;465;14
163;342;12
175;104;10
226;460;19
187;222;33
477;446;25
417;333;43
374;327;26
404;127;31
202;109;45
7;280;43
78;40;10
438;420;36
381;107;12
336;175;41
490;279;27
349;99;44
163;50;26
412;242;19
28;21;45
416;477;44
477;399;12
195;243;12
121;389;42
155;9;21
235;169;7
499;238;19
272;256;18
348;134;38
415;33;20
169;240;34
419;451;22
395;177;3
360;179;45
266;304;16
342;230;5
311;336;45
341;331;47
380;49;41
348;86;40
38;458;26
94;88;2
235;119;23
464;379;44
341;322;2
457;54;14
275;496;36
217;104;31
269;378;23
338;36;22
112;219;13
118;352;28
429;482;38
393;236;44
184;450;10
74;35;29
453;87;26
253;486;47
250;378;27
96;151;28
53;356;25
159;376;47
152;496;4
255;48;50
136;23;33
332;273;23
343;145;21
185;410;40
368;48;49
184;262;16
190;430;45
302;65;46
82;10;47
164;114;35
169;374;24
228;484;23
160;146;35
399;26;1
260;222;12
434;208;17
230;39;1
149;448;48
220;296;15
50;137;18
46;164;44
438;9;44
307;96;31
348;270;43
216;365;35
390;385;4
72;208;20
300;161;14
325;313;27
14;84;18
427;274;18
340;486;42
149;328;47
378;103;27
410;472;15
92;49;5
20;78;1
157;464;33
489;363;5
75;480;26
151;248;27
387;105;30
55;50;10
83;211;50
288;120;15
330;427;37
340;223;10
325;155;8
306;287;31
30;267;40
176;152;9
211;310;2
135;206;16
218;258;6
448;204;37
79;180;17
80;206;16
115;454;22
17;448;28
285;67;4
160;325;29
316;270;4
450;433;23
396;373;36
391;144;4
164;238;23
246;256;46
42;451;16
73;414;15
97;360;8
138;458;24
15;115;15
18;280;46
81;499;35
234;422;19
377;275;37
168;442;21
419;66;33
31;184;32
342;425;43
436;157;15
183;85;22
185;275;47
410;215;48
96;420;18
356;396;2
234;28;49
159;63;22
422;47;15
496;421;38
395;4;33
426;401;13
58;400;28
271;123;23
345;29;43
113;454;40
268;310;35
121;454;31
393;471;13
305;173;35
115;47;20
64;397;7
234;110;17
445;21;23
469;401;25
422;294;27
74;149;16
210;221;3
341;141;38
68;261;26
185;382;19
129;419;4
30;418;39
369;434;17
430;265;33
41;482;43
386;322;11
437;74;48
108;385;5
85;16;37
157;329;50
405;427;25
241;49;30
446;347;32
27;324;28
331;310;8
310;10;16
323;419;29
32;455;42
406;285;37
258;354;44
30;86;15
267;475;7
136;222;3
48;381;33
439;484;36
422;67;16
416;355;9
301;384;7
260;210;7
64;38;23
279;46;14
10;18;22
344;258;6
253;178;3
162;196;32
160;243;13
237;400;12
308;452;36
254;131;40
90;48;17
477;484;17
66;227;6
31;99;38
56;462;30
349;141;22
356;121;49
209;40;27
239;440;22
73;447;46
34;204;26
365;389;16
360;95;45
308;13;10
174;378;44
401;195;33
298;436;16
384;489;2
454;196;4
370;156;18
179;221;6
139;332;26
373;297;38
349;439;35
174;389;43
293;265;11
201;316;10
394;434;3
28;266;14
33;23;41
194;443;36
101;20;19
174;106;10
282;60;34
295;431;6
393;49;21
264;398;11
391;490;22
284;120;4
343;479;18
36;123;10
232;341;34
479;399;7
418;19;23
481;495;20
49;414;29
159;383;28
32;41;35
110;379;28
169;127;31
63;242;2
57;301;27
123;307;32
87;307;16
472;72;10
258;304;34
36;383;28
164;397;22
299;113;22
475;283;24
290;126;33
417;129;41
293;122;45
493;7;4
326;350;47
317;160;33
444;337;49
37;1;4
448;337;14
452;174;12
223;167;13
481;156;2
157;279;39
323;370;22
399;106;38
41;366;5
130;385;11
95;329;10
103;75;30
396;268;35
266;15;2
193;79;8
210;55;6
30;279;8
338;463;3
360;363;19
215;389;14
113;420;25
392;476;33
93;198;22
401;245;18
63;291;49
197;142;2
93;212;19
285;489;12
203;193;24
120;168;47
281;167;15
205;420;21
125;371;16
357;128;41
452;209;22
442;289;6
396;115;14
311;300;35
222;373;40
374;485;21
290;370;8
110;46;27
363;242;24
109;245;5
75;324;38
81;82;24
8;216;36
87;144;46
131;113;31
116;500;9
445;340;31
184;120;50
103;57;2
282;24;44
341;39;28
200;276;24
480;319;34
278;399;42
248;395;43
32;108;26
442;206;19
263;155;10
282;322;24
181;434;2
199;24;22
451;283;38
86;12;2
217;298;46
107;133;40
28;38;39
253;291;37
480;386;30
313;108;40
407;57;22
201;454;41
330;441;37
113;413;42
187;445;38
226;264;4
254;380;35
66;196;20
436;347;28
187;347;39
31;15;25
339;410;46
482;43;8
455;17;25
315;373;24
168;274;49
404;80;10
283;42;34
101;216;5
174;422;49
339;381;45
109;345;39
90;233;5
237;372;8
393;205;1
299;13;18
418;327;31
307;443;20
138;1;2
345;472;13
177;383;28
487;160;50
218;23;46
169;447;47
161;115;18
231;15;19
312;264;26
4;41;21
279;465;43
145;383;10
171;263;30
66;454;6
167;412;44
138;162;10
148;173;37
64;328;8
192;430;11
485;249;36
360;61;33
47;337;20
449;276;34
493;440;10
321;349;38
441;343;47
382;98;14
497;418;41
420;115;5
351;186;6
495;67;15
420;272;46
72;341;38
49;252;37
149;442;15
370;21;23
14;344;35
226;415;31
446;456;21
433;66;26
88;472;42
109;171;29
354;341;20
206;31;12
293;325;33
386;427;46
468;338;17
227;82;16
257;223;7
398;243;6
294;389;3
302;47;10
50;268;6
157;73;35
62;456;10
140;290;13
399;283;47
290;309;45
46;56;50
97;34;39
263;200;26
85;426;4
352;466;38
9;187;1
146;455;37
157;426;23
175;16;31
327;31;27
437;303;9
137;73;35
498;466;19
202;137;37
488;27;35
45;207;32
99;313;35
111;295;31
334;297;26
83;9;41
283;237;11
279;330;16
308;415;43
315;11;33
124;51;8
230;260;23
410;470;9
452;112;13
236;144;19
46;443;21
387;147;4
288;342;23
162;237;29
179;69;34
8;337;35
351;437;42
268;461;6
138;348;33
493;1;36
478;179;4
493;96;2
74;402;33
120;408;45
450;225;50
180;140;37
442;258;38
287;71;21
77;145;39
249;21;32
258;223;2
89;306;17
124;244;21
47;266;33
297;487;16
305;254;48
159;172;41
64;399;45
255;385;16
459;333;25
218;340;44
409;33;4
389;94;48
379;188;1
352;408;34
303;499;45
161;262;22
480;145;18
303;475;4
71;14;3
116;26;42
131;168;13
263;458;21
465;313;21
263;356;45
462;196;37
229;140;48
400;79;42
154;215;2
65;170;49
104;133;40
386;116;47
277;500;19
94;372;40
142;244;28
316;128;41
14;15;29
408;184;12
268;333;21
12;295;30
244;393;26
114;345;20
144;452;10
12;354;48
49;256;12
193;164;17
101;428;44
151;99;24
425;381;9
450;449;29
326;444;50
90;123;11
191;483;10
358;280;7
204;69;47
77;10;29
347;318;41
260;287;3
214;356;39
131;309;32
354;37;40
234;113;12
438;126;43
136;132;26
298;445;28
179;352;30
453;194;19
387;151;44
85;186;24
121;238;14
276;11;14
274;449;1
17;29;3
414;14;44
262;84;31
290;424;28
367;42;6
472;50;18
339;269;20
18;388;46
241;203;5
392;368;29
76;148;26
376;440;26
150;57;1
496;410;47
378;189;17
123;420;27
160;326;27
210;348;35
84;363;41
465;329;4
413;49;17
250;333;49
467;53;35
477;383;18
180;259;23
398;306;26
400;116;35
387;255;41
167;182;13
132;14;15
214;190;43
360;62;17
442;320;4
292;134;23
492;320;7
213;41;20
246;422;11
49;26;49
403;441;47
382;400;16
72;139;10
267;295;34
492;100;10
133;175;13
446;61;39
207;36;41
143;133;20
96;499;13
103;135;5
91;275;23
152;147;48
420;263;25
276;101;34
297;132;45
92;441;12
359;434;23
179;20;3
139;41;14
405;452;16
181;493;28
364;78;32
302;150;36
39;149;14
91;241;50
86;222;9
88;176;27
258;92;16
189;347;3
127;441;5
346;336;49
328;49;26
90;153;16
130;282;34
367;317;19
492;39;8
86;386;18
38;92;21
66;100;48
253;415;35
360;483;14
429;386;3
144;225;37
10;378;22
326;108;33
426;402;47
416;400;28
48;244;35
27;448;13
86;287;33
464;398;19
18;361;31
204;500;8
223;322;4
117;412;24
77;345;14
95;380;38
251;16;28
457;494;43
331;425;38
133;329;22
486;479;30
425;496;3
402;368;10
34;48;33
246;115;37
171;231;16
478;397;41
403;220;9
115;140;49
258;212;28
120;212;9
315;175;11
496;126;16
181;46;36
402;107;43
395;218;26
212;148;2
341;419;9
371;251;44
69;327;35
187;498;2
19;392;37
92;447;43
41;56;20
308;25;13
203;305;6
394;318;46
476;73;36
204;186;13
436;404;15
156;198;15
258;428;16
68;63;24
373;164;23
421;465;15
98;290;28
276;185;41
219;178;15
94;250;35
68;34;49
201;354;49
178;391;11
409;384;10
97;147;15
18;341;22
51;139;12
150;436;3
165;159;39
254;463;5
438;209;12
101;301;21
485;73;12
172;395;3
159;190;6
283;318;12
447;430;39
225;59;5
66;293;40
1;310;4
137;383;23
345;310;11
426;475;11
495;496;36
69;283;18
226;322;1
29;392;40
213;404;41
385;466;48
302;486;49
85;322;17
162;66;14
240;136;1
229;429;12
82;34;3
437;218;11
198;211;25
362;144;27
455;319;32
46;23;14
126;299;35
123;424;45
391;39;19
472;208;41
297;289;9
366;410;47
54;397;33
99;500;49
401;53;33
275;445;43
252;492;44
398;386;7
359;347;1
62;387;28
299;434;40
446;366;33
295;145;40
204;249;37
368;92;23
51;357;27
59;386;44
217;265;37
496;498;39
252;300;27
488;348;18
56;438;37
113;405;30
418;238;36
57;179;2
391;72;11
435;113;27
86;335;12
421;254;26
448;373;28
319;245;8
148;344;45
100;147;2
275;31;8
191;429;32
268;63;14
449;108;33
399;36;24
244;126;26
311;46;36
19;223;45
78;100;11
180;33;1
311;488;3
122;381;11
479;371;39
299;26;32
388;359;15
138;142;21
342;188;48
150;98;26
383;123;6
284;156;13
432;189;2
52;124;15
218;180;40
469;58;38
22;5;10
381;5;30
218;357;5
415;366;46
285;7;20
460;155;18
433;405;32
313;144;39
412;434;49
141;266;18
116;227;40
472;470;22
129;31;9
1;350;18
72;429;29
69;31;44
458;146;2
98;141;11
329;365;34
75;367;38
435;385;29
130;402;3
32;64;45
181;122;26
326;14;26
355;332;47
159;277;37
424;2;24
195;103;16
341;381;27
500;359;48
348;35;11
359;337;41
34;43;25
242;355;6
109;378;2
140;295;36
324;12;21
239;414;36
486;38;22
486;458;44
444;473;21
170;78;49
52;34;20
253;115;1
454;193;46
157;343;8
156;200;6
322;303;8
100;237;3
285;272;10
200;499;8
265;42;28
273;368;42
211;100;9
306;5;47
21;78;31
352;366;25
82;180;34
372;408;46
331;416;31
30;366;43
43;48;19
438;51;10
397;315;10
185;179;16
440;479;35
201;326;9
210;69;12
173;143;46
461;437;27
469;87;45
249;353;17
250;313;46
443;22;23
272;231;3
304;139;18
286;113;40
185;334;15
146;277;43
143;221;4
46;442;26
303;94;11
88;63;20
56;152;46
369;282;32
18;87;46
154;366;17
68;235;28
359;218;16
188;112;26
8;36;40
289;480;47
461;250;41
136;214;47
449;15;38
374;322;47
119;147;50
365;417;38
186;428;42
109;102;29
17;25;38
94;334;24
224;489;40
316;262;16
126;168;43
368;113;22
317;452;38
400;244;29
88;290;37
376;68;29
121;287;44
46;429;10
429;208;3
391;134;2
365;184;46
459;285;5
78;270;45
24;66;48
359;470;12
472;216;25
32;101;28
401;425;5
500;58;27
107;430;36
436;281;12
274;483;3
87;394;4
170;15;16
197;288;16
136;109;12
307;458;26
138;287;14
367;207;35
26;168;43
452;292;25
184;65;49
243;218;17
491;34;25
96;2;45
376;220;2
77;238;36
316;27;50
109;68;7
30;254;15
245;372;29
352;320;47
238;292;39
26;220;17
154;13;6
138;112;30
211;347;27
325;22;26
2;6;4
121;26;25
329;354;45
18;14;13
280;450;4
303;298;26
300;183;45
78;186;27
398;309;45
368;120;21
454;163;2
309;465;34
153;76;33
345;457;20
405;465;26
456;357;25
168;427;1
449;241;23
161;290;8
110;82;32
310;422;47
224;406;12
485;119;2
7;431;31
50;225;28
377;440;38
53;493;41
445;374;10
156;37;39
136;173;35
349;386;28
324;478;2
406;429;21
138;262;19
237;442;49
450;16;7
425;444;1
337;81;41
53;296;48
228;229;28
431;445;36
348;249;35
15;368;1
324;408;31
63;406;46
355;30;3
215;446;35
114;248;27
12;287;27
189;472;50
219;423;17
95;434;13
274;106;2
423;349;41
162;468;28
482;281;3
165;359;25
301;148;33
283;112;11
7;458;48
440;461;4
457;426;35
59;396;33
406;455;37
19;1;29
15;116;4
431;331;20
76;115;40
394;228;45
164;446;18
232;256;41
312;417;20
163;457;43
179;399;15
370;304;15
288;443;23
299;157;38
6;225;38
31;328;19
420;234;43
89;354;11
31;156;6
158;75;31
84;132;3
335;210;45
261;307;11
379;498;2
55;422;35
86;444;30
131;436;42
50;160;41
232;264;4
492;118;32
468;214;32
184;46;7
5;162;15
112;66;11
405;56;44
45;441;8
339;396;29
311;267;14
209;269;35
493;195;45
408;454;30
171;337;10
110;442;1
27;83;43
37;483;34
462;265;43
485;41;13
349;80;4
472;305;11
197;247;12
479;352;36
134;70;48
218;302;39
54;127;28
188;214;39
64;456;45
437;2;4
43;418;32
454;443;34
124;367;34
436;132;50
257;65;43
270;309;8
77;99;30
249;103;38
366;84;16
495;440;37
194;39;3
189;231;11
363;85;36
364;246;24
125;195;22
420;28;9
198;225;43
292;428;23
422;407;16
367;319;34
227;291;36
337;434;34
484;97;32
334;339;16
43;304;49
246;457;36
414;139;2
343;292;12
126;152;23
490;428;15
137;2;13
333;4;42
78;231;11
94;277;10
234;183;36
103;187;39
330;217;49
443;99;5
101;111;1
53;117;4
223;427;1
17;90;20
382;499;36
97;150;30
259;209;10
380;105;35
299;438;8
115;210;2
423;69;18
101;495;10
10;450;45
186;271;35
444;247;19
154;88;13
52;443;3
267;413;32
431;496;41
271;227;43
56;487;40
304;465;46
5;210;22
168;75;17
435;4;13
491;462;30
470;461;30
203;156;47
221;292;39
166;252;34
448;304;5
107;304;36
56;118;33
250;474;31
57;454;26
352;474;42
140;127;28
167;123;8
314;192;15
423;406;36
196;407;22
378;490;35
28;453;42
273;191;18
401;214;3
67;64;1
18;108;46
352;99;38
121;58;38
339;55;41
189;143;39
186;206;11
402;294;27
146;81;2
424;424;4
126;74;38
241;415;40
486;146;43
183;110;38
14;66;50
355;316;46
399;416;31
95;302;1
170;25;12
123;345;36
479;185;25
442;103;14
255;393;19
158;452;34
63;450;48
170;269;43
491;350;50
227;466;45
316;330;26
137;305;13
329;474;28
18;357;13
96;289;34
308;131;41
426;100;6
48;19;30
281;389;47
393;393;6
415;457;23
182;204;28
279;29;38
334;439;15
251;101;41
28;490;30
374;358;6
481;148;37
134;427;46
485;53;15
135;382;33
458;120;19
275;168;41
225;31;23
153;373;22
300;217;36
274;115;17
310;61;28
229;210;31
157;41;43
153;136;38
77;408;49
494;364;23
388;105;12
496;366;19
360;459;6
222;467;33
168;315;24
350;421;3
5;25;26
225;83;28
467;218;9
127;93;45
370;329;23
329;88;23
357;291;35
317;245;32
227;365;14
168;488;14
224;197;2
99;220;22
195;368;24
183;358;14
266;1;30
495;415;28
267;244;27
443;256;14
146;484;23
233;356;9
13;8;35
225;163;3
275;255;3
205;404;4
360;220;7
371;406;4
482;121;4
294;415;10
480;362;21
10;177;39
99;433;1
390;108;12
171;385;2
312;389;38
280;362;38
377;29;16
39;292;16
474;11;48
214;155;42
414;88;22
231;293;31
404;109;10
205;96;46
337;313;26
105;317;11
449;289;29
379;342;12
426;301;11
176;165;3
26;376;41
4;356;16
73;431;50
296;175;44
263;314;49
229;204;42
378;6;43
195;122;46
312;457;21
484;257;21
268;327;23
167;132;48
478;212;17
236;296;16
387;264;38
230;373;49
346;395;36
7;157;32
345;186;37
474;158;43
492;169;39
232;167;8
63;288;36
15;233;29
69;409;15
331;192;10
389;314;14
426;212;45
202;214;9
500;131;6
324;246;2
488;480;35
221;362;37
431;333;13
385;141;7
485;247;25
99;130;37
71;19;30
89;190;22
87;266;47
300;81;20
261;430;2
301;315;12
195;114;41
391;355;7
273;33;36
432;453;27
179;147;27
26;53;16
380;143;2
320;288;31
29;235;45
125;130;19
205;64;16
299;483;28
27;105;31
124;320;26
109;323;7
446;158;29
196;77;6
347;326;12
462;335;42
441;350;5
184;91;20
277;382;6
49;196;29
269;474;22
5;140;44
273;168;36
313;433;36
122;468;9
366;465;33
428;158;48
353;238;15
361;494;14
269;196;50
170;258;21
295;455;39
267;140;8
29;382;19
61;382;22
331;112;48
217;30;15
373;243;1
63;431;18
446;338;36
400;499;39
184;285;46
176;382;26
405;8;14
408;278;9
393;299;8
466;468;12
496;267;49
160;225;38
304;146;39
198;176;43
404;171;1
293;97;48
104;145;3
317;203;35
70;49;33
409;305;17
8;230;32
296;72;25
32;482;28
421;458;34
161;270;45
61;146;8
353;103;17
282;11;18
436;207;44
318;136;13
412;196;15
108;369;38
281;153;50
244;407;44
238;120;12
64;28;3
201;374;42
9;3;45
367;190;26
92;266;29
107;415;38
125;404;38
8;6;42
74;264;42
370;291;26
215;416;18
415;459;36
50;263;25
77;484;44
255;175;22
307;412;49
450;431;2
148;378;2
275;123;17
10;474;39
487;16;17
167;207;21
346;302;16
309;304;9
130;12;47
373;361;36
358;249;9
127;436;29
321;213;31
39;471;34
366;203;32
487;231;14
52;304;6
479;207;6
417;67;32
421;195;21
9;357;27
456;497;10
378;255;39
36;96;45
359;477;35
4;224;16
360;274;37
58;64;29
223;407;10
334;363;32
71;85;40
295;437;22
420;280;44
382;223;30
277;227;21
139;379;30
185;324;40
3;177;6
467;442;12
16;467;31
458;461;39
111;168;23
96;71;26
245;186;23
13;493;27
62;143;39
440;430;19
310;102;28
76;8;41
9;288;25
178;418;48
332;78;32
3;356;22
98;208;13
191;292;17
348;191;31
202;70;4
490;172;30
386;2;49
185;202;9
272;310;9
158;243;27
117;348;37
415;13;29
125;155;5
47;415;33
463;227;41
460;15;16
187;49;25
500;270;34
326;35;11
461;260;2
324;308;32
11;308;17
349;428;12
41;7;11
255;142;31
85;101;49
9;432;4
426;218;50
292;325;16
351;58;3
196;395;46
233;491;16
254;491;36
191;486;13
82;496;41
225;20;49
329;250;46
11;12;2
265;312;3
88;390;10
314;8;9
292;184;30
489;253;1
451;388;8
135;56;26
158;61;36
81;313;43
167;283;15
431;204;48
168;378;26
314;173;11
309;298;45
398;44;22
472;422;22
268;421;23
151;355;43
39;484;29
6;119;40
463;126;9
344;22;37
343;113;46
430;339;43
376;416;35
195;357;38
264;421;6
457;434;3
151;282;33
406;105;39
67;447;3
56;83;17
443;290;19
152;189;21
246;209;19
344;191;35
94;485;24
478;356;29
163;14;2
394;283;37
78;404;32
127;300;26
254;31;36
194;262;39
100;369;50
409;493;21
135;456;34
102;90;25
467;327;48
262;346;27
227;327;3
129;351;42
44;363;15
62;390;17
381;329;26
321;83;38
290;67;30
181;91;47
57;418;4
275;86;22
418;382;29
274;480;30
59;265;24
355;113;47
91;3;45
82;28;2
62;183;40
440;470;8
261;8;22
256;69;21
355;76;47
170;219;39
196;368;4
54;27;4
377;271;11
44;437;35
285;390;17
117;60;17
3;145;19
142;435;12
141;429;14
159;33;42
106;335;49
411;208;20
62;32;16
277;123;27
349;244;38
312;105;20
30;262;5
188;332;16
98;165;45
311;309;43
45;491;16
241;61;31
474;86;33
387;188;45
159;113;27
89;82;13
349;147;34
218;311;23
116;30;15
303;425;18
262;221;40
275;315;21
353;173;32
372;394;21
166;203;7
182;447;24
445;81;37
262;459;3
148;74;24
405;92;29
21;110;13
426;369;30
161;281;34
44;440;18
349;46;46
312;41;38
221;26;10
104;186;6
271;307;45
413;157;12
479;377;36
483;38;28
169;78;35
162;322;44
24;351;3
104;317;4
263;269;44
255;26;43
92;198;1
491;477;26
54;107;20
156;194;24
214;193;6
78;304;41
174;149;25
382;204;5
462;79;24
498;482;6
376;261;30
215;244;40
247;297;38
442;100;31
160;331;16
403;45;35
217;453;44
390;119;47
313;392;41
150;494;24
185;365;3
266;75;41
421;294;42
282;62;26
87;487;45
298;374;46
189;246;28
183;354;41
274;226;11
225;264;13
274;65;21
457;419;31
481;333;7
45;322;37
135;154;30
290;414;7
146;98;20
389;190;3
415;239;21
263;347;45
487;210;41
209;91;6
254;126;6
11;421;9
386;69;45
252;22;28
423;394;9
238;29;11
88;62;11
376;387;14
497;243;15
22;453;46
226;198;27
42;323;1
132;476;5
91;164;39
91;281;20
146;336;22
400;54;9
211;202;6
159;259;14
430;407;34
389;56;38
37;442;39
74;140;33
488;216;14
347;322;12
272;73;25
404;254;45
311;372;8
266;95;42
73;241;15
257;374;35
273;389;8
432;294;16
385;486;34
39;389;41
185;224;41
16;39;19
342;452;20
184;18;29
295;1;40
456;220;35
207;231;39
74;230;16
190;331;24
100;349;50
356;61;13
20;279;13
40;235;44
128;392;18
157;21;34
9;244;47
455;31;38
24;185;45
420;404;26
266;485;9
35;112;24
187;113;47
322;31;24
7;454;23
31;454;47
236;86;15
332;343;43
328;397;34
423;25;21
102;242;19
488;38;43
241;466;49
167;56;39
140;254;15
125;194;12
293;431;25
1;412;14
193;424;45
200;151;42
328;235;10
201;193;20
148;188;44
135;369;36
352;104;41
124;218;35
160;297;11
332;105;10
249;279;41
277;482;12
384;269;20
297;499;8
391;95;25
469;117;23
272;110;3
335;288;47
2;267;10
478;13;22
143;166;16
253;469;10
269;246;47
435;37;45
222;378;12
107;195;45
359;241;41
182;252;27
86;219;21
37;127;5
270;317;31
467;132;39
261;296;33
155;310;47
487;386;11
457;234;48
406;163;33
164;428;48
220;223;25
288;232;45
353;177;50
317;56;9
42;485;27
463;426;14
57;176;19
169;460;48
62;279;23
10;111;36
499;4;35
312;436;49
35;260;11
368;459;37
369;201;5
6;401;37
309;370;47
72;151;12
224;354;29
404;288;30
123;379;37
260;444;20
2;268;43
312;243;46
6;24;13
291;355;4
411;51;9
143;445;22
193;130;6
269;197;35
214;220;35
482;324;18
295;171;26
447;129;43
5;375;50
422;97;15
178;242;33
159;20;45
10;80;21
77;406;26
25;132;47
159;426;50
482;69;32
281;196;45
1;110;35
14;237;21
320;374;16
360;232;11
100;404;13
436;283;41
136;281;37
371;409;33
237;68;22
374;352;14
200;141;30
389;181;24
214;168;21
380;235;2
124;108;47
434;211;48
182;83;28
362;108;49
187;234;9
337;431;17
252;112;49
482;441;26
198;184;44
408;243;12
270;65;44
318;86;21
422;335;38
135;351;9
291;337;48
164;290;1
230;145;41
418;209;11
337;442;2
257;365;21
487;9;23
9;496;44
247;23;1
297;74;1
17;326;9
311;312;16
216;359;38
461;263;33
194;92;20
348;398;20
271;417;14
127;384;11
51;358;33
22;41;2
66;339;30
11;164;33
275;404;4
23;341;31
17;472;3
444;101;29
131;54;2
93;433;30
403;202;41
453;339;43
157;342;12
447;165;27
195;314;24
190;379;13
74;184;36
352;107;20
273;193;44
215;99;19
63;313;29
465;143;47
217;191;12
436;263;37
194;447;38
150;390;31
191;70;33
319;338;28
204;115;14
413;300;45
470;487;44
59;384;42
474;106;15
369;334;24
329;124;11
169;81;22
12;499;10
74;199;32
465;402;4
217;234;34
178;404;5
465;173;7
117;270;35
497;65;31
442;327;34
223;195;21
317;288;33
137;33;13
106;279;10
24;479;9
479;402;19
50;455;41
429;187;35
299;239;26
70;73;28
159;245;36
292;72;47
330;229;42
55;469;17
344;268;49
13;370;47
31;88;18
429;90;49
141;452;35
283;43;38
40;363;38
375;53;19
469;413;9
460;359;23
302;127;23
82;137;20
457;212;48
214;469;35
188;92;39
110;215;4
398;387;1
69;221;33
471;316;50
479;174;13
23;110;35
96;122;34
5;202;39
225;54;31
339;275;29
216;219;16
127;57;6
270;60;41
80;26;8
39;101;25
16;349;18
227;496;16
400;250;32
126;479;2
425;368;43
327;68;40
109;300;12
240;163;26
267;454;28
491;157;5
389;206;50
267;441;26
316;286;3
20;415;47
271;248;29
276;211;25
426;181;2
298;228;23
157;363;16
12;248;3
81;158;13
491;96;13
231;402;4
433;19;42
71;376;39
313;347;35
149;170;22
165;299;13
405;132;21
258;193;2
381;82;6
135;441;4
348;447;41
321;52;26
97;335;36
492;85;10
15;93;28
309;70;39
436;389;38
458;32;35
290;79;4
320;358;4
278;457;17
358;166;30
474;399;6
144;29;44
73;326;50
296;44;46
425;40;26
7;450;14
490;336;13
200;426;26
470;35;45
237;453;20
495;378;50
331;66;28
370;370;29
197;389;43
169;430;35
138;476;16
450;92;35
405;459;8
371;14;42
279;374;22
155;382;32
94;414;17
477;286;36
472;457;40
108;61;47
349;374;26
239;2;23
459;298;31
435;81;22
131;13;6
249;60;13
24;431;35
421;454;24
460;187;14
100;227;42
18;457;4
357;290;43
47;255;23
292;81;10
301;27;31
23;266;11
386;446;4
332;270;11
168;374;41
218;397;24
320;234;11
28;212;11
489;97;45
273;304;5
21;334;21
237;467;20
131;458;23
244;309;34
139;212;1
30;378;3
63;98;4
340;280;9
385;413;46
216;343;48
60;306;38
205;323;21
197;159;3
406;116;26
131;340;14
495;414;47
405;309;2
24;113;1
251;310;21
101;206;2
305;231;21
78;120;42
202;199;26
399;15;47
91;262;27
32;443;15
142;235;7
48;82;3
220;57;34
205;463;17
498;6;26
302;348;16
500;45;36
253;133;46
446;325;32
294;104;20
386;145;33
56;5;8
70;306;32
215;427;23
318;242;28
315;362;47
115;305;46
274;469;7
172;19;3
218;300;47
465;482;24
188;300;48
325;416;39
491;72;17
334;376;46
281;282;21
453;1;50
13;209;8
479;336;20
43;258;22
135;285;13
176;51;17
384;496;7
72;440;16
370;124;10
259;218;33
318;236;38
195;475;14
18;413;27
433;415;7
335;237;10
140;183;48
212;157;6
99;472;50
299;338;1
488;420;49
153;401;9
200;434;31
223;285;17
498;299;3
153;499;30
153;418;39
424;265;15
174;289;8
221;12;10
394;431;23
478;417;47
352;90;26
479;101;46
229;144;7
66;289;26
228;347;26
53;7;49
346;408;45
401;61;18
239;39;40
290;51;20
408;410;19
214;414;42
185;97;16
476;174;1
422;159;36
53;282;14
18;449;21
370;495;50
174;28;43
311;104;16
118;3;3
272;403;9
373;155;21
217;12;10
273;252;8
129;423;26
339;271;24
267;449;29
464;130;13
499;393;44
121;174;3
154;475;47
421;295;36
125;300;32
339;135;23
228;417;8
327;380;4
346;35;11
412;77;41
260;387;40
303;387;24
315;122;49
8;365;45
419;54;49
30;21;40
199;448;33
461;412;6
81;271;50
48;113;10
51;120;29
14;320;16
452;114;25
371;234;34
224;154;49
17;369;8
115;73;36
232;306;43
459;427;12
153;319;26
355;74;28
217;75;25
251;56;1
445;422;37
14;284;14
370;345;43
390;369;49
155;198;14
233;46;21
425;364;3
302;419;37
122;326;46
293;428;12
190;298;9
6;57;4
71;438;33
415;489;1
250;196;14
150;190;38
472;306;26
133;200;4
311;122;48
456;377;50
495;285;45
366;268;41
343;449;14
97;100;43
193;264;2
359;415;47
287;299;41
464;354;9
378;284;16
491;310;19
68;321;3
46;300;21
405;80;48
323;122;50
463;341;32
121;408;35
303;1;20
128;466;11
71;403;28
175;120;46
232;276;37
390;90;14
460;449;20
195;418;5
378;285;9
167;157;45
77;213;13
375;486;48
146;225;13
396;257;50
21;461;18
126;451;37
189;275;38
322;389;47
345;13;4
393;423;49
76;470;8
462;131;20
229;227;2
79;153;14
34;229;21
31;38;26
429;18;25
239;36;37
249;439;34
247;249;37
232;228;25
248;264;2
123;136;19
326;203;49
498;273;16
77;132;7
294;112;5
212;59;10
359;174;40
348;23;13
480;349;1
388;243;22
126;112;2
13;57;6
145;131;48
445;303;2
8;117;20
21;141;15
209;166;25
46;370;30
292;280;38
71;182;15
301;324;11
415;30;28
266;265;17
16;425;49
398;59;18
399;146;44
394;475;43
319;358;1
6;141;19
146;217;31
188;18;9
386;282;5
414;499;42
435;491;11
105;179;4
365;91;49
339;44;19
312;74;50
133;172;3
389;128;15
499;27;7
325;12;41
69;63;41
259;247;3
20;452;44
68;222;40
53;254;28
226;428;22
176;60;44
243;44;38
34;45;30
28;83;44
388;229;33
256;87;32
12;278;6
457;446;29
435;448;26
197;336;3
68;458;17
385;114;28
119;151;28
249;315;3
126;489;37
3;493;1
20;346;11
299;450;3
393;93;5
215;441;40
92;23;48
342;399;39
18;33;13
321;144;17
275;454;14
215;145;33
215;269;45
329;220;19
311;226;23
150;202;23
442;245;48
76;71;45
496;198;4
111;338;10
7;301;15
467;148;36
166;46;14
380;446;47
78;476;6
220;314;41
238;20;47
311;461;35
128;127;3
72;71;36
405;485;38
470;152;14
484;268;17
44;157;19
494;14;48
290;35;18
7;105;43
316;484;11
316;326;9
466;179;40
492;428;17
466;106;39
238;108;32
289;291;15
362;182;19
398;39;13
446;385;33
20;464;42
71;99;16
241;270;49
463;457;20
72;361;26
385;273;45
110;52;27
162;72;7
246;303;18
420;279;18
331;357;3
276;252;32
137;407;31
497;91;23
24;359;10
234;339;30
329;402;33
94;254;49
97;9;46
471;369;36
320;128;48
464;140;4
237;457;7
442;344;37
345;249;36
159;143;1
228;357;13
385;180;41
11;50;45
73;223;35
222;240;10
54;177;8
487;129;16
359;145;19
446;64;42
339;111;31
43;153;31
87;135;39
339;276;41
106;67;37
452;48;6
367;428;34
155;174;44
454;273;47
210;345;19
81;69;47
339;77;9
149;453;39
458;186;45
311;170;11
174;224;24
139;317;47
426;364;17
338;66;17
489;326;29
69;42;15
313;170;50
112;403;24
235;272;44
3;468;14
31;410;45
155;273;9
169;442;18
100;172;27
303;107;16
253;255;29
324;468;13
252;250;14
60;43;5
291;41;10
398;127;41
98;388;4
382;314;14
6;204;3
320;180;37
169;86;7
354;389;34
35;72;43
291;445;7
101;195;9
5;357;48
300;15;25
286;497;31
378;273;1
357;428;38
75;396;38
152;440;49
19;385;36
354;5;46
388;139;10
417;269;2
309;430;45
161;89;10
179;311;11
444;143;29
163;257;13
71;218;44
380;295;45
348;341;32
448;466;35
41;148;38
124;361;12
360;244;46
121;13;5
299;51;31
212;459;23
334;450;20
217;28;15
212;63;31
65;443;2
359;243;18
262;461;41
190;163;7
179;93;50
463;292;22
68;436;34
251;445;44
451;359;47
342;120;50
115;243;33
188;195;41
35;391;11
177;171;20
419;204;43
47;360;47
238;79;4
95;475;26
500;166;19
490;86;22
200;115;23
85;283;24
354;76;36
187;11;37
476;87;25
183;256;42
316;308;19
41;207;9
203;484;49
465;338;14
461;28;18
254;273;30
499;39;40
148;492;16
120;500;12
24;435;42
34;314;47
288;51;43
103;217;33
435;401;19
462;243;48
142;286;18
389;115;23
57;134;3
293;4;37
271;375;30
475;484;1
436;91;38
121;99;5
402;266;25
28;350;15
118;54;16
272;372;45
395;380;20
137;151;19
352;346;35
78;256;20
213;394;12
163;141;41
441;218;47
345;27;19
357;409;11
45;417;34
262;297;42
51;271;14
214;128;20
410;497;49
147;400;6
8;469;45
91;152;10
393;2;23
58;21;12
373;397;22
463;201;6
316;115;13
434;44;37
366;135;50
8;346;48
256;486;24
373;54;30
500;259;11
284;477;41
233;163;1
154;342;28
194;98;28
72;388;50
363;260;2
463;155;12
362;15;4
54;35;17
73;484;12
407;324;19
74;170;13
466;58;19
43;399;39
141;448;31
345;135;11
406;437;47
133;7;50
441;250;4
308;479;12
356;164;17
1;393;49
423;225;43
209;171;12
57;233;10
33;247;5
490;217;27
342;342;12
32;148;27
125;147;46
405;1;38
52;190;39
488;453;14
485;321;2
490;425;24
154;471;46
463;86;44
132;169;43
465;389;17
376;360;39
69;368;8
333;388;17
491;179;40
348;269;46
339;301;48
254;130;18
393;336;4
202;92;42
383;80;12
341;221;2
420;153;4
253;372;22
338;143;28
429;31;8
271;150;8
170;390;39
51;22;15
88;256;34
351;38;39
362;286;17
363;294;12
98;496;49
162;139;19
213;5;5
225;18;21
365;363;40
439;202;19
460;11;42
428;257;32
410;340;15
112;213;13
130;176;27
448;161;44
145;499;36
9;424;15
44;317;1
7;213;9
370;248;2
347;384;27
243;131;39
150;135;6
461;168;28
393;267;2
145;83;8
441;470;14
270;346;11
204;282;29
130;244;2
270;475;28
165;473;3
299;68;29
105;223;41
213;473;15
353;171;23
125;46;17
173;161;47
63;176;40
318;207;11
395;166;10
240;116;20
179;48;30
141;91;47
245;254;48
354;132;33
419;368;38
368;423;31
289;470;46
461;468;45
334;284;41
66;74;33
240;236;21
370;224;9
401;385;12
477;101;12
370;143;17
321;25;38
278;158;8
310;288;40
76;171;14
287;19;49
453;297;47
440;270;31
74;50;19
463;231;36
419;258;31
146;177;50
159;118;7
25;314;12
75;297;17
88;245;29
155;218;24
214;345;24
200;48;32
469;495;44
188;384;14
354;494;49
447;312;40
327;366;37
160;481;17
495;349;49
41;281;4
48;291;49
443;381;15
259;410;32
52;366;49
314;183;43
201;498;18
341;271;39
206;446;25
275;7;40
490;497;23
356;272;33
238;345;19
114;230;13
30;455;2
366;263;10
412;65;36
100;375;17
461;3;35
444;220;5
29;450;18
86;466;37
67;278;9
142;300;37
112;52;6
116;479;41
213;54;45
172;153;26
188;479;31
199;50;29
38;482;3
500;287;20
65;37;42
123;29;13
326;379;5
89;147;35
145;470;26
483;167;22
125;241;32
466;421;45
19;493;24
470;373;20
47;261;27
401;344;34
157;377;35
56;279;6
60;199;10
19;214;17
440;434;16
179;229;2
447;61;29
396;409;42
17;171;36
481;161;4
27;135;16
289;60;1
228;225;11
233;220;8
64;285;28
489;156;19
14;216;10
210;311;17
103;110;8
20;294;16
120;74;42
342;16;1
413;451;44
262;61;7
439;485;20
217;419;12
307;315;31
52;315;44
479;325;27
249;7;11
10;395;25
262;226;13
403;377;17
318;368;5
397;310;48
53;303;24

