1000
25250
6000
62;70
25;25
15;95
79;43
56;20
54;58
33;44
32;65
4;54
53;95
37;74
43;75
34;31
46;36
41;87
11;44
55;96
33;63
2;89
69;20
58;42
75;48
28;13
14;84
72;75
9;51
17;14
53;17
25;65
3;86
15;97
90;90
24;31
10;73
65;33
36;68
34;65
70;88
13;98
7;43
39;1
64;85
84;7
54;91
46;22
73;68
83;5
66;62
41;54
28;100
12;72
37;75
91;82
95;37
3;18
83;74
23;22
18;98
69;73
47;67
99;47
54;94
91;15
63;84
21;66
39;75
79;9
91;80
100;63
94;80
2;15
1;56
9;53
32;89
44;55
100;16
14;46
35;74
55;7
80;72
34;65
7;63
87;53
35;41
2;18
39;100
38;19
54;11
77;50
24;34
37;46
80;26
100;65
65;66
9;8
25;62
58;33
77;91
83;88
48;40
76;33
70;49
96;22
9;21
34;57
47;98
28;21
59;92
32;98
50;2
95;79
23;66
18;64
75;88
75;33
23;27
32;10
79;72
39;61
23;72
10;50
25;80
14;58
47;36
16;15
84;37
76;83
14;60
58;76
86;5
63;53
31;4
80;40
10;24
43;40
83;10
83;94
82;97
70;71
29;44
42;72
94;43
80;2
17;68
13;60
30;58
56;20
49;49
97;12
39;25
56;75
6;68
70;67
58;4
13;72
59;37
59;95
71;1
52;33
88;93
52;4
99;92
25;17
100;20
91;24
46;72
35;85
4;78
18;59
86;45
74;22
45;75
47;9
81;30
63;7
41;81
76;61
46;66
6;5
61;62
58;21
15;97
95;55
72;16
29;53
52;49
21;17
30;14
49;59
38;95
21;14
69;18
34;41
97;64
96;76
16;87
29;40
3;99
36;72
98;14
9;1
1;91
30;61
35;14
59;100
20;91
2;59
30;97
53;46
49;79
66;61
40;3
66;20
48;2
91;53
27;100
95;99
97;16
73;73
83;51
11;27
50;26
43;21
72;39
27;31
55;63
52;41
73;78
51;25
31;98
95;50
55;37
99;16
25;75
43;46
35;29
86;71
68;85
31;45
19;66
66;60
29;63
7;52
28;39
60;99
60;20
80;86
77;63
36;54
75;56
91;15
66;44
63;77
53;43
10;95
73;43
16;25
48;19
57;37
41;72
51;6
4;32
86;70
69;16
80;23
49;8
70;97
49;95
92;54
11;21
5;23
9;18
81;22
41;83
92;5
39;36
74;67
61;8
50;42
28;58
77;86
89;83
70;84
79;44
47;71
45;86
31;12
69;71
79;100
26;80
8;40
27;98
90;88
72;51
15;54
26;99
4;35
9;23
21;95
1;45
69;50
43;22
100;30
81;73
72;41
37;58
71;45
68;79
71;63
66;6
1;25
82;4
41;26
79;38
90;56
75;91
42;69
17;78
44;19
62;98
5;75
28;99
99;5
95;4
65;95
41;47
73;31
69;57
71;47
41;12
82;24
16;3
77;67
23;69
84;21
47;45
70;41
53;74
51;36
15;27
23;76
59;10
54;26
10;62
15;47
33;84
44;82
48;75
16;40
65;8
87;8
97;17
7;11
47;32
44;37
41;17
59;30
42;10
24;40
62;87
18;92
1;98
28;96
40;16
81;13
23;38
41;98
36;55
95;65
9;15
72;93
24;54
11;86
96;11
91;53
60;16
37;44
12;91
54;30
12;2
77;88
1;91
39;17
79;40
92;88
69;43
9;31
97;38
91;90
87;90
28;27
33;77
87;2
5;14
23;82
63;56
63;15
15;20
68;58
23;74
36;14
22;15
59;9
87;68
89;16
97;6
94;72
28;29
22;82
46;99
86;10
26;72
29;48
89;28
12;72
27;62
64;41
55;91
72;28
31;78
95;51
24;35
5;36
10;38
28;88
70;39
19;55
96;81
53;81
99;36
67;68
23;56
47;80
22;47
10;27
56;91
59;39
18;46
6;5
79;98
15;49
81;38
46;36
33;82
60;93
29;91
58;85
65;92
74;7
66;52
24;80
19;26
90;56
58;86
88;33
94;47
51;75
30;50
20;46
31;13
46;45
56;30
24;33
22;58
66;66
7;10
39;48
64;45
59;62
67;72
99;56
83;31
10;32
3;62
56;21
71;76
31;35
18;59
1;2
5;37
37;89
1;84
41;74
30;70
81;30
79;79
55;100
55;51
2;3
99;43
11;60
40;20
14;49
4;1
82;84
27;99
31;29
27;90
80;32
73;10
59;58
9;47
53;86
82;27
72;48
58;47
83;72
79;62
24;69
66;21
65;29
71;55
14;80
15;69
36;71
62;21
6;40
65;21
16;9
99;31
40;3
68;97
94;61
3;72
53;21
73;42
80;86
71;56
72;92
56;68
51;70
65;39
26;15
47;13
52;55
87;83
82;89
97;46
39;2
38;47
9;4
23;53
19;62
87;71
94;48
34;7
87;19
13;76
67;39
34;13
5;85
85;83
85;56
89;81
91;56
44;99
63;82
97;20
12;43
52;97
48;4
13;15
91;75
63;80
48;48
56;47
44;23
17;47
78;30
80;11
40;10
50;27
25;72
28;78
41;34
45;48
65;32
29;40
19;5
34;11
50;47
68;3
60;44
1;66
77;98
90;91
12;66
23;17
33;40
54;60
86;79
3;89
19;25
98;20
92;22
47;73
21;86
46;44
54;73
38;94
74;100
35;77
71;61
4;100
64;92
53;81
93;21
10;32
68;57
21;53
9;38
25;17
21;59
42;42
80;37
23;45
89;12
51;74
31;30
9;15
77;31
83;50
56;73
9;33
13;10
100;11
22;4
57;1
49;93
60;50
20;34
61;13
93;18
46;58
22;91
81;72
34;49
78;38
98;58
8;51
26;55
76;93
36;45
74;71
87;24
76;95
25;73
15;68
19;94
81;99
67;89
85;57
5;34
100;77
19;65
49;72
14;28
49;99
69;61
81;52
9;28
66;62
36;73
11;55
91;29
90;3
39;12
44;3
11;78
23;52
96;78
17;27
43;1
35;30
75;11
9;96
60;70
86;34
12;72
57;90
77;86
18;54
48;87
94;42
36;85
98;86
8;69
86;63
63;18
51;93
94;8
71;8
15;60
81;43
5;11
98;41
20;77
33;22
20;43
69;38
27;32
32;19
47;57
24;2
7;20
87;57
56;56
31;62
88;92
5;22
79;69
17;68
46;58
92;90
23;67
90;79
85;26
75;28
65;91
94;14
6;21
12;52
55;38
28;15
73;81
43;50
19;19
67;43
41;9
57;67
3;96
8;21
11;83
86;81
55;58
37;36
54;35
14;77
90;7
78;2
47;19
19;28
7;53
12;17
53;14
41;91
30;46
88;28
66;35
68;89
16;79
20;16
37;25
10;34
78;71
74;61
10;58
97;23
78;15
43;4
40;74
29;74
83;73
49;64
81;10
59;12
4;70
28;94
92;47
54;27
62;85
40;63
53;82
14;95
69;80
5;70
100;52
99;55
98;40
97;40
35;48
58;74
16;66
77;66
63;18
80;64
10;82
67;71
2;75
56;73
90;44
97;57
31;8
97;78
64;32
100;66
19;34
13;4
59;76
13;72
9;76
10;38
14;66
96;39
75;34
76;68
64;37
79;15
59;46
93;20
36;60
91;36
30;75
64;2
49;88
87;76
15;11
14;21
63;88
10;49
45;50
3;13
79;45
21;17
96;42
93;28
74;1
25;28
48;26
79;87
14;6
61;69
14;49
90;40
71;89
98;34
63;59
71;91
40;45
76;83
28;80
99;78
63;71
75;12
40;85
94;67
95;53
47;65
59;52
84;75
41;33
23;54
39;5
26;22
1;100
26;21
57;29
45;27
22;33
53;89
64;72
65;15
27;85
70;70
1;71
42;86
62;39
50;37
51;16
22;63
21;91
39;3
4;7
17;91
19;4
34;43
66;13
100;14
62;40
10;90
15;95
94;90
16;60
38;23
84;56
57;89
33;30
39;97
93;20
61;72
90;36
38;2
3;93
71;28
53;20
38;11
96;42
19;91
2;27
44;100
58;22
53;57
91;48
16;23
12;7
56;56
16;92
54;26
62;49
50;70
67;41
7;74
85;26
48;56
20;70
91;64
56;21
68;6
50;74
17;28
88;68
13;63
83;1
50;18
41;52
73;15
32;9
56;27
26;49
95;85
39;7
80;39
52;64
53;8
94;40
40;82
54;15
30;60
34;11
13;36
26;30
76;44
4;82
57;6
66;1
71;90
1;18
94;52
16;18
91;40
55;5
21;99
26;81
94;31
26;18
4;31
34;95
15;44
56;52
72;95
43;61
40;9
24;80
78;93
37;64
40;97
98;86
9;61
64;12
17;17
89;33
30;66
17;15
10;83
99;93
74;38
55;65
94;71
92;49
60;12
59;99
91;56
78;87
72;30
7;34
83;61
42;56
64;22
2;66
61;98
93;59
53;7
31;86
20;14
84;29
59;47
93;19
99;64
20;39
77;75
229;126;28
800;157;1
265;652;15
937;401;1
143;194;47
421;366;2
508;649;42
763;431;16
52;841;8
50;570;3
880;260;26
424;623;45
835;233;24
742;882;45
60;990;17
7;314;34
382;555;11
469;744;1
645;660;36
380;671;27
718;354;24
657;21;46
198;196;19
299;302;25
768;203;31
155;279;10
18;820;27
435;979;7
648;83;45
463;809;40
654;457;43
258;427;40
403;391;16
938;133;13
570;585;45
783;883;16
11;187;16
929;52;2
798;389;43
817;110;21
331;977;23
463;486;11
66;575;36
99;581;20
401;460;34
778;428;33
718;204;15
17;642;25
11;393;18
250;178;44
185;294;9
523;981;8
378;875;38
152;194;44
813;729;46
876;433;36
523;353;7
143;19;35
464;863;48
311;623;22
844;781;7
698;328;21
598;154;15
189;992;24
18;939;50
746;605;8
803;86;20
422;945;10
281;683;35
697;268;44
869;689;27
979;663;38
532;331;11
760;637;9
71;673;2
822;851;29
492;221;31
970;499;19
528;248;23
854;839;11
958;330;22
787;539;14
642;70;49
801;974;44
829;329;16
489;7;1
688;339;24
783;715;48
846;759;30
461;857;45
63;647;30
287;113;4
545;843;7
166;11;48
861;184;6
34;616;21
797;30;6
507;626;1
352;528;12
618;823;16
428;821;9
651;522;43
382;905;16
141;173;4
253;708;34
650;12;35
378;454;42
459;299;20
80;472;12
978;196;24
103;463;20
113;20;13
459;751;22
348;743;18
357;704;40
505;966;10
235;679;17
594;665;37
705;407;34
295;568;47
719;993;27
819;412;23
442;528;31
113;563;6
926;242;19
1;396;19
495;111;12
699;518;34
544;613;26
258;991;49
12;682;16
614;634;30
849;695;26
754;186;26
995;456;25
708;285;9
961;95;22
49;790;33
896;786;50
681;819;16
144;424;37
199;25;49
134;780;27
160;695;33
975;670;23
673;369;14
574;216;14
288;207;13
161;987;11
22;218;19
350;328;17
682;446;15
240;276;38
346;632;1
646;214;25
425;291;50
285;380;22
670;480;45
78;58;30
566;144;7
574;187;28
651;649;48
596;951;20
678;845;28
283;435;42
442;512;28
618;139;3
914;491;13
371;296;7
809;688;41
557;985;46
345;510;20
49;955;32
683;543;5
681;292;49
501;10;37
252;843;29
77;213;30
632;643;39
304;615;41
227;199;15
929;560;6
106;443;37
754;287;38
887;619;37
241;418;43
799;62;50
306;604;5
890;478;35
65;860;36
104;638;11
125;704;36
893;189;44
121;595;38
780;589;47
855;909;24
719;270;44
503;728;49
143;101;49
43;531;35
65;796;5
389;877;7
5;416;18
58;856;14
582;227;37
628;667;19
92;563;13
589;74;3
535;369;10
452;488;38
25;539;23
528;785;47
148;720;1
815;117;41
82;196;33
349;696;41
687;659;28
26;894;48
537;818;9
616;971;14
234;739;44
767;298;27
320;895;40
613;571;50
208;590;10
633;618;19
736;736;29
268;692;43
288;892;16
101;110;24
564;788;16
181;713;15
830;270;38
498;866;42
844;273;24
293;606;3
19;285;19
29;455;12
604;917;30
364;27;27
853;836;35
188;534;6
971;678;26
66;913;34
873;362;21
148;839;43
752;703;41
837;309;17
267;631;20
265;279;36
383;400;23
280;90;44
624;633;15
746;727;2
138;312;9
642;117;41
987;778;22
543;529;17
779;314;37
225;832;25
715;90;50
784;486;24
591;673;9
323;992;17
189;683;50
899;898;48
917;250;3
744;347;12
502;750;19
386;456;15
628;61;25
743;129;19
168;72;17
983;938;40
859;407;38
410;836;2
45;425;4
933;176;34
394;551;28
143;530;29
233;427;44
620;114;19
710;931;50
525;287;31
417;419;5
912;488;43
171;950;11
400;993;15
410;190;23
686;5;35
99;457;9
115;420;16
812;802;34
749;420;50
339;675;45
25;381;29
884;566;19
542;258;17
205;678;11
886;195;26
544;608;27
687;915;44
961;464;11
848;839;43
189;315;4
938;113;15
444;850;9
524;548;28
325;697;27
636;598;17
579;713;8
919;51;25
356;516;43
405;434;21
530;591;35
972;510;37
769;156;9
964;815;23
590;421;13
795;324;21
657;333;7
588;562;39
74;207;22
973;429;19
990;144;50
791;772;49
925;108;15
170;60;18
366;644;10
684;150;23
288;257;37
764;306;23
400;504;34
681;442;12
85;585;15
75;250;40
281;518;22
480;38;17
380;955;3
269;384;46
628;102;20
119;155;49
304;744;14
225;387;5
504;293;39
424;300;38
167;656;4
895;241;28
491;834;43
850;290;40
39;808;14
407;930;13
556;156;5
538;379;19
453;978;22
324;6;45
893;634;14
585;50;21
623;617;16
108;649;23
599;400;23
460;721;38
650;263;1
349;429;7
720;194;16
890;75;12
398;973;4
718;710;21
566;791;24
438;646;24
93;199;1
129;665;43
871;508;13
329;637;5
884;929;5
889;367;9
681;707;2
323;275;38
929;882;14
693;430;45
259;383;33
310;995;37
75;428;4
440;55;49
639;566;44
95;724;3
231;229;43
451;155;16
438;251;46
401;970;7
687;893;25
905;223;14
579;62;37
136;943;17
678;229;14
358;111;36
196;498;37
456;904;38
711;584;29
548;135;17
826;321;17
672;780;33
996;488;17
994;725;24
745;127;37
830;15;36
187;880;32
851;171;17
690;17;20
320;260;6
843;266;9
536;680;32
94;240;33
76;752;8
437;68;3
834;239;6
486;832;28
853;114;35
390;492;29
294;456;15
229;351;32
803;624;46
248;421;3
846;563;40
158;163;45
349;597;32
209;269;12
106;948;1
969;939;44
422;519;7
253;541;40
240;809;49
135;73;38
257;501;49
453;204;42
479;639;49
591;482;32
618;940;32
577;969;38
186;970;2
841;123;23
875;922;24
98;130;32
564;644;49
80;258;30
328;187;46
809;942;30
672;397;50
717;892;47
640;425;10
164;379;9
18;354;9
605;953;16
841;449;35
543;125;30
823;441;24
883;642;37
502;575;14
879;773;48
709;897;36
362;307;27
960;835;35
834;361;32
128;999;36
987;682;43
454;908;6
260;606;18
929;139;8
245;971;20
10;666;16
843;271;12
284;530;5
993;214;41
922;834;48
250;72;35
861;548;7
356;567;2
287;642;32
931;948;48
160;879;1
864;257;24
582;852;36
158;231;1
259;188;41
771;695;28
464;447;3
687;577;15
784;309;15
792;879;21
80;568;42
612;440;17
732;624;49
924;716;20
170;791;16
700;560;25
662;934;33
688;8;24
947;14;41
700;674;6
214;189;11
742;988;20
520;180;41
652;694;23
588;701;18
462;853;23
190;559;32
783;175;4
392;166;43
871;684;8
116;320;4
904;354;38
484;487;21
651;584;50
280;711;17
8;690;4
395;498;12
978;747;38
133;327;36
292;52;18
669;915;36
680;87;42
719;277;47
916;978;17
882;168;23
963;300;18
984;273;46
175;597;10
504;594;29
76;352;20
275;78;20
706;20;32
913;330;26
998;946;21
410;118;28
120;508;28
381;232;27
972;389;47
646;686;28
676;843;33
761;454;32
68;565;27
315;808;23
787;901;37
193;889;42
802;896;42
581;88;49
109;386;43
560;312;32
183;50;19
115;781;9
762;18;18
994;22;34
159;110;47
711;281;4
850;559;26
692;386;35
626;933;28
239;652;11
709;925;31
264;398;35
546;974;4
355;49;6
594;768;35
983;741;49
586;858;25
571;724;50
76;219;40
68;62;14
703;929;32
772;978;41
198;312;8
354;558;28
968;957;28
720;904;22
984;393;37
979;235;9
849;778;42
391;320;26
786;722;40
150;875;3
309;272;9
934;678;27
374;657;41
499;467;20
658;398;34
395;840;3
139;579;46
597;668;8
69;292;6
201;259;50
252;244;29
227;64;43
173;868;18
614;115;35
664;915;34
123;75;39
950;158;18
895;697;17
914;392;26
622;101;41
331;805;37
853;304;21
537;907;31
18;332;38
14;762;30
399;507;48
35;50;40
806;447;25
636;740;2
787;805;47
468;590;32
832;190;26
969;265;36
666;452;29
555;107;4
868;798;24
443;637;12
503;80;37
675;363;1
169;137;11
633;710;50
324;724;5
607;805;31
373;522;23
339;144;44
442;63;18
855;63;29
562;710;48
901;507;21
762;499;44
376;870;19
525;319;11
37;14;40
869;444;46
305;142;22
162;507;31
427;815;24
804;469;36
249;771;13
502;490;50
655;857;49
181;819;4
524;378;34
874;357;33
86;9;19
163;413;30
949;269;6
920;715;28
647;191;34
873;618;46
814;97;29
581;813;14
162;245;5
931;994;35
762;869;8
842;137;12
367;582;14
137;993;20
380;234;18
63;76;50
371;13;40
825;373;16
758;33;22
39;863;12
383;969;48
754;927;1
648;895;37
266;199;2
652;753;26
813;921;37
47;608;14
783;862;18
360;245;49
545;363;34
393;189;16
457;516;49
534;891;4
456;810;42
989;445;32
666;311;46
923;293;50
935;195;12
276;404;27
51;966;8
58;521;11
618;672;5
534;97;42
965;161;42
119;894;15
876;343;5
183;336;42
333;192;15
206;587;12
714;72;34
701;911;18
990;173;45
640;59;33
583;681;8
920;973;19
240;928;8
337;661;25
675;671;15
973;237;21
254;638;5
409;664;8
29;635;22
440;857;47
85;238;12
309;955;32
873;431;7
893;513;22
96;57;12
746;210;2
331;236;49
819;35;45
424;741;1
357;372;42
570;729;49
501;749;16
864;181;26
753;978;43
600;810;40
44;847;7
31;703;19
647;97;5
494;19;31
486;405;8
174;331;41
763;631;31
685;944;25
444;472;38
449;148;9
857;716;41
792;106;47
460;132;27
337;638;22
684;360;19
926;120;40
547;469;13
991;715;36
406;914;2
27;800;18
917;851;43
213;386;39
17;544;44
359;392;19
61;733;31
815;829;28
209;25;15
606;5;49
994;59;26
430;167;3
427;360;30
623;544;3
885;796;49
732;712;47
711;315;18
937;728;6
380;22;40
691;734;12
702;457;7
72;920;24
763;484;47
944;72;22
727;154;16
847;518;2
543;579;11
541;873;39
724;687;18
830;533;36
463;973;7
611;966;34
588;954;16
770;280;50
34;895;14
933;301;50
925;881;5
268;787;50
782;503;4
729;860;9
8;267;24
203;584;46
27;765;24
2;546;12
193;372;24
107;939;10
3;387;29
329;893;9
346;413;15
904;11;21
861;855;45
393;896;22
34;652;49
980;621;46
542;574;16
449;24;15
351;539;6
636;775;38
20;516;46
460;771;30
278;644;44
26;150;18
864;158;2
148;13;34
147;297;10
43;924;16
70;377;40
613;359;1
346;977;8
953;226;11
187;211;19
837;85;45
792;134;16
732;685;17
458;312;50
560;763;43
958;108;20
178;721;29
428;560;32
681;788;13
508;267;5
830;983;20
956;468;31
733;360;1
174;45;43
325;764;43
595;217;49
489;264;14
982;571;27
275;696;42
461;227;44
740;609;31
205;569;47
189;967;20
624;219;50
926;362;18
719;834;34
609;888;9
886;156;1
327;995;25
203;941;48
480;263;4
447;175;44
700;427;45
556;126;14
669;593;31
245;72;20
940;981;14
295;889;50
238;628;2
100;480;37
585;375;4
265;809;15
295;905;44
796;281;12
841;983;14
780;263;13
926;519;44
790;673;33
564;988;45
702;22;10
73;853;34
928;230;49
95;750;31
735;642;11
692;332;39
590;16;18
454;459;33
797;616;15
528;775;18
30;341;39
344;373;2
485;224;44
671;1000;6
527;334;26
821;164;43
152;471;23
18;576;1
398;392;21
498;108;3
207;441;28
811;114;34
62;334;14
652;236;42
653;500;38
695;77;5
34;554;12
58;260;14
753;463;25
324;820;34
442;114;6
549;640;13
725;272;35
521;436;33
143;199;25
154;575;26
173;740;42
812;970;44
955;250;37
672;858;2
671;33;17
469;870;24
514;152;48
77;426;42
683;528;16
631;216;49
166;997;16
465;226;19
176;597;4
832;717;6
626;589;36
734;357;38
404;520;5
599;590;34
766;310;13
703;877;32
381;558;39
451;966;43
707;738;27
733;720;40
368;720;4
531;350;31
83;777;40
384;216;31
117;213;5
415;367;44
367;339;14
826;751;19
102;83;4
886;347;27
925;140;43
23;844;3
595;816;21
810;520;29
365;481;23
336;229;29
131;566;19
279;171;28
200;7;34
639;770;39
896;948;22
242;149;39
573;763;37
532;699;17
471;705;19
52;700;34
201;532;4
69;815;46
340;132;46
725;985;33
777;318;4
836;785;30
822;359;30
910;865;46
821;145;17
98;768;31
68;753;5
576;307;42
324;126;40
316;906;24
681;621;47
448;562;29
8;405;42
852;624;36
533;259;28
597;675;43
439;627;2
871;808;11
170;749;27
338;592;32
305;552;24
765;544;39
700;380;24
443;670;40
672;171;25
783;785;21
55;425;47
370;229;46
931;950;50
190;354;4
148;481;38
73;610;18
557;282;32
863;295;27
403;186;48
669;790;32
7;195;17
949;152;14
159;499;48
882;156;30
533;805;26
884;965;8
160;627;30
38;688;44
502;481;6
158;815;50
546;817;45
357;780;9
948;727;32
483;426;44
907;378;20
455;988;43
859;696;47
858;54;50
322;133;30
520;898;29
942;704;10
78;876;28
884;967;7
837;508;45
933;398;17
415;796;36
817;100;13
143;570;33
170;648;31
703;373;1
524;403;31
223;188;40
898;111;16
973;198;31
216;796;41
549;537;23
545;171;19
265;250;14
350;449;16
54;491;8
22;460;11
621;784;14
35;822;27
736;814;39
101;405;50
333;695;2
623;423;11
220;576;47
282;310;6
122;144;28
536;98;48
58;102;49
241;373;10
271;140;4
847;901;14
54;194;4
323;463;3
186;948;39
671;41;42
777;742;13
793;660;12
302;298;15
254;672;16
208;62;15
518;807;10
87;698;2
201;32;7
664;233;15
64;874;34
864;331;44
921;582;2
587;169;8
677;143;44
190;463;46
931;637;3
108;682;3
415;243;39
34;927;40
532;311;12
354;270;34
91;699;25
572;15;12
7;451;28
536;266;35
699;824;27
339;51;45
339;389;13
706;824;7
166;533;2
410;229;21
645;420;22
964;753;23
401;33;40
805;897;50
246;525;34
364;406;32
182;520;34
505;400;16
793;990;36
888;746;42
197;835;42
490;574;12
117;845;39
994;6;23
178;231;27
70;464;1
131;207;9
423;697;21
445;468;28
456;717;49
124;965;46
254;852;29
400;779;7
879;128;9
344;257;45
77;951;22
17;562;4
461;344;6
542;135;21
326;27;20
853;587;8
629;940;16
604;519;30
153;124;24
885;240;44
140;22;26
420;511;37
827;665;39
903;235;50
177;915;42
843;895;28
420;746;36
580;889;46
103;420;49
694;588;21
334;558;12
273;238;31
552;621;47
978;878;42
952;559;15
788;611;21
212;751;18
902;606;35
706;292;13
70;572;9
135;572;7
881;520;36
27;906;43
815;382;27
817;39;22
923;887;31
766;246;48
723;230;15
424;29;20
770;30;32
994;347;26
223;620;14
809;676;3
11;899;30
352;356;28
55;325;35
323;847;42
593;126;4
199;478;42
640;399;3
117;227;23
14;24;9
220;364;24
85;231;34
718;185;5
709;288;48
997;15;25
808;663;30
187;633;27
289;127;47
83;433;21
759;259;25
47;423;33
852;955;5
751;134;15
529;449;17
579;756;9
607;906;39
493;487;17
675;952;26
845;364;38
10;245;32
621;243;12
604;233;2
118;536;19
23;212;25
952;891;44
185;986;14
396;295;21
65;161;30
199;593;9
406;18;3
710;566;12
255;878;36
18;390;1
790;865;13
456;799;27
192;958;14
45;209;15
233;725;18
534;643;38
533;65;23
913;810;10
595;140;22
759;48;20
741;351;50
498;783;50
911;468;23
149;610;10
520;272;10
307;991;20
274;364;10
855;375;22
597;567;24
399;532;23
895;524;34
421;422;49
319;538;44
441;431;31
103;8;1
325;978;28
647;408;3
249;813;40
319;777;12
945;477;12
212;150;28
28;799;12
740;489;47
983;951;4
711;30;49
646;872;24
18;976;45
316;662;18
827;934;12
286;294;29
704;624;13
388;177;50
690;570;30
838;435;42
832;169;10
73;829;19
842;662;31
399;829;36
443;666;21
670;185;39
549;827;48
765;89;6
490;541;40
737;38;5
296;93;18
764;854;19
24;774;35
642;502;29
259;190;44
318;637;26
484;344;1
51;341;32
510;833;34
463;326;11
90;468;36
478;294;31
285;14;34
456;174;18
674;391;16
788;885;4
826;805;40
884;580;6
592;966;11
752;91;1
120;818;34
755;898;27
547;321;36
696;695;29
327;21;42
465;640;35
747;153;25
796;463;19
675;60;25
522;275;33
602;816;24
341;870;46
279;863;18
220;709;33
67;892;47
268;601;43
583;967;25
544;368;45
806;290;21
994;147;39
872;935;5
758;223;15
648;326;8
78;903;26
694;511;47
236;973;40
564;123;6
773;842;7
238;782;30
337;411;29
447;561;45
516;524;3
875;383;14
636;431;3
373;786;20
397;785;10
902;962;19
726;855;41
139;861;2
978;182;42
305;943;25
234;224;39
207;588;8
201;942;11
479;990;46
221;703;34
399;174;24
335;848;49
101;507;6
936;619;10
541;936;12
68;160;49
81;326;23
483;221;32
299;492;23
621;823;11
125;152;19
293;502;41
207;852;48
97;146;50
25;522;47
367;67;12
573;513;34
11;315;27
83;502;12
583;887;7
796;348;43
547;785;33
72;77;13
688;574;3
158;172;50
351;408;14
759;233;19
147;116;49
90;253;49
408;422;19
201;139;40
415;450;50
214;508;35
359;360;23
208;175;18
804;881;41
71;444;10
840;951;25
541;219;27
969;620;29
824;282;9
649;388;26
961;190;42
2;828;23
745;447;46
23;810;21
332;417;25
22;501;20
679;315;2
670;821;5
775;989;31
882;680;37
966;184;2
643;511;16
101;834;6
175;687;30
402;538;25
608;731;8
989;55;13
836;408;1
29;495;48
995;234;14
691;275;28
704;313;4
178;120;25
779;570;46
356;262;4
832;827;15
127;691;45
80;822;33
49;61;23
168;594;37
522;963;34
718;200;42
587;521;23
296;96;28
138;70;11
6;564;36
30;995;33
790;722;12
582;801;29
337;341;7
825;934;9
539;546;2
601;379;26
354;626;12
626;784;4
956;61;46
180;684;1
423;355;48
303;422;7
670;838;30
582;441;37
284;956;50
71;76;32
950;895;7
894;167;37
356;340;31
512;462;8
452;57;7
9;241;39
501;232;47
658;846;41
554;769;30
455;806;28
655;296;41
969;619;29
190;651;1
79;642;3
968;226;50
880;34;47
840;443;13
522;169;1
160;981;28
361;292;8
730;295;5
229;387;31
444;245;43
770;244;44
99;529;39
7;487;42
857;397;14
194;627;27
406;433;43
210;648;27
503;114;36
906;617;15
525;144;20
598;757;4
55;203;47
79;67;5
908;263;39
105;737;48
667;615;46
972;548;24
604;734;18
899;32;25
745;663;4
533;449;16
431;497;39
453;889;19
587;186;4
455;517;5
106;190;31
849;853;32
110;270;32
859;445;12
715;458;29
860;451;47
501;955;6
242;825;11
983;2;31
15;719;28
330;828;3
107;888;10
575;838;29
21;422;30
152;863;5
159;208;44
936;119;31
782;751;1
688;179;30
575;15;25
413;234;18
826;345;8
422;736;17
932;584;20
155;53;47
610;636;22
335;865;7
372;133;49
247;63;3
287;654;23
186;950;22
325;374;16
279;349;44
917;267;7
192;287;4
931;508;16
698;415;8
482;417;8
978;418;5
900;732;4
406;866;12
752;567;11
189;773;18
563;931;22
742;183;26
346;840;20
228;590;24
707;394;24
861;98;21
579;585;21
962;543;23
26;583;29
82;509;31
881;979;2
283;367;20
749;721;10
961;354;39
128;54;16
358;539;22
258;333;27
571;360;2
434;708;40
409;652;29
960;673;2
146;365;4
60;167;5
130;90;48
132;269;38
652;723;9
740;23;21
533;789;25
78;745;28
954;238;12
486;763;40
207;755;46
313;479;44
830;626;35
62;962;26
406;525;9
208;926;8
918;107;17
847;653;50
538;732;7
316;128;35
24;268;50
41;860;45
628;528;29
571;49;18
379;865;19
97;131;23
866;169;24
915;276;8
662;744;10
618;961;42
461;127;48
68;548;42
72;578;35
752;20;6
263;699;40
283;860;41
973;617;47
902;667;37
676;440;1
899;563;8
185;578;28
429;807;45
811;427;18
984;72;32
755;682;50
732;40;29
10;470;9
644;726;5
512;86;3
735;225;10
180;853;12
147;509;38
738;595;6
607;377;28
391;816;16
882;109;1
228;477;48
537;551;5
518;950;46
794;383;42
828;179;28
266;575;45
160;562;26
323;521;16
205;368;16
695;638;46
812;511;38
956;85;10
239;237;50
147;151;14
170;486;40
352;728;7
721;97;25
783;936;8
995;451;32
258;452;40
89;38;43
460;31;47
434;231;22
895;17;9
703;857;13
155;575;14
825;106;41
205;495;18
294;620;2
727;865;10
503;40;29
314;259;41
836;148;24
16;455;38
476;8;9
138;102;1
598;899;8
696;723;26
619;101;9
350;226;28
740;994;12
589;137;23
883;357;43
161;507;37
239;608;40
91;629;18
656;9;38
19;178;5
446;850;31
741;255;5
631;962;46
38;827;4
392;215;26
928;907;30
759;613;50
335;910;14
667;152;18
564;381;14
843;163;50
283;411;18
835;882;8
240;88;26
213;759;29
536;311;12
750;761;6
609;919;41
797;596;47
820;972;31
91;713;30
655;149;50
399;659;50
157;374;12
379;635;49
77;278;7
123;766;11
988;608;37
239;114;30
243;968;6
735;269;30
391;493;33
280;536;39
745;500;25
720;722;44
428;531;5
238;417;9
586;606;21
406;731;28
284;346;49
255;562;36
307;147;20
117;780;26
507;203;27
577;879;28
246;842;12
624;742;40
10;253;27
11;359;31
856;683;1
193;672;20
821;57;15
13;470;13
459;635;3
683;520;24
927;134;12
487;301;44
665;650;17
746;414;21
806;991;38
191;9;48
574;891;45
41;246;17
470;528;48
595;262;28
40;210;14
881;912;4
679;368;6
374;495;32
415;764;27
99;86;16
650;353;27
944;292;30
587;199;36
179;529;24
422;276;48
741;823;28
830;625;38
84;16;31
315;408;6
351;484;40
375;14;50
419;351;32
353;866;20
927;612;13
719;59;50
604;207;20
783;782;14
110;365;15
836;200;44
434;928;31
771;932;27
370;321;2
9;602;14
667;648;4
817;799;27
251;441;16
614;973;6
328;879;31
139;783;23
317;676;3
489;416;39
370;961;35
773;183;31
192;129;17
817;219;6
216;479;22
907;33;38
970;334;26
290;307;39
366;650;9
272;733;27
486;555;8
570;973;21
488;453;36
780;90;10
270;647;1
776;224;38
149;438;33
459;692;22
75;7;2
628;12;38
904;704;3
110;444;31
452;653;1
870;113;48
624;753;49
207;845;18
605;236;16
735;66;6
359;563;47
973;979;15
254;757;21
350;344;3
671;401;13
209;303;28
812;198;37
280;939;42
121;672;32
339;558;11
837;495;18
792;490;39
553;376;49
30;976;19
108;833;43
823;11;50
740;614;21
307;845;48
301;21;35
496;478;2
306;511;26
806;890;41
890;917;48
930;92;41
135;467;41
763;609;32
243;659;50
75;596;41
116;75;17
283;552;49
443;283;21
582;973;22
915;192;31
840;648;18
710;255;11
89;423;42
199;730;15
161;191;11
449;526;38
678;908;32
794;130;15
324;975;6
402;344;6
347;740;1
657;541;36
31;989;23
190;849;47
640;21;44
19;926;21
306;199;37
609;721;16
789;649;46
528;318;34
859;29;40
655;446;9
173;73;24
117;603;49
94;41;37
912;86;5
619;15;12
403;202;50
321;242;2
194;83;26
928;977;43
672;187;21
881;891;45
17;436;35
54;641;45
789;15;7
779;489;14
825;533;48
668;105;31
343;304;34
681;961;12
20;315;38
239;59;16
675;550;1
816;920;20
54;600;46
281;359;36
281;945;19
444;573;9
509;518;28
209;325;43
186;289;24
688;769;10
477;507;6
735;985;27
868;878;8
709;944;23
562;465;4
130;710;35
178;332;11
148;208;39
654;127;30
968;395;42
305;798;1
67;646;37
954;833;3
442;362;16
766;262;16
985;337;33
401;744;22
465;567;3
540;350;31
295;655;27
503;718;11
712;933;14
778;279;23
661;852;14
649;561;46
584;372;20
825;44;2
157;370;45
294;538;39
266;822;22
236;890;11
383;402;23
146;402;18
149;120;40
865;566;49
153;464;43
938;561;18
69;965;46
940;627;2
274;662;7
396;644;17
427;414;50
523;847;18
98;840;42
29;466;15
855;774;4
141;8;29
993;69;47
670;362;45
127;930;16
580;913;18
977;837;35
992;347;37
115;157;20
946;387;45
90;382;41
588;888;1
71;256;4
496;242;2
106;370;20
319;31;50
891;368;22
154;701;18
246;467;21
953;935;7
683;657;25
39;673;6
392;895;49
775;219;29
342;528;25
661;99;1
693;527;35
46;725;19
829;279;42
42;897;34
611;258;17
632;139;6
643;825;10
246;604;23
589;295;36
42;423;48
387;445;22
804;315;43
908;448;35
603;759;2
882;342;38
791;255;26
59;290;45
849;130;2
210;656;17
154;159;28
846;113;15
941;259;11
313;919;20
153;599;44
815;442;20
718;548;34
4;457;10
236;50;10
501;104;16
987;617;24
811;60;36
266;722;5
34;489;11
137;71;18
154;841;20
738;880;44
97;346;35
988;319;27
552;231;3
69;180;50
402;140;29
971;812;49
936;620;13
904;266;47
851;187;13
659;518;5
219;862;6
358;759;38
660;204;9
437;546;37
143;56;7
171;911;44
317;396;2
347;632;19
966;839;8
836;492;24
927;769;28
837;711;8
989;899;50
946;525;4
965;392;13
138;280;20
318;291;38
46;834;22
974;342;7
586;173;17
829;233;15
391;104;3
25;122;5
423;36;10
516;604;6
671;357;46
164;216;36
235;797;24
356;276;22
500;433;14
2;642;29
53;636;49
505;704;50
522;374;26
904;784;16
53;941;19
184;451;14
847;774;40
12;406;40
590;75;44
231;508;49
671;520;8
730;77;34
306;908;35
849;244;11
94;119;30
843;890;50
121;788;46
613;58;31
893;7;12
507;307;27
35;59;46
235;538;41
548;525;33
22;905;41
885;485;33
866;372;32
710;298;28
207;207;41
240;893;7
280;281;7
611;364;27
502;145;45
668;973;28
680;879;12
367;65;14
861;641;19
179;622;21
873;517;24
497;144;42
697;832;28
913;610;22
310;878;21
484;865;17
234;46;37
53;927;38
156;562;1
651;666;20
43;297;13
979;693;46
411;446;44
846;475;5
242;126;12
191;713;18
206;475;23
908;40;50
121;693;19
455;467;10
760;552;7
55;140;9
237;136;40
379;830;8
683;39;24
634;973;9
693;901;48
132;801;7
866;667;5
205;92;22
77;1;11
911;523;43
518;506;12
768;56;46
801;195;23
711;533;26
838;35;45
505;307;14
271;713;27
29;897;22
680;724;7
298;316;44
797;707;50
981;641;32
549;843;3
947;388;32
857;345;9
830;801;23
496;613;23
720;562;38
373;142;32
505;75;48
376;509;34
557;978;39
511;391;17
966;62;34
747;161;1
163;632;41
561;577;19
126;538;27
790;53;37
429;83;20
230;921;27
418;158;50
477;840;9
402;496;1
269;802;22
530;107;37
540;589;31
830;442;50
604;830;28
325;224;28
900;445;27
259;933;2
693;840;38
814;770;27
886;984;21
606;984;34
988;271;46
57;684;24
294;995;46
205;718;26
874;215;15
948;558;8
621;892;8
718;112;49
697;674;46
456;893;49
452;721;13
763;274;40
460;611;33
239;399;9
386;343;8
177;944;1
122;978;45
825;250;32
9;519;30
367;739;36
271;27;46
231;273;7
755;244;34
387;340;38
768;513;47
473;306;41
891;800;41
152;349;20
865;871;35
306;822;1
754;684;5
731;224;6
220;183;18
530;222;27
456;182;38
589;974;23
832;859;22
805;534;37
252;670;39
699;750;46
972;552;22
319;905;49
785;658;1
320;142;20
159;363;26
569;921;47
558;96;34
779;42;48
38;259;29
406;753;42
657;338;21
644;71;32
113;133;49
775;522;42
440;259;41
50;212;32
330;742;17
646;198;20
613;297;10
672;749;13
267;275;49
686;412;1
53;900;42
910;933;43
211;772;50
623;161;16
460;923;50
35;150;39
877;222;4
792;783;37
72;886;15
463;535;1
645;488;33
845;997;14
575;662;30
727;98;43
904;597;25
65;322;41
6;146;23
17;231;41
687;31;41
230;23;34
937;979;17
63;490;5
272;860;15
920;209;47
577;120;16
975;453;46
857;626;33
152;840;10
358;884;19
16;955;7
49;630;7
549;903;14
769;323;26
842;577;6
341;570;4
413;457;32
374;629;16
276;594;44
540;645;48
209;164;45
612;554;45
584;911;33
848;139;24
680;220;10
953;387;10
571;80;15
26;309;15
530;63;30
870;826;29
574;947;5
321;523;35
277;25;18
947;496;33
673;622;21
654;189;46
893;355;3
528;797;39
343;492;30
847;233;11
837;341;47
777;406;41
356;993;7
966;110;14
795;341;23
28;295;7
770;3;25
645;54;2
992;562;47
793;24;5
547;254;35
241;842;38
717;754;13
37;924;34
809;179;14
81;120;24
226;316;39
260;749;15
473;245;3
257;326;4
752;732;38
322;740;47
621;985;34
967;514;23
687;305;48
781;805;29
592;617;36
833;930;40
171;276;27
346;447;32
180;947;6
777;870;29
695;855;11
458;714;7
31;452;11
334;197;50
220;632;29
592;890;42
164;748;15
992;660;37
924;137;39
969;280;18
165;278;12
889;442;43
703;813;30
279;977;30
694;950;37
459;465;28
191;425;27
371;214;20
260;726;7
849;406;5
704;900;41
934;531;49
372;981;47
94;313;2
327;989;38
27;884;24
144;885;34
780;56;27
396;615;38
284;338;22
155;985;42
802;245;50
771;140;4
158;852;32
950;768;41
678;121;22
765;972;18
995;553;36
139;882;10
2;327;19
180;32;4
715;650;29
678;798;13
606;306;42
308;1000;20
47;932;11
923;940;11
306;962;21
205;429;18
898;476;24
961;397;1
903;889;49
301;364;7
942;636;27
518;307;43
161;235;36
931;351;46
560;451;1
980;711;32
667;140;42
878;994;3
544;202;3
809;383;36
967;316;18
101;823;47
904;769;8
724;146;12
744;508;2
265;910;25
703;391;2
282;208;42
718;692;12
13;893;31
554;473;11
361;609;30
542;972;48
166;664;4
119;147;3
875;274;30
932;368;37
398;702;12
222;699;39
44;327;21
893;905;49
123;983;44
269;547;33
382;785;48
829;5;25
845;581;13
784;21;50
617;475;18
874;824;19
413;294;13
371;930;31
372;660;50
289;868;12
461;44;46
790;595;15
754;108;29
156;522;48
265;258;42
519;507;45
433;62;18
955;731;30
482;33;5
882;669;18
932;358;8
923;248;20
571;752;16
124;603;26
675;182;15
343;366;1
747;93;14
544;824;27
481;739;20
102;330;13
393;892;24
218;696;17
534;363;5
282;714;37
272;631;32
762;925;16
174;410;15
147;458;39
81;159;25
142;105;38
660;491;49
74;887;46
552;569;25
967;18;28
239;971;29
163;171;49
605;660;30
245;150;36
375;266;41
810;654;18
976;791;44
718;260;50
468;818;46
278;606;5
121;256;27
993;260;26
323;849;17
492;75;9
171;296;46
369;219;7
814;851;6
763;49;14
852;971;33
973;30;46
776;240;20
605;107;1
91;947;4
372;769;29
897;580;7
662;840;14
597;269;49
437;260;18
540;357;41
702;757;35
557;228;1
764;402;33
299;167;2
216;623;3
183;994;8
336;694;39
731;395;11
886;387;5
832;814;6
329;332;14
810;926;7
820;188;14
860;775;28
230;112;16
746;981;11
561;488;30
212;847;40
436;494;13
688;645;18
837;24;41
68;627;27
427;782;34
126;552;38
172;730;26
182;799;29
722;427;15
905;93;27
949;496;49
3;32;49
144;605;16
519;376;35
857;770;27
768;303;21
98;195;43
434;439;50
418;256;44
964;734;22
186;198;30
938;772;38
84;290;43
142;319;31
994;260;12
912;382;16
168;281;25
911;155;47
762;485;2
289;617;5
874;878;39
813;100;28
923;549;21
432;202;33
635;58;32
520;261;30
245;504;24
913;653;30
68;223;1
321;287;28
265;140;3
233;188;20
548;107;16
994;674;7
419;360;29
673;86;18
463;510;8
24;964;20
888;578;10
138;498;32
164;298;11
677;258;47
312;718;27
931;943;47
707;479;11
298;618;45
800;690;30
478;489;39
736;721;43
696;514;44
7;645;44
217;746;10
112;610;33
567;272;27
467;247;42
577;339;23
206;474;28
160;622;16
672;804;20
121;806;30
137;501;33
261;177;10
317;650;50
600;906;30
317;468;20
280;69;37
954;145;36
394;522;23
835;100;42
552;551;30
809;274;32
294;378;30
552;931;10
247;207;15
600;752;38
101;7;48
494;506;13
144;65;24
961;594;18
914;841;5
754;860;30
965;657;15
151;234;44
117;992;36
514;702;40
567;376;15
365;224;14
921;943;21
983;350;6
812;151;22
680;771;23
386;615;32
113;748;33
161;225;12
676;355;49
605;741;1
159;325;26
945;77;27
364;832;20
986;425;8
259;722;48
34;846;25
576;460;3
889;392;21
598;825;11
407;143;43
76;639;3
731;182;47
549;248;31
272;874;12
65;746;45
736;102;39
251;354;13
156;928;29
513;141;19
21;710;27
576;254;43
284;642;5
673;350;14
776;567;50
73;320;25
973;526;11
34;199;21
82;976;36
137;557;47
585;948;40
345;474;14
1;75;38
285;71;32
19;168;18
445;684;44
640;743;39
533;379;43
222;50;40
151;715;4
821;709;18
910;514;36
1;784;33
875;126;36
637;319;15
964;179;50
601;437;5
918;151;22
815;219;24
124;579;44
82;922;34
321;839;18
196;750;47
711;615;32
371;354;32
938;367;26
711;276;50
746;808;26
374;508;8
122;718;34
653;981;18
162;281;35
298;9;32
721;700;7
819;73;41
605;70;35
837;861;29
22;874;22
987;44;39
24;57;6
140;852;20
758;318;15
283;304;8
353;918;24
687;781;35
1;242;34
249;910;42
504;230;49
829;965;14
731;119;49
805;848;25
47;981;44
984;457;43
355;323;9
487;551;50
432;5;36
983;759;39
226;875;6
350;27;13
100;101;47
997;717;20
144;440;28
832;866;11
718;955;27
82;429;25
552;453;32
42;23;38
83;720;20
414;895;28
510;876;9
121;66;22
662;217;25
973;283;25
945;934;28
449;703;49
796;390;17
580;825;48
890;266;31
602;397;12
625;755;20
298;687;19
281;517;42
930;316;45
69;92;39
859;199;34
895;584;22
229;19;6
910;573;26
326;355;16
604;168;18
313;716;9
467;71;37
887;958;9
895;535;31
230;653;35
939;477;43
487;288;15
396;577;42
146;557;34
768;774;14
304;229;41
518;577;10
954;161;13
972;861;16
381;723;6
666;83;38
172;753;6
717;68;36
622;695;39
493;435;1
57;603;35
112;767;2
34;979;22
411;354;9
503;803;34
208;908;10
318;541;27
11;833;24
124;636;46
194;703;15
875;47;1
131;199;4
615;151;1
886;243;10
516;319;47
677;54;44
760;118;12
84;53;19
965;154;46
387;938;27
176;533;49
857;67;31
471;370;16
765;393;24
762;421;36
212;409;26
256;801;17
437;471;21
568;357;50
770;579;17
193;97;30
818;374;50
818;814;15
216;666;22
477;354;9
193;738;6
925;496;37
988;312;36
436;803;25
937;97;14
302;360;19
104;950;2
265;947;12
564;913;3
315;736;24
463;578;46
814;39;24
979;953;26
597;742;21
614;679;13
745;404;43
863;2;24
33;330;5
504;673;15
407;392;10
894;666;19
364;649;30
755;297;41
878;23;43
297;268;8
821;687;48
520;621;39
382;841;9
330;432;38
865;907;34
992;227;30
557;89;15
922;212;38
800;821;10
251;514;19
213;753;44
15;357;27
320;154;31
387;693;4
292;250;24
940;830;35
251;328;24
725;405;9
870;80;36
51;178;35
874;508;23
288;210;49
106;170;4
317;480;34
790;231;12
79;766;2
879;568;27
226;259;15
350;185;33
89;798;31
625;166;7
379;124;24
122;93;28
928;270;18
173;118;47
932;39;33
651;732;47
343;448;20
102;834;13
47;366;19
181;126;33
797;273;6
971;775;7
899;620;43
562;819;10
207;856;16
502;582;15
388;808;30
213;463;6
74;268;23
98;708;40
27;349;10
528;627;18
414;520;35
497;242;41
837;820;47
10;431;42
887;854;43
113;639;19
161;918;45
696;949;39
494;173;22
626;722;33
587;201;14
518;57;35
29;849;49
461;140;38
37;589;27
395;692;47
656;878;15
764;226;24
589;643;13
7;216;23
687;928;9
569;201;46
689;513;7
306;645;25
304;962;41
36;659;4
286;14;3
923;514;37
154;481;18
566;87;47
992;982;46
289;855;6
45;93;22
500;982;46
523;393;19
633;990;4
302;571;26
698;896;25
920;742;13
757;881;23
719;978;2
125;693;12
107;678;25
757;854;28
795;256;4
611;464;28
57;575;24
757;439;11
79;864;9
506;357;7
582;503;27
691;230;26
653;659;40
315;220;39
716;410;47
139;662;17
411;88;50
258;255;16
759;633;28
401;796;22
785;313;41
749;870;6
733;888;3
899;220;48
528;348;33
613;419;25
907;580;35
648;287;12
742;443;34
805;543;6
610;422;41
849;785;19
390;568;24
269;308;20
80;455;5
11;353;49
869;536;42
450;932;33
739;969;24
486;649;31
937;139;35
589;431;49
655;119;12
285;261;37
419;150;41
558;651;23
48;937;29
818;480;3
139;782;25
548;180;33
627;415;16
941;370;37
410;969;1
99;228;49
335;729;21
633;501;12
35;186;49
290;324;15
617;272;10
331;647;34
260;184;34
286;985;17
700;731;30
728;481;27
201;500;21
576;427;3
758;769;43
851;421;2
705;470;21
503;462;45
367;487;9
368;814;16
864;587;17
490;804;20
965;582;34
408;521;37
564;301;28
13;466;29
466;524;30
265;641;2
772;487;24
870;24;49
439;76;20
329;888;2
698;291;26
21;405;16
721;195;21
167;816;30
786;819;15
693;583;32
121;513;22
702;825;8
348;960;30
482;353;31
105;650;42
839;653;9
788;986;42
608;437;49
650;711;26
506;455;38
697;509;20
532;378;27
18;517;49
497;42;42
770;260;4
339;527;34
594;336;31
113;997;43
941;645;26
357;286;18
734;597;7
966;868;50
490;520;10
756;333;22
629;10;50
849;465;22
821;757;49
230;910;48
160;100;28
673;241;45
946;162;16
11;390;24
207;380;42
876;554;4
201;134;9
84;227;38
310;253;50
504;289;27
201;933;24
402;815;4
710;901;10
907;146;25
386;201;10
632;122;38
864;575;33
907;873;35
107;873;19
709;93;19
540;770;26
635;717;10
802;144;10
553;210;10
175;521;40
387;468;46
682;69;34
826;567;31
986;176;18
939;305;21
999;946;44
874;817;7
439;686;26
11;650;13
454;332;1
552;278;6
671;884;25
450;781;28
153;270;32
825;4;36
174;297;21
481;354;18
598;98;16
570;173;25
744;896;34
91;611;11
823;366;21
436;524;49
996;480;1
996;455;13
909;254;9
156;162;26
341;200;44
771;742;36
127;236;36
797;922;16
434;612;21
670;295;31
447;985;13
668;20;21
891;623;45
968;109;35
244;191;45
222;604;3
411;918;33
506;432;11
938;236;10
280;659;42
373;5;23
259;951;27
78;741;49
868;158;24
422;618;48
213;922;38
406;61;40
909;83;6
794;28;50
206;461;24
726;648;36
478;27;32
59;62;9
959;976;20
22;921;29
756;306;14
947;141;11
917;172;8
143;844;37
550;242;43
522;818;15
586;720;45
837;657;43
549;558;15
986;317;36
927;825;10
679;462;26
333;907;12
208;32;20
648;823;39
914;327;44
655;153;22
277;324;14
340;643;1
156;117;49
26;343;21
690;932;38
152;382;22
118;129;6
405;389;16
985;51;15
223;533;18
17;396;18
258;180;30
232;227;32
953;865;9
513;196;16
217;680;24
576;381;32
29;826;26
623;452;35
775;487;13
476;367;24
115;595;25
121;912;39
195;410;7
445;198;27
578;128;2
877;676;45
484;400;47
233;136;47
499;931;26
899;449;1
449;843;41
563;669;23
153;422;34
201;988;16
973;251;34
845;875;42
318;858;5
504;603;8
623;422;41
466;44;10
683;966;17
213;228;49
675;794;40
320;805;22
36;244;12
442;684;3
927;362;30
930;804;47
62;293;50
907;40;50
437;36;31
651;783;5
885;931;17
766;412;11
392;700;15
774;60;6
38;359;37
938;702;12
870;17;13
66;778;26
478;400;37
32;198;1
866;246;33
483;195;31
358;804;22
616;445;42
52;732;10
755;426;19
36;699;40
810;614;44
486;876;3
39;104;11
830;589;39
158;214;33
605;65;36
710;622;47
134;454;26
766;356;23
58;314;17
636;735;46
924;112;10
55;781;4
627;413;12
796;109;18
933;382;47
872;367;31
665;911;31
587;854;36
551;129;4
658;967;25
583;874;29
736;26;16
277;746;32
150;561;19
45;870;18
585;410;28
502;207;39
644;884;3
600;560;35
89;703;26
444;667;44
776;496;43
976;577;23
366;549;22
852;838;11
399;29;46
541;197;11
735;539;14
369;883;30
184;753;47
533;965;40
634;610;25
613;696;23
79;245;20
821;703;46
186;559;49
142;679;4
27;45;6
482;865;26
542;197;22
848;386;43
904;123;6
292;477;17
479;51;4
629;166;22
71;999;25
112;247;8
274;575;40
362;165;47
880;386;17
859;132;22
60;888;11
60;259;24
336;922;9
34;22;4
976;260;43
989;557;32
598;803;36
30;720;4
179;103;49
292;615;27
590;878;21
263;464;12
43;312;25
246;430;36
64;700;36
114;887;35
779;114;11
668;179;26
415;44;34
85;391;17
710;448;36
433;478;39
65;872;20
698;635;48
488;606;30
281;987;11
13;780;34
792;877;12
857;779;13
662;748;46
749;287;5
108;575;1
295;916;8
540;547;24
249;98;49
606;928;20
206;35;21
925;642;26
308;158;11
520;913;21
503;783;28
567;345;50
199;163;20
585;693;21
995;749;46
873;531;45
759;347;17
271;99;9
474;795;24
510;413;5
948;661;23
3;112;27
996;596;49
801;372;36
840;782;37
413;764;8
484;591;5
879;243;30
554;787;50
248;504;7
44;650;34
571;598;3
709;505;17
881;434;44
617;156;2
19;869;39
657;782;21
952;710;26
84;320;9
712;280;5
892;714;35
48;618;5
585;789;39
300;188;12
845;142;37
755;222;18
528;986;28
540;352;1
23;133;44
134;621;37
694;590;30
541;935;32
533;832;18
243;763;16
400;541;46
236;506;47
231;563;25
262;564;10
667;678;24
630;928;39
865;406;44
950;381;14
907;385;37
622;285;23
699;542;33
629;994;37
598;629;17
278;189;48
650;219;16
971;581;35
676;535;31
693;148;25
73;691;33
171;967;21
614;70;35
719;12;8
292;708;44
521;54;37
567;900;11
979;945;18
827;200;27
114;698;37
148;31;48
862;556;38
590;448;19
499;476;35
388;493;20
789;786;32
602;748;40
982;613;25
939;829;20
576;785;37
423;521;27
655;911;27
689;377;42
556;175;47
76;442;47
772;748;22
26;617;50
239;95;39
121;10;2
882;40;11
130;363;50
966;385;28
208;462;45
357;28;46
784;487;23
820;916;36
281;640;8
182;49;46
364;622;28
850;643;10
887;758;13
840;326;26
558;130;43
364;993;6
867;147;30
286;808;15
556;752;29
42;370;41
844;44;14
868;540;42
775;313;30
644;536;13
504;738;19
845;219;28
987;744;42
310;975;40
531;199;2
828;778;18
962;726;1
308;198;35
322;226;43
507;475;11
92;177;46
129;362;36
364;718;16
289;285;50
925;770;48
920;449;47
398;496;28
840;340;2
130;749;12
596;728;48
920;854;31
556;205;24
306;987;4
851;873;13
928;619;23
256;562;46
597;915;37
365;869;25
545;279;1
881;229;5
220;391;14
619;330;24
128;68;49
446;860;36
309;746;43
819;185;10
653;299;7
94;601;4
673;407;43
48;479;2
234;230;34
937;923;28
340;804;13
784;597;30
418;431;49
747;893;1
712;509;43
974;998;43
936;926;10
418;954;29
30;924;45
262;334;46
993;41;35
113;195;10
922;718;6
535;481;50
56;445;15
596;254;45
563;289;42
163;47;48
318;505;5
556;668;36
292;945;31
178;754;17
203;674;5
620;438;20
26;418;38
678;393;3
669;17;17
673;356;34
290;599;36
920;733;9
547;753;23
16;963;50
222;609;25
879;758;36
749;894;22
960;298;34
322;33;9
570;159;33
212;496;15
612;791;5
615;165;38
675;196;44
436;415;5
381;285;28
48;196;27
664;225;29
842;175;42
375;796;35
350;343;39
854;173;36
549;669;42
718;13;2
805;441;27
132;766;21
47;213;36
618;116;47
127;334;24
167;809;26
107;900;44
303;317;1
401;936;45
620;352;18
552;43;25
508;815;26
601;254;4
460;790;43
120;823;22
441;572;31
970;911;32
70;129;14
551;253;18
505;857;11
493;405;24
312;996;44
995;594;28
584;553;21
605;6;22
519;222;29
389;113;15
71;897;28
62;428;24
350;828;10
873;653;31
42;71;15
898;20;3
963;799;37
640;734;34
564;892;28
280;724;11
588;347;11
55;784;26
985;531;29
386;495;4
520;101;44
124;255;11
545;533;13
339;187;36
354;966;24
781;70;4
229;211;2
43;570;6
128;217;1
156;598;27
115;576;18
327;13;34
945;838;31
43;212;20
732;936;32
425;293;48
709;42;32
376;994;38
189;240;4
912;212;34
126;909;32
846;903;31
267;971;21
597;225;33
371;414;32
272;58;50
136;631;3
531;969;33
133;381;13
603;953;48
290;2;13
457;969;40
570;166;42
742;480;20
924;861;7
70;601;21
934;831;48
856;565;45
196;619;31
296;883;33
794;189;43
623;144;32
620;182;41
626;618;31
12;792;25
241;519;48
269;607;1
441;366;35
886;344;45
617;382;39
430;415;15
443;812;22
514;155;20
271;590;30
468;182;8
636;602;22
626;662;37
548;276;33
737;448;42
997;25;48
565;621;8
297;602;19
615;416;35
897;508;25
117;288;45
236;251;37
502;954;25
575;237;16
630;555;40
70;566;42
290;48;21
543;607;41
232;945;37
123;278;24
929;296;38
498;383;46
13;4;47
119;544;19
232;121;45
401;181;31
670;765;31
882;810;6
590;585;7
761;262;28
575;212;2
872;5;6
193;988;44
497;484;24
235;700;33
920;33;35
981;515;16
537;78;21
529;869;31
375;943;31
307;294;20
664;970;3
869;918;2
976;203;15
294;400;49
489;946;47
419;423;42
706;887;50
161;910;5
826;26;14
350;327;36
949;684;5
766;691;10
57;920;36
63;760;50
891;651;43
824;315;32
165;677;1
881;908;41
816;874;15
40;490;32
190;305;41
168;618;9
926;18;35
422;921;48
161;795;30
673;715;36
495;988;33
974;348;19
787;446;47
301;755;35
367;411;44
546;315;23
64;808;25
678;117;20
910;829;27
511;595;9
792;812;12
356;486;6
80;835;47
895;960;8
230;896;43
625;765;9
705;63;41
118;218;19
37;1;1
215;310;34
992;485;23
842;873;17
73;219;16
75;337;3
630;953;32
770;982;4
30;446;40
290;379;44
747;816;27
503;112;24
633;811;34
730;823;46
102;514;36
73;47;14
72;876;30
932;393;2
71;476;20
33;137;16
119;82;47
140;944;9
987;588;5
612;279;35
369;768;18
250;758;39
548;997;26
407;603;5
504;965;36
387;431;4
434;339;41
719;145;32
786;7;37
552;323;41
426;232;25
472;966;6
785;612;39
448;745;49
689;900;8
342;681;49
350;555;14
777;561;35
597;914;37
369;685;39
723;975;20
289;149;14
137;783;50
737;737;43
555;228;27
186;220;28
458;77;26
970;652;3
775;547;46
227;187;41
387;669;30
66;616;5
647;881;50
300;706;49
834;211;18
606;970;12
842;748;29
529;728;29
805;123;42
347;596;49
931;485;5
407;939;49
789;441;29
592;471;7
249;161;22
44;119;19
453;774;43
345;40;41
298;211;34
384;401;2
30;102;41
23;14;30
44;5;17
841;800;13
275;326;42
76;660;34
737;267;21
764;370;30
691;218;1
821;936;38
87;571;21
610;404;14
221;563;21
126;547;23
395;46;6
726;424;31
335;546;29
265;106;17
79;596;1
638;612;44
335;383;38
788;208;4
279;258;27
557;637;31
789;424;35
788;897;41
683;439;46
325;956;23
239;245;38
165;754;18
179;511;16
132;535;24
590;605;20
536;655;3
384;452;29
545;579;39
732;366;37
133;236;40
270;9;36
466;695;35
448;189;45
581;733;27
469;779;38
851;276;7
480;779;49
691;706;22
966;189;15
261;40;47
318;623;11
152;611;10
785;32;27
376;681;22
502;958;9
210;154;27
189;28;5
294;782;39
292;628;10
912;551;36
193;78;39
382;881;10
987;998;6
195;92;4
312;111;34
898;937;41
408;374;24
795;297;16
225;590;17
263;771;49
758;194;4
891;971;7
155;171;10
966;720;8
491;498;14
251;126;32
479;368;7
347;641;19
593;292;3
698;203;23
503;469;17
921;935;27
351;413;24
485;11;36
332;183;13
256;343;38
334;166;46
216;233;3
957;357;40
477;882;44
512;648;10
351;750;49
658;264;49
708;114;32
370;534;43
440;38;37
256;253;13
37;487;49
931;439;31
176;161;38
696;762;4
864;330;42
590;964;41
352;133;41
368;353;15
342;233;18
210;180;26
259;935;19
338;141;36
469;393;18
706;186;9
790;337;46
562;592;50
160;288;41
919;527;8
539;597;12
506;958;31
826;825;12
825;873;31
378;464;2
857;200;19
941;387;40
549;48;36
6;147;15
619;304;15
146;562;22
800;705;25
657;923;10
809;125;36
215;223;41
651;881;8
165;969;38
128;378;26
361;283;29
896;673;28
895;397;41
272;265;42
445;166;39
312;296;46
673;67;10
98;63;37
511;37;27
664;857;50
67;744;42
564;3;16
101;681;6
281;874;10
582;262;48
944;559;43
401;252;9
348;349;26
861;772;31
504;243;33
130;559;4
959;663;41
290;234;47
46;42;35
661;438;26
169;364;21
602;336;34
783;402;50
950;68;15
546;563;36
404;710;48
215;884;11
989;883;37
175;867;21
973;767;13
607;822;1
247;83;42
954;154;38
632;416;19
299;689;45
34;907;50
238;533;16
814;524;26
712;290;26
268;669;35
929;217;24
673;810;34
995;185;5
578;988;43
819;517;31
861;887;47
564;776;39
896;688;27
243;786;47
21;558;16
920;202;21
929;842;50
425;209;30
14;135;8
445;162;45
124;842;16
734;735;16
403;636;40
152;524;36
537;277;22
808;88;4
781;127;29
203;155;50
64;84;23
83;405;1
534;647;48
666;23;35
621;487;15
842;123;34
466;698;15
195;793;22
274;480;5
459;153;1
578;661;9
637;758;9
440;652;12
65;549;30
533;583;6
73;565;34
227;164;5
427;365;48
444;813;50
469;613;9
777;257;20
307;478;30
1;294;48
736;360;40
447;973;3
818;106;7
844;151;35
703;773;36
401;294;5
927;858;15
523;170;43
661;565;28
908;877;38
615;134;19
69;127;48
73;117;27
826;92;29
878;269;22
419;501;42
193;796;17
753;854;34
572;398;18
611;643;5
988;250;20
304;96;38
852;506;42
601;463;35
684;244;10
175;509;3
430;115;49
891;489;11
714;191;40
746;263;44
756;205;34
815;552;49
323;815;29
946;761;49
202;416;46
629;986;27
808;723;37
897;977;22
88;407;22
260;138;30
260;97;29
776;618;39
474;889;33
539;211;34
797;57;47
774;391;45
223;681;17
262;178;3
125;143;27
799;299;21
23;843;16
473;511;24
98;265;18
270;517;23
454;846;46
933;748;29
169;338;1
937;801;40
29;73;26
693;295;27
193;635;13
424;457;25
464;332;42
30;66;50
451;708;14
49;698;5
571;348;22
520;211;16
55;371;42
668;699;8
342;274;18
699;710;28
410;537;18
6;919;26
577;1;34
18;966;14
219;780;50
372;683;13
697;426;1
790;203;39
932;270;34
102;475;6
112;926;1
552;926;2
397;448;10
14;823;1
836;695;10
94;673;34
915;884;20
907;523;21
638;227;27
928;842;35
128;533;7
678;643;37
763;214;30
47;815;33
572;340;21
705;60;2
992;67;16
344;728;37
871;95;45
423;367;13
517;407;5
331;506;12
284;217;20
862;723;31
631;29;44
565;660;49
162;485;22
16;148;29
448;838;11
945;421;39
76;954;33
180;112;11
452;452;44
127;803;43
275;785;20
137;920;47
976;346;47
143;372;10
243;742;3
260;292;9
927;448;10
57;49;16
17;232;34
769;847;20
664;299;45
809;641;25
788;779;14
525;385;22
471;417;8
527;967;1
453;858;38
605;75;12
733;675;34
404;968;31
413;418;25
88;186;23
86;236;18
225;972;42
841;648;38
327;899;32
775;686;35
216;167;23
148;333;40
934;408;39
865;701;42
318;4;25
50;799;17
59;133;27
757;403;5
704;63;5
916;672;23
539;513;2
733;795;49
785;92;18
365;916;2
973;796;24
132;642;37
166;8;31
736;347;22
231;497;35
771;640;31
128;739;43
451;479;6
277;472;25
856;485;44
208;663;29
917;263;32
200;532;27
131;927;46
633;937;14
968;417;27
635;540;36
351;824;32
423;578;28
35;366;46
618;808;34
963;516;32
156;586;3
14;78;22
796;634;9
132;881;42
251;320;7
698;956;28
480;902;9
640;176;48
341;882;40
93;492;15
980;367;41
48;449;17
680;589;7
40;721;27
440;56;35
818;931;47
391;456;35
845;907;13
426;772;17
377;249;16
708;651;30
992;444;10
588;507;20
754;433;35
323;782;14
977;36;29
456;105;31
509;527;35
55;280;44
131;402;21
348;236;46
966;7;23
951;206;12
764;154;39
337;683;37
22;887;25
227;445;12
514;46;36
182;798;34
298;131;43
887;998;13
174;364;39
634;254;31
263;899;38
130;372;10
448;423;3
134;273;26
143;880;44
57;651;18
207;617;45
2;850;40
204;804;25
772;735;16
59;606;11
799;291;19
655;351;12
473;488;32
361;107;13
658;152;3
540;735;46
135;174;14
586;541;43
9;490;15
750;80;1
330;574;20
824;54;37
958;884;10
161;81;23
861;993;47
254;842;14
785;742;6
857;368;36
413;772;32
52;143;15
754;828;3
509;4;1
825;64;44
676;2;24
525;433;15
736;825;46
280;631;22
540;22;43
615;622;2
630;569;7
483;409;50
72;399;2
597;737;17
870;181;2
401;554;32
723;621;31
885;196;12
729;300;14
24;97;28
138;275;8
20;900;42
166;68;34
840;750;27
990;903;2
22;914;38
753;660;50
996;703;27
964;475;3
429;497;17
207;434;28
962;569;47
818;338;7
914;381;20
343;512;28
57;735;29
48;574;17
39;604;16
776;106;23
57;161;41
689;518;25
398;132;27
938;668;33
141;603;5
197;716;45
675;889;43
371;47;23
549;96;49
916;148;9
628;353;28
119;619;22
657;723;39
345;897;4
833;302;50
868;502;41
439;913;44
921;488;33
631;528;3
752;203;33
389;989;12
247;175;24
71;628;14
73;78;45
937;296;8
517;24;43
708;541;26
672;860;2
869;172;18
369;536;40
570;518;33
106;145;36
960;916;22
993;348;13
35;728;49
604;873;15
352;739;39
69;386;33
515;215;4
1;897;23
939;911;26
464;228;37
604;19;27
163;566;16
508;777;37
106;993;44
133;486;38
434;796;38
266;699;10
829;198;27
331;377;21
997;618;13
603;901;20
339;993;3
18;211;50
99;896;23
120;213;46
344;310;31
533;872;30
733;123;46
370;594;23
537;602;34
473;18;1
787;808;24
970;540;28
921;980;49
241;839;36
969;621;40
445;819;13
884;579;8
507;62;26
445;190;16
950;34;23
786;226;37
649;991;34
104;652;9
853;887;10
153;472;30
466;590;24
837;848;33
477;464;15
120;740;48
271;939;40
721;301;22
443;660;16
348;781;1
434;114;44
945;964;33
586;677;10
793;951;47
801;299;28
1;73;48
75;622;45
806;257;10
481;309;41
664;724;48
265;718;44
485;131;23
942;59;8
133;387;29
810;104;10
726;501;28
447;643;30
292;195;29
991;610;40
623;679;20
130;470;46
201;337;47
675;251;1
286;930;19
658;23;37
252;653;17
12;655;26
471;842;48
986;97;27
264;791;41
862;143;50
580;524;5
454;685;13
338;771;20
577;480;14
603;416;8
17;531;33
669;285;48
907;50;46
661;306;46
899;601;14
578;734;20
744;653;29
20;26;33
338;487;40
35;959;3
311;730;32
514;777;26
720;532;21
986;37;33
243;463;40
665;65;23
190;898;13
707;58;20
786;132;32
125;832;7
483;404;8
506;558;15
878;834;48
182;472;33
716;65;23
63;392;15
429;651;40
354;214;44
704;697;39
14;228;14
103;597;4
929;277;10
384;468;28
739;777;44
636;295;29
937;30;41
121;363;36
634;158;50
687;181;41
232;839;25
398;646;2
67;922;6
676;792;40
416;517;37
990;381;7
924;918;27
217;830;47
572;264;36
295;307;7
288;744;22
68;520;8
657;586;45
637;717;36
893;478;16
857;778;24
201;986;21
66;809;35
332;908;44
998;21;35
115;67;24
826;338;11
833;939;29
581;536;17
269;821;32
978;112;31
874;303;40
605;701;5
121;325;25
646;701;14
667;436;37
310;536;20
989;846;2
421;395;8
783;886;45
687;81;16
525;939;17
90;825;33
819;731;7
374;362;33
820;904;48
657;685;41
140;326;50
540;84;42
128;900;15
500;876;36
688;161;13
834;43;10
13;837;40
56;557;7
154;31;32
636;681;16
680;216;36
783;757;24
567;996;24
224;944;41
780;260;5
148;155;19
197;19;7
803;385;20
41;859;25
902;516;29
922;484;6
256;881;22
601;219;14
834;258;25
330;158;12
94;371;1
13;759;17
296;678;39
962;368;2
614;728;6
709;229;43
553;485;13
474;279;44
478;26;35
902;699;12
227;390;46
783;108;44
101;1000;36
787;404;17
403;746;5
13;452;8
506;412;11
487;441;17
853;245;45
219;140;19
387;903;44
481;278;33
193;850;9
41;777;3
912;637;22
590;283;7
932;588;50
580;425;36
714;397;15
86;723;17
457;47;19
529;800;11
44;25;16
93;356;6
652;974;11
767;777;9
804;563;48
267;363;46
371;669;28
550;464;20
358;128;21
21;707;23
640;727;48
862;450;31
621;677;48
34;91;16
206;171;25
899;345;25
126;672;49
171;122;39
294;784;39
667;623;47
548;993;46
10;775;23
173;320;5
689;437;38
258;735;11
811;841;19
918;249;24
67;271;49
280;359;31
857;552;27
759;295;37
175;551;11
141;86;37
194;597;5
901;139;4
45;128;29
345;303;27
201;676;43
278;862;44
64;688;43
547;160;35
398;195;9
569;695;31
335;447;14
620;286;46
965;236;2
357;209;35
820;298;8
536;454;34
671;464;46
714;775;27
876;915;2
817;76;44
773;817;50
330;850;1
284;906;32
909;251;12
903;358;14
693;219;29
669;564;16
454;792;19
935;277;20
441;622;50
437;80;36
691;563;31
502;745;30
112;426;37
157;266;12
700;123;22
393;795;1
867;955;27
168;592;38
307;637;2
344;901;13
916;48;29
231;962;32
815;841;5
85;10;48
961;927;10
270;294;44
418;570;21
477;546;48
996;458;9
242;505;4
163;88;40
789;618;27
543;726;46
882;689;31
407;747;42
946;153;28
68;832;24
694;87;39
960;54;43
806;933;20
899;83;21
793;626;48
72;317;25
235;348;47
860;521;1
439;366;9
968;45;33
351;8;46
243;476;2
107;923;36
425;95;28
548;42;26
499;888;36
768;993;5
165;841;15
889;432;47
907;545;46
809;528;34
934;569;32
346;434;3
413;860;35
272;542;8
964;223;38
840;86;41
997;92;10
848;50;11
61;926;29
837;340;42
854;770;37
199;869;42
181;790;6
127;84;32
48;456;14
227;584;41
989;265;18
871;396;22
989;188;45
416;623;18
49;176;13
166;590;17
970;981;45
908;348;19
450;778;10
748;342;34
786;532;32
407;649;25
154;704;25
774;202;32
486;417;46
210;805;32
863;864;2
467;707;10
761;360;16
731;7;48
23;565;27
298;25;19
920;879;13
370;231;21
35;695;30
930;420;12
886;422;18
499;281;29
271;676;9
550;781;41
764;323;11
697;253;37
77;274;33
900;915;45
207;192;2
499;194;16
906;576;34
274;225;49
763;730;26
999;465;42
481;89;7
149;693;15
157;207;31
728;605;18
292;748;47
631;837;34
47;212;49
748;799;25
177;971;18
155;371;36
724;210;41
958;199;22
826;798;13
439;87;37
891;700;33
573;662;24
181;75;41
790;140;44
31;359;21
191;448;26
355;372;42
464;68;43
716;262;13
454;751;17
533;389;47
936;501;22
254;968;12
102;226;28
424;185;11
704;486;18
803;271;13
496;93;33
730;473;3
140;187;40
593;494;47
838;9;41
157;744;45
945;163;20
713;47;25
643;595;47
889;373;28
808;676;32
994;927;35
86;178;9
767;494;38
404;173;1
58;672;13
571;122;43
416;998;23
365;938;30
487;178;22
55;862;6
245;59;6
888;173;19
588;374;30
590;89;27
72;174;7
741;456;5
582;40;25
91;612;36
975;960;50
995;519;7
53;159;11
811;347;37
138;717;6
187;995;10
240;444;27
246;219;8
106;808;27
270;858;45
241;820;23
603;494;9
322;187;5
909;699;16
119;850;50
151;126;31
835;346;2
845;294;30
914;389;36
127;715;15
963;680;12
974;974;5
976;291;22
195;293;32
215;383;1
645;247;20
898;704;26
240;814;7
315;101;32
454;972;13
691;447;28
304;402;35
30;88;47
388;313;29
771;674;45
551;754;19
631;165;16
611;980;4
231;640;30
389;494;49
154;984;43
152;138;26
368;81;7
693;547;30
55;64;30
388;388;50
138;868;31
972;22;23
903;232;48
549;928;22
455;207;6
948;947;5
328;204;47
473;380;34
265;282;24
660;87;36
49;149;36
976;429;8
63;905;44
381;452;14
777;778;16
476;709;45
856;812;43
106;811;30
154;500;39
408;434;49
875;884;45
212;36;41
946;270;33
203;211;23
512;629;1
432;33;1
905;510;49
711;845;48
392;922;21
998;618;20
390;372;20
130;139;6
175;994;28
296;106;33
996;413;35
744;683;44
362;790;9
516;63;37
810;619;44
340;629;36
780;19;48
527;543;48
15;748;23
369;71;2
540;938;47
568;214;20
60;364;14
545;539;41
889;538;6
101;837;19
675;25;6
617;506;42
870;727;1
981;973;22
518;658;49
344;977;18
280;769;44
331;249;18
146;644;6
458;489;20
820;107;50
762;130;48
753;802;26
181;493;31
367;135;30
458;613;33
230;1000;2
207;635;29
230;131;29
671;495;17
874;331;9
386;269;14
573;530;42
793;961;41
509;87;8
718;737;31
924;186;36
837;928;8
585;990;30
937;316;13
971;749;7
182;995;39
192;577;30
245;389;17
774;478;31
128;672;16
157;53;48
566;557;2
693;338;41
762;233;8
711;205;22
7;595;19
402;968;45
831;768;23
874;519;19
440;534;20
566;487;41
768;3;27
432;333;5
679;524;12
295;411;39
520;193;17
476;65;21
592;463;15
736;860;28
277;10;48
326;332;13
458;303;33
19;979;31
304;741;12
570;948;50
879;209;46
682;689;12
656;916;30
843;281;37
575;727;7
49;190;26
464;194;36
412;820;12
754;217;17
641;139;34
130;774;31
689;928;20
542;84;25
407;656;2
614;38;20
360;491;21
528;806;18
718;320;11
742;415;44
66;442;45
199;705;16
997;271;15
196;384;11
921;775;7
512;779;32
696;789;28
143;846;49
488;549;25
477;457;27
876;234;35
148;275;21
536;320;17
746;634;39
832;865;1
744;342;50
307;331;11
266;882;42
312;151;13
832;643;43
176;961;8
24;800;15
974;122;14
692;159;12
172;691;16
778;100;33
583;269;26
641;20;3
1;607;12
655;313;22
734;164;44
710;777;49
340;179;5
841;710;13
782;444;29
747;187;11
338;805;24
317;431;5
275;16;25
439;463;18
839;818;47
71;723;9
275;478;32
735;629;14
902;261;15
97;424;21
292;338;49
878;167;38
270;447;21
166;35;2
395;189;34
324;354;6
984;941;47
659;795;17
410;56;4
340;935;38
940;556;48
451;389;23
888;772;11
862;615;49
92;978;27
799;81;50
673;758;6
62;13;29
953;891;13
839;401;31
78;706;10
127;796;29
986;876;13
96;2;17
583;655;14
888;233;25
628;400;33
275;580;8
692;66;9
449;555;17
308;740;10
175;828;39
275;698;45
730;166;15
151;569;6
812;410;1
715;766;40
401;303;43
971;150;37
612;949;46
70;325;40
37;762;35
607;519;30
583;858;33
493;106;47
428;383;46
710;655;42
242;540;23
334;315;4
110;170;40
194;837;31
556;134;44
32;950;4
404;57;17
228;6;20
862;892;25
62;984;1
992;783;25
384;575;44
862;984;26
33;570;2
130;511;5
878;645;9
471;625;27
632;946;42
325;236;10
195;763;3
983;479;18
754;778;16
692;981;31
190;368;29
590;434;19
276;160;34
780;190;9
136;234;37
279;809;18
637;75;37
671;810;30
587;819;49
517;822;15
351;309;24
202;44;45
652;15;28
852;295;19
384;955;29
292;691;49
476;110;33
387;496;50
525;837;48
124;181;13
920;884;36
58;453;5
991;243;40
558;468;32
809;227;50
532;892;36
431;661;24
561;285;26
582;378;16
459;279;3
966;230;20
96;944;9
173;893;8
508;304;44
191;142;31
500;881;27
346;625;36
295;454;35
213;354;45
26;660;43
671;914;20
628;196;21
16;265;33
630;255;40
202;714;25
539;329;42
322;669;30
236;497;4
717;512;5
41;147;17
672;459;27
151;335;40
287;267;46
724;149;2
219;376;42
208;111;8
744;266;12
715;760;11
662;681;10
236;366;36
282;954;38
116;486;27
889;214;10
138;91;47
76;339;42
298;770;39
436;163;34
737;598;2
121;407;39
986;340;47
919;156;36
978;882;41
390;912;9
298;809;6
734;364;23
487;279;8
312;141;46
941;264;39
690;208;44
783;476;18
132;169;44
398;639;12
249;222;39
549;930;6
249;488;25
760;269;29
983;237;30
765;355;7
361;127;3
911;617;44
913;961;12
197;471;20
486;904;31
577;204;6
494;235;6
870;261;36
613;612;10
215;41;18
377;169;24
638;824;35
257;788;21
171;272;12
811;577;5
667;713;29
852;328;32
167;344;2
619;314;40
830;176;36
108;49;40
811;507;8
173;323;13
654;594;2
903;818;34
226;944;8
242;654;2
842;912;47
625;207;47
856;509;29
654;252;19
829;452;20
149;168;47
237;211;47
482;676;33
725;568;4
128;935;16
104;747;16
385;439;22
272;619;31
458;434;39
570;941;40
535;835;2
93;414;11
53;798;10
720;569;26
315;570;46
108;9;34
103;570;45
148;958;43
949;942;39
322;948;21
828;180;16
545;280;29
860;476;8
572;472;38
756;195;26
514;230;47
191;802;12
958;916;34
59;65;42
6;745;6
940;647;34
632;979;42
591;35;36
842;168;41
230;357;24
517;476;44
579;111;3
759;77;9
208;954;26
627;4;30
574;376;43
5;320;41
333;570;41
777;951;48
590;954;19
754;70;25
64;508;8
643;797;21
521;357;10
804;229;47
93;449;39
670;260;6
720;703;46
132;543;28
324;771;50
148;556;12
241;25;23
91;240;6
456;987;48
675;719;43
979;209;30
615;314;22
780;268;30
999;399;13
470;636;8
691;568;48
554;982;9
104;853;21
604;20;47
693;116;19
784;93;47
638;76;36
991;789;38
2;925;40
408;24;43
623;306;1
561;510;48
123;352;12
67;798;18
715;119;6
986;770;46
748;594;23
611;59;36
342;445;8
466;949;30
882;624;11
907;241;17
996;51;24
140;403;45
298;531;11
356;42;20
91;902;10
690;508;48
330;627;9
638;91;25
186;294;46
731;563;49
279;215;6
951;475;39
847;562;15
502;22;21
350;646;38
684;377;22
374;680;46
930;360;20
839;989;46
803;19;16
317;724;37
220;17;29
204;14;49
554;548;18
139;539;16
772;823;37
551;202;39
279;22;45
672;51;10
932;661;25
450;907;45
972;805;8
952;931;50
334;673;1
625;536;33
821;845;42
201;250;26
48;4;32
114;597;43
41;714;4
148;429;21
911;442;23
686;70;8
890;718;3
743;737;27
222;248;19
576;905;40
585;145;39
824;922;48
402;733;6
730;510;22
322;312;28
517;712;40
308;433;8
287;908;37
376;264;27
368;260;48
785;305;26
139;120;29
711;333;18
801;643;46
641;36;2
464;588;22
307;668;24
243;103;19
642;472;5
787;330;11
489;607;30
72;349;48
233;717;42
315;77;24
593;239;45
31;432;15
589;427;2
426;739;37
781;821;41
955;657;46
840;399;24
245;552;49
338;305;29
783;368;4
451;608;37
550;313;37
641;387;7
237;570;34
548;160;7
113;188;24
706;704;20
662;720;24
919;957;46
859;161;30
797;269;43
227;369;5
630;134;5
887;872;12
901;729;23
370;44;24
302;738;20
436;591;17
602;78;46
483;526;22
384;932;40
545;325;22
371;613;19
258;579;27
945;411;20
745;96;39
421;874;31
879;451;18
943;679;1
690;47;1
52;189;31
856;252;32
545;709;47
319;493;6
148;544;22
216;655;41
17;362;42
430;259;33
339;88;3
888;257;21
176;893;37
684;705;37
318;395;15
243;368;1
327;878;6
485;41;43
950;472;39
608;863;4
416;912;38
878;404;21
792;182;45
379;933;30
96;98;18
74;489;17
407;530;11
16;167;1
238;689;19
615;458;28
718;405;4
128;58;33
962;906;8
330;618;17
110;955;50
704;600;29
841;452;28
39;795;11
121;346;30
759;308;36
577;70;36
688;850;7
387;461;2
138;486;27
89;276;13
350;800;44
798;204;15
503;345;6
548;909;7
96;517;39
946;666;8
948;323;38
844;132;24
655;22;7
850;587;40
587;379;15
595;585;29
939;870;9
442;657;47
612;681;38
357;908;13
781;928;50
598;347;13
375;607;40
763;885;12
296;587;6
678;201;35
20;61;48
297;747;12
942;631;34
598;304;26
882;921;49
456;528;49
468;908;39
866;78;9
176;637;47
326;29;33
745;587;48
150;298;38
323;162;29
745;983;50
914;700;17
67;82;12
861;794;11
411;581;12
370;784;30
716;33;37
855;291;9
248;197;19
25;488;36
520;379;12
971;383;50
467;810;46
148;218;29
314;736;31
240;144;37
503;325;45
243;884;12
12;458;31
914;960;45
626;709;25
76;305;33
26;204;36
901;494;39
533;861;10
187;921;24
898;505;14
191;500;23
911;992;50
987;926;15
736;677;32
55;14;16
528;67;6
725;818;45
951;491;40
742;796;6
273;864;8
539;997;5
188;210;4
753;672;30
553;690;27
169;83;49
485;630;23
416;851;33
131;674;50
760;770;7
438;440;2
110;609;18
851;957;41
599;441;44
547;770;23
5;37;3
289;48;30
663;221;39
353;467;50
269;366;10
221;393;6
978;846;12
614;938;49
337;961;44
857;995;49
896;311;23
825;617;10
750;72;12
716;581;7
615;82;29
156;1;22
210;823;48
699;48;13
358;706;24
245;21;44
517;855;46
722;140;33
998;595;10
484;844;41
863;954;47
65;310;50
476;877;43
6;616;39
853;463;35
947;112;34
334;967;23
207;789;25
849;296;10
224;397;46
329;711;25
471;928;10
797;230;26
771;504;19
60;301;41
891;933;21
500;854;41
230;272;8
116;328;37
251;659;18
13;308;19
530;850;39
371;465;48
132;783;2
581;6;10
707;434;43
943;699;32
427;707;36
968;427;7
169;543;6
92;429;36
681;619;49
932;233;43
210;931;46
790;559;24
262;275;24
419;389;6
155;916;22
582;905;32
318;351;11
642;141;11
133;683;14
767;698;22
71;39;41
970;474;13
245;582;4
421;228;45
436;462;8
642;233;25
941;244;11
859;381;20
540;214;36
256;736;15
614;980;35
670;586;49
283;915;3
795;844;36
120;794;35
650;236;45
890;666;6
238;881;18
928;384;26
968;868;46
201;189;44
547;171;23
168;605;39
689;604;41
762;957;16
658;145;17
134;709;8
99;435;35
817;731;28
900;768;9
68;132;21
982;803;18
47;69;15
392;317;38
461;992;26
74;655;21
310;360;16
145;492;5
367;970;9
672;292;8
934;143;42
875;341;11
44;897;31
307;841;49
822;520;17
744;223;2
243;20;20
851;617;10
222;230;15
3;788;1
436;177;32
909;509;3
944;799;32
496;491;7
66;199;44
222;275;40
382;596;47
97;861;8
528;394;37
995;582;45
935;269;21
600;798;15
666;181;13
531;987;23
744;624;5
415;696;15
756;345;43
188;133;37
754;351;46
113;487;25
983;329;30
376;898;15
384;316;50
503;186;24
544;305;19
617;538;12
730;819;17
917;765;30
587;233;49
466;105;10
399;363;23
745;613;7
536;47;8
233;566;36
1;781;26
798;840;14
885;908;36
496;937;5
161;289;3
257;589;18
20;937;22
964;929;31
610;335;35
700;107;28
246;282;20
986;44;40
678;781;37
171;883;37
359;30;38
801;375;6
608;259;25
89;225;10
782;409;27
429;985;30
901;401;33
222;387;5
120;184;19
960;4;49
958;653;4
205;42;30
440;651;21
91;888;38
331;698;3
113;627;33
694;953;26
443;269;40
566;426;2
518;137;23
873;733;40
671;670;43
371;828;29
93;531;23
209;910;24
486;533;21
512;786;25
809;404;20
965;627;41
574;47;4
334;753;36
863;988;10
663;397;35
480;517;8
298;780;2
394;577;41
159;782;13
592;996;16
921;659;43
804;523;41
355;919;46
593;418;19
928;741;32
584;226;4
993;423;32
397;485;4
349;238;38
307;941;2
526;983;50
490;146;17
228;746;8
906;593;1
390;138;15
506;391;19
609;600;16
103;339;5
400;561;30
329;565;32
766;2;8
157;59;6
942;364;42
50;757;37
624;385;15
467;46;24
46;197;42
827;414;2
644;534;21
141;56;14
896;550;27
973;937;22
120;979;30
285;979;50
637;394;49
409;386;24
904;961;20
552;943;19
728;968;30
45;299;8
968;115;18
884;455;48
516;484;40
917;111;26
480;681;44
535;245;9
745;968;43
636;800;39
839;967;41
106;450;12
932;407;41
66;308;18
375;892;39
412;813;42
507;881;6
736;955;35
514;343;41
155;95;36
738;714;50
831;350;13
544;748;5
669;127;8
53;700;45
888;245;45
717;230;27
741;392;12
434;397;40
557;816;29
691;660;17
577;205;31
690;3;37
461;799;26
536;590;6
695;389;33
780;796;49
669;152;39
988;914;31
991;840;14
774;330;37
146;853;11
2;359;31
163;748;24
641;738;44
36;551;30
289;100;6
978;405;23
113;837;41
933;643;22
560;697;12
980;313;5
101;647;11
831;536;48
227;947;13
192;5;47
801;669;32
804;154;46
301;126;21
569;446;32
606;212;20
552;47;11
867;92;29
55;719;42
547;500;45
770;379;50
321;802;14
649;930;40
322;378;20
720;866;24
181;714;24
367;702;14
57;405;37
744;858;31
37;828;10
829;261;22
355;319;20
875;434;37
175;670;31
483;720;29
259;373;17
845;571;26
940;635;49
178;73;48
837;290;22
72;265;32
761;391;5
489;491;33
649;333;12
719;206;33
363;721;19
757;129;45
997;555;49
518;4;24
285;619;2
182;457;20
750;198;6
287;669;6
384;140;41
925;188;7
779;660;3
217;585;4
807;157;30
811;108;27
525;804;35
370;395;30
349;296;6
405;409;15
719;355;16
60;25;20
68;813;24
868;41;25
374;108;24
771;862;38
477;719;3
256;507;40
813;526;23
765;333;36
110;860;14
500;79;26
993;271;45
715;292;22
291;834;27
548;573;24
92;870;30
532;627;35
725;358;49
218;495;47
328;645;2
666;272;42
873;974;17
600;197;34
529;245;23
180;289;7
381;911;12
840;461;14
79;772;47
115;925;23
941;193;10
199;92;25
519;240;20
9;631;8
750;550;35
303;356;48
414;479;18
868;768;19
156;659;10
987;163;36
298;335;32
953;503;5
797;566;43
484;876;9
508;919;27
668;608;33
378;438;1
491;766;22
909;793;4
725;367;38
351;536;40
783;287;50
596;71;9
565;608;2
567;366;18
78;67;50
482;617;22
846;405;3
93;107;27
288;293;50
371;104;3
448;442;27
965;922;34
809;756;45
504;544;34
823;805;47
897;918;34
526;569;32
340;141;1
479;370;23
534;460;22
654;105;36
243;836;34
780;240;18
263;911;31
871;51;22
340;520;47
285;663;40
78;32;23
677;613;32
958;103;35
153;906;21
503;373;48
509;137;36
142;616;8
338;120;18
745;780;50
906;913;45
114;422;6
856;585;25
932;925;39
581;248;17
567;152;26
886;886;2
416;817;16
477;874;43
156;782;37
342;370;6
731;279;40
255;545;13
130;680;5
894;660;3
255;632;29
206;927;29
896;915;9
317;252;9
1;451;14
555;900;14
606;894;2
442;823;46
744;533;28
997;918;3
301;893;49
381;88;19
570;190;38
824;697;14
802;986;43
636;931;17
15;892;27
885;853;6
839;646;11
958;634;11
280;757;28
900;214;16
192;133;26
834;455;16
41;741;12
938;61;24
313;173;18
865;960;34
407;258;23
6;334;47
799;927;14
554;374;44
918;839;21
275;5;46
588;808;2
221;90;14
357;750;14
28;677;16
549;394;46
155;342;26
216;295;1
389;678;25
146;467;24
347;919;29
296;206;3
557;546;22
282;935;37
216;373;18
538;529;24
887;544;8
887;332;45
290;543;5
99;428;31
173;307;28
237;147;38
290;109;16
562;770;22
579;590;16
13;791;48
693;659;21
883;165;40
444;308;33
720;339;3
681;564;14
268;728;2
542;803;5
470;790;12
206;435;47
81;858;50
508;597;42
953;81;14
385;569;7
230;551;1
969;794;5
225;940;27
12;283;8
349;111;2
987;343;21
51;436;29
109;137;20
33;90;49
546;351;38
659;67;15
128;954;18
960;845;47
604;310;16
905;563;36
587;531;33
416;605;47
38;862;36
864;225;26
373;303;50
520;383;39
801;514;26
522;395;8
596;393;34
775;600;35
679;568;12
648;957;16
393;166;6
601;407;32
945;364;43
799;22;6
512;214;31
109;268;27
391;391;20
420;250;42
393;545;39
427;468;3
763;702;27
392;691;29
421;223;39
674;355;35
473;630;5
559;921;6
487;856;6
631;854;12
335;404;23
155;235;25
128;123;17
913;723;28
238;202;49
902;66;22
229;35;4
362;686;22
98;237;16
781;577;12
841;652;23
872;474;7
868;244;21
329;250;10
858;443;30
865;729;22

