1000
25841
6000
19;53
24;83
7;88
22;31
68;5
31;6
73;3
23;74
53;9
87;74
56;1
14;25
92;59
44;94
83;100
45;29
18;92
63;40
98;14
4;31
99;43
71;86
58;10
26;52
6;59
10;41
3;71
83;30
87;44
39;37
82;55
46;45
98;90
15;67
37;65
74;66
3;68
57;70
15;63
2;71
5;34
96;22
42;91
34;64
41;88
34;19
79;53
21;31
14;88
68;85
2;16
87;61
37;55
42;73
9;28
38;66
60;71
29;43
35;22
70;12
48;94
96;66
87;19
63;36
51;37
2;23
43;34
87;19
92;25
88;25
99;58
46;49
21;86
93;5
25;26
40;73
69;38
19;62
60;87
35;46
45;58
25;6
31;93
35;8
89;37
8;88
1;38
87;96
48;74
72;100
96;96
67;87
83;65
62;61
64;42
45;47
52;6
73;41
47;16
74;80
32;28
6;19
71;14
32;48
15;23
62;23
77;17
7;30
92;31
92;5
5;85
42;99
95;30
97;19
29;95
41;91
45;29
70;14
33;47
98;64
79;42
38;12
82;59
29;83
41;35
6;48
93;2
97;97
59;25
23;99
34;54
67;38
7;70
88;92
32;22
44;4
39;99
2;57
37;75
76;69
41;2
61;20
55;27
67;64
19;52
73;86
39;4
68;84
26;83
96;74
66;57
50;29
37;1
16;71
4;38
65;68
89;47
43;97
43;2
3;79
96;79
96;28
35;67
41;38
72;45
17;37
25;74
13;98
90;81
33;89
45;42
95;45
61;90
33;77
94;33
34;99
62;44
33;100
58;34
21;79
19;71
73;54
84;96
28;11
22;86
61;41
19;72
10;15
84;57
63;86
30;39
51;58
32;58
42;67
24;93
17;59
23;71
30;48
55;54
20;36
96;85
16;61
19;53
75;6
51;29
25;17
57;47
50;55
75;3
32;30
69;92
8;10
6;58
34;54
2;22
68;26
57;89
10;18
59;31
25;30
50;81
67;78
10;87
92;38
39;32
83;55
98;15
54;44
10;10
15;75
58;39
48;84
1;19
87;64
97;52
13;32
32;15
81;85
41;69
68;72
40;76
18;78
61;2
32;50
23;43
90;40
13;44
89;14
71;6
87;38
87;79
26;55
62;71
6;9
18;31
34;16
97;27
47;53
76;33
22;51
71;24
79;41
89;79
18;65
72;87
54;66
91;39
25;39
56;66
96;67
37;100
87;38
62;98
29;6
46;45
82;20
72;10
22;41
57;83
8;12
71;10
35;46
8;30
21;69
17;27
57;83
78;28
27;27
69;61
11;14
95;64
22;59
74;20
67;62
21;15
70;27
57;66
8;39
70;43
82;36
54;15
15;61
10;51
100;93
36;91
15;13
92;43
2;38
91;82
42;6
1;17
96;54
42;11
11;41
46;85
64;8
83;98
84;100
28;60
84;86
95;9
7;34
31;86
41;93
29;22
11;14
49;88
55;58
18;26
94;7
18;50
25;53
35;3
29;82
12;13
55;62
8;70
92;87
73;89
55;18
100;6
61;25
34;80
70;70
8;7
79;70
76;13
62;96
87;30
78;73
98;81
36;51
81;7
91;46
23;73
97;7
2;50
22;1
26;33
62;78
21;89
91;98
58;62
33;32
83;84
55;58
34;52
39;39
50;64
78;60
80;64
18;47
100;27
72;68
15;79
78;59
52;76
38;47
82;100
9;41
10;81
4;8
100;34
33;33
68;87
18;89
68;51
2;82
1;68
13;59
92;2
79;88
38;25
16;65
76;37
3;75
41;52
53;13
97;39
13;50
15;59
7;32
91;11
14;37
83;46
95;34
49;6
60;5
51;100
85;23
18;24
18;39
79;50
17;79
55;27
24;45
59;26
48;34
22;62
53;39
27;32
11;1
74;43
33;22
58;80
32;62
65;25
43;56
97;74
22;83
28;78
65;54
87;40
59;60
3;2
88;8
61;83
85;7
64;41
55;100
16;82
23;18
74;24
73;47
51;65
31;17
39;84
32;77
44;82
43;75
60;9
58;57
16;15
17;89
93;52
93;42
73;45
61;43
91;89
36;46
77;78
59;32
68;13
30;78
94;52
95;38
36;37
72;96
5;95
3;87
95;44
99;60
13;82
97;81
26;40
89;63
22;90
99;2
88;82
2;78
64;29
85;83
66;68
1;55
19;32
39;65
97;17
78;50
59;20
77;67
58;57
99;1
3;72
68;41
89;17
57;56
47;21
55;28
85;68
17;58
43;17
48;14
7;16
53;29
19;32
23;46
36;16
46;17
87;81
72;42
25;79
14;5
62;74
62;23
74;31
57;51
89;34
64;40
85;51
81;52
35;54
4;62
78;77
23;70
75;61
48;89
66;96
57;84
79;49
74;64
46;95
48;68
85;8
5;81
43;31
13;27
73;81
4;59
97;60
22;32
35;22
56;33
86;84
99;77
63;100
59;73
2;87
63;12
10;19
33;94
22;56
6;15
25;17
15;12
30;94
13;91
99;79
28;23
68;84
4;68
57;95
49;100
53;98
21;40
25;18
42;30
17;15
31;75
53;35
33;62
88;77
43;43
62;10
83;19
77;10
22;93
59;77
16;74
43;82
70;75
21;94
29;99
79;34
20;91
35;47
70;45
15;18
49;89
85;87
75;77
59;31
43;25
86;99
40;39
72;66
39;49
3;6
47;83
50;3
86;16
55;92
86;49
79;57
89;77
59;12
99;65
12;60
35;79
61;25
93;83
76;82
87;38
75;55
34;3
29;32
60;56
99;74
28;94
60;39
3;93
13;82
14;46
14;27
29;8
6;1
54;9
7;57
47;74
48;33
42;75
81;46
43;13
49;34
38;71
59;70
93;47
99;23
9;97
55;10
77;66
6;30
53;27
14;57
6;54
75;38
81;54
16;66
58;51
73;92
66;9
22;15
66;50
52;19
1;90
46;99
4;7
24;22
72;79
31;89
76;61
40;53
50;58
24;46
89;8
68;3
54;12
83;87
99;6
41;49
92;61
87;68
97;58
38;61
57;93
8;77
22;96
23;64
97;29
12;48
29;54
54;72
76;96
13;12
2;32
94;90
67;37
91;27
60;72
77;68
14;35
64;37
3;74
83;35
77;100
59;79
17;32
59;70
57;80
100;56
91;26
2;93
26;72
68;90
42;56
36;3
68;15
11;5
84;19
12;11
72;26
75;34
74;47
62;90
85;53
68;69
49;58
7;75
77;56
64;12
50;34
40;85
27;43
70;1
68;31
48;84
56;69
20;7
95;37
84;23
4;55
42;37
76;20
22;15
64;54
26;52
49;30
77;82
75;68
3;73
87;2
17;53
30;63
76;32
32;100
73;86
2;82
4;54
88;47
86;98
90;81
26;56
58;93
74;83
92;89
72;65
18;49
79;67
63;65
45;31
18;44
44;74
35;2
28;58
90;35
77;87
93;23
40;99
54;78
80;40
61;1
87;9
52;99
64;85
33;7
33;63
60;83
22;56
98;50
17;71
30;48
39;51
48;70
52;16
48;77
51;24
28;67
18;49
98;41
98;27
73;16
6;80
7;39
18;60
61;87
71;23
67;22
61;26
90;87
18;41
12;18
98;32
12;44
93;33
91;37
25;99
51;38
59;49
74;11
25;81
26;29
6;73
53;70
59;23
56;50
27;65
67;98
66;71
72;52
18;98
16;85
79;42
10;39
76;28
25;100
99;83
95;84
2;48
49;39
69;30
95;62
2;24
84;32
95;74
65;66
38;58
7;49
81;83
16;56
22;4
37;76
100;99
42;31
96;6
62;98
86;52
97;44
99;54
100;41
16;88
16;52
46;42
11;51
98;39
72;16
75;69
70;21
67;89
16;100
66;46
32;41
71;89
95;48
58;55
30;23
98;66
79;68
8;50
1;57
36;69
13;69
77;91
30;35
61;64
86;21
50;48
12;30
52;76
41;50
39;3
54;36
13;23
55;15
38;27
39;94
76;94
9;29
30;54
47;56
93;72
26;55
15;20
74;76
48;89
83;66
66;93
65;79
4;64
60;1
55;75
73;10
54;61
50;81
36;42
21;2
16;43
80;29
1;13
88;88
68;14
85;87
16;47
2;77
36;40
46;53
75;43
74;6
41;72
73;53
90;39
95;76
90;90
30;49
73;41
92;89
4;96
2;59
87;53
85;24
69;76
65;92
35;80
18;61
50;51
74;93
89;85
53;22
34;83
87;85
97;31
42;67
47;89
32;56
93;49
23;26
42;68
92;70
17;28
62;35
61;91
77;72
51;52
88;33
45;30
31;54
62;67
9;86
30;93
29;10
25;20
52;95
76;15
49;91
39;93
57;21
53;80
74;31
90;96
95;80
31;6
85;12
53;73
13;23
12;35
55;51
75;66
27;97
22;57
22;67
88;29
52;9
23;53
9;54
4;61
30;95
92;64
27;10
89;33
71;25
30;88
64;17
12;83
32;62
46;11
41;61
12;58
94;57
14;26
74;9
55;47
2;95
895;892;45
229;30;49
34;848;50
896;709;2
726;183;30
785;593;5
896;295;3
718;819;31
247;616;15
32;538;25
283;434;14
984;426;33
796;51;7
604;622;21
67;623;9
314;906;39
650;202;20
807;101;41
32;183;2
387;493;36
878;427;37
118;597;33
589;278;4
370;25;36
843;502;18
211;289;19
38;234;35
443;362;25
579;292;24
777;287;14
48;696;9
272;832;35
200;371;36
504;172;30
44;521;30
45;125;33
854;38;49
784;981;11
760;43;49
44;699;22
945;898;32
762;692;24
962;395;9
320;382;40
22;908;27
633;988;2
753;720;31
374;510;33
48;127;29
95;67;1
866;771;12
246;31;21
816;938;50
908;122;23
485;986;29
496;831;41
704;414;30
961;395;32
154;219;37
906;82;44
574;798;47
179;326;37
459;197;26
174;30;41
425;760;24
794;801;40
415;66;14
713;255;18
898;312;10
560;171;5
567;784;14
982;159;8
201;116;11
326;948;17
281;927;8
994;539;42
794;587;25
378;859;42
455;668;14
209;780;21
627;423;37
533;933;31
748;20;22
318;305;39
780;858;6
169;855;21
723;260;44
289;318;35
627;717;32
783;567;36
395;460;8
41;844;42
753;468;10
893;276;18
307;212;36
121;676;13
702;486;21
86;752;43
398;438;3
312;760;1
821;865;14
356;782;34
115;811;23
449;760;30
68;923;35
920;109;24
388;545;23
449;983;27
484;276;47
210;688;2
409;473;41
344;248;2
232;743;41
4;544;26
928;598;40
927;496;15
125;911;6
296;952;25
571;713;8
240;186;33
902;951;49
881;723;27
86;346;25
444;409;27
281;283;15
110;317;13
68;753;24
574;533;6
994;27;34
434;765;50
342;290;5
277;853;34
268;982;33
641;779;12
735;166;42
408;173;29
878;419;30
757;243;21
926;30;10
26;5;33
177;499;31
838;685;25
993;233;34
813;910;37
812;643;8
119;999;33
146;663;35
148;273;8
152;902;22
621;184;15
842;598;8
817;630;39
470;928;35
722;859;14
711;49;25
710;974;47
858;710;34
800;669;44
195;584;5
480;254;23
691;289;6
25;300;32
810;81;37
245;569;5
162;674;25
138;830;27
423;422;2
647;808;16
876;712;16
335;859;46
164;33;17
537;185;45
820;236;38
961;679;23
500;786;45
918;913;48
209;271;35
788;910;48
464;328;21
906;199;38
768;650;19
77;133;42
42;589;13
489;791;40
79;668;8
352;402;20
201;851;12
172;664;24
743;993;25
775;16;7
522;5;36
571;618;10
212;397;19
855;835;20
431;816;45
437;40;4
755;321;32
772;283;46
783;320;43
290;974;38
335;373;17
459;736;23
210;254;45
418;255;39
146;636;37
488;482;40
599;294;50
783;670;48
652;78;34
302;154;5
188;687;50
717;358;20
354;887;36
251;561;40
121;356;6
867;912;17
93;78;36
54;252;7
977;319;15
299;953;13
228;712;49
24;842;30
55;900;2
739;46;27
496;459;29
767;907;12
41;875;21
774;422;32
372;727;46
330;654;20
188;206;7
886;178;3
886;63;16
974;366;46
251;619;4
40;923;18
406;790;11
262;554;43
925;475;46
506;536;37
153;310;25
753;238;49
666;880;32
257;706;46
985;954;15
325;26;29
418;13;19
979;111;49
868;611;28
64;278;32
931;15;28
468;847;22
902;272;38
367;431;41
317;689;33
853;654;15
861;791;30
799;2;4
372;229;19
919;47;49
192;809;50
913;267;7
880;766;31
173;777;41
908;218;43
946;642;39
996;313;16
896;889;18
116;231;20
760;826;32
386;884;28
829;620;31
644;217;36
672;999;21
472;118;15
818;471;47
265;382;5
988;90;18
689;126;37
198;374;12
127;111;41
354;331;24
810;119;27
694;517;38
48;884;14
39;299;4
264;24;20
412;638;13
621;604;22
594;307;39
867;106;32
979;599;24
787;458;23
524;166;19
169;306;26
246;183;49
837;978;14
757;615;3
25;591;11
942;174;11
969;490;33
649;584;17
282;612;20
35;102;35
224;755;23
241;968;49
40;414;36
347;394;21
407;871;13
302;423;50
378;721;3
942;57;16
628;357;26
280;999;27
195;484;35
899;159;33
94;72;20
469;770;47
932;557;42
532;145;4
661;615;28
12;235;23
506;335;26
429;979;16
938;222;27
264;475;11
858;336;42
274;879;46
844;403;14
337;802;4
101;262;25
462;468;41
456;82;39
966;39;27
913;625;6
848;737;24
371;66;43
479;477;12
166;851;35
673;126;11
86;985;18
127;963;13
386;724;10
154;205;20
862;43;5
358;303;2
874;938;14
441;257;27
13;561;47
700;687;20
181;453;38
586;532;4
841;116;18
977;301;9
351;784;10
474;598;5
665;274;1
424;382;45
951;698;46
279;718;19
183;168;15
132;150;49
341;365;1
444;25;5
901;910;36
99;314;29
764;926;40
313;763;5
128;616;1
190;27;16
904;914;36
312;134;33
842;465;41
138;267;37
731;289;35
187;942;7
768;483;13
88;886;49
162;492;35
58;8;7
584;146;8
120;88;11
824;802;3
56;642;8
406;319;22
405;878;14
444;184;41
262;139;10
130;137;45
201;866;8
524;702;23
280;952;40
792;198;3
41;367;49
341;686;33
475;752;39
21;727;35
738;535;33
469;183;17
329;501;37
402;891;39
818;93;41
200;231;49
572;808;27
736;386;32
940;571;33
179;558;42
367;760;26
247;722;49
74;857;10
568;927;9
786;614;37
684;543;26
247;727;36
663;249;25
404;640;2
158;404;49
668;249;26
382;996;4
244;32;6
820;407;2
999;405;8
533;343;20
913;489;2
925;185;20
379;394;18
512;829;49
484;683;33
402;728;1
658;591;22
468;854;31
47;92;15
127;792;25
514;980;34
312;191;43
660;512;49
536;623;8
589;14;10
16;46;46
384;596;25
728;363;7
160;390;25
119;929;12
660;573;17
810;497;50
160;574;3
498;50;35
245;190;1
250;426;14
704;119;7
874;865;29
768;584;39
125;473;37
423;632;50
6;12;5
792;637;37
752;699;8
379;15;9
7;317;43
885;629;30
157;906;6
742;620;43
135;600;16
633;338;13
553;799;20
307;56;30
577;864;37
776;976;17
955;347;4
453;500;5
909;453;21
61;428;33
919;929;36
869;781;40
883;428;27
565;78;25
680;938;9
246;22;38
52;163;29
233;626;42
883;902;26
895;533;33
962;864;23
940;489;15
783;267;24
612;23;30
860;253;41
174;869;31
11;772;42
138;711;36
892;162;8
188;498;5
920;425;21
61;161;16
20;232;27
29;216;45
844;902;46
503;125;9
532;381;31
339;93;31
104;218;35
991;70;31
783;800;31
699;984;50
17;6;49
556;690;48
499;771;20
938;664;15
10;878;35
933;291;15
640;896;29
893;788;9
227;936;37
151;28;50
729;82;28
548;141;11
570;631;10
562;935;40
670;370;23
995;62;41
479;228;21
656;242;12
51;378;13
285;692;47
958;689;36
683;618;14
610;545;17
119;889;40
740;34;5
346;335;35
746;931;21
334;731;22
92;586;6
432;615;40
524;877;17
326;218;10
539;918;9
545;54;34
715;754;41
687;983;16
823;393;3
369;683;13
2;661;32
764;400;28
918;428;27
403;133;6
698;884;18
810;984;45
746;441;49
52;268;17
993;469;37
211;540;39
786;964;27
610;100;48
775;152;22
261;657;8
723;614;33
612;531;33
498;168;34
987;810;6
630;878;45
711;795;50
962;607;39
271;54;31
762;477;39
666;627;6
575;421;6
826;415;33
609;742;23
143;664;20
775;790;2
577;781;13
753;967;30
575;736;7
684;333;37
844;161;31
680;735;27
224;575;3
691;785;20
69;463;29
234;13;3
406;537;10
663;834;21
130;483;11
199;530;13
708;656;19
157;528;12
128;164;33
484;380;41
653;8;34
185;145;13
5;975;7
668;87;42
571;765;20
198;708;13
498;59;50
823;169;16
163;614;50
604;415;29
411;938;9
240;689;31
819;802;42
362;185;29
163;504;49
580;84;28
738;248;33
876;757;9
687;709;17
101;125;26
986;627;7
310;61;39
334;940;36
471;503;35
748;124;32
334;63;10
580;975;21
402;201;30
177;394;48
833;622;46
913;258;25
229;759;26
328;285;8
148;159;10
553;252;46
819;760;29
153;552;5
227;142;9
249;189;1
894;648;40
886;179;4
704;677;8
788;257;28
842;779;9
601;376;4
274;305;6
521;3;20
933;188;3
189;669;2
621;473;31
403;566;12
898;64;14
436;808;15
640;244;15
843;733;5
260;683;15
667;16;8
706;894;37
100;243;30
54;310;34
918;839;32
414;30;5
628;382;9
129;378;20
51;278;5
143;703;32
67;140;11
399;901;34
71;657;30
509;617;40
771;504;47
372;967;13
303;464;17
246;940;18
979;750;23
628;313;5
60;367;36
809;953;49
648;803;31
527;738;44
830;773;43
875;332;40
186;136;34
529;855;20
292;304;35
325;794;17
640;486;43
550;469;31
517;497;34
965;899;17
560;124;41
977;236;1
510;651;3
562;253;30
478;516;39
221;155;10
809;247;50
564;349;3
423;604;35
444;659;26
87;859;47
136;578;8
737;521;1
469;659;23
994;136;30
162;287;1
402;214;28
115;687;29
649;346;15
467;973;24
132;122;1
119;916;33
696;570;20
355;155;49
321;393;10
487;443;40
539;735;18
96;307;2
623;489;19
736;656;34
880;91;35
445;923;3
922;718;9
358;1000;4
422;473;18
503;437;47
114;496;23
756;364;21
750;172;46
857;964;40
168;40;18
103;726;12
629;834;34
424;283;42
641;306;42
108;926;4
923;263;23
48;547;50
799;669;21
753;191;49
27;262;47
86;961;19
311;750;20
289;660;44
271;738;45
112;106;37
612;899;24
416;938;28
815;882;27
207;196;44
279;164;21
535;986;13
135;98;12
21;970;35
848;269;22
513;221;44
946;246;21
786;308;14
612;175;21
251;587;39
711;649;38
625;865;13
276;612;4
258;576;8
390;436;45
88;986;42
183;545;45
125;717;10
87;681;11
933;516;5
124;214;43
372;736;36
687;350;8
388;673;29
599;139;7
216;599;38
888;831;3
606;220;49
463;123;38
185;952;47
436;404;33
12;960;14
697;187;32
862;781;10
430;34;12
433;660;33
444;348;42
446;271;23
222;861;14
367;61;21
905;636;6
613;882;32
86;962;13
736;80;12
685;483;31
362;687;30
926;906;36
957;138;19
806;450;22
325;51;49
584;722;14
404;429;15
630;615;50
742;323;5
329;367;42
442;770;49
584;531;29
656;130;26
277;991;38
561;950;46
22;549;49
84;175;48
206;754;6
124;523;48
803;960;33
210;495;25
345;15;20
238;908;16
499;152;25
313;851;32
989;155;11
617;332;11
44;603;30
135;542;36
313;155;38
947;604;38
536;251;39
964;663;43
864;875;50
803;103;1
762;159;48
712;342;2
68;774;36
977;212;13
810;970;3
549;214;4
477;781;25
604;846;29
461;780;8
615;327;26
804;157;39
558;804;22
452;725;47
110;70;16
528;488;9
107;273;26
225;201;22
214;770;5
780;341;34
255;287;32
217;805;7
206;756;2
372;315;23
629;5;2
346;976;21
988;131;10
283;40;8
589;842;27
82;142;29
978;563;14
170;520;33
581;13;49
319;582;44
649;321;19
910;569;15
65;786;8
450;724;28
651;548;17
494;99;38
182;155;4
490;321;1
438;363;2
552;420;37
520;57;19
623;295;24
892;854;41
591;137;42
924;814;8
846;49;10
719;595;14
540;432;11
776;129;39
82;719;1
561;71;31
614;794;50
199;516;35
942;784;22
641;341;11
111;206;25
2;205;19
285;897;6
418;975;5
789;872;45
441;256;6
275;962;16
957;200;34
154;711;25
423;702;33
979;393;9
230;890;50
545;454;47
347;556;40
780;471;5
627;586;39
501;578;9
179;322;18
922;134;36
992;429;37
207;706;47
61;902;49
822;868;34
736;902;2
140;908;44
974;973;50
282;18;10
462;791;45
568;43;3
683;870;8
748;558;32
538;136;1
155;959;30
30;363;25
806;527;6
510;344;17
584;517;10
617;868;18
239;296;37
47;494;42
428;101;41
607;170;23
272;220;17
688;347;25
953;673;48
897;861;22
334;8;42
402;736;1
447;722;37
84;315;5
488;415;3
808;543;12
539;726;20
432;318;33
166;351;36
958;679;50
479;374;6
827;576;43
149;721;33
513;688;7
950;771;49
549;686;6
193;182;18
50;472;12
83;568;26
742;14;50
729;406;16
275;505;31
933;963;10
914;670;15
657;123;24
828;136;35
753;77;39
613;122;35
511;682;18
975;500;30
155;496;17
370;762;42
245;730;29
54;952;21
658;200;34
102;295;37
39;126;22
950;182;22
264;529;20
745;864;11
17;365;32
293;290;5
515;936;26
438;77;25
623;993;3
735;551;50
756;62;35
856;663;49
9;589;27
821;601;49
361;790;47
733;538;28
801;176;29
494;662;11
513;7;21
480;377;23
708;575;35
759;195;27
787;164;30
174;980;10
499;607;6
534;960;8
643;449;28
723;448;45
500;48;11
708;272;37
91;136;10
837;355;33
825;462;20
56;681;31
322;729;25
6;898;23
555;810;29
232;771;5
147;599;1
376;801;49
915;278;21
658;255;18
165;847;20
658;135;1
542;206;45
312;246;1
987;99;20
543;764;1
348;106;28
74;164;15
103;932;38
942;681;12
349;392;1
973;713;6
496;886;27
181;490;17
327;863;15
448;740;5
725;389;20
599;801;41
119;559;34
199;323;49
228;629;7
117;970;33
467;677;13
897;225;2
620;23;16
762;743;17
657;218;25
723;405;36
740;927;2
550;328;16
367;780;44
687;325;19
646;74;38
805;569;42
23;493;27
511;661;36
387;396;27
713;608;2
173;800;17
218;943;10
28;647;49
306;306;14
15;139;1
137;847;50
603;887;21
118;872;44
801;422;35
331;954;14
756;75;41
212;699;18
259;362;31
972;748;8
779;149;41
43;810;29
809;205;7
564;844;35
403;754;43
960;227;12
710;66;43
524;742;23
56;877;3
277;14;12
445;718;3
786;860;40
562;212;42
973;386;40
693;62;35
605;16;50
103;878;2
302;482;11
191;757;36
700;290;45
220;780;32
318;160;31
686;851;13
608;601;9
592;68;13
678;444;28
259;343;23
514;577;14
428;564;29
468;481;50
163;421;15
615;536;15
755;491;1
234;804;26
183;603;4
847;94;13
498;835;46
493;811;4
599;661;3
220;408;21
869;363;38
753;502;9
475;170;16
711;176;34
798;689;10
560;92;1
366;574;10
639;565;17
162;323;36
290;981;28
816;943;13
114;649;28
210;710;22
671;983;21
855;828;46
397;691;47
963;79;27
623;784;11
515;487;22
649;226;23
163;303;32
60;463;47
860;12;6
762;188;24
464;115;1
214;423;40
33;947;12
788;218;17
711;553;2
588;185;50
663;616;49
569;977;32
165;998;27
492;501;40
675;146;3
163;182;50
942;740;24
328;605;11
677;528;31
496;542;28
768;497;10
553;934;32
842;608;47
2;392;16
395;137;46
248;444;12
150;802;23
837;937;17
384;429;12
304;848;10
371;34;46
651;67;40
387;381;10
743;441;17
817;100;31
940;618;47
310;737;35
236;965;29
555;448;38
441;12;15
387;158;48
355;355;26
827;429;28
263;611;46
326;339;33
116;662;28
818;963;37
664;689;48
965;529;23
450;944;14
759;352;16
388;488;32
982;482;44
312;80;37
666;309;39
655;612;48
987;659;2
687;265;35
917;362;18
580;783;22
100;595;29
2;866;45
480;844;5
182;336;43
457;661;20
43;828;12
343;336;9
7;607;33
82;313;10
183;243;6
920;647;47
689;217;7
765;494;22
412;59;34
182;10;45
305;3;4
715;228;46
44;798;50
308;976;38
531;110;8
632;565;37
778;537;24
431;387;14
377;847;25
582;260;15
802;760;42
541;586;50
85;305;48
533;581;49
798;452;9
466;991;14
13;416;33
473;259;43
827;120;43
78;329;9
821;436;28
744;961;45
330;74;42
240;804;1
415;39;4
286;687;9
675;748;40
574;653;11
432;908;10
95;486;17
140;863;48
724;418;46
172;333;18
73;598;43
352;73;23
173;367;12
513;216;21
347;332;37
564;68;15
754;404;36
576;207;27
942;921;48
883;642;29
157;594;50
271;457;32
478;157;13
602;416;48
969;13;2
180;538;21
605;747;25
14;686;40
425;940;40
540;739;15
789;37;43
33;81;9
563;684;17
553;686;34
568;95;30
140;854;19
592;67;18
673;305;41
774;481;16
143;178;7
618;730;4
523;685;24
730;550;15
77;179;21
665;514;36
164;267;24
673;921;46
171;989;19
987;79;31
160;4;21
769;647;22
55;402;14
975;234;6
331;291;15
826;463;50
407;33;27
149;969;12
822;191;9
211;821;27
191;242;13
813;450;27
703;530;32
84;110;7
980;651;25
969;605;47
953;728;16
395;165;31
255;794;38
577;560;12
730;397;31
13;164;7
89;233;39
371;124;6
163;727;7
628;350;39
733;23;6
996;734;26
250;628;2
55;177;8
365;56;34
22;408;41
98;626;29
283;393;50
467;35;16
230;638;5
372;344;26
68;174;5
720;604;10
914;78;31
343;965;3
447;903;2
930;933;16
221;327;30
234;300;23
328;880;24
111;822;39
480;730;31
50;224;13
547;886;12
183;687;17
158;118;3
46;35;6
234;491;21
637;990;7
539;966;26
735;439;23
561;124;50
583;809;21
217;423;14
581;159;19
561;303;31
812;994;40
224;908;7
885;812;31
912;802;29
682;994;11
280;266;5
694;774;43
345;47;40
747;851;37
365;840;38
586;366;48
589;187;19
148;566;34
671;606;21
793;669;37
334;798;12
269;534;7
188;312;10
177;860;27
748;660;44
944;679;7
244;115;12
17;568;36
870;673;14
705;535;48
639;828;49
428;921;26
711;586;19
220;95;5
886;320;7
419;150;35
954;464;48
756;885;38
332;222;8
51;328;44
700;536;3
89;82;49
32;138;48
197;681;5
277;53;27
122;308;2
817;75;8
556;271;6
546;479;5
32;199;6
742;621;33
880;234;27
738;716;48
587;989;16
712;793;34
441;103;38
986;740;6
526;839;19
709;129;21
183;279;48
848;130;15
39;758;6
403;24;2
358;192;36
273;230;20
42;659;39
389;774;33
830;927;9
367;311;27
147;175;24
183;514;42
480;168;39
843;62;11
770;584;31
306;137;24
429;923;16
491;517;26
770;962;48
595;452;5
464;604;41
504;94;29
394;117;43
85;406;2
3;518;46
303;959;25
77;360;44
208;435;23
910;988;37
34;338;22
886;66;6
790;44;20
668;437;19
114;179;6
892;697;20
16;314;43
851;315;24
908;170;29
780;365;2
148;694;2
892;505;50
635;267;13
196;805;4
649;634;10
570;623;27
611;856;34
41;212;7
898;987;28
248;203;47
814;528;7
318;750;48
666;977;32
725;251;34
87;804;42
401;430;29
14;614;46
458;11;1
111;252;38
289;617;32
910;504;30
7;171;30
931;853;50
779;666;12
804;261;29
601;592;31
723;579;31
303;575;42
398;369;11
418;492;4
918;423;40
437;641;41
736;510;46
660;106;37
554;622;39
103;962;41
9;808;31
740;913;5
216;797;19
83;71;4
560;202;47
928;641;12
852;229;6
494;965;40
576;154;39
988;60;38
434;399;34
759;945;22
101;573;21
407;979;26
389;788;24
214;536;16
746;712;33
12;33;19
690;12;10
552;733;1
187;259;34
80;468;41
817;632;49
249;442;34
85;195;45
736;999;39
37;687;46
293;270;22
205;699;29
12;549;16
834;858;33
781;413;3
469;271;23
380;623;15
115;732;47
642;646;3
571;374;29
854;638;1
982;538;19
536;446;29
515;699;37
1;228;48
783;699;20
729;898;41
469;432;14
601;972;16
162;108;23
331;114;46
609;406;14
303;641;15
333;658;37
216;626;45
621;556;18
908;684;6
395;141;10
586;827;20
817;490;21
483;479;15
531;718;9
369;79;49
297;682;30
392;366;39
311;540;9
153;386;43
201;555;7
353;109;15
498;521;36
619;700;47
143;187;6
151;252;3
497;20;26
559;572;18
738;688;30
832;14;33
835;987;45
516;695;34
24;449;1
493;193;43
59;912;12
565;69;35
60;983;1
515;80;36
810;700;16
537;117;1
254;867;35
313;371;14
763;556;20
190;816;29
613;915;27
701;672;33
911;655;30
387;442;29
207;406;40
979;730;3
87;785;11
384;54;42
248;608;9
836;119;30
1000;896;8
82;39;16
624;996;46
6;847;46
793;504;27
368;227;44
15;788;4
470;80;21
680;228;16
492;994;41
419;871;1
758;879;38
572;396;45
96;429;13
778;623;28
893;752;44
852;934;17
774;346;21
138;948;19
514;14;3
317;675;41
306;364;18
93;922;17
900;381;21
26;831;43
592;729;20
114;740;17
50;277;16
508;252;23
533;556;32
815;946;21
170;97;18
945;452;50
251;729;12
258;181;25
840;732;14
417;96;23
870;887;1
54;333;25
349;293;2
564;514;13
949;64;5
490;548;13
930;25;47
681;716;2
366;908;45
405;194;31
175;478;8
720;867;50
2;252;45
389;100;11
500;352;5
399;348;32
697;36;20
174;275;16
19;956;27
26;738;8
643;760;6
736;518;32
241;570;48
859;385;39
108;744;8
649;445;28
1000;495;37
538;329;40
810;111;22
465;995;19
881;511;29
343;10;14
213;429;36
12;885;33
771;305;39
763;801;19
683;228;35
178;900;27
723;12;2
253;85;5
357;448;20
889;420;50
7;263;22
897;168;18
851;697;4
772;847;42
115;846;46
883;837;8
72;787;44
300;250;17
615;272;47
714;331;16
418;789;41
612;555;4
667;253;5
80;964;37
898;638;33
106;245;32
472;957;1
94;253;40
203;636;28
746;561;39
421;731;48
357;593;13
634;144;44
476;210;13
523;736;50
831;676;20
553;164;17
549;867;12
309;75;7
173;377;22
1;252;22
347;416;7
951;205;39
411;361;4
771;571;46
473;264;10
322;523;44
630;826;21
322;341;44
770;227;44
42;245;14
166;903;30
296;250;40
250;597;15
245;915;27
486;793;27
514;603;24
776;885;21
40;679;29
97;850;49
18;678;36
807;779;15
111;485;19
936;266;50
744;364;31
195;86;18
689;69;14
326;824;17
229;234;44
712;718;18
229;619;21
245;798;35
45;989;23
350;492;18
253;270;42
994;145;27
207;487;1
473;483;3
78;812;16
668;781;10
35;374;18
957;962;14
618;311;30
218;346;49
184;36;9
990;600;25
442;808;43
411;997;1
233;994;41
612;539;22
75;9;43
15;980;1
762;223;22
317;974;18
772;712;21
404;919;31
700;757;18
277;470;25
185;510;14
187;40;44
201;491;49
312;793;24
415;783;18
233;647;24
525;733;14
39;962;37
276;956;6
35;501;12
875;976;10
232;196;5
563;813;38
640;739;4
880;403;31
784;842;5
425;194;4
819;575;48
736;607;42
556;952;11
472;743;37
121;562;3
530;232;5
581;193;32
141;855;22
573;457;17
801;244;24
528;501;45
535;400;47
36;445;22
753;232;34
429;318;44
607;846;16
243;905;18
99;547;27
431;582;42
743;796;39
917;72;46
742;242;45
770;344;49
801;533;25
368;585;49
179;324;19
731;744;12
244;777;8
232;969;17
501;607;47
576;937;13
397;530;36
996;51;45
874;327;26
272;66;6
688;509;35
381;382;42
393;471;11
788;693;11
802;869;19
206;11;14
18;193;15
877;101;50
614;899;30
285;673;4
979;752;32
79;770;4
512;385;1
841;639;26
693;221;42
26;435;9
696;582;21
692;166;10
619;856;24
882;744;20
758;172;36
696;648;20
571;333;26
588;91;28
134;44;13
558;874;32
692;118;48
336;377;39
801;483;13
930;105;50
771;104;15
837;810;14
769;741;13
403;540;39
627;573;27
496;785;45
719;735;9
790;302;19
472;985;22
454;801;1
106;122;13
891;78;15
855;114;50
184;38;38
822;139;15
433;557;9
484;359;14
62;668;40
967;800;29
131;875;10
793;81;45
891;743;22
657;532;17
300;751;50
975;192;13
16;440;12
877;595;2
239;665;27
91;596;46
581;311;49
890;809;38
711;71;34
120;789;39
433;66;28
573;556;37
142;560;20
803;261;46
675;562;50
462;289;11
794;991;40
616;705;17
400;30;25
210;356;46
394;16;26
136;744;37
508;430;7
207;376;30
695;952;33
813;715;28
229;300;27
407;198;4
790;429;43
563;515;48
915;361;42
556;307;22
450;498;32
43;976;5
668;91;20
252;930;13
31;220;50
734;326;14
714;120;20
714;432;33
545;510;27
147;291;5
775;433;14
81;581;17
580;142;24
390;228;6
257;372;19
621;743;1
757;922;17
894;982;14
336;462;17
632;874;2
606;155;44
459;1000;48
998;429;8
526;588;21
951;628;42
546;830;28
613;719;39
974;45;46
977;927;28
741;681;17
571;978;31
325;28;47
933;268;47
714;195;29
906;824;35
528;44;1
489;927;28
888;783;33
196;438;1
750;948;17
819;845;39
57;742;37
924;984;13
832;917;38
103;154;22
879;781;20
711;715;21
735;390;40
899;299;21
270;305;37
784;192;1
113;699;5
834;59;31
131;189;25
339;377;42
471;604;49
430;565;9
352;340;2
753;746;24
317;521;6
63;981;1
308;672;22
657;990;29
855;202;26
33;474;3
482;27;36
680;340;46
749;733;22
955;548;27
701;780;10
311;38;18
283;993;9
858;654;25
438;729;29
690;701;40
680;623;20
356;817;4
683;732;35
824;19;48
352;760;26
536;565;15
436;673;34
214;630;18
744;169;19
883;101;25
292;852;7
134;276;48
998;930;22
879;182;25
484;792;4
779;189;38
461;339;49
851;946;39
649;841;36
910;939;10
347;904;27
141;845;16
760;875;17
222;346;19
159;320;46
121;895;25
726;276;47
948;355;14
121;798;45
685;530;8
614;92;13
746;192;27
118;198;11
253;645;36
761;232;2
380;914;1
609;461;31
580;593;24
252;268;25
42;1000;21
45;523;30
27;952;45
380;188;45
176;299;2
959;379;19
286;95;30
996;718;30
618;782;46
143;93;14
983;637;38
30;887;10
767;250;27
982;849;17
841;837;4
344;704;9
424;679;28
393;344;5
986;854;31
709;692;14
853;782;21
508;921;34
692;867;22
428;823;45
885;715;37
483;844;45
393;101;40
974;518;36
856;481;3
33;303;29
962;100;26
872;342;10
819;461;25
924;651;34
844;29;13
512;931;12
415;867;37
344;642;34
295;541;17
548;727;31
295;711;15
121;223;38
427;660;13
453;4;44
4;675;38
598;562;48
896;503;49
610;695;26
87;95;2
415;335;34
81;820;13
321;881;34
42;999;48
927;234;27
958;505;49
200;77;22
323;165;48
357;25;30
260;782;25
626;952;37
654;343;13
628;86;10
586;215;41
268;593;5
566;435;24
436;784;5
881;23;42
447;558;1
953;894;11
552;101;16
384;910;6
111;255;16
101;245;37
119;190;45
139;332;20
665;267;47
331;698;44
831;606;46
623;70;19
644;988;39
70;199;28
668;673;39
268;822;13
966;761;18
183;600;36
207;574;23
502;183;21
742;383;34
825;74;29
81;864;40
609;231;4
745;972;17
268;745;37
983;999;17
664;758;5
374;928;11
176;551;3
104;646;35
120;355;15
196;417;47
105;209;36
939;16;25
343;982;45
787;419;19
433;115;3
724;397;43
748;144;19
679;770;35
614;187;14
614;835;50
402;967;24
720;373;9
826;490;30
427;274;30
982;391;30
439;215;20
9;270;48
678;736;12
666;683;11
275;891;36
506;789;34
259;30;33
804;473;38
480;636;30
933;676;41
373;517;45
303;124;32
584;888;17
989;901;24
885;465;36
909;211;48
716;464;28
731;910;33
307;977;10
150;904;18
155;935;12
359;622;48
805;703;46
25;692;14
299;819;28
187;810;7
822;442;11
405;918;8
140;491;45
758;109;20
153;942;22
260;795;5
112;430;36
978;285;19
515;141;50
412;415;41
649;173;33
219;610;49
110;965;49
706;266;39
859;534;10
117;258;41
322;726;22
637;551;50
936;956;1
713;416;11
287;197;40
619;966;8
146;223;38
291;210;6
750;106;27
843;897;45
146;709;46
234;393;26
814;866;36
327;116;43
239;91;15
117;587;19
115;578;18
260;855;33
947;748;32
415;83;21
97;602;37
457;22;2
79;211;20
48;114;48
47;425;28
1;664;27
309;751;38
128;319;48
279;379;16
558;45;9
749;796;36
656;17;13
34;587;21
340;449;20
921;489;4
319;596;25
498;663;7
198;37;26
875;402;38
813;810;2
391;695;11
312;397;42
630;147;2
23;177;5
931;26;19
417;397;35
314;111;16
105;770;9
866;805;12
267;877;20
432;43;18
633;681;24
897;472;4
178;524;30
261;443;45
198;119;10
992;712;17
926;354;48
979;824;21
20;877;31
219;979;28
293;526;25
987;923;13
954;851;18
650;963;24
777;823;45
751;562;41
35;135;26
681;842;41
91;774;18
587;581;15
934;648;4
715;494;18
146;112;34
106;885;3
794;993;34
352;65;41
963;642;48
206;89;21
177;859;16
573;232;24
662;14;16
473;501;21
400;250;15
363;902;41
785;786;32
768;416;16
528;714;42
321;997;30
621;353;36
792;753;42
940;122;35
732;649;15
650;90;17
1000;791;31
832;534;12
317;336;30
832;516;50
781;307;46
683;706;34
281;953;11
757;652;11
949;188;1
184;65;21
500;713;29
589;350;30
282;182;3
87;614;3
344;429;42
658;159;34
903;38;18
827;778;5
75;255;11
80;564;47
761;85;11
431;403;49
132;551;40
13;876;38
692;663;39
762;853;10
150;140;14
739;952;40
622;56;34
372;682;14
334;393;45
66;755;23
289;44;38
789;28;12
311;951;9
237;486;35
625;521;41
921;491;31
30;234;5
152;675;44
525;730;24
73;578;6
880;100;6
373;666;44
2;746;2
161;459;18
504;752;14
473;760;28
482;538;1
705;59;33
717;981;14
311;724;36
404;151;13
171;816;32
696;695;30
967;468;45
332;468;38
969;390;3
980;99;31
27;404;38
387;809;50
96;584;44
239;959;18
504;520;43
769;966;39
804;515;33
213;699;50
420;551;18
718;887;47
305;566;39
668;905;30
105;504;15
680;965;11
764;245;28
522;676;38
598;897;29
110;917;39
836;117;49
612;304;11
725;626;23
843;944;14
481;482;28
257;198;46
765;73;48
589;240;15
743;412;47
291;122;45
126;392;22
965;955;36
983;119;38
430;820;45
403;409;2
785;247;27
779;449;47
985;175;42
984;466;36
973;569;28
75;645;2
906;897;5
497;524;3
280;346;9
273;134;20
524;781;35
2;671;12
661;880;19
471;885;25
75;47;16
962;229;47
198;632;14
335;184;41
329;848;12
37;622;37
422;907;7
314;136;27
960;937;10
858;508;18
32;883;2
224;685;30
835;755;28
643;320;34
810;870;13
312;140;7
110;827;36
654;734;9
1;144;47
161;782;42
239;183;47
280;680;13
525;856;38
618;109;28
304;521;20
675;373;27
210;168;33
834;852;22
387;785;43
830;125;37
240;789;8
466;115;49
610;263;50
226;435;6
481;63;1
703;148;38
34;143;17
773;951;41
844;490;23
676;21;34
402;438;50
678;749;21
10;594;8
117;314;45
44;241;10
648;159;36
261;157;25
270;766;42
16;934;24
524;387;42
128;362;39
123;510;16
360;362;39
247;433;4
439;447;45
377;267;14
645;297;50
275;644;40
347;647;14
570;930;2
109;621;46
136;363;17
730;954;12
327;225;35
446;319;47
274;349;46
305;758;26
366;80;41
506;297;35
934;838;49
232;107;49
443;474;5
504;653;20
501;601;14
657;341;38
412;343;47
540;286;8
507;899;38
980;714;12
813;895;49
756;197;19
329;249;8
34;730;39
930;365;11
392;519;42
262;974;35
147;942;38
340;542;26
155;66;34
667;964;26
374;448;26
579;885;22
843;567;36
30;549;17
389;34;41
354;796;50
466;881;43
566;830;2
316;771;22
169;33;16
680;420;27
444;953;8
572;91;36
908;234;3
14;642;40
251;740;13
664;735;22
913;415;24
176;423;8
958;258;16
819;991;14
616;451;28
831;413;17
775;180;6
147;605;45
564;502;5
746;266;21
352;949;30
79;752;30
702;459;27
920;630;36
961;336;40
944;887;4
305;73;6
467;786;43
793;895;31
343;680;13
904;144;1
99;290;10
34;947;15
700;463;23
28;25;36
541;235;19
93;626;9
254;412;16
218;610;36
640;336;9
460;313;19
676;629;44
650;926;32
843;559;27
117;94;15
374;946;44
275;845;42
214;138;33
164;353;12
752;806;39
835;605;9
82;816;7
25;720;37
285;659;36
779;349;42
998;170;24
600;245;31
197;966;1
583;146;48
801;130;37
255;53;27
251;810;33
628;592;5
270;366;15
50;407;33
229;856;13
298;62;48
128;939;36
938;366;49
401;827;22
833;190;35
562;605;49
780;372;5
888;90;11
593;704;1
138;75;10
197;533;50
338;278;27
219;474;45
131;351;9
763;644;24
845;570;39
340;271;5
197;908;40
798;716;24
19;522;3
263;217;37
523;882;48
757;782;45
512;876;21
722;844;28
255;252;39
804;155;22
645;291;45
482;569;14
461;944;38
338;158;23
365;90;35
865;259;42
666;623;17
554;801;2
193;469;1
470;641;44
952;763;22
327;722;13
313;306;7
172;697;47
776;798;20
946;945;45
657;766;33
362;550;49
771;10;33
87;151;14
902;501;5
994;886;38
670;43;33
867;109;17
972;49;16
463;187;22
241;857;48
290;167;50
886;75;40
406;643;30
211;922;35
212;989;8
105;534;40
158;310;16
477;518;15
231;613;12
637;456;24
67;372;27
921;387;9
678;359;10
146;396;6
724;352;11
789;79;17
385;582;20
699;523;14
988;70;32
345;203;17
871;87;44
865;712;24
503;628;47
178;69;34
798;856;37
846;34;23
667;648;25
746;839;41
115;967;38
100;332;49
902;598;18
333;748;9
452;933;11
699;615;16
951;380;4
337;962;15
569;583;11
636;209;13
933;684;46
18;658;1
515;688;8
156;847;18
997;253;48
688;667;24
709;308;18
320;61;22
999;399;45
927;964;20
958;965;33
689;590;34
816;305;8
162;441;36
664;803;6
213;359;20
227;809;47
404;565;30
923;347;11
98;717;14
209;648;50
748;814;13
914;686;33
40;551;19
609;263;4
27;744;47
287;908;15
994;421;9
569;82;50
932;952;48
626;332;48
584;151;22
882;31;3
952;769;26
275;705;37
868;938;16
226;59;1
196;827;48
417;68;35
375;453;17
652;242;28
97;160;45
146;514;38
768;386;1
723;664;41
462;225;24
467;937;21
217;295;14
860;873;47
37;702;11
570;443;5
302;131;22
361;394;17
784;284;33
909;6;9
586;150;31
170;442;21
839;734;24
71;582;16
96;561;13
95;537;48
400;622;38
697;369;20
987;396;14
217;659;46
235;694;24
27;991;10
874;270;24
960;624;46
896;336;46
686;179;47
132;78;42
789;324;28
518;253;7
538;409;31
444;968;27
304;294;13
698;81;45
329;53;19
473;668;39
853;975;8
281;107;27
966;892;33
245;736;5
111;290;16
803;515;5
1000;955;48
768;125;15
775;146;17
557;557;17
24;913;29
440;534;8
78;549;38
970;442;27
810;755;43
472;876;4
991;467;39
46;711;42
88;211;18
922;174;11
25;946;25
569;725;31
537;301;28
994;926;35
752;177;30
211;952;48
680;327;7
680;943;22
404;343;29
465;172;14
280;715;30
826;674;31
930;744;45
819;986;7
821;203;34
404;359;24
391;956;29
712;177;25
902;616;6
741;784;11
259;164;31
793;311;14
302;985;26
559;849;40
218;802;16
430;696;5
778;572;31
699;363;39
271;875;25
983;838;42
996;243;1
655;247;45
882;884;28
818;191;26
813;109;39
861;391;38
377;543;25
796;637;12
961;983;33
161;745;33
995;896;32
295;239;6
772;686;12
750;732;42
551;528;1
177;733;25
882;11;33
566;261;29
4;508;38
260;33;2
852;235;50
925;971;42
251;892;39
150;514;38
686;457;48
113;261;34
631;356;33
702;882;35
372;777;5
880;781;44
333;825;50
481;424;14
173;418;34
622;965;13
119;562;44
471;641;30
159;985;4
681;407;29
810;992;44
942;903;18
161;861;15
395;778;42
728;91;24
969;644;16
80;524;13
851;824;18
17;98;45
621;729;25
1;769;38
121;133;3
467;679;49
442;63;48
757;790;9
556;2;2
25;461;28
498;216;31
882;989;14
74;302;25
353;584;31
904;430;34
205;542;7
851;285;20
621;487;15
223;289;37
869;885;48
402;251;18
907;640;34
893;479;47
123;891;25
546;480;40
593;512;20
875;612;36
485;582;22
761;127;47
929;718;44
746;361;24
201;903;49
572;753;6
835;859;43
805;258;50
806;728;42
383;83;24
264;192;11
854;408;29
622;207;17
590;585;6
291;564;24
95;717;1
711;986;50
717;826;2
723;312;11
536;263;15
65;535;40
745;601;14
132;642;30
782;716;11
169;423;27
961;133;36
172;154;28
567;965;44
268;993;29
596;232;50
401;653;35
320;702;10
191;214;30
808;580;31
680;691;32
471;305;37
346;229;31
613;627;33
954;343;7
947;419;14
877;652;37
236;557;16
367;331;23
925;31;50
882;200;36
560;988;19
797;573;22
699;191;24
554;427;4
359;186;9
10;650;43
800;89;34
419;920;22
916;604;46
509;469;40
722;543;22
118;61;19
412;944;25
196;5;41
817;199;40
990;869;1
132;842;25
407;624;46
848;922;24
412;464;34
508;412;43
706;768;48
187;129;47
824;624;2
506;786;17
32;729;30
164;577;23
770;306;41
909;68;23
172;116;31
499;392;26
606;478;12
836;487;49
217;299;39
648;304;22
437;908;43
659;741;35
266;201;24
711;953;46
616;237;43
362;499;5
916;117;14
104;36;40
302;978;37
426;480;4
240;307;24
208;202;23
287;116;7
460;697;30
246;208;11
473;84;33
641;576;41
800;835;21
515;32;5
443;660;27
519;725;15
823;18;4
987;358;38
228;280;22
713;781;43
614;455;28
754;79;40
890;599;42
549;805;34
664;582;13
517;811;42
451;701;30
517;178;22
150;980;48
662;185;50
614;690;25
603;538;10
94;664;48
622;702;45
98;928;50
31;802;20
981;536;34
115;322;23
392;913;44
168;194;33
954;251;30
546;727;13
486;63;26
976;883;5
521;78;44
166;559;39
585;686;22
274;41;17
617;984;19
630;633;13
287;532;11
630;306;44
83;528;29
486;72;46
944;625;16
652;361;31
967;918;21
884;945;4
888;722;4
887;528;10
908;686;10
876;302;43
731;408;36
992;514;38
4;504;29
710;475;18
541;239;42
739;418;30
410;404;9
603;781;23
380;881;32
87;363;34
673;427;5
879;178;16
298;848;2
935;44;19
27;793;8
952;82;17
156;555;40
413;758;7
899;982;10
174;904;18
257;889;26
301;780;39
895;75;13
268;900;18
377;537;29
463;206;37
797;137;31
787;352;50
667;203;13
29;683;7
984;365;5
486;165;27
482;464;26
405;235;19
448;671;27
96;497;40
765;308;24
48;533;24
500;505;20
530;920;16
632;628;47
896;755;50
13;885;26
162;205;43
587;515;37
312;719;35
257;967;30
926;659;41
29;304;35
757;121;13
408;225;9
182;268;13
766;738;36
554;199;30
71;437;32
991;37;48
952;612;26
705;560;18
262;36;22
661;301;19
952;995;11
885;542;35
520;357;25
425;160;23
990;924;3
931;759;1
447;233;48
432;828;38
661;564;21
513;392;41
825;627;16
157;543;34
680;952;4
390;758;12
515;244;43
829;915;4
563;252;8
129;281;45
680;868;40
113;296;49
546;304;39
885;69;45
14;397;16
34;364;29
290;868;19
369;864;31
862;481;8
285;841;13
705;700;21
646;315;39
631;707;39
774;531;48
979;31;18
561;422;33
949;171;38
257;477;20
27;770;3
161;883;35
771;274;22
667;96;15
859;739;33
265;430;29
594;893;33
352;791;10
737;249;28
462;959;32
397;758;6
871;617;2
719;479;4
52;773;32
251;438;41
992;676;49
391;903;44
250;984;4
160;774;16
654;426;1
376;571;37
886;954;12
217;340;6
64;475;35
297;127;27
387;474;35
210;331;4
610;640;26
768;236;7
375;854;38
262;354;13
689;391;34
782;822;42
856;540;37
650;975;50
676;656;18
410;989;16
998;963;38
926;44;22
535;954;20
95;233;31
595;516;28
553;182;32
817;691;7
700;143;1
719;744;43
920;894;6
997;899;3
215;361;18
832;989;27
187;41;21
823;627;38
358;275;9
382;58;15
92;546;46
717;31;30
651;248;47
4;235;20
981;142;2
781;221;14
50;203;4
577;66;8
53;431;10
622;178;3
418;978;38
735;140;16
895;346;13
311;240;43
661;406;37
891;100;31
335;499;3
413;926;35
845;526;20
82;783;35
266;24;30
57;308;30
588;577;23
180;381;34
425;19;49
534;929;47
198;891;35
882;471;48
49;440;32
920;99;6
670;175;9
515;419;40
434;38;16
280;90;34
355;428;28
668;768;4
75;810;32
108;9;47
407;27;11
893;247;13
207;318;43
781;50;40
699;20;35
232;872;16
110;576;1
225;550;19
457;25;22
124;108;41
754;623;21
727;750;7
391;627;36
711;318;48
204;472;40
402;417;32
324;177;22
193;224;26
290;294;30
893;522;7
521;456;33
325;460;13
264;904;28
661;117;7
142;821;33
826;265;38
904;516;30
300;934;13
366;549;34
272;519;45
768;801;31
42;598;45
913;422;20
334;728;16
743;266;3
879;492;40
926;663;45
623;588;29
267;733;6
109;683;32
227;339;23
444;120;32
962;235;12
193;582;20
761;628;14
340;139;45
507;290;31
976;277;44
888;827;26
393;182;30
944;854;40
798;555;16
11;100;36
948;158;35
602;349;44
338;85;18
592;327;39
96;433;3
378;313;26
455;433;31
936;369;35
323;794;6
784;232;14
92;337;41
350;761;12
231;82;38
402;287;7
27;730;1
471;696;42
121;699;22
66;246;8
599;110;5
581;544;23
265;291;4
892;268;32
511;514;36
120;94;32
600;11;14
75;322;30
655;909;1
315;779;22
903;306;6
791;509;50
975;662;2
648;500;4
436;747;24
717;540;6
332;329;12
809;730;35
543;254;2
892;313;40
683;886;22
491;516;50
697;814;12
887;116;38
644;990;7
864;56;47
662;528;38
804;403;47
364;426;34
568;258;12
913;259;21
256;517;18
355;881;50
508;644;20
518;242;50
812;261;42
812;919;21
840;380;14
301;42;32
544;388;2
236;853;28
19;52;11
185;801;17
763;767;14
226;817;34
117;451;45
360;989;48
348;343;5
958;923;10
429;913;21
300;93;48
609;743;40
541;1000;28
446;440;25
720;575;45
898;960;35
496;560;4
956;903;39
974;678;48
528;959;34
173;159;40
175;145;22
12;751;25
87;80;29
510;273;8
188;50;38
927;599;17
973;763;8
62;839;1
604;290;40
847;652;17
55;196;42
394;137;36
459;587;23
962;622;21
471;49;29
652;87;20
286;5;13
492;49;14
924;740;41
940;448;11
656;786;49
76;257;47
229;200;33
368;6;1
602;443;6
281;593;35
995;487;10
668;115;8
862;969;15
299;185;18
995;537;18
699;765;39
784;721;44
270;66;27
493;585;37
475;490;45
49;280;26
208;697;11
676;218;14
583;608;43
592;949;9
659;101;24
467;758;19
134;796;32
654;84;37
742;254;28
544;182;37
137;572;12
549;470;15
302;171;41
799;221;44
627;723;29
958;623;16
329;334;4
182;711;21
26;313;5
437;168;37
163;224;15
504;879;16
442;197;2
258;444;11
985;596;9
985;629;21
730;8;8
374;150;26
90;842;3
341;278;22
230;383;22
223;440;30
925;385;9
317;405;24
851;916;35
585;823;5
125;737;17
663;6;27
618;11;15
50;538;42
177;891;16
505;691;5
285;580;49
809;3;41
544;567;47
427;352;27
126;113;44
531;421;3
641;129;29
494;737;34
741;430;42
738;468;24
224;680;7
204;18;40
528;872;31
660;378;14
603;652;8
829;86;40
773;100;7
605;125;41
299;65;37
675;829;11
226;871;4
810;581;16
795;720;14
584;297;38
738;558;2
736;916;40
9;912;47
548;145;21
625;707;45
790;396;31
487;772;23
963;163;5
195;135;21
798;577;24
866;959;1
425;222;35
626;951;47
814;614;38
153;985;31
470;74;31
358;625;11
500;396;5
419;374;19
441;305;50
608;48;28
879;548;23
188;513;13
113;670;33
34;729;24
290;149;27
651;200;28
759;936;45
165;688;35
427;225;20
907;656;16
33;875;4
503;662;45
233;473;44
133;921;16
568;107;24
656;81;44
771;2;43
838;412;44
297;62;45
137;990;42
269;756;39
282;600;32
248;102;35
649;235;27
190;775;29
797;332;43
537;935;4
436;173;22
636;154;11
745;886;19
529;395;16
378;153;37
248;824;19
737;609;5
459;352;14
512;39;49
981;664;10
258;429;45
557;147;15
230;961;29
260;96;16
393;825;9
985;228;19
349;1;11
155;390;39
917;531;47
512;93;5
19;681;25
667;452;29
26;847;3
929;8;34
230;805;7
544;222;12
78;189;17
192;148;19
467;363;26
563;778;46
322;539;8
921;547;9
291;364;25
907;669;33
701;283;20
941;627;45
578;37;25
370;275;3
764;352;11
428;618;21
803;799;23
762;406;39
538;531;4
55;436;40
17;86;40
912;774;41
917;897;30
327;157;41
938;133;40
878;731;17
394;874;6
198;951;40
202;171;20
270;50;50
775;917;8
743;783;40
436;514;18
962;316;25
836;268;7
787;852;39
259;483;49
722;369;9
932;401;19
376;984;40
870;648;15
139;897;2
848;149;27
751;448;18
873;406;33
617;499;46
651;625;26
17;638;19
440;942;38
761;749;48
240;963;49
374;886;10
358;640;6
901;51;37
88;983;25
258;229;12
660;956;30
341;45;1
577;711;21
189;102;2
348;45;23
470;425;33
233;313;25
223;536;28
893;195;33
763;128;39
192;740;18
158;122;25
752;221;39
829;931;22
220;445;20
677;775;25
593;520;47
351;733;7
622;597;44
658;309;41
953;320;13
810;819;47
699;567;21
107;247;18
903;913;29
106;184;19
325;145;15
133;611;29
23;465;46
780;526;44
72;681;11
241;94;14
194;741;33
997;782;21
985;48;28
996;340;9
53;957;4
624;71;43
817;880;21
739;876;36
878;198;33
763;380;4
537;814;12
273;321;15
560;172;11
287;232;25
894;556;39
293;596;16
407;481;1
978;797;21
908;94;10
235;285;42
246;150;30
171;170;46
631;142;20
455;673;43
61;227;12
169;274;32
388;214;31
953;726;16
848;525;28
560;24;11
239;691;49
193;691;35
267;61;45
674;728;48
855;649;24
431;715;39
41;848;49
238;905;48
373;246;46
334;360;29
915;144;3
496;934;3
818;294;7
358;980;35
622;813;50
444;772;1
158;848;44
211;251;31
244;215;1
208;389;49
812;756;44
303;950;18
612;404;19
461;642;32
324;403;49
160;761;4
917;18;20
594;527;36
442;849;40
870;21;50
534;81;18
934;47;48
498;433;17
357;480;38
856;712;16
376;216;15
166;165;43
914;552;25
268;785;28
69;106;2
894;600;6
652;127;36
769;107;41
292;889;10
743;698;18
706;553;9
597;555;14
457;666;8
503;615;7
44;137;32
653;782;31
381;185;17
728;954;21
39;839;22
983;279;25
870;800;4
747;354;21
708;433;28
66;858;8
274;12;23
80;538;15
299;417;33
578;559;31
637;79;45
953;393;12
256;162;15
939;635;32
618;384;1
464;38;47
339;789;8
968;959;35
795;776;27
834;253;11
972;196;16
405;929;40
964;268;37
49;186;8
955;754;1
970;494;5
790;692;17
835;177;23
886;682;37
742;45;50
112;571;12
971;814;37
315;426;15
539;798;21
352;595;31
307;705;35
637;563;2
859;369;10
824;668;18
547;618;31
716;431;10
47;684;37
380;801;31
282;362;38
373;367;28
960;435;15
696;560;15
287;163;1
280;543;48
404;539;15
319;644;39
635;639;35
247;207;41
294;361;30
70;616;20
126;731;2
139;263;11
531;213;27
719;259;27
44;775;10
306;447;6
493;700;45
626;402;12
900;126;19
869;354;11
686;91;20
272;759;20
548;784;39
245;686;16
651;423;31
568;372;22
963;128;26
765;754;9
554;888;9
770;964;21
723;472;3
851;147;31
633;518;11
810;343;34
825;449;2
688;579;39
333;275;8
693;255;22
300;647;34
134;216;34
500;607;45
80;828;12
639;642;42
9;814;39
327;627;9
182;304;27
68;536;26
718;513;10
912;740;48
248;952;19
519;614;49
935;698;9
492;785;45
144;216;44
795;269;4
64;620;17
925;800;22
735;66;45
755;858;18
307;363;28
910;370;20
789;698;21
248;207;33
975;985;16
628;54;2
942;113;21
188;981;40
119;630;1
206;466;42
194;533;27
528;915;5
47;546;43
313;382;20
454;58;50
503;689;34
361;777;4
827;811;12
527;279;19
566;758;36
381;380;19
114;528;19
958;359;46
39;665;1
504;813;12
397;578;49
299;724;43
497;90;38
877;800;2
935;743;40
265;578;46
552;608;19
57;628;7
351;129;23
718;617;35
332;447;39
348;113;35
416;84;43
690;355;41
313;987;10
868;325;18
890;842;1
491;279;45
283;843;12
387;90;15
252;542;39
433;741;36
294;759;25
387;801;22
941;548;12
455;535;26
987;939;50
231;588;29
462;987;14
442;772;15
454;795;26
359;922;22
442;625;20
561;511;48
340;165;47
623;419;34
111;626;35
448;789;19
641;508;36
237;298;2
724;460;15
505;532;8
191;903;50
397;649;39
410;258;19
880;791;14
907;975;32
291;568;46
56;35;48
834;982;10
593;406;20
508;447;3
103;102;6
131;490;40
86;729;27
298;995;44
989;252;15
650;199;37
46;684;18
483;997;38
326;482;50
211;979;45
852;605;11
4;844;16
229;930;23
904;556;8
230;159;22
255;69;5
296;909;31
619;727;12
291;156;11
574;65;38
682;583;7
27;627;36
300;935;22
435;4;28
258;239;28
682;524;9
271;245;23
310;990;4
402;674;37
128;411;31
114;686;4
538;369;29
730;459;31
311;404;20
556;477;35
917;530;38
83;554;16
404;496;47
335;249;33
474;701;21
801;574;8
613;530;46
642;78;30
212;465;15
896;927;29
4;774;32
27;141;47
386;778;28
872;773;25
671;995;20
896;923;3
241;124;5
827;87;36
731;762;38
622;337;1
771;540;25
235;361;27
964;191;26
602;313;21
386;835;31
538;909;4
962;653;27
277;937;48
920;908;10
178;892;48
651;926;1
108;62;16
287;724;6
403;898;30
168;528;27
125;431;41
624;201;27
595;483;7
918;765;5
381;492;40
59;938;44
336;262;14
138;113;32
182;506;23
170;286;41
650;749;36
809;575;8
878;894;23
322;304;27
660;78;39
434;957;41
497;562;37
807;199;35
786;66;23
522;548;13
137;200;35
11;500;8
501;943;28
891;325;7
300;129;14
130;172;27
649;563;42
321;734;32
266;825;41
29;669;28
697;520;14
402;467;4
698;186;20
66;805;6
569;663;5
632;735;50
226;11;25
45;166;45
673;506;3
269;618;2
395;492;33
189;565;47
314;218;50
683;397;45
367;104;33
733;161;29
1;578;8
198;41;21
571;359;25
765;952;33
185;854;4
247;703;21
910;29;48
364;621;45
999;28;37
968;481;29
19;83;41
869;461;40
509;373;47
862;222;5
658;105;42
427;769;37
584;280;36
318;219;47
458;862;9
955;893;13
494;244;11
144;957;1
571;150;39
421;270;11
647;391;23
618;580;23
680;998;41
566;235;41
405;208;31
994;594;7
81;877;19
669;434;43
670;22;6
378;697;25
309;786;48
424;819;42
694;74;23
361;51;5
590;197;22
394;777;23
99;648;8
371;956;40
727;51;33
427;739;42
969;142;37
238;475;4
720;275;26
541;314;19
333;790;3
218;694;11
826;543;7
615;349;8
446;422;6
386;123;4
501;153;10
975;561;16
749;658;50
252;883;19
46;939;37
113;812;12
189;914;40
970;73;9
294;450;45
519;351;47
655;758;19
603;962;34
589;543;28
732;27;47
389;90;12
771;245;26
262;555;31
497;540;44
606;759;9
203;453;14
154;266;50
458;473;1
213;816;19
144;610;36
462;591;12
252;343;11
463;303;4
229;849;38
914;874;3
781;898;5
842;469;11
629;753;44
561;425;30
192;229;35
327;435;26
787;617;16
434;388;13
785;933;22
831;656;40
4;986;23
710;902;35
463;934;24
716;694;26
463;324;47
269;438;35
296;946;14
552;218;8
280;699;46
788;307;25
45;854;36
657;856;22
836;405;13
205;862;25
971;547;13
279;250;28
879;290;40
595;906;12
497;429;41
587;10;8
72;88;44
768;942;19
932;342;29
333;657;1
133;946;38
52;190;7
1000;737;6
323;722;13
574;607;34
866;565;11
780;297;46
78;50;21
911;48;27
91;26;41
162;91;48
46;772;21
207;167;20
453;997;19
853;67;30
138;90;18
160;290;16
385;800;37
931;209;4
990;415;41
168;444;24
808;775;18
607;190;40
151;592;36
671;967;21
87;878;37
793;324;26
207;160;50
285;54;43
794;840;21
444;19;31
803;14;46
128;993;42
413;255;46
114;184;35
49;548;4
919;721;46
982;773;43
575;169;27
111;117;28
574;691;23
175;238;37
336;709;37
943;411;27
310;66;49
207;40;20
919;231;29
526;699;34
872;364;42
273;616;40
293;121;14
276;223;28
551;134;4
829;555;21
779;254;25
117;799;47
255;187;38
803;765;16
350;184;37
381;572;47
926;575;3
191;937;10
230;592;26
122;434;8
869;193;3
575;934;12
546;213;49
698;777;25
651;831;8
992;218;33
323;476;33
109;727;12
70;811;17
574;7;30
266;990;47
789;700;4
671;811;41
315;111;48
592;288;5
578;827;6
506;838;30
343;732;1
770;764;34
610;329;46
974;889;36
799;528;5
957;766;34
701;604;14
927;809;14
585;702;22
101;738;24
838;746;5
358;323;50
676;36;44
173;881;44
453;628;27
849;31;28
669;126;29
691;530;42
513;110;6
389;315;24
332;592;26
563;478;17
923;381;50
580;579;26
382;80;46
613;660;23
573;485;6
653;493;9
299;189;10
237;572;8
65;165;10
223;539;20
337;416;28
446;767;45
173;904;16
578;865;10
177;949;32
195;788;17
3;338;4
898;838;35
405;846;13
555;774;4
543;596;46
976;295;21
292;205;48
143;234;33
34;422;33
872;367;11
340;228;5
834;133;16
715;191;26
441;394;49
478;842;1
172;602;3
924;946;15
628;600;34
305;588;17
404;210;28
187;88;9
164;6;10
293;407;35
730;709;50
790;493;5
806;8;32
177;742;7
990;709;22
153;986;34
245;187;5
551;84;20
407;618;44
788;46;35
477;438;22
995;335;29
162;577;35
964;240;4
826;488;15
99;503;8
86;294;7
499;340;12
813;540;28
72;266;41
602;817;17
948;72;18
659;289;7
51;181;44
251;469;41
918;531;19
906;597;29
588;401;31
740;604;32
402;450;36
80;561;42
861;272;22
35;743;43
223;272;14
289;656;2
267;795;10
101;75;31
209;457;29
581;809;32
501;242;34
550;597;38
818;162;21
684;612;2
214;103;4
529;254;28
424;384;34
832;904;43
589;279;37
56;306;29
614;330;30
909;843;30
45;893;10
431;67;47
255;797;14
319;394;17
230;741;32
890;483;38
156;683;49
801;455;29
250;579;28
584;431;40
22;744;44
813;722;40
61;101;12
388;880;2
615;458;35
837;144;4
221;292;14
535;499;19
146;610;2
813;840;21
456;786;35
229;489;35
346;909;5
643;285;17
699;705;12
330;729;42
552;953;31
20;613;2
431;96;9
615;738;38
614;749;33
364;983;17
526;298;24
454;493;2
96;58;32
890;818;11
884;309;41
166;560;26
890;111;7
269;2;26
513;236;6
357;566;33
164;308;8
215;333;3
315;298;42
8;634;36
545;381;8
110;667;35
393;788;35
767;610;42
337;197;15
347;953;10
910;642;19
209;48;32
69;84;38
910;984;43
345;151;19
983;527;25
579;449;50
340;967;19
344;202;31
23;737;20
653;508;7
848;492;14
596;970;47
358;878;21
119;714;4
715;15;7
212;561;5
652;625;45
947;330;7
837;341;5
359;731;19
35;422;1
874;363;43
349;794;49
771;687;8
455;870;5
852;719;28
471;382;37
701;419;10
541;474;41
594;235;26
814;435;8
721;25;12
70;397;9
571;355;27
850;483;3
474;718;36
330;490;26
816;568;13
967;821;32
788;200;9
37;55;50
975;815;21
7;319;48
311;683;15
393;656;24
309;104;47
829;830;27
542;280;43
184;560;12
701;199;17
463;577;9
492;585;14
356;130;9
319;339;4
886;716;28
88;388;8
469;797;22
674;321;23
811;881;28
887;874;23
86;749;30
722;396;23
409;25;26
239;692;25
156;22;17
989;499;30
474;993;13
28;530;31
252;451;19
527;519;34
520;64;7
763;601;25
416;708;32
191;591;29
442;765;11
156;287;20
822;526;16
482;594;29
600;831;33
404;789;9
566;196;15
211;569;8
820;596;44
855;81;19
238;371;43
956;935;32
670;668;4
852;31;4
859;987;49
391;382;1
331;614;25
386;147;48
942;592;27
950;55;5
634;208;22
464;172;44
201;968;33
233;269;49
877;981;45
658;895;10
965;447;28
278;831;42
551;375;32
815;525;29
393;678;19
732;632;13
935;357;33
335;788;34
945;674;20
720;981;49
416;663;14
258;382;13
761;104;8
985;715;29
58;388;13
91;737;1
101;582;40
599;546;44
666;45;24
867;932;25
790;612;42
286;114;50
995;979;7
425;185;28
595;777;13
826;368;5
439;172;33
758;389;26
329;906;20
187;670;32
77;164;19
471;432;5
857;572;8
312;348;8
472;694;1
620;234;13
741;322;39
57;431;35
720;610;37
133;148;1
758;946;46
157;877;22
672;153;13
748;231;34
150;921;39
114;145;44
381;877;11
501;828;44
141;383;24
371;81;33
143;156;12
929;464;32
530;997;16
85;730;47
814;812;48
489;490;42
520;786;17
186;869;22
523;832;41
919;900;10
698;309;18
295;960;44
313;833;9
912;443;24
148;941;29
274;428;17
310;465;9
918;940;50
424;827;17
491;142;5
787;657;43
762;452;11
66;448;27
452;149;14
614;875;30
470;835;49
81;939;27
915;687;28
104;689;40
288;165;6
658;490;44
877;264;29
15;821;2
681;870;23
410;586;36
542;320;43
888;531;40
349;385;40
137;17;43
43;288;33
265;818;16
438;388;24
134;528;12
113;497;15
186;80;27
89;882;33
915;909;14
502;17;6
191;955;35
97;997;3
261;830;41
262;371;33
156;972;10
17;960;34
911;66;48
625;786;43
260;215;2
916;110;41
69;969;4
112;90;49
447;910;50
872;298;17
9;491;1
528;626;29
375;428;40
185;82;24
723;534;6
837;386;22
598;694;37
674;433;40
856;358;42
455;812;14
550;465;24
145;501;2
28;820;20
54;446;35
85;811;44
808;2;30
210;736;8
862;769;5
57;780;24
153;463;23
726;281;41
414;769;47
47;404;22
971;683;23
433;359;42
464;474;6
418;981;18
231;216;18
461;788;6
111;991;10
683;677;12
708;55;11
232;165;27
731;621;15
444;657;28
353;158;6
944;835;30
195;240;30
316;792;36
503;317;15
789;298;38
87;307;9
853;320;15
433;984;14
493;997;3
113;277;43
64;824;1
609;303;22
770;540;34
486;671;39
178;738;39
816;865;2
6;732;45
501;468;23
463;940;7
897;366;37
519;433;44
124;288;8
324;259;22
178;755;47
254;131;11
11;225;3
530;675;44
737;280;37
761;18;12
783;387;5
294;175;24
344;709;31
721;575;13
972;150;41
454;464;42
165;427;17
591;409;10
246;770;20
701;484;16
304;598;24
776;921;29
549;220;15
63;366;50
545;488;39
640;554;5
792;869;7
389;888;40
747;465;13
270;255;49
382;100;15
861;673;49
95;996;19
277;612;34
878;860;14
148;223;17
150;66;27
743;319;6
708;89;31
771;555;20
496;832;14
558;131;26
363;646;18
75;951;11
933;171;33
644;978;26
436;510;11
974;590;49
921;167;45
720;871;32
700;562;7
410;98;8
281;690;29
105;356;5
926;209;21
260;393;5
2;374;22
828;803;41
295;369;17
541;209;8
225;418;5
476;376;1
511;824;24
939;151;26
229;4;35
599;36;11
92;997;14
239;447;39
482;285;1
840;533;40
554;953;44
670;77;21
832;657;8
790;681;3
520;796;9
150;10;40
880;441;42
663;322;12
51;495;5
784;649;1
135;831;49
921;4;8
453;389;26
925;457;15
571;302;27
214;947;17
224;629;4
790;869;43
547;131;48
91;856;14
411;265;9
979;743;8
812;620;49
660;674;17
943;715;9
808;203;9
902;540;33
414;522;14
803;74;41
479;528;3
350;648;37
882;215;47
267;512;27
302;56;23
149;129;31
834;505;30
559;997;50
711;775;6
62;239;28
394;753;8
439;421;8
510;970;20
925;686;13
837;342;4
164;842;39
554;591;15
428;648;7
690;244;45
209;750;15
299;50;35
399;310;13
651;461;18
560;721;33
405;711;50
264;932;37
401;810;36
753;731;44
870;435;28
541;441;8
358;611;20
69;909;10
114;157;29
318;192;35
399;602;48
769;425;46
864;410;38
331;134;14
349;46;43
677;316;49
752;885;31
459;56;27
456;388;25
675;853;12
404;228;41
120;200;21
880;833;16
796;204;48
480;63;12
254;596;13
633;179;6
86;416;13
712;195;19
11;339;26
361;478;21
266;318;42
740;245;12
952;117;5
759;322;27
530;754;23
515;482;4
271;238;15
27;642;8
223;132;21
657;443;33
237;231;11
989;720;37
120;722;26
942;669;15
479;258;50
821;621;21
774;93;26
758;310;13
378;456;11
286;166;20
500;659;24
22;651;10
339;632;16
878;608;12
139;535;7
833;973;44
462;678;31
397;964;2
571;103;18
159;724;11
890;693;45
256;374;12
317;355;45
823;868;33
217;123;49
499;424;37
374;757;39
634;564;23
174;104;28
24;773;23
262;843;3
771;917;1
336;235;29
624;688;27
693;230;31
670;375;19
244;921;44
372;490;12
6;109;6
156;406;16
736;99;19
87;171;29
533;90;12
417;475;14
458;43;27
442;921;41
372;824;49
562;527;33
615;434;15
37;508;41
699;247;22
382;705;29
728;705;17
430;275;17
726;540;29
1000;57;21
71;506;17
792;639;29
343;809;39
32;691;24
955;30;48
68;149;50
122;400;25
547;959;25
115;443;11
587;328;12
675;618;3
62;945;9
183;673;30
705;335;6
87;282;19
257;237;40
719;311;37
691;600;17
319;216;7
818;749;35
410;502;44
187;42;19
615;246;40
87;140;3
682;374;30
571;259;42
480;582;2
753;83;34
702;911;3
439;294;26
724;615;25
670;431;13
707;876;9
28;424;47
870;513;17
184;339;25
871;978;23
982;510;25
843;455;46
618;351;31
370;7;11
703;198;7
473;972;46
530;548;16
610;166;38
956;984;20
179;85;36
232;746;32
35;95;10
905;752;1
310;30;50
757;49;47
488;972;38
820;674;33
83;648;7
48;953;49
274;110;26
174;721;37
673;783;46
442;878;23
803;767;42
389;436;38
998;946;25
137;628;24
175;882;28
503;639;29
923;244;10
291;403;11
943;661;26
833;67;40
34;887;12
481;87;46
322;767;33
869;314;10
956;495;43
747;382;14
793;436;28
241;83;37
395;36;41
723;335;28
670;6;7
876;997;28
737;889;27
489;828;21
570;430;23
579;498;37
203;673;2
343;492;15
417;513;49
369;795;47
822;737;44
270;943;34
531;535;50
757;491;18
932;976;39
158;47;22
448;597;30
525;34;11
595;978;32
35;896;23
552;266;6
919;423;12
562;940;39
219;619;7
422;103;37
456;978;36
209;537;13
973;757;46
672;968;18
933;52;28
356;955;17
316;231;50
357;624;7
71;661;5
692;973;43
186;889;34
474;818;3
340;865;43
850;980;19
215;673;32
930;794;28
783;342;6
545;822;31
289;186;37
240;930;39
513;190;13
791;186;42
863;939;48
571;241;10
593;165;28
744;207;44
134;189;27
471;719;25
334;119;40
616;593;47
757;632;14
627;396;39
517;88;12
50;741;42
901;835;35
435;790;26
373;160;43
506;69;39
160;862;49
211;513;10
687;490;24
259;806;41
978;518;22
893;738;30
427;793;3
933;894;12
918;148;5
993;165;34
981;86;32
696;915;1
168;482;29
776;246;1
886;610;9
110;735;16
545;395;37
916;131;41
119;539;11
200;615;11
120;87;45
166;174;8
936;854;18
495;986;36
979;8;42
652;200;40
463;361;16
925;310;11
181;212;19
134;50;15
619;922;28
752;966;15
131;200;47
836;390;3
223;305;12
522;88;5
303;253;2
711;531;4
572;566;37
240;914;35
470;233;8
411;367;8
431;127;16
5;220;37
166;812;39
37;21;3
49;434;30
291;88;43
367;974;39
509;750;49
708;426;34
510;654;6
835;554;24
738;316;31
851;584;9
692;572;39
865;561;12
197;977;21
986;737;30
333;370;11
275;454;43
732;575;14
557;735;28
235;235;50
696;745;15
293;354;13
596;326;36
678;31;26
805;226;5
284;217;8
555;748;18
295;525;27
892;92;4
43;626;27
151;85;29
806;805;5
335;220;26
572;508;43
76;850;2
675;908;33
199;469;29
428;438;4
132;189;19
14;192;10
61;625;19
679;92;48
81;2;7
195;523;32
522;678;6
259;283;47
451;228;49
14;748;20
907;131;15
563;131;10
429;154;28
934;192;28
732;45;7
50;458;9
754;837;42
73;743;3
806;82;8
96;744;45
924;688;30
541;978;4
700;930;3
189;972;11
516;956;43
38;19;13
839;941;11
921;790;16
893;55;9
345;229;18
331;21;26
557;983;14
178;991;17
228;705;42
441;217;31
321;12;38
240;71;10
208;922;41
884;675;33
761;345;2
878;310;7
452;39;43
431;415;24
973;64;31
448;999;48
223;56;41
443;633;11
37;448;5
419;938;30
537;4;17
120;513;25
319;587;6
395;854;34
199;910;32
874;213;25
606;441;14
24;64;30
498;256;21
203;356;27
280;569;40
966;260;25
506;943;2
896;779;4
131;646;25
603;918;5
829;709;34
708;654;17
755;62;33
507;484;41
926;918;30
593;308;33
812;734;47
470;403;45
707;153;10
573;103;50
272;539;24
763;219;22
200;48;28
545;903;23
692;978;38
510;985;4
393;850;29
886;491;29
509;583;3
980;193;39
968;45;11
625;851;15
713;171;19
231;541;27
36;665;21
438;757;41
861;375;5
805;437;35
490;399;33
242;242;37
818;622;50
82;36;39
835;513;35
336;19;16
387;7;37
125;748;11
178;658;39
391;497;29
664;894;27
400;837;7
720;911;44
678;511;36
737;465;35
325;99;13
354;469;33
747;99;33
861;950;29
117;790;19
636;411;7
37;888;10
499;789;9
461;730;5
510;87;33
731;104;5
302;214;41
930;147;30
284;51;43
627;565;18
852;439;24
388;368;48
876;814;15
527;587;26
788;6;29
284;727;16
555;765;25
308;955;10
60;675;45
79;778;24
230;875;46
254;835;17
607;365;5
133;575;8
477;371;20
460;754;43
941;486;32
187;725;50
561;46;39
117;224;16
797;284;21
799;878;40
829;226;39
61;838;47
370;449;13
765;773;40
879;507;21
713;713;50
494;936;22
794;411;7
432;447;19
481;446;6
966;63;25
611;627;40
341;90;6
500;40;35
267;44;8
8;384;12
417;190;50
75;910;49
906;380;26
590;209;39
30;610;37
808;130;14
312;283;27
590;702;46
430;398;39
405;229;44
214;516;21
452;574;7
726;372;12
137;113;42
554;587;4
538;343;48
479;80;17
796;866;30
11;631;47
562;898;12
578;569;34
691;808;44
350;5;12
971;24;32
63;368;14
678;972;45
249;704;6
867;925;6
408;374;43
399;406;18
460;308;18
676;799;16
200;739;42
621;912;27
615;905;39
227;99;29
770;281;7
679;747;9
340;909;39
433;357;33
384;808;8
275;707;43
522;185;40
29;706;25
187;827;18
509;760;40
411;309;47
401;259;33
161;248;47
419;376;5
617;416;47
471;61;38
345;273;33
917;415;19
403;143;29
803;166;5
241;487;29
292;486;31
752;240;17
677;643;49
153;636;11
499;780;6
194;879;39
651;799;43
208;518;6
593;216;27
654;85;50
399;68;17
967;354;22
549;241;12
746;283;20
382;395;2
445;682;49
354;139;9
640;44;3
63;137;30
454;252;19
647;157;41
232;270;24
893;908;30
36;84;37
950;423;29
181;989;1
970;67;24
878;86;26
335;408;44
6;68;9
257;403;1
69;659;4
369;454;2
670;905;10
455;758;38
164;926;16
604;470;31
206;796;34
271;894;45
519;771;7
173;155;39
126;803;22
672;208;38
124;404;25
767;915;49
451;118;16
140;821;28
534;417;23
659;708;26
883;346;2
286;226;15
16;330;21
676;525;16
836;916;26
616;944;44
406;627;14
250;448;39
739;740;22
48;487;21
494;44;34
857;646;22
649;187;12
926;916;14
37;379;26
52;715;2
576;2;38
115;777;6
231;832;1
572;79;40
820;969;9
688;948;28
70;459;9
431;958;34
806;777;7
513;128;44
931;285;45
431;39;19
570;23;44
558;248;15
889;713;16
664;544;6
872;710;24
621;387;32
350;374;11
509;971;9
144;80;12
502;434;17
525;100;18
73;713;34
511;904;46
844;197;1
855;183;49
997;179;31
407;359;39
396;724;2
847;67;46
203;729;31
652;937;11
804;882;1
300;325;13
437;4;6
505;563;1
570;740;26
153;795;22
634;270;8
321;836;11
87;72;27
519;89;16
610;405;17
951;169;47
484;656;45
591;876;43
148;958;28
56;144;38
653;21;9
159;241;34
896;951;39
363;380;43
670;186;43
663;51;12
405;744;21
506;802;47
346;491;31
529;437;4
532;653;21
344;729;42
206;232;25
704;421;13
436;809;24
175;493;11
807;331;34
861;351;36
568;750;18
649;516;49
892;799;12
91;942;6
204;287;32
541;477;26
301;164;41
845;965;42
111;154;26
181;452;37
50;186;28
433;83;35
835;717;2
57;699;9
456;273;41
196;292;10
473;372;29
187;380;31
630;401;21
506;92;31
88;877;10
919;873;38
670;492;33
344;911;8
757;552;29
150;773;36
654;293;33
359;771;24
860;870;19
7;116;48
541;676;8
351;510;34
413;749;29
849;438;6
67;897;22
942;35;12
355;549;10
320;962;2
297;162;26
764;823;4
854;291;3
722;141;12
887;898;13
925;842;17
897;568;9
166;498;41
596;486;18
778;297;20
942;708;42
290;772;15
519;534;19
756;280;15
622;52;39
959;543;44
349;62;40
917;836;50
69;557;1
914;845;19
3;87;36
534;174;13
450;85;21
904;933;15
490;582;24
391;539;47
341;413;34
710;495;29
698;215;37
591;305;34
578;956;29
611;131;13
366;687;13
992;211;8
386;323;10
804;423;23
671;260;33
749;717;33
185;545;5
579;776;2
604;90;45
123;915;6
739;803;25
428;720;37
503;508;12
162;898;8
617;282;37
565;934;49
331;172;33
367;226;3
8;272;46
440;461;23
121;689;41
599;451;32
640;528;8
479;331;4
737;43;45
705;172;44
994;345;42
675;842;28
509;205;9
601;411;9
956;304;11
67;60;46
433;566;21
957;925;7
751;407;24
909;984;34
102;885;26
470;487;30
585;942;7
235;409;37
773;104;14
221;149;17
436;452;9
932;598;46
720;552;12
831;199;37
901;1;38
61;132;16
685;924;17
87;316;41
250;997;42
731;313;28
643;679;9
886;749;34
579;133;5
959;67;21
415;976;7
354;467;42
354;271;12
382;5;14
448;134;28
360;685;17
246;683;9
898;114;8
133;133;10
335;434;42
890;467;48
162;594;33
456;864;39
883;164;37
467;817;10
138;33;12
771;228;15
283;117;11
494;860;41
808;664;10
712;917;14
96;107;4
304;7;50
459;213;47
974;632;41
522;589;15
896;919;40
641;156;42
127;854;11
336;857;32
975;862;14
692;263;13
463;201;34
684;486;14
617;233;15
49;866;7
383;694;49
673;972;3
164;10;3
599;559;48
638;182;35
579;220;32
54;339;47
839;89;24
73;329;25
729;210;22
75;920;24
533;589;3
857;321;34
961;101;10
284;71;23
850;331;11
162;608;43
561;912;43
52;527;38
308;699;32
491;782;13
53;515;16
509;234;9
436;371;13
848;953;45
705;819;34
664;457;27
19;853;7
821;560;38
81;691;48
226;166;37
558;282;9
472;604;4
226;18;46
91;882;9
850;183;31
116;336;35
671;890;37
832;51;30
933;669;38
716;970;27
167;206;36
71;672;35
299;677;16
132;763;49
98;328;40
431;315;40
729;772;43
133;789;14
998;85;48
820;676;25
352;864;5
291;97;1
213;796;28
818;650;8
450;725;17
469;438;34
226;90;50
40;856;4
439;903;46
176;452;39
339;973;9
225;861;42
49;872;6
891;518;47
805;764;13
578;274;40
765;618;4
985;740;35
465;810;27
704;744;19
368;266;25
97;415;35
613;759;23
166;218;36
198;802;25
245;820;15
492;964;19
851;397;30
833;644;5
234;838;25
949;83;34
504;491;36
215;251;43
612;111;22
261;877;27
705;245;16
583;254;31
728;347;37
694;101;36
535;460;12
681;248;6
305;586;10
628;755;21
55;749;35
21;314;16
118;771;3
453;52;6
420;999;41
961;255;10
150;219;19
806;444;30
424;774;32
110;656;45
2;789;48
430;677;4
333;253;12
368;887;35
659;177;50
738;152;19
752;17;16
756;180;8
646;20;32
415;395;49
239;941;36
455;744;41
402;207;17
490;93;9
348;296;5
999;665;26
201;911;26
265;125;48
804;127;16
385;679;24
128;307;31
979;473;11
23;46;30
170;738;8
196;234;45
588;609;27
52;721;40
34;965;5
154;522;45
315;496;26
824;33;5
610;99;50
546;85;29
318;34;44
107;354;14
799;260;6
337;207;8
884;808;1
272;393;7
464;533;13
456;180;9
98;996;43
55;490;47
249;250;40
101;214;8
855;674;18
72;471;16
899;313;21
461;810;13
402;421;28
931;212;20
372;466;50
27;587;2
877;528;11
199;890;46
82;653;18
558;245;22
578;230;5
888;843;48
803;267;13
107;669;19
486;256;11
393;518;47
474;158;8
698;5;13
414;684;11
302;400;37
994;698;31
412;49;37
891;256;33
505;396;14
713;934;29
629;210;7
705;248;12
623;978;47
898;820;46
797;336;47
134;864;10
711;301;44
591;546;33
661;394;42
281;397;49
803;222;39
921;660;8
206;531;30
980;462;24
183;742;18
533;897;27
661;492;44
48;976;42
599;188;43
323;913;21
490;873;10
12;814;1
623;987;17
373;257;15
415;906;31
665;879;32
682;823;2
938;254;3
158;344;17
965;729;44
900;285;29
909;662;5
59;177;30
147;186;13
43;292;41
149;245;8
824;801;9
611;375;11
833;203;31
699;204;11
391;166;8
891;933;10
397;464;11
203;908;44
849;39;2
289;421;21
472;59;8
816;209;46
845;514;21
404;828;50
228;69;49
168;370;14
612;896;16
902;880;26
599;544;18
272;636;29
825;861;8
689;975;48
782;692;18
292;895;32
78;184;33
651;736;44
29;292;40
703;569;42
545;173;34
31;908;26
579;11;5
850;615;12
572;939;15
594;431;5
579;6;40
444;915;2
83;975;17
967;544;41
982;71;38
814;888;50
328;379;13
504;984;36
452;419;30
544;425;28
339;706;45
256;991;25
778;322;31
996;576;12
117;316;1
50;41;12
382;601;18
574;98;49
819;626;31
256;207;1
574;164;18
998;744;7
271;110;8
513;322;4
527;301;49
939;906;36
554;202;35
979;722;37
722;332;41
141;645;46
221;546;26
368;173;11
402;114;4
558;843;9
166;215;43
65;770;3
241;191;45
549;90;5
736;762;31
100;116;27
280;116;6
232;53;22
114;434;18
66;412;22
181;566;8
836;831;31
226;835;48
674;14;44
152;256;41
227;768;46
754;685;41
492;909;41
711;771;29
179;366;22
671;621;44
931;267;18
216;516;6
365;925;44
122;715;8
789;611;24
258;402;6
16;817;36
633;876;3
113;740;49
133;65;38
492;19;12
693;711;33
538;420;16
134;239;48
667;840;5
234;964;27
632;97;1
428;282;17
231;965;17
573;574;24
74;318;31
964;117;44
413;601;15
139;795;2
128;370;38
340;280;23
809;737;44
135;564;6
867;372;2
70;109;21
65;410;30
580;622;50
266;422;7
643;182;25
727;254;6
440;866;48
254;275;4
404;371;6
415;372;9
289;384;17
110;30;16
54;239;37
992;311;36
631;123;31
485;57;14
411;155;12
543;146;6
469;685;14
455;542;46
865;539;27
254;190;11
510;203;3
708;174;26
369;284;49
811;65;2
488;499;44
172;52;3
660;304;12
661;164;30
871;88;29
129;556;41
724;505;3
193;240;7
657;248;46
514;998;28
774;146;30
130;141;13
209;476;17
499;545;43
425;251;29
111;952;10
915;135;49
827;166;31
845;956;15
30;167;37
796;826;32
159;434;8
529;353;23
566;971;40
858;875;14
523;376;23
106;812;35
138;786;44
103;221;18
303;793;45
524;522;40
968;599;38
174;938;6
350;680;37
816;891;28
937;880;36
807;437;41
826;383;33
922;605;6
587;203;15
765;212;16
420;648;8
52;116;31
386;765;45
162;507;43
544;97;20
691;880;18
493;624;50
108;298;49
789;559;33
125;385;46
627;175;37
62;952;15
803;549;19
349;911;39
125;841;7
686;817;35
995;58;36
64;325;24
142;922;42
831;548;45
644;928;23
809;472;50
728;293;38
187;108;48
123;990;4
170;579;35
595;735;6
644;392;34
450;983;44
723;992;25
830;543;10
651;48;49
368;784;27
105;842;18
181;49;12
543;70;8
903;700;45
747;888;47
567;56;2
16;189;8
962;500;14
27;931;23
523;897;5
829;412;20
729;711;4
785;908;12
738;667;47
693;871;33
545;703;38
661;925;8
649;322;29
108;605;25
120;935;27
332;760;19
119;43;1
841;844;38
403;63;7
368;434;18
121;364;11
57;185;40
269;586;8
333;548;22
724;578;16
871;994;19
883;857;33
184;371;31
334;725;8
50;76;32
766;589;27
633;42;8
896;396;33
297;599;27
433;350;31
406;481;11
362;116;14
42;494;15
989;771;24
28;990;41
892;797;41
904;962;48
751;705;49
138;809;19
152;329;46
552;908;17
595;137;19
396;814;1
629;666;4
959;257;30
833;337;22
832;234;26
368;62;15
715;671;28
701;142;48
49;728;30
972;730;19
972;623;41
461;76;35
822;669;20
512;793;29
814;676;43
563;963;42
630;631;39
528;936;13
909;513;32
850;118;23
539;220;44
725;320;11
268;807;15
972;442;15
664;342;33
366;575;24
835;180;43
873;433;1
120;188;2
280;131;10
251;976;20
468;681;10
324;227;24
114;19;33
481;505;5
48;125;19
945;332;46
578;12;39
204;519;44
311;479;41

