500
12608
3000
97;46
50;78
62;34
40;99
79;49
17;44
7;57
55;15
78;7
94;51
87;60
55;84
59;63
54;38
16;65
86;83
42;39
25;12
57;76
55;71
40;66
81;46
46;22
31;20
84;80
29;13
91;81
95;89
60;48
76;70
10;97
22;2
90;85
9;99
18;67
90;10
93;80
2;24
56;29
100;61
11;59
71;71
10;28
93;14
30;41
62;26
24;41
41;62
57;23
34;49
45;12
96;91
38;36
65;5
44;75
33;42
43;74
4;29
57;83
97;72
99;2
96;44
70;85
38;8
23;31
68;72
53;18
62;51
3;18
31;80
62;47
63;2
40;75
20;15
23;62
30;75
5;50
46;50
49;94
86;47
68;79
75;14
54;98
28;5
64;10
7;59
19;94
14;77
70;19
80;53
4;63
77;38
21;39
52;6
69;19
1;60
88;79
4;69
13;75
17;82
52;20
49;32
26;78
13;29
73;61
74;71
69;96
14;41
75;75
27;67
17;40
70;87
63;89
10;3
33;24
50;29
21;79
81;65
91;69
53;39
89;3
48;85
1;100
84;45
88;66
2;32
73;2
86;71
61;47
29;34
66;92
55;39
34;20
83;1
23;38
22;1
77;87
53;51
97;92
60;18
54;82
8;43
81;92
4;20
69;54
93;40
21;8
27;87
78;31
100;40
2;58
43;59
43;62
89;57
60;42
54;3
45;57
95;83
7;10
33;59
77;58
74;64
9;10
55;34
86;28
26;2
2;64
25;44
61;4
52;84
63;4
73;13
19;37
15;96
44;28
1;19
39;19
24;98
75;5
51;56
91;15
15;26
90;100
24;5
57;73
35;38
32;61
62;99
71;59
62;6
38;35
76;17
41;33
56;77
54;78
74;84
43;3
46;34
7;38
79;57
65;56
32;76
50;14
45;10
5;70
29;45
28;30
41;17
69;31
64;35
50;3
29;14
91;69
23;21
47;91
35;93
90;94
97;94
62;54
49;69
68;85
17;88
55;53
69;70
20;98
86;75
12;90
51;32
51;81
94;3
54;77
8;88
100;79
41;45
63;65
95;97
22;19
49;61
70;12
39;61
98;50
49;1
12;54
14;7
75;59
39;12
70;91
29;11
87;95
56;31
46;23
46;98
89;41
5;31
77;88
8;69
87;50
13;33
76;88
83;9
55;82
83;24
61;82
83;70
71;29
22;89
17;65
92;79
98;19
53;66
37;40
80;79
91;20
46;50
34;39
21;30
78;75
21;91
31;76
38;20
56;23
20;24
71;2
26;16
97;44
97;70
54;61
30;22
25;42
5;38
6;23
14;81
82;54
28;25
15;8
37;13
94;7
8;50
1;10
23;74
2;18
33;96
30;41
67;2
35;13
80;68
91;36
35;59
37;55
78;10
17;6
69;98
84;1
84;33
98;17
53;77
73;35
54;34
51;70
55;17
12;73
65;60
37;27
28;27
49;98
99;26
74;35
77;19
40;15
14;71
51;56
37;100
94;100
83;9
25;84
78;53
39;17
75;54
81;47
92;62
32;50
69;14
18;69
3;15
96;76
60;10
75;74
11;87
53;49
44;85
23;81
11;74
90;95
46;46
62;60
12;15
35;52
81;72
51;63
20;6
78;15
54;64
86;60
50;7
78;73
9;58
9;23
34;97
43;65
94;84
37;98
19;7
78;20
80;77
39;18
51;5
100;33
26;87
37;12
31;40
96;21
86;100
28;17
49;49
15;32
83;89
45;6
78;62
53;34
9;21
54;12
78;88
95;89
49;50
3;40
93;77
29;58
39;56
87;3
42;59
54;91
18;71
34;43
49;43
48;33
96;12
74;28
82;62
15;29
16;12
5;3
33;31
11;81
93;100
27;74
49;98
32;8
42;87
29;29
100;18
95;55
93;15
30;82
27;80
12;39
78;7
38;82
55;85
11;61
62;9
7;33
28;91
33;85
6;85
69;33
22;36
82;30
60;36
39;70
64;45
38;80
42;62
62;31
94;20
2;77
36;84
19;48
9;22
73;95
60;81
87;62
56;73
37;74
85;100
91;89
9;46
81;68
11;84
34;76
64;71
50;36
18;31
24;99
12;22
52;30
92;48
46;96
21;84
31;93
69;88
58;50
56;90
60;11
78;47
13;29
58;63
56;43
20;47
57;63
19;100
57;65
40;4
90;79
46;49
6;53
35;50
35;50
27;38
25;52
28;70
35;4
35;83
4;29
90;89
58;79
16;99
50;65
29;34
28;88
67;9
256;52;10
284;234;43
171;142;46
73;442;5
1;315;17
412;70;6
313;347;30
131;227;49
285;415;8
375;195;16
115;388;6
431;172;30
288;227;29
217;161;4
190;32;31
193;92;20
373;122;47
495;151;34
454;2;24
169;60;41
248;293;21
109;433;11
73;56;16
62;56;41
76;325;2
483;36;15
114;255;17
232;402;29
238;153;50
497;341;33
173;441;34
462;79;21
171;145;37
390;250;10
270;109;12
58;217;10
60;435;35
46;495;40
197;129;13
126;174;24
57;87;33
48;441;42
298;31;33
190;367;36
27;169;31
34;57;21
195;397;34
279;294;1
444;92;50
324;348;1
452;61;22
311;22;38
374;347;31
124;203;41
342;1;23
422;424;11
59;124;41
136;239;9
336;268;21
485;99;3
280;153;27
158;378;40
346;479;20
47;496;31
101;478;9
160;220;17
119;144;38
456;405;47
417;17;30
149;17;45
119;456;7
299;329;47
219;86;2
3;232;29
54;173;4
461;430;25
420;27;18
116;378;34
469;350;49
75;434;17
200;208;8
258;342;41
223;395;29
76;194;32
93;100;44
33;60;31
63;33;25
291;137;30
243;147;49
345;196;44
45;186;39
25;162;10
307;372;20
348;17;14
286;271;15
292;82;16
397;343;2
173;272;23
78;151;13
272;93;38
125;433;2
348;68;17
494;200;43
247;479;40
239;256;37
9;11;18
99;166;21
475;204;15
431;218;47
102;359;42
234;367;29
440;169;42
273;2;16
213;183;14
65;222;49
453;185;48
4;361;50
58;120;17
59;164;19
408;232;14
287;59;39
334;76;27
473;357;14
134;74;39
13;425;6
187;111;30
17;385;3
373;117;44
2;268;31
94;161;33
455;210;1
428;122;44
123;77;33
8;80;46
462;274;50
401;290;23
421;353;35
53;219;22
477;297;33
382;453;37
380;305;24
447;204;43
1;277;48
39;78;48
139;17;7
182;191;13
372;107;36
348;251;48
309;221;27
177;168;23
211;111;23
322;405;12
74;324;10
88;239;4
56;412;32
101;355;50
131;485;35
337;343;10
382;49;36
269;493;3
281;342;45
398;76;6
150;452;45
466;111;33
116;316;47
329;150;2
136;392;17
166;476;49
298;161;30
456;284;38
480;323;26
500;113;5
14;60;45
164;5;43
371;319;3
331;407;22
154;335;7
3;311;47
70;6;30
243;455;7
218;448;45
167;422;41
494;56;26
121;304;27
174;474;8
486;229;32
369;248;49
438;478;29
188;20;21
5;256;7
181;340;9
44;397;36
343;7;31
317;497;20
147;94;44
480;1;8
136;208;17
243;473;43
31;392;42
241;55;29
312;412;10
81;157;21
144;301;34
227;85;42
94;493;23
465;367;18
270;33;17
249;327;20
391;63;27
422;279;7
225;279;39
488;97;42
67;52;41
483;208;17
180;94;29
196;500;21
402;197;43
333;101;33
26;485;43
5;114;8
329;293;13
354;448;23
195;433;39
343;259;25
497;324;36
23;455;23
118;408;1
484;59;46
323;349;25
337;305;17
320;182;20
179;469;39
437;75;16
196;387;12
292;412;27
134;109;31
307;333;2
61;96;23
14;392;47
48;457;48
152;177;28
287;147;11
375;121;20
281;106;37
401;446;29
279;173;9
114;442;22
367;95;34
351;10;38
99;172;29
150;419;28
378;428;45
38;60;23
453;430;20
179;188;31
58;386;12
217;294;22
156;35;32
431;166;2
25;441;37
484;72;49
317;434;30
470;372;18
107;31;24
176;204;27
25;382;46
82;395;39
308;108;12
234;126;3
74;454;10
442;294;37
141;227;47
199;69;29
69;118;44
477;461;10
429;289;8
220;1;27
489;169;5
148;382;30
391;260;7
371;79;19
414;305;27
496;306;45
346;419;4
239;194;50
270;179;6
177;221;40
452;273;25
469;107;18
225;68;23
437;228;33
98;52;24
335;125;49
193;64;4
282;12;10
170;93;50
165;200;37
392;357;12
352;160;21
371;414;26
71;144;47
278;24;16
174;69;35
47;263;37
151;443;31
456;389;8
399;367;50
495;254;14
236;386;35
498;297;21
60;429;36
420;62;8
488;449;11
117;157;21
469;25;2
275;332;30
223;243;3
188;445;21
490;145;6
197;349;48
88;113;17
329;35;34
90;173;20
377;195;17
226;471;49
422;139;7
31;293;39
411;235;21
32;220;18
206;237;38
183;369;24
122;179;1
29;15;36
222;86;43
262;225;49
327;91;13
100;31;50
40;355;32
497;179;17
241;42;5
108;344;17
58;123;5
28;315;6
161;434;48
97;417;19
265;128;37
170;393;15
426;133;43
122;474;17
388;198;49
162;423;4
443;295;39
110;38;25
461;48;34
4;6;36
449;139;1
111;238;42
363;208;25
9;248;14
375;37;26
149;326;22
202;182;21
56;291;16
381;301;19
349;289;46
478;148;47
39;408;21
41;209;22
142;45;3
225;326;41
7;448;9
346;460;28
133;12;32
452;461;11
244;213;7
63;13;24
205;249;37
200;158;20
97;186;37
227;465;36
414;95;21
155;49;16
179;135;3
159;37;45
16;244;35
423;447;19
148;403;48
61;175;42
498;63;14
130;225;40
305;200;34
410;310;34
181;407;30
65;215;1
9;125;25
164;177;31
99;1;18
373;259;42
325;492;38
336;14;20
434;449;41
364;375;34
480;104;12
113;61;8
446;29;34
66;333;48
119;78;36
273;177;49
406;2;34
316;26;47
183;219;12
291;289;10
297;163;5
378;474;30
287;342;5
304;436;14
120;437;29
89;423;26
422;308;11
451;35;30
329;138;40
221;216;25
494;425;7
391;156;27
98;500;15
341;277;23
315;354;19
127;317;36
326;85;36
248;105;13
127;473;7
304;474;19
110;375;20
368;397;16
202;69;34
424;392;49
53;337;49
138;465;30
141;254;26
272;315;30
388;89;2
493;17;20
368;254;12
412;219;25
16;74;32
400;97;5
10;223;28
235;144;48
384;159;28
71;313;13
326;240;41
378;44;35
62;118;21
289;260;22
276;327;45
130;406;17
10;339;33
72;396;25
446;357;12
157;128;46
352;13;26
431;44;4
441;125;28
282;69;15
472;7;41
274;122;33
279;404;31
202;445;44
459;60;49
369;424;20
315;477;13
463;27;22
233;404;47
465;418;13
432;137;26
32;411;26
166;391;48
192;118;19
343;282;21
7;429;23
255;376;40
171;304;27
148;452;15
266;497;12
129;68;26
394;485;4
304;82;40
168;371;11
292;450;8
137;59;30
201;163;3
312;427;6
114;462;4
314;491;26
28;330;14
454;155;1
495;349;26
244;23;35
69;68;27
447;253;19
27;387;22
82;451;8
216;140;29
347;73;14
207;77;47
134;34;43
90;273;18
49;116;19
424;443;43
81;377;13
306;123;36
317;306;24
301;406;1
107;481;16
464;92;40
271;406;30
316;227;18
239;296;11
414;131;39
9;72;25
308;15;40
113;263;29
190;204;42
343;317;23
51;300;14
241;405;49
283;371;35
455;91;20
51;73;34
396;319;25
438;335;50
375;344;31
91;182;10
15;72;35
21;26;26
207;129;21
176;294;44
95;497;6
220;294;18
249;398;16
374;421;3
24;195;13
16;199;21
468;173;12
6;296;14
62;376;29
490;68;10
232;140;36
317;148;13
346;399;12
328;249;30
108;346;17
138;436;36
219;132;41
208;12;27
218;378;27
341;274;30
419;13;3
386;128;26
429;239;42
160;455;45
378;435;23
199;83;49
65;124;45
40;440;38
422;201;15
36;439;9
324;419;2
466;13;45
1;34;48
177;35;13
170;282;41
107;398;18
45;86;10
152;17;20
258;189;9
410;329;21
216;393;35
450;68;1
275;315;41
24;26;50
349;220;15
396;377;35
494;411;30
99;187;25
107;377;17
434;66;45
233;191;5
424;300;12
129;168;25
26;302;44
142;309;37
282;371;50
268;231;47
29;5;18
183;72;31
369;29;12
424;200;39
136;284;40
498;190;39
16;168;24
366;482;20
60;442;19
442;195;44
164;437;31
151;236;6
115;229;41
11;273;48
285;199;37
238;463;13
315;371;17
15;82;45
399;438;37
201;18;36
466;98;19
414;172;17
121;142;33
1;55;42
66;435;20
265;464;7
94;451;41
47;443;43
230;360;34
187;403;22
422;290;38
200;127;42
422;469;27
240;121;15
283;478;4
241;139;36
375;296;27
59;12;17
450;85;24
40;365;38
223;401;8
263;29;39
153;475;48
160;32;10
372;328;46
400;242;17
264;481;14
415;406;48
319;338;42
212;133;3
303;327;44
441;428;11
237;100;43
412;89;14
278;192;20
66;309;11
22;271;9
372;347;35
205;467;43
493;471;32
315;166;35
298;251;3
103;490;49
461;446;16
327;458;35
44;53;22
386;343;4
240;33;6
457;171;15
86;23;20
305;387;2
119;402;49
348;268;25
147;497;45
357;148;19
382;23;4
439;220;43
152;373;34
190;207;10
159;488;25
136;429;13
362;285;45
375;490;32
203;29;28
493;491;42
214;114;39
441;352;17
293;300;3
183;42;24
79;6;5
1;247;36
131;299;44
456;352;7
267;70;38
248;112;44
99;116;40
87;378;23
227;151;15
362;419;24
267;254;19
294;345;15
41;101;48
35;253;49
485;106;41
260;381;48
217;158;43
173;294;46
482;251;17
53;267;6
356;84;2
255;368;45
427;63;17
8;436;48
105;129;14
373;219;42
361;58;1
479;167;4
345;71;49
274;208;14
302;288;3
110;472;41
118;113;19
375;52;35
256;359;6
194;463;36
405;345;6
307;433;4
215;423;9
472;263;6
125;264;22
338;443;47
428;227;29
171;283;46
492;384;32
406;477;22
484;137;19
431;87;31
96;337;44
384;448;24
103;273;20
325;437;5
296;312;27
359;18;2
121;424;4
141;119;50
17;173;47
454;293;44
12;112;12
134;21;6
148;23;30
285;131;10
13;85;40
85;364;14
89;411;41
443;125;17
261;3;46
448;26;17
365;218;34
259;319;14
212;225;48
273;414;10
126;195;16
110;134;41
332;362;18
336;44;50
388;253;13
472;362;25
123;247;7
421;341;11
82;117;22
120;348;33
55;126;3
408;384;43
475;317;48
14;228;39
380;346;16
368;89;47
310;254;22
426;372;13
199;420;13
316;460;24
63;452;26
47;14;39
145;339;17
288;356;24
481;251;38
130;95;2
282;417;16
403;354;32
37;415;41
38;139;37
414;454;44
111;441;32
180;265;26
150;301;32
196;84;24
17;132;5
3;240;45
411;207;38
166;192;44
234;23;11
91;498;22
412;253;8
101;6;23
342;343;26
304;198;13
57;426;50
397;415;23
65;63;6
164;497;17
489;12;38
397;345;35
164;409;6
238;5;40
271;56;42
226;453;11
212;213;23
104;361;31
259;59;30
181;449;17
409;17;44
455;322;25
14;108;46
354;181;19
138;405;26
498;499;36
208;319;17
463;112;37
230;185;24
327;459;17
74;397;5
106;256;32
104;426;11
217;11;6
495;422;25
64;339;17
236;142;5
318;116;39
321;64;32
208;397;35
296;265;16
441;24;17
346;78;19
120;350;39
342;405;43
152;21;25
393;478;36
407;26;39
3;133;26
345;224;38
455;300;14
440;137;24
74;6;1
227;222;13
478;13;8
300;107;38
345;69;43
192;131;42
289;46;43
480;44;25
226;338;34
6;194;3
309;468;47
495;490;5
91;415;37
392;193;46
46;357;14
2;54;4
393;347;40
117;26;21
164;135;28
392;40;47
16;77;24
321;373;26
466;469;1
284;232;4
202;209;7
314;409;19
210;101;21
120;259;26
263;484;32
463;65;14
216;75;43
484;233;28
456;410;37
179;355;37
489;392;41
304;354;40
483;404;6
387;276;3
342;373;28
321;175;9
442;258;41
27;329;10
249;456;46
9;213;5
227;338;29
214;422;14
487;2;50
366;300;6
333;380;11
336;288;31
1;325;48
139;345;42
35;390;45
403;269;11
353;210;36
366;54;24
89;253;36
462;499;42
206;191;30
204;359;49
431;477;46
211;205;4
455;403;33
269;289;13
232;342;11
131;315;30
309;199;34
368;391;9
161;319;17
13;110;30
149;407;4
477;377;24
479;177;26
99;128;39
57;179;5
455;170;1
159;314;32
173;397;50
119;388;13
397;450;26
235;307;39
276;9;15
311;300;41
119;229;47
259;155;13
491;195;16
155;46;29
242;155;36
278;142;45
282;208;27
377;254;21
342;39;26
479;246;22
384;390;7
296;89;12
100;144;9
384;418;46
411;372;37
73;357;31
493;467;20
370;301;18
434;42;9
144;56;27
360;76;4
212;10;39
403;191;14
415;292;21
208;177;5
185;71;45
414;102;31
276;462;2
67;416;42
217;131;31
311;370;30
499;304;9
119;101;38
439;161;36
367;414;20
4;107;35
246;431;9
20;68;31
40;276;38
9;116;22
431;475;30
220;111;49
303;263;18
493;180;17
90;30;12
211;316;6
143;473;45
134;75;3
85;299;2
334;406;36
8;102;45
180;56;24
213;98;13
329;342;14
291;153;23
385;255;13
373;275;46
214;310;30
351;454;49
316;362;36
158;29;8
407;19;42
363;203;33
97;263;11
216;217;7
254;294;15
385;330;12
189;386;38
471;84;38
154;443;12
456;485;26
71;82;7
386;41;43
1;100;31
431;259;19
262;263;44
85;97;14
435;473;41
288;459;13
384;23;10
163;12;33
185;426;22
312;471;5
256;213;23
482;45;25
218;423;21
485;129;32
418;395;7
83;377;8
463;332;9
355;494;8
325;444;16
142;273;33
314;323;21
120;255;12
378;455;29
371;130;6
442;67;26
26;342;43
211;436;31
163;347;22
217;336;10
139;361;6
181;376;49
461;98;38
291;126;8
212;66;3
441;52;26
190;308;18
151;160;25
13;304;17
31;14;44
144;239;34
92;136;36
473;465;29
289;183;14
88;134;19
434;456;39
373;450;23
466;314;29
402;225;24
484;116;38
233;179;7
301;423;50
250;182;8
302;160;6
211;300;32
385;480;4
341;320;2
468;90;46
38;285;19
216;101;33
386;354;24
229;436;16
147;141;40
438;266;47
216;184;5
85;52;44
447;376;13
204;426;38
495;122;10
319;452;30
412;11;1
182;352;21
264;266;47
491;82;46
6;437;32
109;446;7
134;386;44
410;438;37
7;256;22
10;67;50
84;327;38
438;63;1
448;361;38
111;393;23
101;429;7
184;408;27
146;433;50
87;395;27
341;75;29
254;70;45
152;41;21
255;453;25
270;494;19
210;71;2
378;45;22
328;197;44
451;278;31
407;2;2
24;273;29
233;451;31
318;293;35
230;463;32
346;365;28
110;243;21
90;329;10
489;227;4
316;360;17
257;154;25
64;153;48
464;89;1
379;427;44
133;223;42
215;371;41
83;51;49
222;164;20
341;187;21
491;242;43
72;4;44
131;146;30
376;48;22
437;403;35
482;131;2
109;333;18
492;44;25
393;42;18
276;401;24
58;387;37
316;61;28
137;176;10
422;212;15
378;213;13
471;114;11
463;479;19
394;143;33
412;81;29
286;212;48
276;154;45
210;15;23
399;156;3
118;379;9
238;394;12
184;444;17
429;184;6
376;341;40
392;86;29
191;266;26
411;288;31
78;189;29
336;460;5
262;143;45
52;56;3
232;365;15
47;233;32
184;305;18
164;120;2
71;222;12
362;307;24
367;169;48
398;490;50
489;141;24
332;474;27
121;323;13
266;196;3
22;51;37
44;176;17
257;389;17
172;359;2
272;153;44
396;291;24
223;127;21
114;50;13
471;142;6
345;234;40
28;377;8
69;239;50
391;158;47
14;207;13
437;396;6
68;277;9
386;60;38
117;416;16
122;79;7
395;394;44
450;201;32
137;39;47
67;365;14
237;352;41
381;239;16
441;493;32
151;432;20
33;227;18
80;482;5
54;268;18
233;190;5
415;378;41
3;433;11
331;318;17
249;137;12
232;156;3
386;430;5
443;414;43
63;142;34
429;321;16
344;301;17
252;324;3
35;474;2
99;103;22
221;77;18
251;137;9
149;239;6
437;130;27
250;98;46
165;185;7
492;290;13
282;88;15
358;218;40
79;83;27
23;186;24
194;455;34
219;219;33
96;254;3
69;288;29
69;463;17
203;114;40
77;137;20
270;430;19
268;326;45
199;106;50
340;387;10
210;467;31
8;230;3
108;405;18
10;140;40
345;59;28
97;489;37
176;417;37
153;308;11
196;356;31
460;387;48
457;310;8
224;417;46
313;141;49
108;496;8
416;220;14
292;193;40
35;107;44
210;392;22
179;36;8
421;157;41
445;134;9
178;375;40
423;226;27
145;139;48
337;405;13
261;149;41
213;137;32
482;82;40
155;313;19
437;491;42
131;238;22
100;425;3
295;6;9
221;35;43
201;321;27
66;155;1
286;442;8
195;485;38
30;478;46
397;60;35
321;53;50
49;149;48
148;53;43
366;435;18
487;37;47
197;352;10
264;39;34
40;112;16
439;290;30
80;228;38
242;497;47
270;497;30
225;214;50
304;115;9
340;401;35
312;55;29
446;172;21
354;168;12
460;312;30
482;318;7
331;259;14
218;391;47
469;405;30
3;269;29
472;292;32
343;302;15
371;164;29
336;281;9
31;196;1
345;322;39
222;418;30
407;423;38
167;195;13
244;248;16
299;261;17
231;381;45
233;284;31
209;154;43
427;139;8
281;166;18
268;325;10
68;29;43
166;360;20
20;42;11
398;330;37
155;461;18
192;12;8
466;462;24
332;38;48
11;417;11
219;174;17
351;253;42
403;235;41
265;214;22
80;411;24
136;344;31
2;76;49
269;338;4
328;432;2
117;448;13
279;85;36
355;446;23
220;244;13
464;436;29
334;26;3
114;348;17
110;78;9
491;308;9
282;236;9
306;85;21
211;59;20
356;201;46
162;109;13
202;307;9
168;67;48
8;415;49
457;499;7
459;330;9
492;430;20
205;261;3
153;426;18
113;237;9
180;322;10
421;134;26
365;395;8
472;35;42
475;248;25
349;346;40
311;256;36
386;226;36
354;317;24
247;172;25
148;437;7
472;231;39
105;31;9
381;488;44
16;172;24
471;39;8
84;93;37
418;426;20
30;98;28
294;87;29
287;155;23
366;425;38
121;95;1
401;211;7
425;486;8
478;242;41
194;25;13
241;382;10
200;304;20
114;201;7
37;493;17
3;426;9
379;25;1
485;249;44
223;118;2
283;278;17
353;135;38
179;416;22
398;498;37
467;164;3
21;393;1
141;162;44
4;267;39
168;397;2
191;371;5
405;367;28
407;480;36
205;265;30
154;148;40
440;305;19
186;489;34
7;269;48
105;216;41
327;259;45
360;210;3
454;307;35
208;429;34
295;64;49
273;351;9
227;89;16
452;482;38
429;401;26
266;68;39
58;90;40
11;215;6
301;478;43
375;437;24
214;286;27
141;261;38
229;121;33
64;300;4
3;114;40
156;186;34
83;468;48
277;200;25
67;200;30
335;433;6
269;236;35
280;394;47
87;108;11
275;492;36
426;167;22
17;147;44
342;102;5
80;158;3
314;487;9
496;38;16
192;145;6
342;487;49
349;150;45
47;210;22
210;315;8
255;191;8
25;178;3
58;84;28
36;84;3
244;92;48
95;73;8
80;399;49
104;252;34
293;73;13
17;226;23
494;141;6
470;115;26
405;215;20
315;468;29
337;143;42
94;176;50
13;176;18
222;462;41
470;130;4
472;289;43
11;58;47
331;141;33
239;448;46
31;475;16
312;176;42
377;198;4
260;441;29
51;110;4
22;114;28
287;202;1
238;471;32
263;75;6
343;3;20
190;291;48
460;445;40
475;456;8
425;386;10
279;429;6
379;72;40
468;452;48
256;167;38
53;353;19
329;432;19
192;234;16
328;128;23
448;282;49
62;227;34
194;380;31
144;58;24
335;136;3
420;230;20
172;259;35
130;428;47
88;186;8
466;201;11
484;478;26
353;375;38
275;65;44
17;121;27
74;72;39
333;2;42
285;114;11
383;371;14
255;201;27
286;471;35
495;387;18
240;387;30
129;113;47
157;137;43
170;437;6
177;299;24
360;44;24
79;383;48
373;417;42
22;345;32
166;92;24
470;76;30
309;478;36
223;323;41
205;284;3
485;141;33
64;349;3
377;71;27
281;288;23
231;378;28
190;292;44
380;427;31
302;324;32
311;479;22
232;303;2
110;224;20
130;103;20
220;312;42
191;270;14
296;208;6
254;363;48
447;401;12
274;117;40
170;78;50
171;328;45
151;41;47
491;224;44
182;2;45
190;439;28
440;334;1
299;346;39
465;40;10
44;115;50
25;289;42
6;106;15
285;51;4
251;405;50
23;1;18
39;106;17
481;344;42
186;471;19
481;7;26
386;289;44
17;84;7
295;402;23
460;249;39
329;426;38
292;424;26
255;465;38
183;148;49
119;123;3
209;55;27
256;463;48
25;45;21
116;34;40
469;446;42
230;250;11
215;218;49
356;261;50
226;252;45
461;425;1
236;344;41
124;100;46
267;42;37
418;385;36
84;174;34
84;140;11
47;203;22
412;472;6
98;50;26
409;144;27
493;397;10
463;184;5
141;271;8
235;36;35
1;474;1
72;47;37
330;7;1
491;334;25
189;251;48
482;200;23
363;258;12
308;82;27
140;243;43
261;454;35
371;189;2
436;167;6
9;78;5
412;29;13
198;54;26
354;248;35
417;41;8
230;218;35
415;377;40
491;480;26
390;431;32
443;248;11
312;384;20
402;392;25
242;146;41
328;70;47
453;171;2
293;103;4
335;372;49
397;256;49
346;486;1
350;485;18
398;485;25
426;236;12
471;269;17
109;242;5
287;498;35
191;451;18
138;18;10
131;484;42
426;413;18
485;31;1
248;142;21
334;443;27
162;406;49
384;32;26
81;418;30
19;493;36
102;420;44
42;34;27
60;462;33
302;484;36
215;72;32
360;479;35
444;419;10
174;265;8
90;481;44
333;470;44
93;65;9
378;240;29
200;175;40
296;411;47
52;201;35
474;471;27
339;107;23
60;181;45
258;273;36
420;163;4
292;312;39
34;479;50
382;484;7
252;32;9
253;457;34
10;183;25
160;339;14
300;476;40
412;169;22
309;187;23
247;396;19
305;475;8
421;252;41
97;264;46
152;337;7
489;237;43
371;17;11
349;132;9
75;455;27
238;295;46
428;345;30
19;237;23
319;275;26
48;440;49
59;55;34
276;215;22
114;86;19
268;404;48
149;169;23
364;382;1
34;53;36
427;419;5
448;412;19
264;464;11
288;73;40
90;427;49
499;289;20
265;319;29
395;19;49
226;497;33
105;396;26
101;305;36
415;326;23
23;314;30
101;438;24
145;96;35
291;94;14
22;491;37
194;343;38
378;364;47
244;432;49
393;55;23
441;485;39
77;251;44
111;52;48
228;248;49
415;168;39
212;149;8
154;100;31
303;13;28
34;395;1
466;223;45
296;374;22
234;101;46
44;496;27
35;342;45
115;374;18
168;387;45
346;392;29
345;20;41
112;182;44
284;423;5
388;402;12
403;393;24
321;31;24
97;273;37
498;99;9
176;89;35
307;306;27
498;93;17
215;103;39
367;263;5
307;279;9
362;473;26
365;286;10
194;198;27
275;293;42
431;235;29
420;14;19
290;432;23
234;59;35
295;456;48
21;129;10
286;63;48
237;456;3
238;87;25
236;63;3
296;280;37
245;491;40
407;159;31
255;306;33
418;263;37
50;125;24
85;35;26
362;450;48
280;474;5
298;388;36
387;83;9
31;165;18
396;295;18
71;152;8
253;272;2
473;276;42
199;316;6
323;273;49
222;434;42
382;28;15
410;69;29
114;157;8
203;143;38
322;208;23
410;136;31
290;104;45
248;280;19
19;62;15
441;22;13
144;390;3
499;187;33
440;49;22
267;295;17
43;104;8
443;307;18
186;387;31
336;373;15
109;292;37
103;8;39
399;45;27
115;465;15
377;87;23
235;24;25
44;261;50
68;61;17
312;425;34
191;20;50
158;154;17
279;71;28
153;449;49
308;137;45
33;495;48
470;488;26
172;94;20
421;86;16
485;494;16
85;254;24
424;94;35
291;293;44
308;152;20
225;383;40
497;453;24
41;78;26
477;147;43
379;130;21
276;298;28
442;72;7
85;55;28
495;396;21
429;498;6
408;220;35
323;390;32
14;245;2
392;362;29
228;293;20
486;235;27
404;53;24
212;453;24
136;117;35
493;458;40
250;233;7
149;391;37
429;66;2
96;111;2
308;63;33
282;44;3
1;49;17
357;141;17
435;330;48
154;445;33
324;40;43
330;105;34
24;192;40
72;276;5
207;379;28
253;72;10
357;198;23
222;351;4
334;481;43
63;234;20
36;6;12
163;392;12
254;441;34
478;321;2
173;479;30
381;124;9
67;101;22
457;463;13
36;402;19
93;63;19
235;211;29
278;334;9
487;91;47
95;78;2
423;4;49
322;498;13
463;433;41
3;243;20
211;156;46
400;443;15
130;433;46
450;412;29
220;195;41
465;476;39
82;352;42
103;176;28
437;232;18
500;146;15
351;361;16
179;374;34
270;324;43
90;133;4
426;254;4
151;344;3
396;239;34
190;406;34
489;457;4
330;260;50
336;100;17
121;112;27
323;208;16
354;441;27
417;410;19
172;45;48
131;93;41
285;263;29
141;413;7
419;381;42
167;35;1
378;458;15
141;35;23
83;385;10
445;10;8
149;53;50
44;288;35
108;163;9
413;377;40
424;447;36
226;28;3
498;487;11
348;155;18
248;31;5
434;32;28
109;427;4
90;419;3
108;117;41
426;123;36
183;200;40
168;174;6
321;126;5
20;200;34
249;411;40
252;239;44
108;140;17
57;154;25
399;215;41
400;450;47
472;28;16
275;304;25
295;324;3
22;78;47
240;180;5
8;479;23
425;450;39
178;236;20
177;380;33
46;113;23
401;385;50
260;38;9
205;33;38
302;256;12
460;57;1
337;425;18
137;305;38
492;128;23
353;258;15
220;44;28
49;444;37
126;346;32
244;381;24
462;201;8
23;472;3
384;442;38
10;207;23
258;234;10
36;132;35
428;128;3
165;155;26
263;164;47
34;86;26
480;375;35
254;39;49
33;104;34
216;6;8
44;399;46
97;259;18
120;40;8
243;116;43
111;278;7
484;454;50
140;237;50
500;306;29
42;255;43
229;294;22
365;379;19
107;411;8
128;142;12
254;476;27
383;13;8
38;264;13
365;307;30
403;110;30
6;316;17
265;321;29
79;492;2
24;23;25
328;497;28
285;339;27
151;133;5
344;41;47
311;271;8
33;448;28
380;118;33
427;147;26
161;303;36
474;80;29
136;11;5
282;332;15
375;445;48
71;227;48
426;394;44
19;99;19
395;282;13
59;253;17
47;429;32
46;89;42
305;429;44
209;275;2
144;228;1
219;145;37
263;378;27
387;126;27
38;218;4
109;185;31
360;361;32
18;195;48
164;386;13
302;422;2
418;342;36
144;299;29
65;379;22
43;336;24
366;481;14
45;373;15
182;489;50
200;147;28
272;89;7
376;185;29
390;163;28
253;158;27
120;67;41
177;349;4
372;247;41
295;476;48
431;194;19
359;408;1
282;324;27
144;408;20
427;472;28
452;473;14
69;385;46
44;442;18
341;252;22
73;394;7
103;462;35
292;500;13
336;94;16
405;37;46
157;372;37
199;188;1
481;281;45
278;342;45
168;349;21
303;331;45
489;23;33
326;280;25
217;386;41
166;194;21
7;383;4
351;374;38
117;345;21
270;279;23
130;445;23
19;323;15
87;71;17
44;425;20
96;227;13
329;123;16
174;110;39
227;267;14
391;103;44
112;365;11
319;29;11
305;48;48
53;88;38
234;230;13
200;390;21
40;43;28
495;491;15
54;125;34
388;69;7
159;303;32
196;376;1
367;69;26
198;376;34
239;118;40
336;270;3
238;212;31
153;418;44
173;203;33
456;92;7
266;45;27
225;189;6
418;400;49
1;437;44
111;112;50
21;284;4
274;133;44
104;28;42
128;180;29
102;101;23
190;270;10
365;289;44
6;279;15
167;24;17
289;279;41
463;293;34
451;397;48
469;426;25
92;294;13
143;9;12
166;59;1
73;369;10
359;117;2
338;397;6
89;20;5
63;374;36
397;43;16
52;355;28
234;476;42
217;463;18
320;67;19
499;438;22
463;430;23
206;186;30
273;476;28
33;185;49
225;72;40
5;319;42
448;212;38
281;56;15
222;149;2
16;362;41
461;490;37
225;423;19
414;260;9
103;104;49
204;100;18
50;160;13
145;323;50
169;103;15
30;264;14
247;227;23
444;240;38
208;411;44
331;57;41
72;33;47
385;52;31
362;475;32
499;402;23
262;202;34
61;385;10
384;81;20
204;313;10
57;421;44
469;257;8
447;318;5
153;335;4
383;31;9
457;241;4
278;287;37
191;345;5
112;479;28
402;481;16
17;58;39
261;24;14
319;237;10
431;139;20
13;495;27
458;314;37
67;277;37
279;439;28
89;238;45
411;407;14
30;488;24
137;165;22
322;306;14
287;103;31
192;179;49
424;302;3
180;141;25
116;317;45
96;275;15
306;453;12
123;193;28
55;394;50
288;8;1
141;130;45
73;295;47
252;113;4
107;142;5
34;353;45
410;385;12
355;107;10
35;78;16
335;121;10
131;76;35
3;292;16
271;320;14
291;364;26
225;109;48
437;51;39
219;294;23
292;255;1
129;299;32
270;300;16
121;63;9
1;303;47
275;271;36
33;354;27
17;123;47
61;112;30
217;333;34
17;382;18
445;42;31
32;112;36
373;344;14
360;337;19
498;200;30
327;271;9
128;163;7
402;89;20
284;188;21
307;251;48
425;369;43
494;174;13
228;5;48
379;258;25
268;34;20
359;431;5
481;425;15
53;357;48
437;218;49
224;462;14
406;118;14
399;313;36
331;338;13
51;166;7
126;141;15
414;438;14
240;196;15
21;54;20
462;211;42
36;272;5
53;178;38
314;46;28
33;352;10
65;287;24
148;251;14
5;219;46
450;139;11
487;75;42
79;89;35
142;74;24
4;45;2
12;8;22
333;189;1
137;286;14
224;163;49
269;74;49
423;99;35
315;347;42
455;88;8
5;133;31
83;145;45
404;125;39
184;395;37
258;143;47
161;110;45
409;461;23
496;152;32
329;252;14
3;207;39
219;252;9
163;236;26
329;248;46
268;493;19
192;332;45
180;84;43
314;410;2
121;48;14
89;27;43
276;482;2
142;326;6
334;187;41
364;93;44
325;87;50
135;425;22
195;203;41
339;46;34
370;476;49
314;284;30
415;90;2
273;385;9
350;250;42
107;215;29
91;375;21
398;369;38
456;362;32
192;310;43
437;482;29
190;262;14
35;20;28
392;423;18
60;418;2
65;151;7
24;247;31
237;397;18
164;209;16
446;331;24
460;382;35
195;186;42
173;87;24
423;484;23
491;311;25
410;270;46
29;86;32
304;3;19
365;173;8
1;124;17
207;460;13
16;211;31
179;269;18
47;237;36
285;468;27
112;357;49
354;144;17
70;240;17
393;126;31
379;443;24
17;200;18
144;456;3
442;76;36
361;182;16
25;147;39
399;84;40
414;411;50
474;477;13
99;148;25
300;86;3
258;479;10
127;416;26
221;357;31
236;122;14
23;253;29
183;436;17
250;301;3
137;467;33
415;317;3
464;489;32
173;214;20
99;377;27
474;246;16
219;351;9
53;250;7
134;309;3
40;449;31
472;204;37
172;436;8
322;44;12
95;397;49
211;248;21
11;359;50
231;258;49
444;336;26
470;227;47
58;266;7
215;424;29
16;339;5
98;400;13
385;176;5
366;234;46
150;62;6
31;86;19
173;236;34
94;125;47
311;392;50
479;488;26
157;73;17
79;311;33
17;418;37
419;373;42
193;62;29
67;83;7
296;263;49
329;216;6
420;428;3
458;27;24
291;420;46
68;258;7
89;128;9
136;293;23
386;109;32
436;243;16
179;59;26
244;70;49
260;163;11
361;361;23
336;420;41
322;310;5
445;482;3
247;247;46
299;142;17
368;235;45
399;207;41
37;106;28
414;315;32
189;497;18
207;295;6
426;41;6
142;66;50
234;373;29
46;61;9
448;143;10
254;82;36
295;252;18
102;229;1
144;290;40
179;455;15
91;58;43
176;387;40
55;22;44
199;203;23
72;24;7
12;136;12
445;465;3
173;274;24
138;19;15
215;192;38
472;49;45
124;382;16
78;325;38
232;240;23
135;392;19
364;151;6
11;286;1
70;247;33
376;476;12
432;95;47
97;448;26
4;265;27
468;295;2
364;282;12
342;211;6
272;207;8
163;447;5
296;349;44
114;27;18
86;194;26
208;236;1
42;21;34
291;452;48
420;323;18
423;318;47
13;27;38
139;253;15
199;36;3
398;58;31
257;75;44
66;154;39
436;250;6
217;61;35
319;458;16
388;328;38
229;427;45
398;98;17
350;325;30
215;163;21
392;246;8
310;81;8
153;384;2
18;481;14
245;26;29
95;230;24
309;479;23
30;253;23
272;236;24
491;454;10
139;264;30
194;180;17
294;326;19
321;217;29
46;90;42
263;442;12
390;253;22
486;88;31
399;135;37
97;430;22
57;58;27
110;377;25
310;90;6
449;7;30
442;345;48
130;424;38
366;463;18
20;122;24
355;374;34
452;166;29
61;296;21
97;280;38
128;374;38
166;430;30
73;313;29
4;225;8
394;283;17
211;141;28
134;112;37
443;428;41
350;436;36
439;234;49
52;63;17
437;355;45
269;72;16
67;26;6
366;246;2
386;47;44
355;393;35
286;370;15
206;197;7
206;108;13
416;9;31
458;131;32
185;323;19
467;302;22
82;376;20
342;352;31
360;467;5
242;336;7
198;262;27
388;367;45
260;292;26
8;463;40
274;485;9
492;105;45
210;371;38
462;248;14
35;67;18
422;152;6
314;160;46
80;319;29
257;78;27
377;60;19
42;422;24
329;411;42
423;140;8
405;179;42
61;222;30
268;447;7
98;486;28
217;322;35
169;306;2
157;151;39
465;273;40
358;75;47
390;499;13
134;320;18
171;497;2
201;127;14
497;271;24
366;162;39
26;58;14
427;422;12
109;338;39
393;187;43
367;420;15
232;384;44
378;193;14
190;222;15
192;42;22
98;20;8
83;242;41
486;270;39
366;32;31
85;104;38
349;140;24
312;409;45
188;331;22
104;63;24
302;144;35
450;446;25
325;34;29
149;298;8
389;301;18
364;290;25
385;334;26
185;110;22
445;424;25
123;351;15
63;227;17
125;494;10
303;119;8
171;230;43
41;258;25
430;372;10
47;5;19
347;115;16
271;394;50
28;492;26
386;422;25
47;481;9
80;285;6
89;106;34
462;265;1
475;41;20
204;192;38
59;366;26
370;278;35
80;40;46
220;236;32
493;72;34
437;47;16
21;478;48
443;374;38
424;135;38
246;108;11
321;394;17
358;481;36
437;347;20
205;482;44
127;61;36
369;95;5
457;496;34
120;432;37
295;11;43
229;35;22
111;254;24
248;20;37
496;97;50
223;242;11
479;284;32
246;422;45
219;484;9
494;75;16
332;207;10
326;351;1
439;83;50
11;445;2
265;391;24
56;338;44
52;403;29
389;114;21
293;368;40
198;100;31
94;202;3
51;455;9
492;259;43
185;141;35
225;15;6
444;496;13
104;86;13
252;436;3
76;364;47
478;361;40
364;51;45
298;474;23
18;22;38
415;373;44
30;263;4
287;221;22
196;19;16
483;490;19
76;114;42
293;186;36
149;9;26
115;264;29
77;495;29
105;305;23
444;344;6
498;447;26
409;27;28
408;273;13
494;198;4
81;431;47
9;293;17
228;364;19
53;165;50
244;199;14
474;206;32
363;97;38
85;34;16
10;211;12
128;51;22
184;38;50
102;428;34
182;471;49
270;444;5
141;56;15
51;93;19
8;386;26
14;200;39
309;158;33
246;238;6
190;444;24
379;231;18
15;492;15
325;473;17
19;409;13
112;344;35
450;486;40
381;474;4
411;446;3
60;344;24
49;24;29
57;237;31
303;344;47
431;391;38
187;274;34
238;329;16
61;255;28
285;250;18
28;498;44
327;244;46
209;100;29
341;28;50
398;375;1
494;50;48
218;83;34
447;415;12
246;114;36
363;224;10
318;7;6
126;463;14
337;310;19
471;335;34
500;128;10
402;375;25
65;41;20
167;223;20
142;200;49
15;24;39
498;364;35
463;180;34
91;185;29
171;60;9
10;462;10
320;12;17
145;372;39
497;489;45
338;189;44
196;66;22
203;8;48
194;462;34
336;203;18
92;268;1
359;446;17
377;75;33
155;151;25
487;179;43
311;490;38
7;471;30
420;2;33
323;342;4
99;495;30
125;271;34
101;164;4
115;168;3
373;199;43
48;96;17
8;325;29
102;304;48
289;222;49
230;469;7
116;410;16
46;322;11
285;57;23
31;39;46
411;145;41
248;392;43
337;322;27
202;463;34
303;108;35
480;136;19
240;99;36
315;134;47
280;295;29
470;484;8
354;497;10
167;280;14
157;132;20
6;28;31
362;457;40
179;15;36
464;162;6
393;415;9
244;162;41
316;315;17
431;314;49
67;422;11
273;421;13
291;26;20
176;77;29
12;263;18
235;165;17
218;54;32
68;230;20
300;38;2
256;495;32
277;383;18
331;425;2
119;110;40
443;352;16
43;117;50
223;148;47
305;15;14
348;302;27
424;77;46
201;416;22
66;117;8
495;203;32
103;191;31
446;446;29
467;367;50
88;74;21
266;113;45
308;323;23
261;337;3
49;39;6
122;56;49
432;35;22
322;354;31
124;459;28
321;156;13
251;59;7
216;379;43
230;430;48
292;178;25
365;430;12
299;385;37
493;352;8
242;440;1
297;171;42
167;275;33
240;132;47
337;10;11
469;224;31
295;438;37
146;257;4
66;32;40
23;428;28
22;400;43
459;291;34
115;350;49
131;30;34
476;447;39
351;138;9
48;137;24
451;495;39
320;64;21
329;267;17
169;229;47
56;157;22
369;441;14
476;79;24
397;33;43
420;211;39
162;118;31
442;173;25
317;147;4
298;441;18
387;34;49
420;379;45
450;381;4
268;409;23
100;481;33
162;37;44
201;490;26
120;478;31
54;322;12
244;82;13
148;120;50
441;164;50
423;98;4
471;228;43
22;471;47
122;340;35
170;348;9
237;279;22
476;87;18
156;220;32
301;34;10
47;225;31
191;483;18
284;68;15
324;166;35
232;78;17
359;161;47
315;222;12
408;477;42
375;31;36
17;363;2
399;376;47
144;253;32
490;248;10
64;341;20
352;225;33
471;108;1
35;297;4
472;480;32
356;26;2
389;137;44
401;331;40
236;121;44
423;406;29
96;338;28
418;161;42
471;2;48
130;216;34
138;413;31
286;35;10
25;81;8
375;495;17
253;184;31
277;214;3
405;82;22
308;140;10
25;268;25
446;479;2
382;127;15
202;296;15
123;96;33
69;311;27
123;133;40
286;296;7
317;262;38
180;301;36
286;6;46
3;115;46
445;306;6
347;498;16
374;4;5
453;30;48
274;222;35
416;466;32
457;282;23
98;331;4
486;209;5
240;481;48
134;16;9
164;127;7
337;111;10
447;74;30
363;78;31
383;75;50
171;416;32
56;266;41
489;189;48
288;194;29
268;75;45
19;391;48
112;335;10
78;21;46
219;477;18
453;388;32
391;145;33
104;129;9
154;213;28
190;476;2
382;244;36
290;497;32
186;181;7
421;216;7
349;30;23
469;344;18
152;189;14
458;71;16
52;33;15
328;278;7
7;133;13
448;146;36
272;337;9
283;310;38
336;437;25
253;57;26
364;386;25
202;471;24
161;226;15
175;271;34
42;248;38
43;253;4
320;244;7
151;312;40
402;111;1
90;220;30
361;35;34
439;51;18
210;327;16
4;160;27
313;396;46
484;235;40
208;327;40
386;254;36

