1000
25567
6000
71;7
70;22
69;78
1;20
98;72
16;72
27;17
74;38
78;6
69;36
24;79
89;10
97;79
67;21
44;36
72;25
96;91
63;63
65;5
71;54
9;44
34;54
86;90
80;71
4;94
84;80
23;66
58;24
63;60
77;63
85;9
23;41
96;92
16;80
81;60
20;80
43;71
46;96
50;98
86;60
79;86
13;82
1;5
16;99
43;78
91;98
66;91
9;85
27;5
18;16
58;57
12;86
5;1
19;62
69;99
68;59
90;63
1;41
42;77
4;5
40;13
13;21
47;79
41;72
71;19
5;47
16;25
4;40
75;7
86;78
45;35
30;91
65;96
20;2
90;90
72;64
55;26
66;18
56;28
23;81
70;60
56;42
3;96
67;50
64;51
43;1
67;35
21;72
41;77
77;4
65;71
62;30
15;84
11;97
29;16
63;78
64;30
16;81
82;97
44;88
28;19
45;33
87;39
24;65
29;71
57;64
54;10
25;69
1;83
92;39
25;61
69;30
100;12
73;15
47;61
81;58
100;51
1;50
9;14
90;8
86;29
83;82
55;41
33;7
75;28
60;99
18;28
6;85
58;7
94;89
4;28
25;72
39;90
15;15
97;18
97;40
67;67
4;13
58;73
78;55
72;73
44;14
34;57
28;26
19;61
84;42
87;66
29;70
97;36
94;73
7;81
1;45
1;65
56;89
57;57
8;72
81;72
28;68
46;11
41;31
6;45
39;39
46;39
91;5
95;61
91;27
79;96
8;38
82;24
43;7
54;15
68;76
93;5
83;92
46;63
12;75
80;87
86;99
7;90
65;7
28;41
2;38
72;26
43;89
93;3
52;87
6;29
52;82
1;11
6;74
30;37
81;86
56;80
58;35
20;20
65;33
73;77
34;61
72;29
55;57
47;54
84;64
5;64
38;90
91;69
12;27
50;41
72;76
10;39
47;82
18;37
25;28
33;100
48;5
1;27
31;42
98;38
18;30
95;52
61;59
14;30
39;91
6;79
77;45
23;40
20;33
17;49
56;22
17;23
7;81
20;9
75;84
82;94
83;59
88;97
25;67
75;31
97;41
30;62
77;61
6;79
90;8
29;16
10;60
76;96
57;22
22;91
59;23
74;38
79;92
100;94
66;17
21;74
86;70
6;76
67;88
8;53
93;89
10;13
96;91
14;89
16;36
37;21
91;75
30;14
97;56
51;76
89;21
33;46
7;21
61;55
6;14
76;49
52;99
71;5
56;1
52;21
32;42
46;74
47;4
31;19
87;72
21;23
12;31
22;23
36;75
17;35
52;31
22;15
16;64
94;8
68;64
81;49
18;76
53;91
16;58
68;92
18;83
81;43
33;19
36;42
57;3
68;38
97;91
63;60
52;4
81;25
43;78
53;68
42;43
98;92
77;66
49;17
65;46
33;68
51;73
56;54
85;42
76;66
87;22
98;27
10;89
74;34
29;5
73;30
96;83
13;89
78;34
15;46
6;76
47;73
14;53
13;91
69;87
39;45
11;45
72;60
27;68
7;77
2;23
17;59
75;71
41;22
87;55
38;88
49;15
52;19
30;71
95;6
76;91
18;16
10;18
32;31
34;87
29;11
46;26
55;76
84;60
96;2
16;37
100;46
96;91
41;46
83;27
75;29
99;57
5;22
59;86
54;5
69;10
13;68
33;60
62;3
50;29
68;30
53;12
76;56
5;17
24;9
22;18
17;70
10;54
32;18
66;89
19;33
13;80
17;11
60;43
15;47
66;91
35;50
63;85
55;7
12;68
34;70
66;90
67;5
21;62
83;87
95;36
62;67
30;86
58;58
94;98
96;69
92;97
75;1
68;58
31;42
87;53
95;55
26;96
20;72
7;64
90;62
66;97
24;64
71;27
23;99
99;77
20;95
31;56
57;49
26;52
63;77
100;68
54;37
32;64
17;61
21;68
28;95
63;41
16;7
93;32
38;87
95;99
8;52
73;3
13;52
76;44
4;29
35;80
81;44
36;30
20;95
34;3
71;17
27;57
42;16
31;52
86;73
46;22
63;48
47;67
87;35
38;44
69;16
6;13
71;67
12;91
17;71
59;61
5;70
13;75
79;19
2;96
78;51
12;93
26;76
60;11
31;70
28;14
55;16
7;1
75;60
57;69
98;27
52;77
80;16
64;89
39;33
86;15
72;51
46;72
80;11
38;4
13;20
15;4
53;1
38;97
35;85
68;37
38;89
48;20
14;60
26;17
48;81
58;26
98;62
2;75
37;37
86;21
73;7
10;32
67;21
57;91
29;99
100;12
62;21
68;89
36;14
3;65
88;27
7;9
74;28
94;14
82;66
79;75
7;29
40;96
18;78
34;51
42;41
49;16
92;65
28;1
30;29
61;75
3;67
73;63
86;36
97;93
87;79
62;30
78;47
7;66
61;43
77;64
43;57
35;87
24;51
99;23
12;50
41;81
96;50
96;60
11;28
15;87
90;59
63;33
68;80
30;4
37;49
27;35
62;69
98;75
76;66
78;84
18;45
48;49
23;31
83;97
89;94
93;62
97;62
81;100
55;22
13;88
81;50
20;15
64;90
34;82
87;63
57;55
16;70
45;25
1;63
74;94
4;55
81;46
92;21
53;4
72;55
61;37
21;96
48;69
52;32
12;34
2;20
11;81
38;97
52;20
69;88
35;98
60;14
61;97
65;66
59;9
63;52
68;94
82;67
58;69
60;59
30;1
47;3
29;61
31;69
29;33
76;48
100;22
4;5
8;88
15;72
82;34
41;1
100;89
31;85
19;45
31;38
30;46
66;12
59;4
81;43
8;94
12;74
82;49
18;54
73;31
3;84
51;88
60;41
44;69
33;80
18;48
93;70
71;76
6;33
48;50
90;39
78;26
60;7
40;71
37;46
55;2
91;32
86;94
4;22
8;82
79;79
25;8
65;83
26;69
55;96
53;6
8;77
53;17
98;50
27;42
84;93
35;29
91;87
30;85
7;94
4;80
94;59
33;41
56;1
93;100
46;100
46;100
89;37
59;35
30;35
11;99
4;11
98;68
14;37
20;92
60;58
48;6
64;10
85;68
3;31
13;96
98;25
74;17
10;90
35;87
4;38
7;33
50;63
81;44
64;66
20;92
43;78
65;74
36;30
51;97
36;59
67;3
19;56
38;65
75;57
9;27
57;4
24;1
8;94
98;27
78;87
69;12
55;53
9;71
43;15
52;63
4;31
70;56
30;84
58;11
68;50
13;50
69;63
61;30
95;28
39;34
87;55
100;85
10;64
38;45
43;79
99;75
15;35
94;71
51;21
13;31
49;73
79;48
10;62
96;94
31;73
51;58
3;23
84;54
14;11
95;80
100;36
53;100
37;25
7;60
36;96
24;26
90;9
52;41
79;42
35;61
40;84
95;61
7;1
22;60
100;34
4;100
61;45
74;6
14;88
65;42
91;23
42;56
67;35
39;21
21;29
82;60
26;79
33;72
63;3
82;39
8;37
22;9
34;78
66;39
94;43
28;87
40;81
5;44
91;99
99;36
26;62
23;83
24;12
34;28
57;20
80;14
26;23
91;7
68;96
36;72
72;19
93;2
58;27
87;47
76;37
2;66
78;85
3;45
28;48
71;71
76;25
95;21
46;5
24;2
62;90
88;64
98;79
79;55
5;26
4;88
12;5
96;92
19;47
45;86
93;10
35;47
85;77
48;49
20;59
14;39
52;4
20;36
50;85
46;50
10;11
85;72
37;42
11;76
20;91
99;79
18;12
74;6
2;96
42;30
76;53
88;76
19;47
82;39
58;59
10;71
64;42
94;87
81;53
28;15
62;57
78;72
96;64
28;54
90;78
87;79
34;39
86;86
59;93
55;7
8;98
43;78
8;17
95;67
33;22
24;9
39;85
94;52
56;71
17;62
22;96
68;5
45;100
80;41
46;92
22;100
45;10
69;40
93;38
47;35
85;97
70;14
95;28
50;31
4;57
74;9
13;28
8;11
23;25
27;33
95;88
44;35
13;15
33;59
19;100
87;25
77;53
30;91
5;1
63;59
73;69
97;5
56;29
29;53
34;22
97;79
19;63
21;39
16;80
89;28
7;55
70;85
77;31
56;10
37;100
84;49
75;65
88;81
50;88
92;17
59;19
100;49
92;39
20;57
98;6
51;87
48;52
25;72
81;92
68;80
99;74
78;52
82;35
2;24
7;51
4;20
43;59
31;40
49;3
90;77
31;93
98;8
74;34
100;42
68;57
50;6
69;33
81;13
49;48
47;16
72;61
34;57
56;71
58;29
43;44
43;66
7;21
14;72
26;81
34;30
48;33
63;98
12;87
53;55
90;35
87;12
16;46
66;13
83;43
89;98
93;5
50;12
29;2
80;41
76;1
64;20
51;22
94;74
90;56
97;32
48;54
42;56
72;31
44;67
88;19
84;65
40;50
84;81
59;43
78;72
7;59
2;73
15;65
58;68
46;11
2;48
34;87
61;39
79;87
11;57
11;94
79;68
683;903;14
178;339;49
170;898;43
722;808;17
74;806;43
802;625;5
927;824;37
103;459;29
745;666;3
599;699;40
323;369;32
997;748;39
179;864;36
229;484;26
625;15;21
717;447;14
442;411;19
251;922;38
599;791;21
528;758;28
930;225;15
142;402;40
18;258;33
560;184;16
700;16;19
444;540;34
210;550;17
504;224;12
243;759;47
651;356;34
50;850;1
460;607;5
94;249;24
144;986;22
559;78;14
59;278;43
619;668;15
588;959;20
267;385;39
8;651;33
597;543;46
450;453;2
215;724;45
543;933;24
194;826;36
691;418;25
794;173;8
244;303;24
340;534;5
195;1000;35
289;575;21
79;215;18
145;773;41
901;356;14
299;733;49
204;969;47
857;300;43
65;625;22
201;286;28
974;820;32
668;741;20
119;432;1
968;651;38
883;343;49
925;201;24
876;655;16
852;620;44
107;777;48
408;473;49
962;988;19
993;49;49
193;187;27
75;221;17
949;316;31
72;397;39
940;323;45
4;654;49
904;572;11
804;638;4
255;719;49
95;454;29
622;571;17
911;375;4
364;491;19
706;703;27
637;345;22
85;703;44
446;648;10
671;88;50
501;721;46
171;379;49
133;602;38
45;427;4
632;183;49
685;134;8
741;741;32
428;819;41
970;174;50
706;425;36
471;797;32
843;611;30
255;505;43
597;566;27
584;472;44
200;706;11
653;372;28
218;688;37
687;265;45
892;401;37
295;942;18
107;93;26
290;626;23
768;566;43
889;181;36
933;572;43
242;878;25
800;875;28
123;967;10
698;489;14
540;42;15
570;247;24
228;960;14
213;294;37
952;470;14
595;495;21
632;285;19
645;381;29
628;653;14
814;885;43
637;955;42
719;424;47
2;310;50
498;197;4
408;965;45
803;666;39
480;909;36
512;695;23
950;961;41
74;223;11
862;890;1
622;592;38
396;470;30
347;471;4
449;37;45
435;51;21
576;532;14
968;737;35
413;620;45
998;149;20
257;127;39
664;746;9
849;361;4
854;286;43
834;178;13
346;685;43
228;908;37
216;731;4
909;941;18
676;605;44
373;114;24
153;104;40
875;987;5
214;174;13
73;455;28
392;994;19
208;34;11
231;490;17
181;111;15
6;59;43
387;351;14
500;600;42
906;195;25
622;445;26
404;678;12
191;504;4
32;867;46
155;657;31
967;163;1
811;138;19
578;968;8
331;529;16
893;536;18
377;420;32
489;188;30
374;1;43
770;180;33
623;771;19
973;56;25
506;437;28
738;675;41
397;409;24
813;616;45
118;547;46
142;40;35
668;230;41
471;766;50
401;448;2
235;429;17
789;98;40
771;721;49
639;727;50
753;27;44
978;750;21
233;241;6
952;694;48
866;738;32
213;11;25
3;88;12
813;499;7
73;174;14
810;635;16
789;104;44
568;636;43
618;324;38
482;405;43
680;980;10
462;987;17
850;184;29
399;468;6
69;118;32
108;39;25
244;861;16
766;935;49
663;924;24
116;471;31
154;408;16
140;580;8
505;606;14
433;186;5
741;521;28
409;230;48
942;327;16
815;306;35
173;191;39
579;270;33
767;182;8
880;422;25
434;543;50
583;918;33
102;289;11
301;885;49
435;537;33
370;737;8
449;62;45
242;720;38
861;168;35
32;831;6
58;528;30
284;529;1
348;396;40
414;525;45
411;209;10
930;863;22
501;229;22
353;889;33
998;385;37
605;627;22
837;78;43
115;212;32
322;314;22
957;691;15
291;699;5
750;785;11
978;582;28
257;85;4
9;241;40
104;306;22
463;551;25
59;848;39
688;793;31
59;723;8
597;914;4
646;213;4
297;737;3
262;863;19
899;400;34
230;602;34
489;671;32
813;46;33
995;745;48
786;646;13
684;755;34
561;288;9
593;839;13
952;775;2
859;600;45
988;52;12
296;123;30
333;1;11
961;46;38
756;274;10
87;695;26
943;337;32
504;79;43
770;848;20
75;761;30
938;903;9
25;508;29
615;56;36
238;352;30
844;898;12
25;316;20
131;463;6
92;317;26
725;124;44
911;760;16
835;825;16
550;48;28
430;686;11
194;302;17
406;592;46
343;893;39
189;942;9
824;681;3
811;356;44
387;418;1
770;213;2
1;889;44
369;836;42
263;319;48
129;573;38
724;348;46
627;891;11
188;322;10
293;639;37
40;152;17
735;911;17
173;701;40
910;458;41
707;916;16
547;396;17
71;829;1
271;711;3
319;771;12
173;830;12
399;392;3
494;152;9
865;956;9
28;883;40
719;964;38
408;657;14
316;593;3
55;263;6
370;551;24
720;838;27
602;130;7
608;682;3
590;576;17
437;324;19
988;205;17
173;261;24
697;904;6
653;396;1
63;580;42
237;754;47
188;885;28
898;985;39
40;548;18
515;402;14
772;301;27
896;770;9
353;613;13
201;784;12
727;994;47
176;474;32
601;995;20
99;19;4
690;359;32
396;621;16
58;704;50
582;2;2
585;614;41
551;309;14
156;299;22
619;824;28
528;772;7
832;306;44
664;642;44
997;928;35
70;923;39
107;80;8
983;1000;9
468;226;38
665;219;48
61;153;40
625;323;24
117;132;45
515;605;40
482;715;38
562;964;31
424;284;5
964;757;40
213;804;43
296;460;22
716;530;35
313;218;33
915;553;44
904;303;28
266;204;30
953;885;40
180;270;22
127;192;25
52;921;35
809;315;4
839;655;26
725;417;47
992;583;10
61;823;5
313;525;42
899;278;24
102;81;42
118;552;7
674;380;1
902;829;42
450;905;12
882;915;34
220;105;36
701;404;3
952;243;48
486;390;36
969;785;29
428;575;16
771;627;3
689;882;9
432;636;18
580;603;19
825;325;38
866;787;20
692;511;12
786;100;27
350;619;27
673;318;21
354;608;45
572;416;36
74;668;33
850;647;35
708;460;45
819;751;11
353;656;44
741;573;1
230;340;17
162;208;41
934;145;33
186;819;49
389;958;49
749;761;26
435;244;35
602;173;38
191;680;47
742;178;22
889;405;18
529;700;20
332;782;27
354;655;29
832;409;20
671;223;47
799;973;42
296;800;8
851;917;34
533;384;23
320;96;30
258;670;43
291;277;11
628;543;4
937;518;50
149;877;22
381;592;7
593;126;4
539;862;39
866;913;39
17;814;50
204;409;25
236;802;47
648;70;15
129;812;11
576;856;2
952;977;39
985;872;32
931;367;9
692;980;46
610;57;39
817;243;11
436;597;20
631;867;25
781;584;29
246;328;39
171;707;38
226;793;2
795;275;12
274;822;9
374;391;9
615;356;47
345;287;41
844;457;19
36;405;4
103;651;19
670;5;1
445;905;2
712;592;47
265;899;35
110;915;31
815;946;30
645;431;28
710;743;49
479;460;12
16;971;8
435;255;17
913;835;49
167;785;48
581;133;25
966;848;15
748;852;36
688;848;32
802;458;40
358;800;49
397;527;37
218;490;26
742;544;44
576;892;12
230;947;24
523;931;30
940;425;25
439;654;45
371;284;15
317;362;2
5;344;10
999;753;45
271;183;36
52;952;5
241;226;5
647;816;8
367;756;30
683;21;12
797;142;11
394;117;1
95;276;46
690;214;29
663;851;49
833;197;25
587;88;48
119;362;5
237;109;20
440;41;31
822;82;5
118;546;26
740;516;27
394;993;48
918;283;18
486;224;44
141;753;29
155;490;2
887;649;31
169;33;49
131;181;38
129;294;48
222;845;36
711;204;4
976;368;37
847;267;12
94;350;20
840;148;44
125;19;4
351;92;43
839;804;41
581;530;45
112;947;35
554;941;2
556;507;23
882;194;24
377;850;27
575;755;9
266;202;14
226;919;48
806;932;30
436;959;45
997;481;16
479;899;34
845;59;30
629;924;11
663;597;13
589;414;8
160;231;22
343;527;15
842;760;35
938;504;18
667;686;33
209;292;49
532;977;19
235;97;48
385;964;26
583;48;7
185;308;22
838;381;33
117;104;45
868;457;46
52;110;12
160;932;35
949;827;45
362;98;21
975;233;24
811;807;21
665;381;18
632;611;42
609;215;23
862;846;40
523;365;32
912;726;10
527;726;7
369;150;8
647;293;26
850;709;37
827;423;19
547;952;18
506;456;44
722;136;5
89;412;28
777;477;11
687;633;14
146;155;41
208;589;15
206;709;43
228;873;26
981;916;43
997;470;39
330;22;21
901;461;22
568;786;25
874;16;12
280;273;49
703;994;42
126;161;8
677;401;2
104;215;28
653;910;45
232;611;5
349;314;37
326;802;30
96;93;1
286;682;39
167;476;12
678;872;18
735;364;10
686;737;15
943;503;38
84;283;2
439;766;3
686;929;34
641;887;25
620;427;8
236;553;29
369;559;3
518;973;30
762;500;24
622;59;38
227;122;22
612;567;49
511;995;36
544;558;11
746;283;18
614;108;1
514;699;50
626;909;19
634;839;37
75;911;1
750;678;31
943;691;46
100;222;27
929;862;23
382;511;13
897;575;37
763;606;49
481;631;45
482;604;26
121;366;18
435;347;45
470;991;38
436;937;30
635;733;34
449;101;10
935;647;45
900;855;6
774;73;47
664;244;1
499;109;26
285;434;15
970;101;9
814;344;4
228;51;28
674;161;32
235;88;45
707;889;7
148;815;35
96;984;36
907;704;37
234;902;32
851;352;23
361;465;39
572;903;24
671;697;37
330;120;28
562;409;46
307;945;14
259;480;39
121;68;42
194;831;6
824;110;33
144;575;12
125;132;3
160;703;8
611;411;42
669;553;3
989;968;27
816;668;32
289;495;40
534;399;34
283;216;29
58;59;23
852;493;32
50;448;33
175;951;29
926;676;24
970;917;31
833;671;45
759;365;49
24;835;32
60;207;28
970;570;26
578;143;48
796;260;44
168;798;49
181;823;43
100;989;4
974;229;17
33;821;45
59;178;26
651;862;27
210;372;18
922;689;32
606;377;44
359;938;36
947;153;33
929;745;32
175;610;20
312;317;31
746;871;38
761;342;23
20;19;49
481;364;10
188;891;27
977;700;22
347;431;22
931;7;5
313;63;49
89;451;37
319;193;31
163;362;30
597;175;47
475;589;40
725;177;27
813;985;32
396;666;8
30;556;32
619;836;30
865;855;3
287;789;9
7;407;38
613;521;11
643;529;31
990;168;17
401;993;23
268;510;2
1;909;2
737;43;21
324;582;29
779;49;42
261;346;5
359;899;1
97;419;5
624;220;50
26;564;20
666;462;12
612;713;4
893;721;39
890;670;32
932;966;19
763;501;50
826;331;28
470;730;24
587;922;31
732;447;4
145;933;33
846;177;27
37;279;41
995;734;17
252;980;39
168;595;38
344;838;15
17;268;22
646;512;38
93;570;22
817;702;37
890;371;5
403;185;25
327;633;29
6;482;7
765;604;12
253;925;19
438;212;7
642;613;38
478;600;24
638;230;43
769;571;16
429;432;22
321;70;5
452;521;2
794;624;43
110;910;9
909;327;6
685;194;4
41;273;19
486;615;43
73;433;44
728;923;45
419;707;5
554;729;1
868;590;4
317;412;42
899;309;49
940;988;6
380;976;47
177;621;5
37;677;9
752;243;28
712;4;26
545;494;2
883;314;45
590;800;16
818;88;28
513;801;39
905;622;34
672;640;11
300;19;12
433;462;1
779;935;7
930;662;22
940;431;24
492;948;36
142;929;35
393;499;23
659;133;3
549;305;4
171;547;23
450;306;25
896;38;13
296;959;29
198;636;16
64;225;24
58;138;5
689;511;20
934;632;22
305;51;9
715;439;24
260;490;15
784;837;1
150;483;43
185;599;30
897;202;44
172;828;15
925;418;39
630;782;6
187;832;32
720;269;47
437;913;9
639;798;39
357;191;32
971;930;26
246;882;34
394;154;10
145;318;15
313;982;18
66;808;12
593;324;26
189;836;43
541;459;23
436;7;37
556;395;14
979;549;35
405;415;16
227;381;28
132;885;8
364;537;40
910;138;50
499;119;11
394;508;13
394;580;17
880;806;20
488;401;29
647;624;21
584;656;41
412;354;32
232;949;6
869;353;17
703;159;34
761;763;27
564;668;32
667;831;47
639;557;14
622;265;9
139;553;20
158;585;48
30;283;35
809;339;22
252;386;6
67;30;7
609;455;30
502;719;38
30;282;40
378;988;1
230;728;48
666;449;42
646;185;6
628;3;27
515;46;12
951;830;18
572;805;49
278;564;33
486;702;39
402;829;1
50;361;44
607;99;32
481;716;2
1000;946;44
930;643;2
524;966;32
224;842;46
943;127;5
459;340;23
587;585;46
546;357;21
399;912;37
623;855;2
972;960;21
249;471;27
953;875;36
12;980;44
948;993;47
846;871;25
239;825;26
422;750;45
332;860;32
5;525;8
75;645;40
806;352;46
200;320;42
58;891;11
484;559;20
833;463;15
122;322;45
606;430;24
90;429;29
215;248;7
989;572;33
809;155;3
51;614;41
775;81;11
885;664;22
220;756;28
645;131;31
819;869;25
468;825;4
850;730;33
147;595;10
117;217;13
33;541;30
844;693;29
772;402;17
86;579;41
449;600;20
23;991;14
599;743;19
175;849;22
328;496;12
132;712;21
603;391;29
662;783;16
842;904;35
851;387;40
658;835;42
39;578;46
682;675;14
628;454;47
45;282;6
76;130;8
68;176;47
82;831;5
41;467;23
635;556;43
806;349;47
469;442;41
193;27;21
147;788;49
242;305;12
716;120;34
597;222;10
865;273;49
952;882;33
252;346;15
584;452;43
390;234;37
774;855;44
913;780;17
320;579;50
325;742;50
466;603;31
575;357;10
181;396;4
900;281;3
806;767;14
708;714;29
196;420;50
577;891;27
731;163;3
213;707;31
213;33;14
781;498;45
401;585;38
531;414;31
719;846;29
986;694;14
27;38;8
945;913;45
550;707;35
405;885;9
713;327;21
907;891;31
554;85;6
840;124;1
677;699;31
742;266;28
160;799;8
751;86;20
807;690;41
991;80;23
46;594;7
748;137;42
844;50;15
50;607;39
551;487;5
305;843;7
890;514;36
329;541;41
910;808;17
634;628;40
175;254;31
845;545;10
607;133;20
669;316;38
89;821;8
926;804;19
281;857;10
752;373;3
831;658;31
890;539;38
871;80;36
189;651;28
324;669;35
404;864;19
526;612;13
900;615;25
348;574;48
500;257;24
952;620;31
285;282;15
856;798;41
998;545;50
278;808;24
441;958;17
100;577;25
649;812;8
900;221;49
108;265;30
936;52;19
45;767;23
950;537;22
9;370;20
332;831;23
440;580;24
904;755;5
434;717;10
733;879;46
175;395;16
762;545;44
625;387;28
830;883;49
533;476;6
290;118;37
241;490;8
640;329;45
578;450;22
828;926;17
907;204;5
2;301;47
291;3;9
84;465;1
294;395;20
420;621;45
344;602;42
332;993;7
774;625;38
141;492;42
535;206;22
736;321;34
135;502;40
717;953;40
660;548;3
237;444;39
191;186;46
174;27;22
962;95;21
602;62;35
181;505;1
92;811;50
682;881;23
287;66;47
42;838;32
316;918;30
422;170;3
906;751;19
923;824;17
473;990;28
610;878;29
24;553;12
976;89;4
858;212;34
55;539;49
512;505;33
220;381;3
920;165;35
732;808;22
891;265;4
257;486;42
203;902;6
466;602;37
662;112;14
175;350;7
85;525;37
171;496;28
930;589;34
153;750;11
151;613;45
719;535;38
146;90;34
357;939;35
417;157;9
116;705;15
347;664;48
30;385;19
149;686;49
913;463;18
179;218;30
935;302;37
539;296;8
95;438;46
63;351;17
983;224;50
680;16;46
612;54;23
360;937;23
539;979;32
24;609;20
203;534;3
623;764;27
789;450;43
459;636;40
492;403;37
108;725;41
511;46;23
36;236;3
341;752;5
839;392;14
60;164;2
349;794;45
963;96;43
549;116;23
916;992;34
375;938;35
649;703;20
771;822;33
545;735;15
454;305;15
930;424;26
768;952;44
699;515;42
2;268;44
909;696;46
765;286;40
28;527;8
680;549;42
533;8;30
960;380;39
417;825;27
695;981;4
411;520;47
37;118;10
494;583;34
56;825;44
971;439;15
829;468;27
829;313;16
621;498;50
679;231;31
928;169;32
730;30;32
491;94;19
226;686;44
213;559;13
174;347;36
539;364;12
491;400;13
779;474;12
975;262;43
962;560;25
877;609;33
15;935;47
25;448;29
305;996;14
137;551;6
877;848;23
35;976;6
831;935;21
192;228;17
716;310;42
176;540;10
619;861;21
136;578;23
49;867;48
864;98;2
654;458;37
753;248;1
661;562;18
66;501;11
198;748;3
691;745;34
426;691;44
217;122;24
646;812;29
383;524;24
968;320;26
97;577;48
577;393;20
777;727;23
541;831;15
948;537;29
110;82;40
6;389;47
979;995;11
53;260;24
429;6;14
606;432;4
188;722;43
664;377;27
552;233;36
144;920;46
840;604;23
412;120;41
102;973;3
493;161;28
494;206;18
295;471;38
226;427;18
555;651;7
992;570;5
461;107;48
929;293;3
544;763;37
416;204;12
188;194;32
136;761;8
792;984;35
352;242;11
311;709;14
828;940;42
508;512;22
960;640;4
381;883;12
780;457;17
104;834;4
472;502;10
884;688;45
138;484;40
25;637;33
445;400;41
8;188;8
808;568;44
96;462;23
744;410;12
755;232;25
413;697;25
102;376;1
1;44;43
544;130;27
927;599;20
45;716;37
890;128;31
720;993;17
34;456;16
920;520;45
695;535;30
647;556;39
375;681;38
631;604;21
707;770;35
564;860;4
178;121;8
674;392;43
590;179;3
108;738;42
746;690;35
345;130;4
242;919;41
954;371;48
820;476;9
781;292;22
332;854;47
654;959;13
41;504;42
285;603;36
360;426;32
855;240;24
188;510;47
408;571;43
45;26;26
205;632;9
529;923;43
587;6;29
303;849;28
200;35;30
887;491;41
359;772;2
995;647;27
127;435;26
87;583;14
970;701;42
572;211;40
614;130;46
901;268;41
374;82;13
771;314;12
999;953;29
923;776;31
579;82;16
205;303;8
795;263;21
686;57;45
990;672;50
495;584;43
534;885;15
353;364;5
660;203;48
524;570;4
956;542;38
270;655;18
142;606;38
239;626;36
524;515;43
52;75;22
41;287;32
99;225;34
568;868;1
202;674;49
505;475;15
934;417;46
326;986;20
690;312;10
499;150;39
238;825;42
87;746;44
90;673;2
109;74;44
868;602;33
185;276;39
508;744;38
963;278;36
69;860;10
146;664;13
141;952;9
617;86;2
951;594;22
732;801;37
219;929;48
63;481;32
120;694;41
232;979;26
33;208;25
292;102;33
634;457;17
536;184;37
477;435;22
459;801;33
882;706;9
301;617;41
137;927;12
347;882;16
639;258;15
394;863;20
190;200;11
119;117;47
855;649;20
891;120;14
364;53;21
787;156;45
877;327;18
294;591;7
224;518;31
382;553;23
174;42;32
28;891;8
749;707;49
785;73;48
523;632;32
780;473;8
564;890;34
579;947;39
160;337;22
877;277;26
719;429;28
327;430;10
315;995;34
173;172;11
62;198;26
964;953;30
576;434;27
427;469;48
957;39;46
737;860;12
80;316;18
782;773;38
982;938;31
66;660;33
386;30;49
63;617;45
33;91;14
834;189;7
849;533;1
690;389;47
267;5;9
974;368;19
852;204;40
517;844;38
74;496;34
810;861;4
109;357;13
970;664;45
318;572;30
820;291;43
753;535;20
199;440;33
269;394;13
515;218;18
357;868;7
1000;481;5
822;112;46
346;266;17
801;549;44
805;533;40
197;295;18
182;205;6
678;468;34
797;728;37
350;27;44
536;176;13
826;644;47
119;417;27
539;238;31
440;56;23
220;224;30
713;596;6
9;658;19
40;15;8
876;62;5
496;742;49
360;713;16
481;142;39
145;295;32
395;282;22
224;523;28
374;854;8
821;365;30
355;575;35
926;619;26
738;655;6
965;216;18
443;669;1
118;167;26
295;210;8
73;502;25
656;484;25
268;50;13
454;250;29
444;886;11
142;676;18
179;255;3
981;125;17
981;776;47
775;315;19
951;876;1
377;97;15
828;724;2
40;215;45
583;201;34
48;314;27
256;589;45
618;701;29
842;76;30
298;49;2
580;24;40
57;939;44
579;667;32
69;927;8
417;894;5
485;799;32
512;429;23
282;64;8
494;19;26
772;130;48
68;493;23
137;427;11
964;433;7
456;15;35
797;372;41
117;982;8
566;102;7
26;780;13
224;161;35
773;646;35
30;302;16
986;931;12
145;560;47
935;85;43
250;573;35
930;850;37
336;829;28
794;621;36
189;636;8
846;310;28
309;812;6
16;913;50
657;142;47
714;62;25
940;159;25
708;108;5
209;351;27
737;228;28
237;387;44
591;113;29
157;702;42
363;518;14
610;242;49
919;955;46
8;201;47
5;33;30
224;53;39
650;352;34
686;550;21
785;958;5
187;353;36
417;992;48
965;838;49
213;463;8
873;494;41
660;230;45
890;529;50
520;227;30
833;675;47
111;423;42
265;917;5
309;829;34
615;466;38
461;347;5
433;369;43
544;492;9
553;135;22
82;682;42
338;32;18
946;48;23
404;54;40
918;101;40
244;707;24
599;688;4
551;683;49
84;279;28
421;375;37
339;243;41
633;951;40
479;21;6
827;10;16
997;8;41
826;652;17
388;40;24
790;939;19
816;26;24
646;357;15
46;512;29
851;871;42
715;930;34
82;515;33
991;157;36
350;556;36
643;713;8
156;244;17
938;111;12
602;317;19
918;653;31
670;54;42
77;290;10
323;722;48
277;948;14
988;373;41
396;319;21
565;485;4
516;201;47
504;306;11
147;28;4
697;389;6
265;277;39
778;473;15
960;677;31
185;304;23
85;200;19
885;94;40
42;852;11
497;658;16
738;253;2
891;212;14
809;403;9
486;332;50
539;492;28
339;67;37
180;899;45
819;643;41
506;576;7
505;733;11
858;164;50
567;631;34
57;234;50
787;197;40
662;204;29
339;973;21
663;862;27
355;707;18
153;956;1
608;969;38
709;842;29
271;983;11
445;517;25
550;619;26
214;334;45
30;728;37
12;594;10
535;485;47
729;436;12
494;185;48
148;711;2
186;966;31
947;737;3
72;689;18
960;134;49
92;927;15
852;661;39
580;44;27
139;666;42
954;232;11
421;238;48
920;946;4
571;948;20
98;382;16
916;137;34
539;699;3
432;50;9
136;579;25
429;816;50
800;412;38
312;816;47
148;970;48
558;992;39
38;330;42
856;630;47
193;389;19
326;210;37
884;722;25
145;336;48
617;581;38
787;826;10
993;793;41
413;508;31
173;525;18
734;468;30
312;278;7
381;478;22
577;956;33
876;435;49
666;929;2
1;943;45
877;302;31
922;540;31
902;239;42
315;835;42
983;29;14
180;928;32
692;740;36
880;553;18
804;905;13
404;831;6
623;989;16
267;381;8
157;434;21
75;528;17
543;568;35
392;530;2
311;494;15
518;637;36
653;761;44
299;411;38
220;995;32
24;404;13
602;43;22
930;672;10
165;362;24
783;409;12
672;560;45
94;797;49
42;342;14
229;192;41
402;535;33
385;253;35
985;473;49
836;184;30
7;80;23
365;501;3
186;937;14
189;121;40
424;581;1
241;165;19
236;428;37
783;998;15
475;256;6
40;897;43
8;789;46
736;597;6
448;668;10
88;509;47
476;354;43
202;900;24
616;722;19
412;663;6
307;788;32
284;639;45
293;874;32
399;422;43
120;418;39
755;181;40
268;979;19
462;552;29
482;682;31
172;465;13
78;768;34
920;361;30
161;541;16
640;188;30
742;472;18
700;598;42
551;14;31
84;505;23
277;570;16
360;73;22
171;727;34
82;489;10
712;970;26
394;807;41
880;464;20
441;445;30
235;659;46
573;540;42
331;613;11
517;386;19
327;529;43
801;168;13
130;219;12
739;7;45
342;619;5
840;307;17
312;991;34
869;691;2
647;83;6
232;339;4
29;412;5
53;426;45
52;499;39
274;6;14
931;758;42
409;959;27
512;853;44
583;74;48
747;128;36
234;435;32
381;885;23
329;633;9
87;750;40
306;828;36
588;639;29
693;931;27
425;63;17
881;634;13
661;464;38
755;27;1
265;867;15
139;67;27
854;898;47
407;586;50
909;286;5
401;432;22
961;473;35
336;378;8
466;382;33
369;303;39
685;516;10
755;922;33
407;551;23
324;863;29
950;618;17
467;761;41
33;16;45
139;138;49
968;705;45
15;630;12
49;234;26
142;581;24
158;285;18
992;67;10
802;21;32
82;732;13
496;419;35
77;960;42
160;814;10
398;497;6
35;567;40
469;373;26
243;809;49
953;452;18
138;481;15
497;90;36
553;223;1
298;981;38
666;280;7
508;1000;10
209;492;35
876;69;16
432;266;49
925;864;26
653;875;10
930;257;14
566;717;7
104;256;13
203;83;6
635;298;11
121;652;50
182;816;34
379;329;3
722;523;47
576;928;43
985;120;46
351;932;46
123;617;25
38;748;16
1000;40;49
946;742;43
687;493;29
544;215;18
10;777;37
58;464;18
911;34;15
427;674;20
761;594;1
378;611;37
205;381;26
479;184;49
939;964;42
137;866;15
612;113;16
596;797;14
218;946;25
308;707;33
434;908;45
551;295;27
724;889;18
692;405;26
12;306;37
762;345;47
181;448;16
349;772;47
815;301;23
485;550;22
968;683;3
388;328;4
694;279;47
837;506;26
821;946;13
202;933;22
223;237;28
528;876;13
285;321;41
418;739;19
448;985;12
729;879;34
113;700;13
612;446;27
446;251;36
518;263;3
898;474;6
797;224;23
358;780;22
732;968;27
514;83;13
101;299;26
300;992;29
268;939;43
400;743;40
843;316;45
120;982;19
300;337;44
778;68;50
983;2;8
904;423;14
389;793;9
291;987;29
901;477;15
784;504;19
668;966;7
387;256;48
314;481;14
366;332;1
184;561;2
550;996;19
310;906;27
289;562;15
143;893;49
614;273;4
590;290;38
417;911;28
821;793;5
835;730;47
27;14;11
314;897;33
298;864;10
18;269;32
787;679;1
66;272;8
543;820;44
553;966;29
179;693;39
578;731;48
373;480;6
401;752;1
255;799;8
585;828;23
834;340;39
837;35;32
463;757;10
402;127;14
505;988;39
671;349;19
367;751;39
527;453;30
5;457;43
483;46;25
113;743;14
511;136;42
570;881;13
611;733;11
490;266;41
547;292;20
967;145;21
650;912;3
936;589;8
518;658;43
780;695;6
165;116;23
28;315;20
874;481;47
637;598;39
916;970;47
961;699;40
199;227;46
160;835;50
342;594;41
495;462;46
677;192;27
497;436;12
587;415;14
197;230;30
627;729;29
911;16;37
60;534;41
563;787;27
328;253;34
434;649;12
46;268;49
904;456;44
358;481;25
540;173;28
4;547;35
422;804;38
462;854;50
873;627;39
490;713;20
855;779;4
94;396;16
461;531;11
519;461;44
858;418;29
567;790;4
81;670;27
522;759;44
944;426;40
98;778;25
137;140;24
950;140;4
605;500;45
858;751;2
497;899;49
268;300;13
66;854;21
310;942;37
50;153;39
187;310;37
52;292;38
915;584;45
982;473;25
849;775;25
331;854;36
958;40;15
380;154;29
47;866;34
119;237;41
489;631;40
684;115;49
381;940;21
833;190;3
428;372;46
427;505;28
900;28;48
624;232;49
938;762;3
36;94;7
448;46;12
317;64;31
636;354;23
179;701;35
43;934;7
355;857;39
923;91;43
567;345;10
68;551;33
766;290;40
274;674;24
890;989;25
870;327;30
287;767;17
760;440;19
144;284;39
341;879;4
466;745;35
347;655;24
105;680;37
299;636;20
661;344;1
425;56;47
468;657;46
160;300;19
845;910;21
265;397;37
185;500;42
735;614;41
326;591;25
478;749;21
378;212;29
101;354;49
686;812;16
557;490;18
934;765;10
252;385;23
103;263;41
596;539;6
906;51;28
813;274;33
984;224;12
723;566;47
126;882;1
340;9;20
679;277;42
367;734;30
761;239;26
693;470;42
453;424;36
321;965;35
489;908;40
140;54;40
30;666;44
903;767;39
98;714;23
498;545;28
555;357;27
129;155;8
937;207;10
387;16;27
110;71;20
92;206;30
909;407;41
260;194;39
898;226;22
291;421;14
938;967;16
873;331;24
300;625;19
610;656;8
762;942;4
988;848;16
402;292;45
301;982;33
58;901;50
737;738;35
319;779;31
165;816;18
437;77;50
462;30;16
152;528;15
708;950;33
360;225;8
743;798;32
270;223;30
342;168;42
770;801;12
216;479;40
153;993;27
304;987;23
511;621;36
19;447;18
5;38;40
998;376;21
713;459;23
25;545;27
508;536;18
236;362;3
491;201;19
926;992;26
559;467;33
599;860;3
410;780;49
516;141;35
514;922;6
388;269;35
449;554;4
904;38;10
548;765;20
590;185;40
881;235;36
51;60;21
248;566;31
646;909;37
170;50;18
641;80;8
491;466;28
540;775;46
681;554;3
157;786;2
378;964;28
899;184;49
175;204;46
901;22;47
471;397;30
744;223;32
555;5;11
225;221;31
816;424;10
11;163;49
869;117;10
799;93;8
892;618;15
583;125;31
375;11;29
449;301;18
99;14;47
517;16;6
49;204;33
575;712;29
121;910;49
902;550;32
296;19;30
57;28;7
535;652;33
605;183;6
115;364;10
972;519;12
431;752;35
691;657;9
139;769;33
670;165;26
786;108;33
348;687;34
325;750;12
588;642;15
375;283;24
672;424;36
79;552;4
176;672;9
258;392;13
581;517;17
11;408;31
392;357;4
702;257;11
8;630;37
620;878;12
224;315;3
801;292;43
107;618;8
44;361;38
89;492;45
987;42;49
904;889;31
694;19;22
459;113;14
963;232;15
676;784;11
158;178;50
950;807;11
774;796;44
632;424;49
899;267;47
230;582;46
589;428;6
626;604;15
85;224;37
972;782;15
634;857;11
32;45;29
719;56;43
433;47;13
230;610;30
261;636;9
667;61;40
253;812;31
242;333;9
381;43;21
998;177;3
741;605;7
736;504;32
162;352;48
127;771;33
490;55;15
182;974;2
650;816;13
80;679;49
950;473;49
599;12;38
552;372;10
81;706;31
105;85;33
534;251;15
247;10;27
453;603;6
586;856;34
39;567;3
974;490;5
898;429;49
369;502;38
500;246;16
814;484;42
113;753;44
416;135;42
744;548;4
327;531;35
704;474;4
898;671;24
596;946;44
633;96;6
791;633;5
627;750;46
421;591;18
991;518;8
846;743;32
214;492;13
446;190;31
398;109;15
202;161;12
573;999;48
943;422;38
539;326;16
134;486;7
331;36;27
289;136;37
331;570;13
485;477;20
453;478;10
516;747;3
926;31;41
610;458;18
767;943;4
288;995;7
443;88;17
217;424;30
675;610;27
645;497;24
103;831;8
949;297;17
531;481;27
423;155;10
265;786;34
462;73;49
919;177;49
210;531;22
308;919;49
621;921;39
265;559;39
86;805;17
24;734;2
471;215;25
741;118;44
871;857;37
499;146;15
131;971;34
182;120;20
331;224;34
794;948;36
96;341;50
660;310;32
385;3;14
492;900;46
776;164;9
354;500;38
387;367;4
326;221;46
794;96;46
483;581;18
416;220;2
466;83;3
959;255;12
652;391;15
696;405;31
448;979;34
300;61;11
924;227;5
5;625;6
999;585;1
176;748;30
927;269;30
730;87;3
814;86;12
803;548;23
210;812;39
867;872;20
412;22;6
730;533;47
568;582;16
370;38;39
550;84;31
26;184;7
155;498;16
737;763;22
119;384;29
759;53;34
614;154;12
888;340;27
666;71;9
40;885;1
566;788;3
845;211;11
659;653;35
483;880;35
361;684;44
379;427;35
788;185;8
176;681;4
967;9;6
336;509;33
740;61;33
915;814;42
908;370;5
272;953;3
922;17;23
682;389;47
599;539;39
296;985;34
440;372;13
456;112;30
924;649;25
544;863;43
940;278;50
813;977;1
573;335;16
608;727;36
736;693;43
228;489;35
759;108;35
445;262;30
418;306;12
336;220;46
616;634;12
872;249;36
46;455;41
867;567;24
902;597;23
507;354;6
983;431;49
779;946;45
443;557;6
553;788;49
925;898;19
546;993;2
964;112;14
346;799;36
705;852;27
793;260;2
296;976;15
552;711;17
813;192;21
321;991;33
957;102;36
649;495;50
120;343;34
144;357;3
190;633;32
786;970;42
413;815;15
804;982;38
265;526;2
156;810;28
291;66;35
485;608;47
933;933;30
869;385;32
415;285;35
388;370;35
143;533;7
509;605;25
742;9;36
131;131;2
573;28;31
148;808;29
40;514;10
649;586;16
587;558;18
709;532;32
479;417;32
468;943;37
426;960;8
609;454;21
86;448;8
826;920;31
585;792;14
971;873;41
861;74;10
884;150;34
267;852;46
91;762;15
457;532;48
33;238;30
504;301;5
737;884;33
465;508;36
788;437;20
751;536;42
824;177;14
755;284;18
226;883;42
521;320;26
981;504;46
301;35;31
587;552;16
464;674;8
179;55;4
641;497;22
603;492;46
837;925;28
148;997;15
552;70;24
53;650;32
145;349;46
198;913;10
448;206;28
212;653;20
435;476;7
319;753;11
216;90;16
959;898;7
16;820;8
191;898;29
168;254;2
816;70;29
128;365;43
257;279;49
951;683;9
840;671;22
453;30;6
422;340;35
861;344;14
193;39;24
990;275;28
350;153;1
840;410;32
528;566;6
409;835;49
675;739;20
58;645;32
590;269;50
350;667;24
532;261;41
760;494;43
211;791;37
888;284;47
571;246;5
941;102;34
158;786;18
839;597;20
332;852;30
701;813;30
157;221;42
184;613;31
539;214;5
935;442;22
397;490;37
197;400;37
616;535;36
491;154;42
461;227;8
161;453;38
81;6;50
193;653;18
109;641;12
611;137;12
293;434;50
266;1000;17
829;896;43
11;194;41
705;545;48
961;664;19
876;743;12
307;347;28
209;577;18
202;381;40
663;92;41
524;881;2
364;488;35
83;30;31
899;533;47
152;327;44
436;974;36
640;398;14
697;417;41
96;955;21
9;98;8
849;971;16
99;694;29
116;452;15
130;209;5
31;991;41
224;484;41
815;639;23
727;995;35
324;478;44
801;991;6
436;926;7
38;871;13
841;931;38
199;114;13
731;997;9
368;686;43
873;846;28
658;751;21
998;58;23
486;261;7
75;295;38
639;868;5
288;799;25
926;155;22
749;40;48
311;264;18
452;671;47
204;186;36
141;218;22
47;140;26
419;89;2
791;530;38
794;302;33
152;197;33
847;749;35
914;969;8
152;398;40
292;350;8
580;185;28
739;502;11
281;255;5
643;475;26
974;615;19
828;493;28
703;686;23
353;520;41
965;343;20
235;52;16
366;885;42
837;137;50
468;899;42
1000;963;10
351;360;21
7;539;32
217;12;4
803;811;48
808;808;46
373;760;45
670;176;41
544;813;35
359;947;12
371;665;10
686;693;47
384;346;10
759;543;15
847;676;2
699;902;31
781;634;7
89;593;42
158;237;5
243;639;45
57;285;45
780;934;49
837;786;38
67;536;9
516;967;14
760;77;4
55;935;14
892;795;9
345;33;18
565;7;44
567;817;43
161;35;43
91;386;16
201;244;26
506;254;27
178;147;2
457;924;29
559;36;34
179;465;28
346;486;3
923;66;47
859;679;16
339;404;49
428;905;9
960;398;43
786;201;29
619;71;44
204;843;4
878;817;12
448;445;39
801;110;17
433;5;30
638;723;9
113;957;13
637;104;16
185;380;36
369;506;1
482;564;26
886;946;14
564;143;15
819;128;20
745;960;7
821;106;40
234;109;37
434;84;4
215;96;19
676;448;24
456;863;10
259;874;44
438;758;37
323;263;48
820;430;46
618;605;13
317;272;47
576;426;1
612;458;20
281;945;9
42;170;43
583;265;26
786;617;29
47;71;6
985;980;26
530;535;30
60;436;50
165;337;35
29;848;33
642;695;36
64;154;47
527;199;22
745;13;31
706;101;16
398;60;13
822;22;39
131;633;11
761;365;31
610;901;1
227;999;29
825;685;34
62;382;10
829;713;4
177;466;23
306;149;31
152;484;28
512;444;7
801;916;20
768;398;7
659;365;22
478;371;22
952;994;21
270;33;5
766;371;37
357;567;19
587;58;34
387;884;49
913;537;15
25;852;29
787;253;28
706;624;35
827;437;17
669;266;12
452;627;12
564;325;12
50;58;38
895;675;5
584;499;13
509;826;22
539;944;13
815;962;33
482;916;4
46;506;6
361;930;36
67;557;35
301;565;10
909;721;35
666;771;6
810;72;4
563;518;37
934;188;24
172;452;23
764;723;34
625;338;2
53;967;40
526;909;35
827;574;47
24;362;39
154;304;23
627;543;19
167;959;13
7;78;45
321;858;37
249;91;42
444;598;28
253;538;29
516;621;35
791;2;8
312;344;31
292;147;49
678;969;34
909;177;35
44;527;1
944;862;17
975;313;36
124;232;43
761;10;5
117;43;7
462;781;1
686;847;9
4;880;30
646;475;43
351;113;47
80;4;14
408;103;5
2;243;18
9;569;49
292;924;13
207;875;17
706;603;46
299;318;8
195;125;13
244;193;49
134;592;11
260;931;11
807;69;14
408;235;2
518;114;22
133;713;2
637;361;37
839;622;16
541;196;8
836;73;5
169;765;16
406;815;33
808;846;26
303;32;1
252;324;19
484;996;47
469;296;24
674;485;21
840;908;15
162;734;22
415;453;15
62;911;22
308;545;32
280;187;49
702;633;39
247;611;25
658;603;17
950;985;44
516;553;14
521;297;30
205;958;34
451;807;28
211;30;17
600;926;5
664;621;19
542;901;10
179;638;25
106;805;19
162;451;31
447;179;46
791;335;28
833;559;45
837;303;29
569;342;22
167;761;13
162;691;22
164;578;16
287;623;49
985;647;8
421;663;29
444;191;12
895;430;21
898;665;1
327;132;28
452;943;19
911;395;47
770;242;38
123;417;6
166;567;8
243;901;40
723;25;29
513;982;21
343;184;24
465;835;31
314;253;42
152;241;21
810;978;10
937;687;6
223;210;43
815;846;50
95;4;6
180;746;6
807;507;40
835;512;13
323;171;42
560;466;37
353;452;14
541;884;41
857;534;19
165;975;23
958;77;13
314;949;10
382;148;47
928;789;47
179;748;28
903;60;44
739;850;37
234;860;38
288;215;14
521;478;9
362;475;17
283;650;10
947;781;33
806;704;13
482;365;3
800;786;38
975;353;21
522;630;9
567;637;45
342;461;2
655;154;42
128;511;49
395;8;12
883;215;9
1000;706;18
452;37;19
977;702;31
1000;956;14
602;193;3
347;1;17
95;884;27
972;416;47
791;645;46
71;61;16
490;110;49
584;558;14
293;185;8
778;769;4
509;966;7
139;608;6
470;79;25
685;983;5
612;964;28
882;909;20
128;427;36
580;35;46
941;42;32
950;224;30
135;605;37
553;170;11
981;356;26
417;581;40
63;835;20
282;348;18
487;459;12
374;349;40
854;993;27
778;317;29
969;244;23
164;970;36
342;830;6
968;85;11
505;784;42
263;879;40
249;533;27
711;49;17
549;673;18
412;542;9
189;580;39
218;305;35
599;638;14
927;876;12
728;572;50
626;176;21
414;661;47
531;394;29
670;742;50
71;995;44
545;292;23
301;889;34
349;622;27
360;897;47
79;179;39
453;336;48
26;151;41
33;242;43
290;776;35
771;938;14
845;116;19
583;234;4
65;391;39
818;48;16
96;670;25
481;221;5
755;910;44
131;718;4
862;310;41
317;101;9
129;385;20
656;257;12
359;233;5
389;167;6
765;344;2
523;173;26
160;955;25
622;557;47
62;122;45
267;132;34
712;162;7
517;813;27
637;525;36
315;250;5
821;216;2
773;303;38
672;860;38
736;765;27
950;868;11
240;219;13
813;357;21
140;969;30
330;278;45
544;50;8
939;749;22
540;209;46
126;333;24
185;796;48
747;785;36
730;202;48
252;535;15
815;807;49
235;987;48
528;330;8
887;620;14
631;680;30
26;334;17
338;229;34
676;840;33
692;394;7
454;144;35
750;567;1
99;411;11
7;764;5
707;890;10
595;589;38
860;334;31
522;975;49
910;342;35
899;781;29
733;141;4
371;822;10
23;916;40
359;838;33
856;44;38
929;230;3
453;226;24
398;194;46
218;247;43
13;174;7
234;559;38
626;399;35
734;442;12
63;185;37
671;715;1
255;77;4
297;954;26
843;318;11
978;334;43
792;890;25
287;246;35
407;18;39
252;754;41
327;728;28
531;998;6
643;212;20
79;911;4
513;991;39
693;765;32
549;38;24
828;554;44
877;383;14
348;118;42
382;924;22
802;266;3
63;285;49
867;513;25
478;397;48
106;673;25
709;278;1
920;617;32
504;471;10
894;754;27
350;682;6
657;572;3
562;608;1
794;212;4
337;359;49
800;165;1
701;159;16
266;994;39
945;406;36
222;18;10
260;362;46
539;581;28
19;339;8
188;493;48
820;969;40
654;304;48
82;693;15
412;745;42
352;384;37
318;38;13
64;877;7
366;739;9
630;419;50
522;699;13
225;66;1
888;99;27
579;834;43
925;62;48
621;290;30
390;685;25
599;924;38
155;471;46
665;349;33
135;128;37
940;8;14
230;42;23
484;780;36
713;675;3
810;399;47
22;695;24
433;263;13
323;815;8
136;702;41
471;140;34
134;235;41
409;974;28
943;504;31
451;696;24
24;385;3
925;741;37
400;169;33
320;598;18
849;11;17
153;17;31
751;109;27
556;100;34
103;297;8
562;515;45
395;816;32
948;246;20
826;314;37
102;305;31
405;63;4
652;450;42
106;334;43
478;916;3
586;269;8
392;514;20
850;55;13
88;63;24
501;640;1
817;105;12
349;647;14
860;634;48
989;698;27
843;907;16
859;484;13
679;668;49
863;44;19
627;989;47
449;648;2
389;846;30
585;116;1
430;541;48
67;6;10
599;346;44
276;889;21
148;607;16
7;830;25
301;24;20
644;156;40
834;68;29
815;17;23
349;208;28
582;344;32
914;671;16
754;841;48
414;794;38
365;159;26
199;837;45
273;285;12
811;200;27
176;900;29
944;564;49
84;143;10
800;697;18
125;311;43
839;404;2
186;43;19
969;897;20
234;378;25
312;983;31
647;936;17
143;775;25
563;127;1
283;73;15
61;820;16
161;408;13
229;712;29
75;61;41
309;348;31
208;562;23
611;892;19
969;3;5
655;102;45
439;301;23
772;611;17
94;702;20
469;518;3
244;780;20
63;877;30
497;185;8
407;201;3
455;938;9
766;76;46
573;648;31
384;786;16
269;984;39
632;451;9
262;684;38
166;695;27
888;428;24
451;906;28
1;744;32
911;142;49
326;764;18
669;65;18
885;193;2
711;162;9
459;568;10
947;205;8
929;122;48
103;676;29
869;214;15
610;299;36
243;213;43
752;543;50
123;143;32
19;751;28
331;741;16
101;613;3
90;143;40
644;217;23
994;960;4
71;592;41
685;995;39
928;773;49
410;105;43
891;110;17
896;939;21
760;796;33
43;715;37
583;212;5
488;768;50
802;738;18
192;905;6
226;797;17
369;568;25
863;174;26
652;914;17
329;368;1
493;92;19
491;249;12
988;690;49
54;43;3
109;451;21
941;788;6
42;643;50
347;392;46
398;360;47
86;570;2
715;722;25
197;707;13
571;263;28
718;246;15
935;973;3
869;20;21
90;53;13
50;858;6
450;458;31
737;976;13
341;734;20
897;253;35
931;250;2
704;950;9
198;553;40
773;199;9
769;828;40
930;337;46
622;486;25
669;786;25
197;871;31
806;802;3
883;792;23
457;16;35
8;639;35
598;558;22
741;734;7
855;948;25
634;632;38
46;395;5
517;708;3
546;887;6
644;175;49
50;307;3
890;439;48
171;745;10
163;429;43
53;763;27
329;438;11
630;689;31
882;422;27
62;115;40
519;517;4
559;570;9
426;448;35
382;546;40
509;211;28
773;755;27
704;479;27
837;565;13
432;908;4
907;850;35
228;388;40
851;220;17
384;397;27
586;262;17
947;953;14
666;363;47
372;38;28
398;416;34
59;118;2
452;672;13
467;170;48
57;906;47
630;554;28
477;589;11
837;285;45
435;120;10
406;290;15
323;20;12
508;947;11
375;684;23
444;499;27
446;56;50
899;190;20
861;411;36
81;683;9
32;435;4
962;981;16
311;398;13
674;20;2
462;9;27
628;982;39
996;138;50
285;922;46
133;918;34
636;387;8
818;624;34
278;470;13
432;39;10
28;840;34
718;124;38
797;950;40
996;262;7
14;821;40
167;84;4
294;227;8
674;95;28
810;740;7
450;383;36
638;611;47
883;225;43
830;20;36
199;167;47
390;405;39
129;34;39
123;19;25
769;541;6
751;284;30
426;115;14
122;201;9
930;151;11
449;323;9
48;556;26
770;353;43
861;537;34
537;687;12
963;77;35
972;650;28
830;646;10
534;123;21
839;354;30
557;980;34
781;561;39
839;421;41
385;441;14
968;214;49
745;748;44
115;342;45
956;641;16
998;507;49
751;652;48
805;639;1
690;842;12
826;533;17
298;327;19
403;359;5
310;213;49
590;761;12
749;900;28
491;890;8
230;591;43
196;873;33
580;366;34
122;173;18
566;246;40
178;576;28
258;388;20
233;980;39
623;951;49
77;376;2
996;335;18
605;293;14
85;443;28
240;391;27
586;577;29
707;726;32
911;917;38
497;440;7
838;87;42
926;89;23
801;578;36
345;461;49
894;251;26
478;857;1
69;532;26
398;81;10
965;993;20
181;893;13
889;788;24
943;524;24
926;4;38
792;434;5
225;595;29
940;960;24
728;580;49
471;349;33
564;44;8
831;840;28
126;39;2
874;182;46
972;464;46
275;607;13
158;137;47
433;345;13
726;703;16
359;566;3
362;96;14
775;231;25
754;207;7
911;878;33
580;137;3
668;730;15
476;475;14
375;198;30
667;401;23
221;77;35
48;563;44
157;822;35
290;1;50
9;803;32
124;979;8
203;817;29
896;954;50
946;14;12
254;522;44
174;745;20
59;184;43
245;601;40
62;969;37
582;84;44
86;774;18
79;856;28
135;28;13
226;101;36
354;942;43
277;683;48
6;217;28
183;604;8
865;355;34
551;715;43
549;3;15
365;574;9
718;325;33
681;851;12
385;35;39
406;705;30
865;321;10
686;184;29
454;627;43
988;743;41
23;842;36
419;140;46
964;375;36
565;956;41
367;848;48
525;973;36
954;698;15
598;522;23
648;564;19
360;987;14
8;337;1
98;665;6
174;413;48
636;982;1
667;743;48
742;116;40
715;851;38
924;975;7
721;869;5
211;742;44
387;389;35
973;134;35
956;429;50
270;395;10
377;424;30
481;425;2
731;899;19
328;674;26
598;702;11
287;237;7
395;896;36
493;808;18
720;25;12
79;741;23
293;763;21
363;80;42
863;300;10
334;168;7
528;589;2
449;54;23
27;93;7
316;480;11
391;105;29
569;442;18
66;792;31
174;61;43
69;21;37
171;761;38
518;11;9
28;832;12
924;976;22
504;559;33
44;873;5
288;604;46
660;817;48
449;113;17
31;350;17
488;336;5
616;609;11
185;862;23
36;318;38
225;928;16
949;182;4
269;573;7
111;826;13
881;778;34
755;292;18
231;217;42
595;145;23
617;277;22
285;617;39
817;233;25
144;710;46
317;603;31
165;732;37
285;484;22
613;396;16
856;656;43
608;122;9
342;601;18
662;491;27
263;363;21
289;574;24
658;692;35
207;381;33
481;322;27
921;35;40
215;764;11
46;482;47
730;427;29
515;440;2
310;25;28
159;292;47
642;414;46
653;209;45
713;802;1
954;697;6
309;326;39
850;893;13
269;308;37
824;139;3
457;463;30
629;24;47
164;271;7
620;933;10
326;218;25
415;22;41
98;194;28
220;108;5
758;163;5
321;354;4
834;814;43
183;935;27
563;828;5
197;817;38
324;56;20
313;284;22
598;595;32
22;799;4
693;576;33
553;553;31
554;336;41
432;677;24
179;198;38
541;805;38
469;793;35
385;580;47
708;723;36
148;601;18
431;943;34
366;202;4
466;165;38
906;502;27
250;786;46
275;936;3
733;324;32
249;571;30
701;215;21
106;836;29
645;465;42
235;59;14
565;666;49
12;352;31
867;454;42
717;714;22
410;983;43
884;560;33
859;744;35
126;963;44
619;812;33
864;849;13
640;824;31
893;335;50
726;305;13
435;251;5
364;33;39
416;107;37
511;8;32
37;861;29
442;284;47
690;118;3
803;975;11
212;928;4
466;503;29
773;150;21
480;394;48
643;955;47
400;356;23
990;63;50
812;487;35
936;906;17
738;84;15
646;823;10
649;370;11
388;506;2
53;419;40
941;289;47
137;120;5
786;220;44
515;79;38
81;476;30
210;519;5
690;148;9
618;258;24
621;375;33
8;547;33
215;447;6
444;408;10
798;84;20
67;636;28
756;646;28
399;233;29
79;422;24
476;403;31
638;123;37
897;151;18
340;184;31
104;972;50
698;174;17
354;786;4
244;379;13
433;270;14
974;690;35
513;68;20
116;766;6
421;570;23
820;771;6
497;232;39
300;330;37
12;539;50
631;938;31
312;485;5
642;554;36
241;430;4
857;505;1
909;590;33
654;473;32
202;44;4
944;28;15
337;10;14
245;579;45
515;157;16
703;422;47
839;426;6
568;63;46
89;13;48
338;496;35
573;950;36
126;99;31
260;837;47
389;380;4
505;436;9
462;111;6
985;395;20
81;337;18
631;76;24
245;82;39
140;430;35
700;521;46
776;106;31
223;930;45
412;977;41
204;637;43
525;224;33
436;112;8
760;353;47
48;289;31
809;368;48
266;473;34
711;878;49
355;443;40
61;971;42
114;511;44
70;468;29
711;359;34
510;57;2
41;470;4
810;164;14
906;535;10
546;366;28
413;276;23
948;20;30
631;510;21
368;269;38
824;104;15
219;94;14
315;658;26
469;84;47
525;707;15
533;640;35
994;352;15
678;164;41
671;48;42
454;971;23
621;899;15
910;630;37
428;587;46
12;38;21
966;896;50
569;557;18
818;474;24
483;625;3
568;658;6
429;295;2
7;208;43
361;801;33
33;93;47
52;478;6
483;12;21
884;327;10
336;571;28
537;153;2
766;950;49
330;122;5
549;43;27
412;739;35
162;953;6
998;775;13
279;17;2
802;708;2
107;581;29
945;414;28
120;113;48
565;252;10
754;143;4
824;344;33
220;257;27
28;607;8
984;926;40
991;948;23
303;283;16
255;722;48
439;995;29
97;490;15
196;588;41
483;860;50
597;301;35
595;998;45
378;723;8
46;545;12
209;488;32
157;405;49
202;433;35
39;840;46
968;585;26
684;677;1
909;194;32
324;197;17
608;144;19
871;677;48
705;854;41
967;809;9
986;873;15
180;614;40
58;983;24
895;477;6
71;679;29
983;233;46
869;102;7
673;535;8
737;95;16
886;88;50
992;196;10
88;900;33
794;254;19
44;104;42
606;459;31
191;164;27
554;119;6
304;411;4
40;735;31
521;196;38
121;740;31
745;68;3
302;796;41
994;412;40
499;472;21
840;323;10
546;517;35
677;145;49
51;685;13
474;280;27
990;231;27
505;982;41
128;216;22
185;707;8
469;184;6
666;973;31
436;622;43
551;442;4
221;231;17
889;530;44
171;346;2
710;604;29
750;720;15
792;143;44
6;314;19
578;4;27
174;618;43
666;978;44
164;596;15
468;764;36
202;202;34
965;925;3
139;913;8
526;57;49
542;330;11
381;222;27
403;24;50
907;857;11
706;805;5
286;679;21
99;611;2
796;840;48
539;736;40
70;494;4
924;411;47
342;504;11
680;374;22
67;704;3
531;990;18
480;598;27
57;549;30
513;923;38
875;67;11
675;694;46
995;767;21
892;570;3
564;260;39
778;66;18
98;914;29
947;502;19
444;127;1
173;897;47
219;518;41
856;967;8
391;762;44
16;581;44
74;920;1
887;1000;6
473;754;13
329;619;32
788;415;48
741;971;1
965;301;36
322;666;43
107;190;40
847;601;3
320;748;5
375;805;17
458;55;24
472;258;38
226;377;5
52;179;35
271;86;16
670;855;17
509;929;29
501;294;11
552;502;6
417;124;27
983;454;30
226;465;31
790;875;40
418;347;18
787;60;44
821;619;34
109;108;33
916;227;37
53;669;16
379;81;35
717;251;29
786;119;11
658;971;21
405;392;46
851;755;16
101;803;24
845;130;10
689;704;23
336;182;11
703;481;25
767;616;45
593;453;16
699;426;9
865;593;7
399;723;35
30;552;24
842;591;17
6;182;38
984;445;19
505;723;37
499;598;38
194;965;10
456;134;26
159;346;31
537;952;24
3;744;39
773;894;4
936;773;37
745;522;41
947;449;44
907;173;3
84;282;25
715;281;39
766;826;22
929;281;47
49;960;50
598;735;3
990;952;26
562;996;12
252;687;14
788;785;18
81;839;50
255;368;16
843;588;28
836;578;12
204;640;38
474;600;49
564;184;47
846;81;5
318;535;5
686;572;6
253;761;43
544;772;47
595;688;48
315;504;29
432;281;17
167;143;23
700;218;40
431;642;22
833;483;28
762;212;4
384;932;19
374;310;10
958;501;15
543;303;13
425;443;32
890;960;18
171;383;28
1000;269;44
101;869;7
950;198;43
800;322;41
776;474;11
864;735;40
557;519;17
25;868;25
695;389;25
50;74;39
97;316;19
273;752;13
70;106;20
275;468;40
781;489;17
171;963;33
915;323;24
8;594;22
332;592;3
366;834;34
213;330;47
808;611;5
819;755;41
763;968;7
59;679;9
719;376;42
618;372;20
382;748;33
198;161;18
102;423;20
601;59;6
477;336;22
535;612;24
222;615;40
927;308;39
249;309;15
387;975;44
496;109;34
652;970;15
935;338;11
26;71;13
178;4;32
734;947;27
346;515;33
494;468;26
135;138;14
792;578;41
505;743;13
481;15;6
756;423;38
967;795;14
479;162;26
751;911;50
899;785;15
23;166;47
764;594;18
58;966;28
606;210;46
803;388;23
198;46;2
572;227;7
377;434;42
443;983;43
877;120;2
782;141;17
404;105;40
982;274;10
41;324;15
23;962;23
325;877;48
408;980;11
241;881;5
592;499;33
422;945;44
13;586;5
258;845;29
628;557;21
944;37;20
524;784;11
129;151;4
364;565;13
691;18;24
959;491;34
214;860;14
552;824;35
561;718;5
887;983;3
542;155;21
409;437;2
767;46;46
933;680;33
341;68;29
764;385;24
519;521;5
923;136;30
941;291;44
905;262;41
300;208;26
466;572;10
398;156;25
248;432;14
571;59;34
54;355;50
419;727;15
388;261;29
195;238;36
324;235;17
198;515;24
329;583;31
73;650;44
12;562;10
432;839;41
361;488;10
115;632;19
721;686;1
192;996;37
813;42;41
726;32;39
350;114;29
638;840;35
214;865;18
598;719;38
819;886;30
468;684;41
674;199;39
2;214;42
326;577;25
762;205;13
652;875;1
138;919;39
230;46;29
476;1000;38
291;37;30
38;875;9
728;232;3
89;750;27
708;458;23
420;262;42
445;660;49
649;864;43
686;739;33
108;674;13
170;909;19
21;261;12
590;100;23
961;71;39
880;95;49
729;113;24
831;729;13
584;122;38
33;260;33
580;670;32
689;457;15
747;49;31
154;993;44
648;15;2
766;455;35
632;593;1
418;175;26
106;963;39
413;629;5
613;852;39
188;381;47
323;337;20
292;498;39
494;307;10
675;37;44
479;870;25
333;992;30
127;784;45
286;929;25
371;94;18
744;501;41
627;635;35
226;319;31
737;66;21
499;8;50
649;401;2
798;303;45
433;732;40
81;85;5
631;6;50
26;650;43
967;765;2
728;567;22
811;154;6
532;638;10
569;742;30
299;813;23
17;510;27
151;7;43
652;803;15
144;580;20
998;508;6
765;401;33
806;443;35
624;162;20
93;10;23
221;546;9
456;51;36
149;399;12
166;289;25
61;421;30
180;46;11
455;439;12
222;243;2
511;24;28
682;499;46
740;443;49
776;142;24
617;412;42
949;27;28
843;165;29
267;248;5
421;483;12
963;870;24
492;475;11
53;135;2
330;353;32
163;393;18
159;11;15
492;917;34
173;896;35
423;358;31
342;869;8
733;662;9
839;23;26
745;232;10
401;111;5
134;726;48
997;853;41
170;609;16
294;394;28
829;3;2
342;534;28
581;794;50
762;787;41
771;667;1
165;751;20
675;751;11
791;860;40
211;492;5
35;926;21
585;4;26
387;673;9
371;181;12
272;723;41
829;232;31
825;151;32
165;133;6
974;602;13
350;813;34
319;912;45
415;415;1
114;314;34
402;657;14
293;306;43
46;463;34
55;775;25
520;140;41
942;533;42
673;556;50
97;427;43
294;311;29
430;740;17
242;483;47
764;443;21
222;85;33
695;523;23
535;30;7
935;574;13
259;864;22
177;952;43
77;686;4
88;128;12
720;707;16
836;197;22
365;899;1
941;131;26
351;808;30
900;242;15
920;926;49
148;775;16
232;798;40
953;983;22
934;984;39
784;704;20
608;480;20
137;343;16
701;58;6
769;197;25
274;132;23
644;458;1
4;641;42
158;257;26
842;407;39
458;481;4
975;29;36
306;746;44
436;354;8
460;893;4
580;149;35
688;662;2
851;12;25
69;322;48
635;602;34
916;101;19
15;180;19
804;677;22
908;182;46
16;18;12
750;672;41
520;397;48
898;127;39
96;330;38
76;79;2
760;518;10
765;709;33
299;31;16
142;511;27
637;641;36
861;173;21
319;933;41
152;268;6
981;383;36
82;216;50
687;43;49
424;151;49
270;862;45
592;556;3
12;509;31
130;582;40
476;43;22
984;830;30
965;566;23
842;358;47
544;46;1
592;74;44
708;115;18
280;186;18
46;356;23
708;905;48
359;666;30
238;374;32
338;750;34
310;748;10
807;113;30
22;293;9
239;335;7
360;377;13
257;34;49
16;507;48
781;99;38
387;298;42
86;548;29
552;912;3
606;27;41
911;774;42
897;124;48
692;454;42
338;606;34
438;858;45
340;789;41
138;762;1
45;117;21
146;24;42
994;490;34
181;249;18
753;212;30
762;645;8
993;857;30
77;927;14
961;720;26
316;15;11
579;445;23
661;824;2
513;601;11
324;334;33
739;363;36
555;567;19
244;177;28
860;381;43
154;54;11
54;457;49
498;22;44
163;604;19
805;731;8
227;345;36
575;270;31
664;800;39
116;980;10
483;93;6
24;621;40
908;4;49
118;922;14
555;454;41
1;509;42
362;8;17
256;92;29
792;797;3
994;578;50
204;343;32
101;167;22
495;42;19
471;703;27
507;158;44
9;289;30
341;47;23
990;762;48
491;615;29
318;846;35
617;602;1
763;680;19
328;317;2
783;14;9
387;640;3
839;558;29
945;58;36
699;889;16
656;788;32
534;516;6
792;445;21
42;977;31
708;351;14
111;735;6
939;734;50
44;723;27
347;995;15
887;722;13
426;515;30
848;768;34
790;369;46
446;961;27
757;644;40
697;750;20
958;905;44
122;203;17
409;378;25
619;934;21
31;127;49
786;867;2
192;695;5
419;634;28
507;459;33
954;627;37
778;502;26
533;310;29
376;74;8
149;644;33
988;339;8
95;568;5
937;417;6
328;805;23
292;652;34
659;253;9
885;577;23
931;230;22
357;238;5
483;457;29
311;828;25
474;873;36
21;412;43
102;403;3
258;982;21
601;717;24
873;26;40
576;131;20
639;399;3
902;840;10
802;488;1
454;697;26
150;845;40
352;472;44
7;978;30
302;547;36
614;31;37
989;53;23
566;459;13
142;882;1
698;997;19
521;821;16
784;849;50
937;596;20
9;236;19
784;131;6
779;709;10
98;822;13
751;231;44
760;439;24
350;803;19
793;534;47
248;909;50
689;800;23
934;656;42
89;146;5
680;994;24
756;788;43
550;537;35
518;482;43
575;241;23
738;876;10
550;580;1
999;708;20
197;484;2
604;435;45
460;652;33
518;755;6
216;514;22
272;697;46
655;158;29
621;677;12
134;261;45
561;513;25
694;676;6
374;969;48
998;222;41
266;982;37
126;723;38
221;818;41
151;294;19
255;21;38
34;19;10
566;805;22
228;355;49
888;723;8
419;898;6
878;288;19
751;180;6
963;358;15
519;117;42
663;516;38
497;154;11
4;553;42
206;477;50
989;561;30
356;885;40
436;120;13
136;346;19
335;440;28
248;599;17
571;547;17
747;631;31
715;140;9
705;672;35
892;632;7
890;489;28
946;299;36
297;525;43
772;416;49
600;573;15
484;418;38
129;167;13
190;907;40
529;493;10
257;725;28
577;950;22
446;96;8
186;623;34
589;740;21
281;343;23
136;196;3
128;99;38
838;281;44
489;536;41
757;99;23
500;343;49
132;222;46
442;701;12
281;332;44
151;48;49
765;189;41
231;239;37
268;438;30
16;951;17
834;768;12
933;762;16
675;944;5
954;918;25
611;536;32
375;56;15
691;462;22
108;726;10
187;969;40
806;750;46
873;783;6
969;526;35
264;514;22
485;770;39
848;747;27
431;826;14
683;842;22
499;135;21
265;794;38
588;294;7
855;999;14
497;662;33
72;959;8
266;342;22
73;561;45
795;162;29
689;211;21
539;277;1
466;422;50
919;13;3
864;780;27
118;516;22
607;126;46
340;135;28
172;799;36
907;866;47
644;489;16
746;164;6
71;266;50
589;395;40
932;575;11
517;772;48
126;314;46
278;983;36
771;428;19
850;986;13
341;104;38
11;583;16
904;39;2
777;812;36
87;955;26
550;361;26
966;864;7
891;449;45
789;614;29
191;174;49
41;30;41
431;521;43
130;263;10
223;547;11
726;889;12
391;501;37
408;209;13
618;173;38
595;810;29
10;711;33
868;911;32
831;517;32
124;68;31
798;60;20
253;845;35
479;84;7
335;190;27
284;862;29
194;213;12
70;993;16
583;343;35
824;22;21
386;355;43
954;486;22
517;733;43
916;958;46
309;622;27
263;650;25
644;403;38
175;652;9
848;491;6
307;975;3
411;950;30
983;970;41
159;512;6
524;4;42
453;228;19
537;170;36
460;530;17
714;765;31
308;600;8
185;622;9
300;491;10
707;255;33
484;221;44
907;925;16
913;228;32
499;73;30
810;358;23
972;617;19
963;754;5
358;732;45
413;79;19
5;461;9
584;457;34
955;979;3
221;843;15
790;116;45
595;618;39
885;335;21
208;202;1
467;29;33
881;210;2
400;698;40
267;974;28
726;314;36
543;689;42
309;796;26
204;361;6
96;143;9
639;227;47
91;314;43
350;742;14
853;542;28
162;663;33
307;802;22
726;833;40
452;665;38
177;841;24
752;461;35
562;757;28
864;209;15
668;870;11
512;940;16
257;121;32
246;771;41
364;820;3
538;531;29
381;711;26
163;458;24
212;892;42
654;451;8
156;962;42
185;23;40
498;366;35
170;170;24
581;154;5
630;701;36
4;455;20
615;398;49
192;495;42
770;248;41
623;480;14
448;496;21
822;214;7
411;549;1
345;470;38
211;723;1
367;684;16
390;484;45
127;90;43
615;220;7
482;413;20
332;978;42
361;277;37
522;252;10
391;417;2
783;803;43
218;978;19
612;505;21
72;67;42
567;452;14
620;208;45
564;588;36
989;414;3
846;863;9
304;106;46
374;979;32
335;318;41
853;95;28
212;485;39
527;896;37
419;631;32
296;410;35
998;78;43
886;577;18
440;613;7
197;870;40
583;526;34
628;305;12
693;27;26
880;322;46
438;250;20
95;955;29
188;552;35
487;842;16
870;306;38
179;881;15
211;426;37
645;126;25
364;673;8
475;196;26
47;263;24
440;625;47
996;884;3
600;731;45
917;176;26
703;124;4
999;386;19
258;206;11
277;940;40
659;520;28
935;404;18
939;255;14
281;57;44
129;135;18
264;283;28
383;879;47
9;612;29
260;376;11
371;927;44
687;892;16
444;850;33
864;741;41
801;940;33
765;476;35
740;663;34
969;522;19
889;736;1
73;392;30
607;611;5
151;672;45
881;774;12
742;101;47
707;332;33
554;224;42
999;372;23
587;207;44
723;143;19
218;154;12
452;85;49
204;312;20
675;844;36
340;703;29
34;994;20
967;792;30
571;745;32
642;633;50
312;456;30
578;981;7
943;938;42
627;634;45
605;985;37
304;860;5
834;847;44
587;621;23
679;962;32
769;115;24
579;393;26
327;514;40
125;71;44
838;227;8
45;409;48
808;1000;47
567;893;22
288;395;37
57;821;46
891;36;6
447;957;43
284;511;15
239;688;14
178;391;47
937;193;43
581;551;18
802;244;50
714;548;22
470;797;4
999;547;30
289;695;29
334;596;2
508;116;41
659;440;39
954;994;37
195;965;32
36;806;8
155;357;43
744;825;30
505;418;27
614;392;22
858;786;24
516;662;11
395;436;30
389;101;50
514;151;48
772;559;42
281;245;33
409;485;19
326;767;15
433;396;11
141;763;42
292;645;33
680;753;46
516;310;29
892;244;44
661;789;45
235;685;11
645;249;43
90;923;18
540;295;20
56;117;20
824;866;17
995;309;35
60;709;21
430;108;45
907;260;35
702;547;19
463;945;30
445;253;10
768;368;18
422;419;33
792;930;37
444;646;32
575;243;38
248;622;49
517;76;18
566;193;32
890;418;6
437;727;40
783;791;13
280;683;50
779;241;3
174;756;45
610;280;35
762;585;37
370;716;46
270;198;37
683;291;10
176;624;3
465;913;38
379;944;10
770;999;37
228;989;21
699;901;29
59;659;14
591;791;4
889;508;7
787;905;16
912;431;22
778;289;11
285;20;45
135;808;45
511;830;26
235;636;38
738;328;48
805;6;42
842;314;35
65;875;18
802;360;22
646;184;41
560;774;16
479;976;41
486;839;24
399;923;2
351;929;33
257;839;49
123;454;47
806;603;11
158;598;26
412;449;36
761;526;4
377;722;39
96;737;36
196;778;21
40;764;22
273;250;3
689;52;37
935;511;23
381;392;44
510;527;46
816;168;22
180;26;31
891;317;23
828;118;47
415;845;23
836;69;1
465;764;36
449;172;22
196;592;41
197;466;18
74;602;32
351;556;38
178;383;14
246;634;2
900;942;35
74;728;10
161;700;36
144;833;12
301;894;45
583;674;1
780;228;44
795;39;36
989;131;19
695;839;11
154;608;32
368;660;34
198;985;2
959;923;11
33;428;46
815;53;10
607;406;38
557;591;30
804;569;11
7;252;20
24;789;5
754;455;5
606;625;21
188;452;42
936;798;36
646;936;9
696;999;3
986;74;42
602;414;38
133;207;2
925;560;41
732;672;50
909;934;35
260;844;27
877;162;24
463;748;49
530;985;6
647;900;39
527;856;45
729;943;10
728;910;27
227;237;43
359;583;6
737;40;10
916;944;8
419;940;17
456;856;47
802;214;16
740;438;13
33;426;14
924;747;6
641;284;22
273;315;23
427;981;20
254;564;31
768;152;33
260;722;14
784;643;36
177;636;18
229;77;46
225;358;33
813;273;40
851;639;49
707;279;4
272;613;1
721;945;6
42;694;14
388;37;38
410;936;44
977;489;50
87;624;36
232;265;6
232;730;40
361;848;12
360;58;33
502;796;23
935;81;3
152;883;26
648;872;43
253;669;27
951;460;21
254;221;4
882;383;21
335;664;23
315;522;45
469;477;26
10;81;38
962;828;48
314;820;29
473;577;33
837;748;48
699;286;9
27;672;47
669;927;13
904;543;6
193;705;22
703;977;25
548;572;33
844;858;33
906;647;22
520;543;7
321;286;37
378;985;27
293;930;32
272;760;36
700;331;4
969;629;5
644;84;27
356;161;42
530;436;46
525;272;29
228;310;38
270;13;42
186;770;10
548;700;31
905;944;33
395;553;15
871;965;45
7;69;10
878;983;19
350;333;30
854;417;17
120;201;38
270;158;31
129;62;18
112;837;41
336;467;41
72;582;2
306;105;23
206;988;49
533;559;30
225;730;8
276;381;17
947;647;49
834;662;31
580;262;26
697;475;5
166;732;38
350;917;27
294;53;16
573;123;10
699;795;32
979;572;21
492;756;3
809;289;34
370;281;13
5;26;46
400;775;10
792;63;39
768;995;43
868;399;29
917;727;25
90;875;45
185;249;27
414;386;46
739;309;44
83;432;25
304;460;48
205;465;38
958;503;9
615;443;44
30;998;18
938;960;38
129;221;12
268;91;4
894;749;6
796;521;41
599;744;19
204;347;16
738;244;26
640;210;10
362;399;33
998;564;25
191;86;15
694;84;14
516;30;13
895;923;49
612;607;36
77;472;37
291;204;17
827;249;11
777;144;5
947;989;21
297;688;4
506;281;37
50;359;36
587;317;29
560;721;2
624;43;17
419;978;6
28;879;20
781;504;22
598;983;14
846;246;18
404;206;15
595;236;42
199;781;50
512;984;21
743;454;22
119;929;19
840;240;13
339;703;5
63;799;21
100;548;5
239;467;36
988;844;43
72;899;50
820;638;15
375;612;17
445;888;42
280;849;11
823;947;36
981;540;7
726;936;50
361;789;40
352;16;20
562;952;48
701;95;6
147;63;20
377;22;5
957;522;19
389;360;19
113;737;11
856;758;13
428;360;13
179;527;6
312;461;2
827;538;27
168;269;33
44;556;8
455;835;24
791;5;30
482;342;22
331;891;47
374;392;36
759;912;48
631;10;9
79;42;35
871;640;11
706;80;44
81;72;9
931;146;38
159;1000;9
483;957;20
956;14;45
226;409;27
892;960;42
285;878;48
293;885;3
753;507;2
49;912;44
365;144;36
499;413;24
400;722;8
317;420;35
621;322;9
209;877;14
976;177;16
662;845;12
155;33;49
758;324;42
752;434;32
643;680;1
622;480;21
703;267;36
474;490;50
687;118;33
302;171;17
290;268;11
709;784;43
681;497;11
767;988;41
356;995;2
249;253;49
96;191;19
786;750;15
645;112;25
265;558;28
234;294;4
64;527;13
928;758;8
281;518;41
853;83;16
428;35;11
255;419;36
101;951;48
71;239;31
892;779;10
67;404;6
43;423;17
48;119;29
660;875;24
603;605;24
134;128;37
703;928;38
551;242;18
826;283;3
254;872;16
361;116;17
267;52;50
43;157;39
528;48;39
782;501;24
520;676;10
57;861;29
398;504;14
621;652;9
500;253;28
888;55;39
380;160;41
271;221;38
319;502;33
368;932;49
888;10;30
361;66;19
238;829;9
912;743;26
28;580;35
514;538;23
302;268;12
215;217;37
827;234;50
220;413;35
127;505;5
413;690;17
468;704;38
279;774;2
10;649;27
466;687;38
71;14;20
889;253;8
721;788;26
414;747;32
442;229;9
450;446;16
106;195;38
53;331;37
327;967;28
315;499;19
503;68;28
622;106;39
646;202;1
606;650;48
669;712;25
410;437;37
305;661;49
768;427;25
847;220;6
31;172;27
657;900;31
394;585;37
719;20;42
743;959;33
732;167;8
935;411;26
976;469;33
299;25;46
736;160;43
575;432;8
67;369;26
999;537;29
474;956;2
60;965;8
573;855;19
80;884;43
464;538;34
296;885;36
621;304;4
896;212;30
5;263;19
550;121;23
429;219;14
402;274;26
794;368;16
367;945;42
817;260;4
785;403;41
550;8;4
436;739;21
114;271;44
119;989;6
315;465;14
626;429;44
392;809;43
914;817;27
564;982;38
292;221;18
150;156;10
876;858;18
907;289;40
109;485;40
644;795;21
717;396;33
633;911;33
145;420;49
166;896;47
814;872;21
894;589;43
959;591;50
922;183;22
563;477;45
152;702;1
61;639;14
480;526;36
293;882;42
425;283;20
689;547;22
890;5;27
163;214;5
328;527;49
63;590;44
155;252;42
636;417;8
97;557;41
676;307;36
805;909;37
498;356;10
952;96;8
838;316;34
403;695;8
398;715;45
847;422;41
661;401;33
319;20;46
50;939;41
777;368;28
250;997;27
28;672;40
736;487;27
583;394;45
3;957;50
819;614;23
606;421;27
952;650;14
489;49;11
827;913;10
44;407;3
525;920;3
534;221;1
674;788;32
35;924;42
241;794;49
662;832;49
729;431;16
986;109;32
832;762;17
512;427;1
76;6;11
208;332;15
318;333;4
546;797;16
391;999;39
624;7;47
80;970;21
775;595;5
677;81;43
861;707;21
455;844;22
349;469;31
939;628;31
818;571;48
663;869;7
159;586;5
994;105;1
77;393;47
704;793;13
244;165;36
482;454;10
73;300;8
108;163;12
931;617;15
259;861;42
702;80;43
646;302;46
796;279;26
701;91;9
607;204;8
36;219;12
228;664;23
415;601;1
310;21;19
275;459;17
796;422;4
942;504;46
815;441;1
480;498;19
486;964;49
187;790;29
647;150;11
758;823;33
864;815;5
136;33;33
250;603;9
361;299;29
764;474;12
35;643;46
12;645;8
340;574;36
722;490;33
961;991;12
281;366;48
156;587;41
673;85;4
167;887;4
619;663;8
605;22;21
549;820;20
485;124;11
313;701;42
738;551;47
467;888;5
699;804;35
410;653;21
536;714;41
570;542;50
871;22;20
204;808;40
847;387;32
622;351;31
78;506;11
515;846;36
758;709;1
94;70;37
982;645;34
37;463;16
714;475;10
93;246;42
836;177;46
897;339;11
124;23;49
958;672;46
992;610;24
551;775;29
812;112;3
866;815;48
555;267;42
131;353;35
685;265;5
236;832;22
273;287;7
539;922;29
550;724;5
804;89;37
152;444;44
816;95;38
66;213;4
217;404;18
964;603;26
352;987;26
726;937;12
127;168;5
357;67;46
537;378;29
309;7;31
631;939;23
714;326;12
145;903;20
105;402;35
341;183;46
275;87;45
7;902;7
227;645;40
602;722;4
404;546;21
656;60;10
976;822;8
397;530;5
35;256;22
800;436;18
926;289;5
663;738;40
430;641;1
637;722;21
654;630;23
739;394;37
128;444;1
311;850;37
870;239;30
346;745;5
344;61;3
182;541;44
237;293;49
49;67;17
285;946;12
948;214;44
126;567;17
297;335;30
182;563;14
856;434;49
227;889;49
865;927;45
221;981;1
180;878;13
667;293;27
963;763;50
603;666;24
195;274;12
352;168;36
169;735;50
958;216;4
659;603;14
616;915;33
459;369;11
630;371;16
163;501;11
164;957;17
936;592;50
735;506;35
697;927;47
197;138;27
141;983;33
465;482;32
964;48;16
147;915;21
741;976;15
602;985;16
961;136;13
183;857;48
494;124;7
941;2;37
403;313;23
409;271;20
661;887;13
140;65;49
900;579;42
268;379;5
359;888;26
344;355;15
147;310;25
798;440;48
52;791;46
528;389;19
41;114;7
245;612;39
377;752;28
367;22;15
612;722;14
547;601;45
641;52;25
920;419;48
230;103;23
307;226;3
664;808;44
525;766;18
467;113;29
468;428;49
686;989;34
445;251;19
582;959;50
874;15;1
891;223;13
731;832;49
832;719;48
261;416;46
308;690;3
76;321;20
714;700;47
401;239;47
151;954;31
34;981;36
382;315;18
753;845;27
638;11;3
321;462;9
245;514;7
446;486;18
715;325;38
223;878;42
325;529;25
400;164;10
817;342;48
811;771;27
265;575;13
345;934;15
225;714;3
885;790;5
351;391;36
570;659;32
449;185;31
891;828;19
221;892;31
540;792;25
585;521;37
108;800;44
98;700;34
710;674;29
705;284;27
735;627;34
743;794;34
195;122;25
516;67;26
307;539;36
908;93;33
765;912;29
897;397;24
114;84;10
989;158;34
893;529;14
28;849;42
189;684;4
571;945;12
833;649;27
2;830;34
967;423;19
946;676;1
524;248;16
100;87;34
965;808;14
812;981;35
726;870;43
917;663;37
314;946;8
777;204;14
404;66;28
243;512;42
605;552;25
737;166;40
219;222;32
714;400;19
566;315;15
50;350;28
243;435;50
965;465;26
708;167;31
886;922;14
689;586;22
733;195;36
365;196;44
639;384;42
316;998;32
442;881;13
505;591;26
449;658;1
186;536;36
108;269;8
574;50;16
162;494;22
743;377;30
286;954;15
651;46;3
563;19;13
704;224;3
929;407;19
650;486;27
502;591;40
803;732;5
542;377;27
643;399;11
955;446;7
215;375;3
556;778;38
79;254;46
952;588;10
94;217;22
831;262;7
465;126;14
787;120;7
47;399;14
984;886;36
352;725;2
711;625;29
527;407;21
112;377;8
560;93;25
151;658;3
626;95;8
886;597;37
788;637;36
792;535;7
633;761;3
131;274;27
496;5;47
970;271;4
480;412;33
337;828;39
82;591;49
701;545;20
527;307;6
241;210;20
785;560;7
470;451;1
250;323;29
150;193;47
662;579;28
403;202;31
856;921;42
859;126;30
423;138;5
409;840;40
290;183;17
679;127;39
152;227;20
665;624;8
435;808;19
777;517;47
13;496;24
187;824;33
358;114;25
799;319;32
806;447;36
699;67;8
696;187;40
513;998;20
248;105;23
64;105;31
179;516;7
323;33;45
814;575;14
163;820;49
269;762;30
104;524;36
290;918;34
427;689;39
115;539;49
170;826;4
748;828;15
430;344;8
837;956;47
991;453;11
676;963;13
468;161;17
847;697;9
879;310;15
414;571;36
254;773;16
752;926;46
392;813;28
34;757;25
564;589;49
284;362;8
586;134;46
197;986;36
491;402;8
489;651;39
447;590;23
41;682;14
324;721;33
699;425;35
998;681;15
649;170;18
154;658;21
779;337;36
554;765;42
666;76;3
428;109;12
585;86;21
267;355;38
910;887;41
185;780;16
995;485;36
719;704;49
389;807;26
251;758;47
701;220;42
305;362;40
140;275;33
498;478;21
988;761;4
996;789;12
935;882;34
574;557;6
181;657;10
429;624;10
751;540;9
619;733;1
542;430;46
756;884;50
337;262;48
935;808;43
213;523;49
644;661;28
803;71;32
726;269;36
885;153;4
15;393;26
808;582;9
453;911;5
785;533;25
797;219;28
127;83;22
626;906;4
44;605;9
206;510;21
808;426;20
601;691;30
282;234;8
735;186;5
66;627;38
994;131;28
575;559;45
57;589;8
844;983;1
790;568;36
561;488;24
540;817;33
574;972;38
529;848;24
538;711;41
2;437;12
922;825;10
313;778;21
63;377;21
415;978;22
901;61;25
286;387;43
503;333;39
414;395;15
84;73;27
275;418;10
490;429;5
159;928;50
862;582;5
841;513;26
247;142;45
101;120;23
44;801;11
395;369;16
337;665;3
891;291;24
335;578;6
916;289;28
311;349;23
933;864;32
590;756;36
453;459;41
149;908;30
994;702;5
763;586;17
899;946;18
451;848;3
249;295;1
702;692;31
912;365;27
199;501;14
203;592;41
109;16;43
540;799;15
755;886;14
996;83;26
454;212;24
945;863;45
393;434;46
479;633;13
314;14;37
20;950;4
940;411;31
739;369;33
398;677;7
645;150;32
946;63;30
876;500;14
647;589;22
886;395;14
834;725;11
544;490;21
757;688;40
819;84;13
911;54;18
711;17;26
731;931;17
236;162;33
479;461;12
122;96;4
718;109;34
296;130;39
753;92;27
498;928;19
120;89;16
339;279;21
340;176;48
748;464;42
442;832;19
831;853;36
959;913;32
67;533;38
711;778;37
161;259;41
497;663;34
413;18;31
994;276;47
343;35;24
866;86;28
623;559;4
445;572;46
71;41;6
468;111;9
907;601;16
622;864;32
242;965;2
810;832;43
944;935;25
239;606;24
600;662;10
299;174;39
865;4;21
610;309;11
293;196;11
163;278;5
902;646;27
342;304;36
232;817;13
671;67;36
167;322;22
818;291;24
788;84;30
627;912;9
384;641;32
980;214;7
46;147;13
681;175;11
686;844;50
485;808;43
591;44;38
256;874;25
136;319;15
252;894;31
691;966;16
935;110;30
913;341;50
452;273;26
760;98;47
269;656;13
859;976;35
836;406;36
626;297;49

