700
17459
4200
64;66
52;25
32;83
80;28
58;63
80;41
36;30
65;80
18;97
67;41
79;4
10;44
2;34
55;67
80;81
45;42
3;64
22;53
9;66
24;93
75;68
14;44
57;98
68;73
89;40
10;29
100;68
82;80
28;25
68;43
32;53
23;25
17;48
66;66
67;22
57;80
80;48
75;62
25;68
86;32
12;2
81;12
61;75
29;83
93;91
83;79
92;51
34;1
66;74
46;32
55;37
28;80
93;11
64;90
79;86
18;41
43;28
26;54
80;58
64;57
31;11
11;55
12;14
81;52
98;89
4;70
39;38
60;33
69;68
66;55
23;87
61;20
40;61
71;62
79;69
2;6
86;78
42;23
17;78
96;80
84;1
81;58
9;97
90;76
77;51
55;18
89;99
94;94
89;26
53;17
8;85
40;27
64;59
18;34
29;23
68;5
49;88
77;94
8;77
93;12
13;41
92;11
93;46
69;70
26;22
8;91
49;76
29;51
46;39
33;73
30;69
76;77
48;27
56;59
23;8
81;9
36;74
85;46
3;96
39;8
89;50
56;24
41;11
54;15
31;93
9;12
11;100
68;18
82;80
86;48
5;45
83;24
11;1
53;98
32;49
11;60
19;14
41;56
84;39
74;65
37;99
83;19
100;8
53;59
99;55
63;83
23;96
46;28
89;83
46;72
94;77
98;95
27;33
59;86
91;86
37;7
29;9
84;86
77;97
10;4
34;51
31;78
26;53
30;85
15;35
91;76
99;4
83;92
15;47
14;43
24;1
16;76
3;32
22;64
75;91
28;18
72;97
90;34
79;36
16;19
81;50
95;46
2;90
98;75
80;77
93;75
9;53
94;89
2;52
6;74
52;90
18;16
93;72
35;6
45;65
7;39
23;79
96;18
79;47
72;13
58;75
14;21
81;72
83;13
95;32
31;60
22;22
41;70
13;61
88;72
55;80
100;43
8;51
40;47
79;15
100;61
32;32
67;19
100;12
4;16
17;88
11;14
88;87
72;41
95;47
75;46
75;89
86;98
33;77
80;86
36;75
91;11
27;68
58;43
6;43
81;6
85;1
41;80
86;85
19;23
35;95
25;25
1;68
86;29
17;50
40;59
24;57
48;47
74;56
53;18
27;59
100;16
39;55
77;37
48;89
83;98
71;13
31;57
3;37
63;94
26;97
100;82
50;94
75;6
35;92
69;76
3;79
44;40
27;1
22;78
6;65
79;58
65;3
23;62
11;88
5;24
61;59
60;38
49;34
45;27
91;71
74;24
99;14
30;1
84;64
77;79
65;78
83;97
13;12
98;87
83;93
5;87
49;76
56;53
44;26
69;78
81;62
36;28
22;66
36;60
19;59
87;92
40;29
52;73
33;30
36;30
65;5
54;20
52;95
56;17
100;16
88;60
31;16
67;78
100;94
62;39
67;67
98;48
90;12
18;65
59;77
100;13
96;46
65;42
7;100
84;62
46;33
57;35
62;50
19;47
49;22
38;61
61;51
23;20
65;84
4;30
35;82
20;56
48;93
85;81
53;60
95;82
31;82
12;2
77;3
91;14
57;61
31;86
81;92
18;56
73;30
62;35
67;73
83;41
61;87
34;21
83;79
39;15
57;5
78;58
10;60
29;33
16;17
22;75
98;25
59;60
28;92
84;44
53;93
84;62
12;98
9;39
21;32
70;15
6;24
98;1
38;9
19;26
95;17
5;39
73;27
34;4
95;64
91;37
85;7
53;84
27;15
41;82
50;8
9;71
13;45
73;46
40;60
7;58
32;17
100;74
30;66
27;95
59;32
31;27
89;86
24;31
36;91
55;2
47;74
96;90
14;90
98;65
38;56
79;45
21;37
69;84
41;41
81;42
75;82
22;64
58;91
42;35
10;8
86;36
68;3
24;27
34;93
34;34
41;31
40;46
5;21
35;82
41;96
54;17
62;4
39;23
7;37
63;3
49;51
98;71
93;26
43;45
23;64
60;18
48;21
2;79
8;77
15;83
90;28
28;36
71;72
7;49
2;33
32;13
49;9
100;79
73;96
90;9
27;37
16;76
60;27
53;74
47;85
19;67
38;53
45;46
47;65
36;76
100;26
7;67
19;9
43;20
44;68
68;47
25;26
31;48
29;57
1;60
12;41
87;51
7;66
75;40
11;2
54;99
49;73
24;69
81;14
20;27
36;51
75;91
45;58
24;75
74;50
2;28
81;33
50;65
1;27
59;62
40;97
84;78
8;37
49;77
57;34
82;99
83;72
18;40
83;12
15;40
56;11
48;24
17;65
60;52
82;85
61;48
24;93
34;90
2;47
57;9
14;87
6;72
49;20
28;47
67;62
41;39
83;31
95;30
67;1
82;49
52;12
57;58
1;85
20;17
98;62
15;83
20;11
2;27
16;38
27;40
25;47
42;41
38;75
14;75
38;49
7;62
67;91
55;91
42;39
87;82
45;3
97;17
27;81
53;86
98;47
21;55
86;3
88;48
18;34
11;67
83;89
83;78
17;63
7;96
51;6
91;58
11;38
37;3
99;12
68;20
3;83
59;55
37;30
50;30
47;29
84;78
35;22
3;41
72;71
33;57
13;66
11;43
72;34
73;51
29;10
85;50
12;45
61;18
66;52
85;79
64;7
90;87
67;6
18;43
32;20
4;34
66;15
23;8
31;76
71;39
47;38
48;26
37;33
28;6
21;44
83;1
78;25
13;67
49;2
65;69
86;29
30;22
68;73
20;37
25;23
100;100
19;8
36;95
78;65
50;48
94;76
27;90
29;62
29;58
87;63
67;50
34;51
5;63
82;28
69;18
89;15
96;74
84;67
73;61
30;54
55;15
61;15
2;61
56;47
22;8
80;83
33;87
72;34
63;35
11;64
78;68
4;97
39;57
26;25
16;48
10;66
65;57
71;37
31;35
44;11
52;48
9;95
89;22
23;49
78;94
10;29
60;90
66;93
61;60
6;21
4;65
74;21
75;64
70;2
3;31
13;15
79;20
4;20
30;17
92;16
95;30
24;19
30;97
26;54
94;40
98;63
21;51
93;46
53;17
40;6
29;61
78;7
27;46
30;64
22;63
43;88
98;85
22;18
25;35
70;9
57;45
64;39
96;34
100;6
58;48
64;13
45;73
72;34
11;75
24;33
25;25
631;137;37
541;613;44
148;406;1
585;84;43
110;489;31
27;466;40
483;32;48
32;688;4
482;408;7
518;225;23
3;602;19
2;178;2
487;259;26
161;312;23
533;133;50
625;98;35
260;633;5
159;595;43
561;376;46
562;23;49
513;138;19
358;4;25
539;574;48
577;500;49
427;378;42
637;435;45
282;380;44
528;70;19
453;373;37
163;150;2
431;414;8
486;218;9
357;621;47
609;129;40
640;461;16
399;109;37
597;335;42
413;228;42
583;25;44
604;99;41
206;185;27
282;298;7
319;600;48
368;454;11
337;501;19
541;389;16
539;346;21
501;48;34
289;311;40
648;400;46
156;261;33
342;180;33
104;363;31
321;213;27
696;565;44
102;174;23
256;526;46
651;97;4
216;141;36
174;397;2
181;436;4
451;197;14
234;210;10
224;571;15
567;411;27
59;335;32
588;122;26
255;568;16
439;324;36
150;290;31
38;661;16
292;24;5
568;434;11
370;384;13
410;247;9
151;439;39
679;424;29
95;358;32
651;653;14
368;430;39
306;595;1
150;194;17
99;633;33
141;417;4
259;638;38
187;124;30
167;262;43
664;144;26
261;654;43
521;186;14
690;558;18
534;223;25
657;186;41
414;83;14
442;499;11
350;486;50
675;61;23
123;375;19
535;513;48
37;62;40
331;402;21
262;174;13
600;602;49
543;382;49
591;542;21
372;102;25
167;492;32
67;510;34
443;664;40
127;683;12
301;463;9
601;613;32
533;18;36
184;578;30
605;315;30
52;490;42
502;420;46
482;658;37
523;77;27
59;329;45
234;693;30
342;405;25
433;338;27
536;285;50
612;123;26
234;522;23
450;378;44
369;600;5
174;212;29
506;380;4
265;683;9
640;333;35
633;191;48
102;506;7
33;138;50
50;342;30
180;158;6
435;397;36
579;551;30
488;229;24
540;485;36
302;280;2
386;205;15
156;541;24
316;48;45
10;94;23
116;309;33
650;107;15
530;11;50
398;299;19
309;670;7
136;679;41
495;362;11
113;454;2
525;266;8
186;525;7
463;48;18
159;283;6
577;13;41
375;188;19
404;488;8
362;670;5
656;296;8
241;287;17
450;655;29
482;467;8
1;67;17
91;667;50
468;358;5
95;324;42
650;575;33
465;90;8
403;684;17
375;156;14
292;493;49
389;213;1
148;493;33
356;62;34
649;339;27
369;29;7
43;289;7
296;444;28
23;433;10
590;571;25
415;48;20
268;542;44
618;102;9
542;229;13
661;279;28
320;302;14
530;610;23
186;48;49
390;641;14
160;490;4
50;159;27
480;363;44
341;640;41
325;49;34
201;167;26
552;82;46
173;222;17
455;523;36
39;524;43
231;612;11
95;184;25
115;573;27
9;556;12
325;330;2
569;460;17
134;341;40
191;674;20
247;674;38
164;513;25
640;215;30
343;122;21
257;508;22
188;96;40
586;84;31
383;625;11
49;284;40
534;35;32
646;400;32
246;23;36
250;257;34
510;362;40
205;527;40
575;29;31
209;305;12
347;236;41
640;328;39
116;260;37
320;303;50
372;397;32
673;63;37
683;40;26
282;583;49
289;373;14
10;354;33
112;311;5
455;248;31
195;47;35
99;511;3
483;453;7
565;236;32
165;208;11
305;668;37
499;409;45
41;224;25
160;378;17
39;204;27
509;615;31
159;226;29
247;489;15
308;175;5
302;518;38
433;274;27
268;364;20
371;617;18
585;457;34
159;533;29
459;242;43
94;276;50
653;168;29
200;154;10
437;488;19
16;211;27
42;148;24
102;87;33
272;516;38
499;550;8
17;108;16
603;262;17
222;304;26
565;125;2
61;149;4
291;310;37
587;284;10
207;81;2
277;678;2
435;248;23
437;502;41
530;255;22
583;469;1
60;215;40
511;311;26
127;599;42
383;273;2
293;237;1
642;59;30
588;169;39
442;364;42
15;560;31
85;423;3
316;533;29
166;161;33
255;330;19
104;175;35
68;576;27
279;159;39
319;480;49
544;416;8
46;306;50
412;149;28
662;233;9
413;468;45
335;178;26
336;590;25
277;288;39
169;200;7
123;177;24
340;482;9
614;279;15
509;423;9
669;692;12
270;111;36
335;592;38
90;80;29
66;22;26
555;106;45
381;223;41
491;39;20
122;434;33
35;145;3
469;216;39
390;205;45
394;186;48
606;602;21
637;320;11
257;2;36
673;529;43
155;618;36
240;662;31
342;61;24
45;455;37
421;184;30
594;405;12
318;466;49
649;246;13
565;607;33
262;610;33
123;320;25
221;120;11
212;199;37
586;66;2
673;234;41
223;32;39
418;192;20
446;459;37
157;516;37
570;179;46
560;151;29
378;255;11
78;543;44
231;553;8
567;321;13
481;59;27
85;78;5
306;149;3
490;222;19
470;555;14
103;113;8
283;210;21
474;304;5
586;282;30
297;7;16
97;39;29
472;103;45
301;665;5
156;444;26
519;250;47
340;348;46
327;680;27
666;205;22
684;109;7
282;250;9
15;453;32
682;447;1
360;386;4
214;572;32
331;606;26
232;192;15
511;682;6
13;498;9
606;422;30
269;409;35
257;529;23
51;699;3
651;352;20
306;382;3
467;148;30
276;59;27
279;220;27
524;543;7
454;92;42
523;338;44
689;451;14
573;143;39
136;299;14
18;225;22
667;86;17
54;268;50
242;681;41
344;382;1
504;590;14
537;134;10
237;258;24
494;624;40
114;478;19
236;411;48
636;504;44
674;156;46
29;318;4
256;46;11
122;365;16
131;628;10
338;191;16
230;199;38
262;40;41
422;19;32
418;187;17
455;5;7
646;316;46
523;351;39
490;161;7
441;90;43
371;335;5
97;225;42
243;560;26
130;639;4
198;137;41
418;15;17
389;287;9
72;552;24
622;229;29
333;461;32
41;551;42
335;577;33
312;102;4
290;570;18
430;155;49
111;518;48
473;692;48
413;237;35
535;165;7
405;689;36
660;78;17
489;324;32
503;594;21
680;169;38
246;495;13
31;324;22
129;271;19
310;638;22
378;521;15
178;583;25
363;419;19
54;373;29
178;509;14
245;212;18
387;686;12
262;411;45
108;469;33
656;206;10
626;241;32
474;14;48
150;564;4
474;544;18
165;52;41
43;631;17
29;92;14
244;395;30
433;581;42
389;491;42
116;299;15
542;497;9
295;430;22
563;189;24
57;700;3
490;163;30
202;661;35
349;246;46
549;681;27
546;27;22
418;145;47
385;352;14
458;641;34
677;401;18
233;145;5
277;436;48
283;288;2
370;148;34
184;130;49
653;79;9
20;156;14
444;624;23
415;213;23
636;304;16
587;104;24
638;435;24
78;150;50
564;56;36
295;359;47
250;461;23
21;537;11
426;479;8
99;398;35
514;444;38
135;171;11
506;159;1
347;42;39
72;585;29
672;526;1
608;187;18
279;434;34
39;657;3
673;309;17
464;195;42
449;566;47
274;669;44
61;503;34
428;607;28
531;677;49
212;622;26
230;490;38
454;346;30
186;177;22
435;168;19
505;77;50
446;141;21
438;332;36
494;238;16
687;668;6
487;52;49
138;505;6
566;342;33
385;607;40
234;445;24
531;540;28
293;667;4
535;131;19
593;559;33
677;458;23
114;529;27
109;663;2
37;207;43
174;101;30
265;121;28
450;116;13
454;455;17
668;603;45
503;622;26
463;596;10
36;419;12
157;252;5
643;100;36
185;181;28
594;514;17
414;446;39
600;660;9
188;699;42
36;561;1
542;433;40
450;73;40
396;666;45
15;83;40
662;120;26
179;607;2
416;71;3
461;229;3
159;246;42
447;629;13
425;354;1
436;505;4
538;403;18
349;420;40
273;409;44
43;575;1
160;258;22
318;118;49
91;425;47
369;252;44
588;501;22
631;533;3
45;471;43
567;600;16
283;340;16
662;164;7
632;457;42
433;270;5
639;177;1
216;328;33
563;665;19
341;310;28
82;352;15
274;101;41
113;145;11
383;61;4
490;91;41
252;276;36
124;320;12
236;99;31
596;361;49
128;216;30
40;49;26
249;253;21
483;190;33
388;196;37
604;297;3
193;678;23
480;462;18
449;292;16
365;530;6
29;585;31
443;282;21
101;582;2
183;404;34
239;617;30
203;341;5
389;545;18
513;681;23
389;217;3
644;694;40
613;591;29
121;336;11
205;660;20
309;552;50
200;468;5
592;462;37
70;77;32
398;375;37
71;687;33
345;310;18
510;516;1
643;469;9
621;406;3
169;355;24
395;380;3
538;114;29
626;127;5
47;280;10
398;453;20
115;136;15
694;670;46
637;409;31
553;606;21
194;93;6
273;390;19
110;117;3
45;36;1
360;203;47
505;283;22
657;484;41
584;191;17
208;133;30
546;582;11
607;26;27
234;386;10
536;484;29
42;219;33
509;330;20
422;390;9
15;247;7
135;404;23
277;681;38
468;668;44
273;124;40
626;143;2
74;251;46
301;668;21
77;97;29
494;84;11
204;217;4
615;626;14
557;453;36
513;281;35
441;464;45
548;659;44
572;349;8
159;263;24
194;234;2
270;85;32
522;562;21
146;114;22
163;16;9
365;368;38
617;487;10
645;39;11
430;664;19
493;201;28
635;127;24
397;422;17
456;444;9
247;38;26
77;534;30
90;91;25
552;640;15
319;528;11
134;191;26
519;152;3
508;277;19
544;476;13
549;3;32
146;273;41
543;327;41
500;37;25
76;275;27
235;156;12
377;189;23
358;28;9
442;106;5
587;371;7
652;428;30
126;475;17
17;26;29
104;138;8
415;43;25
700;412;39
598;55;2
432;539;23
296;230;39
694;492;15
238;75;38
381;690;37
464;482;36
77;467;38
637;293;25
341;124;13
526;484;26
255;23;36
161;80;38
586;595;5
442;460;7
190;14;16
189;351;13
56;451;25
587;251;32
552;128;34
494;676;8
215;392;26
472;678;26
299;429;7
139;338;8
596;43;47
70;395;15
385;251;2
272;364;21
364;216;36
10;286;15
38;610;24
400;435;5
553;170;50
270;558;33
225;568;49
681;48;8
312;542;30
141;162;47
680;19;28
537;656;41
556;302;23
104;303;18
119;462;15
320;133;19
398;294;46
109;82;14
437;241;5
677;502;39
614;593;14
662;552;26
532;336;39
297;290;30
85;291;29
51;525;32
447;650;25
199;338;16
524;283;50
301;425;34
350;440;27
545;14;2
446;327;47
684;93;19
205;72;24
385;456;37
358;607;18
229;195;24
577;53;36
603;700;46
113;14;43
688;406;1
408;605;30
644;126;47
539;682;23
556;593;29
40;665;7
217;588;19
392;612;38
180;265;17
624;41;17
697;64;4
686;481;20
363;578;29
295;27;36
221;287;10
618;91;44
602;8;5
291;219;42
302;433;30
381;158;38
422;372;22
230;463;14
578;10;16
201;148;13
488;476;18
391;98;17
40;133;6
648;496;39
163;390;20
267;378;8
197;64;35
185;379;3
685;332;33
102;584;15
639;212;48
618;564;9
215;412;50
94;507;7
285;179;7
538;370;49
484;675;18
252;22;47
550;72;44
481;93;40
70;334;46
87;505;17
152;370;22
1;199;30
519;428;25
421;581;25
88;42;4
375;244;45
128;667;40
440;683;12
557;629;22
490;214;5
282;322;1
253;39;19
12;11;33
174;653;46
158;27;43
663;493;20
266;456;26
607;653;15
621;662;28
676;681;36
73;456;24
118;635;28
112;600;5
344;261;43
268;83;36
184;74;26
255;144;19
391;455;34
7;14;32
523;47;29
237;102;1
536;44;49
675;616;24
249;109;49
559;446;19
458;55;24
386;241;36
593;504;26
25;353;5
654;221;39
239;656;42
32;197;34
236;429;3
577;542;38
576;433;5
492;80;39
519;257;34
17;10;11
363;157;35
322;109;39
536;270;34
550;559;18
223;397;14
15;131;33
15;349;22
125;166;35
165;331;40
237;31;32
358;52;28
548;220;50
668;92;21
294;310;9
536;68;36
22;163;41
687;244;47
514;547;32
652;219;30
124;439;39
89;152;48
621;472;29
213;616;47
118;204;21
134;604;24
271;428;27
284;115;26
382;349;21
605;505;27
279;285;43
142;640;15
450;527;11
301;658;35
52;580;48
149;215;24
133;248;42
142;409;37
200;342;37
11;662;26
681;195;31
641;690;44
555;66;32
222;108;21
122;76;19
544;175;20
28;462;45
526;562;15
594;100;47
358;310;17
630;10;36
104;20;9
388;512;26
570;46;14
681;689;45
527;217;42
490;601;7
414;310;31
343;512;16
459;281;3
310;9;23
318;91;9
191;519;10
296;680;10
167;300;36
178;218;38
216;595;23
166;52;37
644;38;16
575;652;17
407;442;26
296;482;19
477;309;10
509;267;16
14;177;47
367;227;43
231;18;10
619;287;49
660;122;23
496;248;49
614;358;40
470;658;49
443;238;21
100;119;35
677;277;27
667;2;49
400;679;44
579;98;14
372;13;12
378;4;9
263;636;12
157;290;15
109;211;20
100;387;30
465;151;39
645;417;24
158;382;19
115;642;6
303;285;9
164;312;5
147;337;3
366;623;28
684;22;50
350;53;5
20;235;41
535;462;48
30;447;21
157;541;43
357;506;5
312;74;10
609;8;1
103;226;6
478;261;49
254;287;30
610;151;14
215;296;36
641;131;16
185;636;37
52;63;25
609;21;32
655;1;3
593;55;33
598;227;23
186;671;43
133;272;44
607;455;38
393;299;20
165;250;30
321;572;31
552;90;21
351;217;43
247;96;17
597;461;30
3;106;47
93;381;37
119;147;39
18;388;46
626;651;3
498;118;42
28;549;35
497;179;21
191;122;30
682;649;46
668;86;12
671;294;25
677;116;24
339;120;37
69;550;40
324;285;25
653;38;3
131;321;48
11;5;25
124;430;7
627;125;25
650;626;10
529;453;27
401;508;20
378;627;1
382;360;6
434;572;8
60;163;46
536;13;2
521;231;46
207;248;40
583;508;16
304;442;22
108;268;28
126;580;39
272;200;7
378;397;23
66;267;5
402;176;38
25;317;21
188;108;43
611;52;16
639;324;17
600;449;29
407;491;9
156;478;42
531;246;36
329;311;48
290;296;40
116;220;39
626;606;2
494;89;19
539;691;3
681;475;44
386;96;2
395;27;38
324;689;18
109;205;9
102;230;13
280;442;13
476;554;41
380;563;36
273;151;39
465;400;25
443;509;11
450;490;29
397;440;45
341;384;29
126;90;40
227;432;18
401;297;49
507;35;21
383;115;12
624;250;16
72;324;7
418;186;32
373;570;43
116;511;41
471;363;45
131;600;31
655;227;23
467;300;40
506;104;22
2;144;25
190;697;44
210;175;4
89;59;20
473;188;22
435;44;8
58;99;2
191;68;15
85;617;37
23;471;4
244;257;42
696;646;15
619;418;15
286;99;25
478;660;36
350;307;27
590;363;3
474;552;46
691;326;18
76;166;49
149;91;23
125;215;28
8;699;14
31;571;44
639;678;42
335;147;10
119;393;1
119;534;47
360;566;42
550;66;24
586;458;20
187;248;31
574;538;40
356;3;31
381;614;30
111;579;17
565;396;46
530;537;13
56;377;12
10;34;34
133;548;17
75;106;45
305;305;32
296;600;33
565;549;45
48;439;43
230;125;26
597;654;33
142;697;1
384;21;33
372;377;40
644;324;35
465;651;12
303;626;14
399;3;18
590;368;10
420;340;17
9;642;39
623;291;33
290;127;43
237;341;18
515;402;8
205;652;13
405;48;33
448;593;24
299;29;27
127;568;28
397;83;16
641;674;37
608;508;6
106;128;6
38;76;33
260;688;42
543;179;46
678;363;22
367;415;33
540;497;47
103;578;38
328;335;15
502;471;24
681;519;47
145;30;36
20;442;38
404;107;17
141;176;48
175;296;15
141;614;13
40;240;31
457;118;33
694;244;11
266;398;19
406;216;23
398;17;2
42;435;38
547;74;8
88;420;21
554;67;25
98;326;6
470;65;11
682;357;49
56;327;49
522;563;41
54;638;29
620;680;46
103;381;48
310;127;11
28;332;15
545;146;47
204;374;35
528;278;4
149;548;25
605;464;47
200;671;9
294;175;41
260;230;47
662;577;1
541;673;8
478;232;47
505;3;29
588;363;47
341;5;18
519;241;35
380;390;44
605;572;3
52;382;10
81;121;15
635;489;5
102;101;24
115;448;35
184;251;22
318;231;5
516;33;19
278;135;12
134;215;25
541;525;27
109;116;41
308;533;7
467;361;6
288;538;17
574;135;22
235;597;28
367;90;11
673;232;32
487;528;3
74;593;13
103;114;2
532;637;27
131;227;1
394;695;27
493;486;49
571;182;20
455;112;8
605;365;16
234;143;25
301;96;16
689;605;45
503;22;6
562;626;41
535;269;20
216;439;14
35;118;10
596;138;26
197;318;38
419;69;45
169;422;7
219;203;37
124;419;33
56;128;22
126;192;2
197;317;9
314;79;19
404;306;46
629;230;25
233;70;31
444;531;26
161;279;30
366;69;49
133;685;42
352;366;15
655;147;10
402;155;16
515;544;18
66;323;36
112;83;11
156;210;30
485;596;14
589;375;2
683;341;29
463;536;5
65;123;18
575;90;18
388;155;43
425;571;34
194;57;38
451;489;46
587;91;41
328;617;46
625;172;11
279;578;3
122;13;18
685;694;49
391;103;28
309;164;24
285;691;29
334;350;8
253;193;39
226;121;44
530;510;38
609;71;16
466;562;36
313;218;26
602;291;5
699;399;3
361;639;38
519;459;41
399;12;4
427;444;7
495;486;9
589;324;28
451;153;31
695;645;30
636;347;3
613;36;31
481;259;18
325;293;16
570;14;27
126;281;18
3;228;31
175;163;49
226;530;30
202;221;6
609;338;37
382;71;22
651;467;3
284;528;21
638;129;34
217;580;30
429;219;7
62;479;13
154;336;47
574;699;5
424;687;29
502;625;7
607;323;9
151;450;41
307;186;7
595;140;22
469;332;45
393;478;6
560;636;16
692;515;46
136;697;26
329;507;41
605;203;4
675;456;46
580;146;33
572;166;47
248;699;16
148;598;48
537;575;2
318;636;15
576;372;20
664;592;32
597;611;12
649;606;6
449;601;11
596;230;43
496;541;48
526;197;18
170;311;33
110;361;14
351;425;10
486;418;26
680;250;46
236;525;10
552;181;47
280;470;20
171;172;23
597;466;28
499;138;20
296;441;37
647;692;27
492;313;40
312;298;20
608;622;6
502;40;29
168;193;18
182;383;21
676;142;24
172;403;8
420;178;24
265;193;41
575;283;22
82;183;17
217;225;28
345;489;43
267;277;23
428;536;50
537;55;44
218;320;6
163;407;35
444;599;25
134;666;45
500;308;17
568;653;49
214;114;30
148;163;10
332;186;38
365;22;49
374;30;37
536;334;29
556;534;4
144;563;14
528;246;30
98;616;35
304;405;48
623;274;50
494;334;32
362;234;36
326;64;30
283;533;6
62;145;15
443;587;25
480;117;47
317;102;5
372;315;8
345;287;12
191;346;8
302;308;35
264;4;43
442;459;41
63;138;14
33;240;12
180;322;6
576;90;16
646;54;32
326;526;27
168;257;9
598;166;25
69;669;47
502;696;16
474;90;12
569;333;28
97;676;30
86;341;48
497;361;18
505;299;26
641;468;2
544;119;5
183;133;25
49;368;8
697;1;11
324;54;33
379;423;50
451;687;13
28;321;42
284;473;15
574;230;41
182;117;11
206;178;20
387;92;31
249;63;24
379;205;44
503;402;11
624;80;23
92;328;44
639;53;40
196;253;16
256;532;17
554;374;2
335;306;27
345;609;34
462;648;9
56;92;5
484;321;5
6;350;10
200;267;2
21;83;36
635;530;33
231;83;11
159;594;20
245;481;48
41;219;19
390;626;28
623;323;39
334;206;49
301;146;25
171;68;9
244;337;44
19;510;43
651;200;3
99;34;47
89;278;24
647;569;28
188;580;18
478;104;24
116;53;37
366;417;45
464;143;24
587;459;22
623;618;34
284;423;29
439;347;25
631;434;17
574;39;16
248;280;18
2;497;12
242;597;47
241;640;20
25;502;6
586;417;36
194;639;49
45;498;31
391;226;25
679;179;7
338;59;46
132;495;39
479;518;34
551;35;45
186;127;7
342;634;18
653;626;7
60;590;18
453;668;17
100;379;50
71;316;47
173;157;32
320;237;31
132;184;42
323;213;33
61;645;23
247;490;44
25;154;31
79;169;47
495;300;43
646;93;26
257;72;29
322;699;27
678;570;5
457;597;4
361;78;36
120;467;48
455;511;47
22;568;12
394;336;47
650;77;10
234;273;46
552;256;50
411;578;2
246;583;8
686;27;21
9;225;21
238;27;23
418;490;49
630;333;7
381;157;4
632;97;6
468;86;14
229;628;4
49;432;13
224;239;46
231;617;14
138;274;45
519;399;2
12;275;32
434;207;5
465;538;45
600;145;48
169;404;25
150;240;32
561;74;19
296;394;50
500;96;5
254;257;23
410;122;37
519;189;21
310;568;40
230;652;15
247;488;2
529;360;48
444;59;1
524;656;1
566;611;6
28;642;4
632;5;12
227;530;31
41;581;14
298;385;15
5;485;17
22;648;14
682;353;46
246;298;45
94;339;4
65;550;47
683;478;49
263;597;10
446;543;28
502;617;40
572;447;5
604;323;16
491;542;10
274;228;7
335;4;8
663;658;17
243;97;38
243;532;28
693;518;13
300;693;18
470;485;18
189;465;28
64;257;16
464;688;1
172;238;43
655;176;16
468;111;31
307;447;19
503;463;5
207;16;7
645;596;37
260;196;41
366;321;24
458;231;14
101;285;49
368;576;37
112;661;15
196;538;36
409;347;17
274;499;18
93;133;20
401;665;48
397;150;38
406;156;24
190;427;44
333;480;33
573;647;21
476;644;15
220;367;30
306;265;48
453;500;13
461;611;39
512;403;49
400;498;38
158;305;44
61;488;38
7;384;45
277;81;41
167;287;41
340;6;20
16;487;37
346;100;8
313;62;38
387;144;45
454;386;35
475;516;46
11;500;11
531;534;2
120;430;32
423;473;50
518;398;26
73;555;30
65;174;15
644;418;46
217;10;37
200;59;33
519;654;44
179;18;40
391;447;27
429;178;48
456;454;15
279;671;48
601;222;25
240;259;24
182;10;8
589;13;25
311;138;1
225;239;1
695;303;35
611;73;17
342;106;40
691;525;23
568;236;3
238;396;12
607;566;38
332;167;22
648;115;24
647;234;7
52;193;26
246;116;16
95;134;22
381;295;10
84;435;41
73;344;18
262;482;16
38;575;4
579;200;25
102;462;47
581;160;48
463;103;32
72;287;16
685;692;34
579;463;14
598;385;30
666;364;25
227;121;7
533;610;9
367;578;47
685;454;21
335;33;15
270;151;38
151;655;3
254;277;50
551;53;49
648;601;11
650;525;38
539;262;39
6;99;41
120;555;22
283;521;38
532;68;47
478;548;46
33;205;49
403;128;35
235;546;31
164;186;37
190;209;10
638;465;36
683;579;1
628;254;1
82;247;15
694;446;12
689;669;15
84;430;40
85;558;37
319;114;39
356;147;18
251;624;25
336;531;10
219;55;17
575;198;2
451;18;15
127;548;34
404;660;48
257;636;5
25;362;48
264;242;39
602;169;7
488;580;46
33;94;21
356;679;14
383;127;43
696;225;2
523;157;20
589;512;22
3;321;40
86;114;41
236;205;21
267;354;11
326;68;19
349;611;47
273;657;9
396;681;42
71;699;49
105;471;23
422;44;41
403;118;9
73;75;7
128;486;33
551;497;47
393;274;18
152;158;4
179;658;6
266;74;48
115;561;4
9;388;42
204;29;50
632;47;45
607;299;1
343;234;27
698;622;34
341;398;44
198;427;23
279;86;32
642;605;48
616;629;30
325;109;32
132;513;3
394;161;6
448;357;11
288;598;25
660;540;10
125;673;50
430;75;15
588;384;45
42;375;43
93;659;2
263;190;48
368;164;34
518;475;26
540;598;6
65;671;12
602;26;27
578;510;36
177;290;13
486;145;26
524;51;32
655;42;45
268;55;44
270;584;19
603;468;42
464;200;39
42;306;29
391;97;7
13;678;24
79;147;17
355;16;24
394;472;9
223;310;7
639;88;35
578;229;20
372;438;44
633;577;47
386;56;36
463;117;36
399;619;5
10;26;41
372;101;27
408;59;46
119;56;44
72;112;23
396;100;20
329;54;29
502;299;33
192;2;28
86;631;28
143;302;39
33;115;12
568;633;25
99;512;43
639;391;6
656;674;39
62;542;47
582;517;16
424;193;37
413;490;30
358;565;44
555;530;48
604;89;40
341;663;50
280;38;16
570;638;10
455;491;15
388;660;49
459;198;32
134;270;20
131;193;23
163;298;29
197;110;39
276;301;10
235;588;26
539;643;2
100;49;43
352;312;31
392;191;45
205;448;10
603;340;20
675;578;1
314;290;19
169;672;42
259;200;40
635;144;40
491;367;12
445;41;8
545;7;30
396;115;2
343;207;15
577;340;33
432;112;39
435;183;10
187;300;28
520;314;25
476;253;7
125;256;15
665;164;39
56;319;28
265;594;43
541;112;9
205;692;12
415;39;25
598;617;11
163;576;5
497;18;2
394;329;17
279;664;37
634;192;24
575;12;21
303;579;34
631;127;11
602;190;18
480;253;21
308;216;36
171;272;30
536;167;27
194;186;2
359;164;50
531;253;48
130;401;12
4;656;2
250;329;13
211;610;12
27;526;49
565;293;15
652;208;27
694;387;14
235;669;31
47;470;36
329;443;6
235;433;28
695;514;8
693;215;32
206;151;36
109;45;2
344;520;11
423;365;46
220;127;15
153;229;12
15;592;40
499;149;41
596;143;17
191;432;4
622;127;33
121;637;43
537;183;2
566;392;14
574;320;38
426;289;26
691;375;48
626;355;25
97;691;37
482;180;10
208;348;23
579;524;9
266;638;29
415;25;8
28;406;46
459;505;7
620;121;18
389;538;35
698;480;20
90;170;14
192;342;17
579;340;6
493;21;22
570;451;12
260;607;12
393;321;19
125;549;15
550;315;3
165;236;25
489;619;50
664;513;39
28;17;8
156;26;37
404;684;24
265;173;25
583;457;39
113;365;23
422;407;42
84;171;48
88;401;24
676;170;47
133;499;33
287;65;21
684;693;3
186;584;11
87;576;3
22;543;7
27;217;50
601;101;40
268;584;32
578;339;11
220;322;47
552;226;22
511;359;4
196;526;31
301;384;40
366;521;42
530;50;34
193;35;36
299;471;5
48;223;20
107;241;11
638;680;13
698;260;21
94;661;23
142;480;14
206;458;47
599;251;24
496;48;19
665;129;20
127;356;2
202;195;23
444;189;49
523;509;3
223;183;20
355;503;6
1;228;39
199;13;20
376;71;20
378;253;35
641;184;1
523;220;39
287;210;16
15;676;40
622;476;8
601;494;8
310;454;1
465;475;44
122;440;14
466;72;17
144;306;42
491;684;21
518;243;46
371;387;10
435;345;9
145;255;11
675;98;7
658;147;13
522;474;28
28;341;14
349;626;38
529;134;41
124;601;14
8;110;13
652;76;40
429;498;11
197;216;37
319;243;7
428;493;35
141;28;44
190;343;14
456;172;12
256;458;49
591;121;19
196;22;19
359;465;7
568;9;33
685;516;34
597;80;28
440;676;37
225;118;20
82;274;22
151;580;44
454;539;34
234;690;24
488;106;23
478;368;50
201;460;4
56;301;4
113;86;35
103;6;5
244;456;46
119;311;46
193;495;49
383;467;43
574;420;42
400;556;30
230;485;46
151;299;15
545;12;16
375;513;34
551;534;40
509;367;2
188;313;23
643;372;14
232;101;47
182;451;45
306;481;21
512;108;42
568;122;48
302;8;11
468;595;27
82;46;32
421;155;36
269;284;5
512;364;40
373;322;39
276;352;23
537;142;30
659;176;23
270;317;22
15;96;39
531;256;35
633;339;10
620;406;1
279;365;13
291;419;48
625;676;44
108;468;24
279;676;41
4;84;15
542;18;8
100;526;41
69;278;22
388;263;6
625;48;6
333;691;1
111;425;8
158;4;47
8;608;13
348;454;48
564;315;26
201;636;2
269;325;46
621;450;23
113;69;22
531;631;35
487;315;28
376;565;37
465;13;14
630;414;18
352;609;6
558;312;36
569;505;38
95;536;8
308;613;38
268;586;16
637;416;48
296;634;11
178;36;47
695;689;49
676;631;24
68;228;9
9;117;27
231;452;43
470;373;8
214;659;15
275;188;39
647;338;23
49;481;4
502;573;16
10;664;14
278;556;45
5;193;9
693;276;20
327;574;39
563;524;9
533;107;9
76;603;44
573;641;22
595;525;23
28;360;47
436;650;47
402;519;34
40;643;11
25;698;39
246;437;29
157;614;44
440;372;30
32;495;2
485;261;27
452;672;17
680;225;16
610;476;28
349;404;3
496;366;20
570;409;48
459;4;43
254;370;22
348;692;19
225;72;23
35;113;13
687;373;45
139;29;32
338;103;1
354;25;22
506;609;25
284;421;4
574;546;41
469;154;16
296;537;29
32;679;7
608;122;18
150;561;49
618;32;11
289;191;50
497;494;16
564;113;5
51;471;13
354;442;49
588;326;46
221;395;9
26;108;50
174;453;49
646;133;28
217;187;22
87;187;12
631;36;19
384;480;25
677;645;34
246;25;5
445;454;26
52;3;46
556;435;9
80;55;19
520;667;21
221;71;9
450;587;35
513;477;15
318;454;12
167;557;10
587;76;9
204;632;38
77;329;32
430;623;7
47;435;22
394;386;18
62;440;22
313;669;6
24;631;32
654;213;16
12;65;47
495;628;37
380;659;32
334;52;28
332;282;8
350;67;41
654;608;23
355;38;9
506;308;50
216;162;3
127;371;21
96;295;34
229;544;27
67;12;29
499;217;41
613;332;29
147;417;13
497;232;50
390;541;41
562;55;20
659;693;41
428;281;30
132;223;43
459;674;20
660;291;50
89;456;46
162;675;2
586;214;24
264;618;27
519;92;10
443;73;26
520;660;43
47;254;26
563;345;41
680;672;45
159;451;33
63;443;23
100;412;27
375;451;8
364;196;47
560;431;4
264;386;21
343;496;19
389;424;12
40;485;11
487;639;28
497;404;1
94;204;38
297;273;4
24;192;38
606;52;38
321;579;48
619;423;30
229;594;35
393;82;39
277;684;33
625;341;13
680;34;19
112;380;1
283;331;42
64;217;50
551;510;43
380;369;39
32;700;12
515;539;42
483;689;24
126;554;42
435;239;43
138;280;2
439;344;46
586;460;24
403;114;33
259;282;25
195;64;47
298;468;32
317;636;31
643;506;42
527;368;33
151;645;24
72;254;29
322;353;3
68;688;22
613;646;24
273;185;31
137;623;48
333;68;18
105;320;26
655;349;34
684;134;14
349;480;7
37;142;5
561;209;24
380;589;22
410;97;10
451;349;21
582;652;30
132;670;10
551;164;31
258;676;43
699;95;28
250;502;26
183;278;37
242;55;13
274;568;45
129;620;47
37;133;37
547;364;1
572;679;46
325;609;33
604;147;49
462;150;39
357;588;31
461;666;48
170;650;32
364;651;35
136;490;4
593;282;17
549;547;4
428;527;43
439;647;38
593;335;12
335;479;11
292;287;2
647;679;35
80;243;31
16;483;26
659;261;50
578;324;21
579;64;24
647;602;24
494;71;23
454;268;24
5;72;45
39;620;44
199;5;41
492;228;21
470;441;20
412;544;22
317;181;31
50;316;2
657;404;13
60;285;20
100;179;11
152;96;3
27;417;26
567;658;39
556;520;11
368;358;10
353;190;45
610;177;23
396;23;42
432;276;11
42;474;33
14;700;8
443;337;21
235;174;8
604;157;17
255;225;7
269;130;21
264;520;8
195;362;4
234;549;47
434;235;8
247;310;20
473;265;46
309;512;38
534;239;42
234;337;43
594;210;4
18;119;12
125;559;21
335;307;22
491;219;43
227;312;6
670;306;11
30;326;45
318;502;12
405;536;13
686;445;7
349;349;19
472;359;43
179;628;42
327;316;23
221;140;45
102;121;9
111;24;32
459;543;47
88;203;16
231;211;4
652;697;31
419;233;16
648;508;33
639;244;50
163;413;2
369;571;36
519;533;9
190;296;26
140;89;26
693;347;41
492;660;39
276;146;10
40;157;28
453;92;10
240;292;34
681;371;5
538;441;43
157;71;40
222;506;10
550;584;44
223;213;38
129;656;50
265;527;17
486;420;20
72;599;41
694;563;14
659;381;34
427;173;10
438;597;30
640;673;43
14;613;9
492;670;34
72;345;10
662;428;20
572;230;40
643;345;34
373;525;14
260;247;3
441;600;25
141;587;37
113;444;41
2;688;21
70;344;49
66;441;43
535;11;42
266;687;28
195;69;37
112;86;11
9;7;50
112;274;14
237;590;14
141;527;2
57;443;8
142;149;9
155;246;13
96;495;1
579;166;6
331;132;32
12;665;48
321;197;27
492;103;12
649;481;31
626;304;34
168;492;32
494;348;46
83;307;34
118;55;17
167;10;9
465;161;11
103;432;34
350;87;41
373;248;48
142;345;21
544;72;16
664;343;45
147;242;25
263;205;24
103;418;23
470;389;39
228;390;8
73;517;23
495;49;2
436;23;29
69;688;5
694;17;41
658;700;34
91;228;38
697;614;23
638;468;33
429;15;38
26;441;28
184;458;47
188;451;21
368;410;33
208;172;7
586;313;26
582;41;30
583;535;41
208;639;15
16;526;29
191;699;37
545;449;37
553;343;27
359;488;6
117;269;41
527;436;47
326;83;24
175;145;19
139;546;17
250;149;27
545;13;37
556;137;25
84;549;4
450;586;26
501;196;50
224;163;50
279;245;29
575;141;42
230;388;39
126;574;10
236;391;8
133;491;31
483;492;32
316;239;42
264;240;25
375;125;41
6;369;47
603;575;41
280;6;22
286;284;36
127;445;17
148;482;39
566;312;7
583;558;41
159;402;37
430;451;21
177;598;12
516;447;11
140;633;19
258;639;23
609;83;35
256;378;14
423;127;20
96;585;20
476;70;28
610;174;47
349;603;42
517;690;12
80;19;31
57;653;50
299;575;50
615;159;36
173;310;49
393;232;32
37;664;31
277;25;12
54;543;35
555;512;23
679;176;29
210;169;9
568;210;27
274;338;20
627;250;14
688;24;38
291;327;28
178;387;7
531;514;38
378;581;37
326;226;17
478;101;44
413;71;46
254;407;42
537;34;4
28;201;40
693;487;25
448;387;47
670;584;24
624;470;10
31;523;13
108;528;23
162;619;36
331;479;42
115;697;25
225;349;23
404;548;12
637;675;13
279;122;35
462;512;21
700;113;3
36;132;26
92;251;42
458;313;46
233;524;16
652;67;34
472;315;30
62;337;28
7;336;45
237;83;14
621;358;45
213;375;23
573;85;1
271;275;7
126;470;44
565;31;8
193;30;13
625;563;48
263;99;13
687;622;35
471;53;20
454;26;30
156;250;43
464;628;50
116;522;4
281;110;47
183;444;28
108;620;42
98;381;35
187;90;22
546;557;21
81;482;17
574;594;31
55;542;39
192;688;27
563;46;27
170;47;36
506;585;41
88;621;27
90;325;6
397;33;39
381;319;19
225;342;4
8;218;42
546;611;27
17;567;48
418;287;26
220;114;49
59;609;33
93;491;17
453;77;45
328;302;13
335;289;35
671;399;44
331;622;50
415;474;16
576;564;2
529;291;28
426;96;10
459;659;8
656;103;15
43;249;31
606;479;36
119;173;27
240;17;13
396;168;46
287;670;27
617;479;5
297;334;25
37;239;17
509;70;4
648;308;18
667;615;3
117;168;1
330;617;44
541;388;25
239;365;10
582;672;5
437;198;27
339;229;41
661;475;16
637;299;19
20;565;39
52;35;42
656;651;37
395;8;30
700;591;43
219;558;19
334;540;16
384;527;38
380;333;13
465;206;3
681;144;7
485;696;46
143;66;1
380;94;4
459;653;1
421;676;1
24;287;10
14;667;17
543;162;5
8;552;22
461;426;4
231;145;7
176;496;5
438;681;44
261;75;5
510;623;20
334;547;49
419;547;47
539;424;7
596;515;16
465;244;2
608;230;33
415;463;31
416;697;14
402;152;43
601;187;47
271;406;1
462;605;50
462;511;16
357;485;19
218;391;47
201;369;22
169;338;49
185;6;9
298;350;44
643;201;38
611;242;32
29;245;5
300;252;32
173;546;30
15;387;7
649;383;41
653;678;45
5;334;15
529;386;17
327;527;30
314;295;38
597;605;7
427;4;45
665;456;43
664;56;13
593;417;33
272;524;18
42;336;28
162;630;41
141;56;3
11;259;50
479;534;30
63;562;9
344;79;22
203;535;14
193;153;32
360;657;47
321;440;49
385;389;44
662;332;28
349;242;4
645;453;30
124;181;22
85;540;28
479;277;42
458;156;29
601;589;29
375;625;50
378;166;24
447;199;13
674;480;41
312;476;48
336;639;40
421;28;32
468;13;17
394;678;39
177;355;11
114;66;36
417;148;8
384;126;6
47;332;48
145;148;35
417;550;24
127;154;20
242;308;39
450;43;11
242;438;34
423;55;2
221;209;6
356;603;39
327;19;47
314;278;2
173;378;48
221;331;2
169;124;16
127;296;40
328;274;2
70;205;11
233;635;8
697;254;29
266;248;18
448;641;2
406;294;12
14;546;22
419;565;10
682;246;21
371;158;35
619;531;29
668;648;39
77;11;37
154;506;7
606;343;22
103;508;15
162;309;11
303;3;31
459;190;49
167;615;5
592;182;32
31;586;44
586;561;22
219;174;23
5;614;40
31;12;21
183;655;42
488;338;10
404;213;48
599;69;41
51;491;27
299;609;13
212;61;6
412;97;39
683;26;43
438;151;16
390;85;49
48;401;22
32;615;47
517;149;27
139;330;37
84;269;35
426;663;22
612;612;19
101;636;7
570;319;29
573;285;16
359;351;22
689;366;36
617;224;5
38;99;31
638;205;49
474;183;48
12;393;36
359;666;6
219;38;21
253;356;22
590;427;33
387;59;43
184;147;28
593;604;28
163;36;39
457;457;1
205;300;44
363;96;13
182;270;25
663;399;30
634;443;2
115;207;36
4;223;20
481;222;44
620;177;19
148;1;17
343;52;39
423;17;23
94;47;40
227;76;15
413;322;24
604;68;24
174;378;10
407;249;19
223;303;39
406;414;42
496;520;49
442;180;40
545;464;7
583;229;43
120;119;5
88;97;35
535;501;19
339;514;39
394;219;36
242;697;38
216;518;48
328;637;10
454;177;3
36;113;43
398;234;30
393;542;16
663;6;22
81;139;45
323;402;41
381;406;12
340;689;21
8;571;37
311;429;31
350;529;11
301;166;4
606;698;7
475;669;20
674;89;6
574;220;9
60;505;38
337;634;25
543;447;44
190;187;19
205;312;30
447;129;28
259;660;19
585;215;18
298;549;18
579;74;1
165;116;16
697;558;38
632;559;11
310;642;5
148;321;44
108;133;48
475;398;8
394;597;42
457;629;14
333;160;42
423;260;25
351;609;49
434;406;30
356;92;44
357;46;38
315;4;29
265;667;39
628;313;34
439;439;14
322;85;2
113;273;36
327;669;4
564;218;41
177;263;27
505;85;41
49;503;16
327;567;46
674;374;30
192;525;1
86;58;9
572;694;48
1;207;8
326;2;4
583;438;13
518;127;36
526;103;22
687;459;31
265;417;8
68;83;21
574;496;16
125;544;2
116;641;37
394;404;28
341;212;26
206;227;3
406;81;8
206;5;34
525;394;11
259;549;7
551;570;24
637;13;23
466;603;21
371;325;9
630;315;13
528;469;47
187;54;44
30;469;27
371;68;44
538;662;47
105;317;16
11;690;29
557;264;35
56;237;13
39;633;8
389;53;7
35;463;10
700;169;44
15;693;45
341;564;30
242;152;6
329;619;19
121;296;4
664;413;5
218;10;45
231;266;11
363;598;36
579;228;17
425;635;39
182;536;5
548;389;13
655;557;28
287;516;13
413;296;33
672;503;13
227;294;12
184;243;42
402;272;38
553;215;1
653;374;44
479;241;47
630;290;41
324;562;48
672;75;29
479;357;7
498;485;35
97;162;46
38;375;22
325;404;37
264;592;42
227;309;50
250;403;34
310;73;27
492;350;33
497;508;26
311;220;9
315;46;18
235;37;32
551;251;31
528;354;25
455;329;18
562;180;28
610;69;46
512;498;11
425;488;47
50;104;13
100;685;24
588;120;28
244;672;46
474;188;45
459;289;16
315;197;32
203;69;4
23;590;35
653;155;39
37;511;18
49;282;15
118;136;7
571;491;36
314;258;14
367;3;42
213;556;50
299;209;30
440;43;39
75;377;6
658;56;18
490;277;24
10;600;21
572;79;25
627;534;8
540;698;12
539;418;13
89;68;27
270;129;33
161;16;31
439;26;39
282;494;33
538;440;48
656;597;3
387;499;28
7;618;2
454;235;42
12;384;22
623;360;19
680;453;36
440;430;45
42;503;13
161;531;5
426;416;40
217;440;3
355;100;42
444;14;43
552;459;39
368;306;17
347;698;20
275;610;32
697;221;48
152;377;44
176;490;13
549;692;21
271;120;3
436;522;26
570;433;31
119;599;34
646;271;3
226;499;40
594;641;50
337;548;46
634;159;40
680;344;29
335;17;47
429;140;10
144;442;15
120;668;23
380;225;15
45;227;38
571;459;35
382;326;22
289;535;12
432;280;44
191;327;44
29;352;13
545;61;20
15;12;47
499;271;45
456;223;44
428;233;21
640;529;27
242;358;4
695;437;19
102;73;11
466;521;36
444;452;37
328;278;26
336;643;27
542;381;41
261;209;10
424;224;43
220;511;27
315;174;41
288;612;12
536;138;22
248;28;38
599;624;11
88;623;18
556;198;35
163;387;43
290;363;44
511;334;2
424;36;1
34;662;37
697;367;25
394;462;1
450;160;49
532;359;32
321;629;39
191;202;3
489;108;2
495;109;1
570;569;17
372;63;5
227;520;35
460;205;39
435;510;46
664;520;23
176;629;12
666;651;28
73;155;21
604;58;18
563;564;10
74;319;45
673;548;23
492;349;41
516;124;38
586;219;42
519;149;42
276;357;32
244;222;20
152;572;39
449;141;37
682;666;34
676;156;36
85;649;26
493;236;34
41;245;13
92;187;18
573;564;48
482;187;10
188;173;24
508;305;36
517;225;10
27;159;9
166;27;48
428;606;43
444;503;32
252;650;9
71;475;29
194;270;48
278;102;36
673;625;23
170;497;47
86;499;24
449;324;13
544;308;12
614;75;46
321;545;40
11;420;9
180;126;49
374;263;49
126;564;46
419;439;34
637;140;31
672;295;14
542;494;7
567;288;15
189;45;25
23;690;1
387;629;28
391;26;38
398;210;16
462;257;48
582;370;5
672;201;23
555;159;17
13;111;11
463;85;17
243;299;32
663;413;10
512;151;7
372;478;31
318;59;11
532;207;48
460;637;22
103;506;40
384;613;42
277;307;16
250;656;25
292;643;11
582;564;31
308;441;43
278;699;16
56;467;6
350;313;36
171;35;29
36;598;45
67;563;6
428;343;41
534;168;3
343;625;8
622;377;21
147;409;4
561;296;22
639;101;41
101;48;1
45;324;33
165;293;22
202;19;14
261;58;44
310;443;10
263;485;43
180;69;28
454;601;3
239;607;34
403;534;13
14;376;26
262;29;40
396;47;33
123;528;49
672;389;22
586;413;50
78;405;17
408;318;14
613;103;50
3;684;8
202;199;28
666;698;46
207;403;26
698;635;6
182;321;26
186;247;47
680;678;43
671;654;2
248;14;29
577;426;50
468;142;2
475;561;43
56;338;28
223;290;34
593;11;11
490;321;23
637;447;13
409;319;5
47;205;29
46;199;26
644;79;19
26;102;1
129;168;13
607;370;49
451;76;22
511;375;21
266;11;12
648;104;47
249;437;24
654;316;14
594;638;10
666;98;24
428;13;18
255;7;4
644;354;8
528;332;32
463;82;32
595;285;8
613;188;49
590;88;42
317;330;32
49;620;29
644;123;17
663;203;46
576;5;35
678;163;50
417;463;48
678;344;4
372;648;1
484;139;38
358;440;7
131;175;17
556;124;41
210;605;11
639;269;27
465;3;5
614;372;46
251;34;30
408;139;6
10;350;28
352;613;47
344;497;13
98;132;49
221;260;27
444;622;8
356;33;9
106;519;21
157;177;23
322;312;7
490;127;16
142;571;16
86;539;27
641;195;46
60;252;11
688;200;15
94;145;49
340;221;10
457;252;43
210;509;30
696;649;9
234;147;38
45;219;16
41;241;4
521;410;47
286;652;47
187;259;32
395;139;12
276;266;45
697;408;39
134;106;33
596;33;12
99;429;16
640;467;18
494;377;24
500;263;33
203;277;14
18;660;28
671;77;23
120;452;20
363;45;22
629;650;24
371;128;31
95;258;13
276;310;15
274;614;24
406;379;5
65;574;20
386;293;39
199;472;31
68;28;4
690;133;28
172;505;27
217;515;2
665;34;39
537;368;25
687;13;2
223;379;27
585;592;20
223;49;48
136;482;5
304;479;14
147;46;14
60;318;7
111;109;39
535;85;43
298;122;11
444;329;16
366;83;11
379;535;14
315;309;39
620;552;12
113;471;28
507;357;39
192;466;3
473;31;33
305;350;12
1;485;37
612;352;43
535;412;25
350;316;32
689;43;39
516;476;46
183;328;40
213;243;35
368;533;32
279;40;14
115;434;3
22;298;41
4;262;9
189;441;21
56;208;18
54;607;30
379;77;50
254;248;9
692;241;41
645;182;37
47;193;40
103;597;24
507;392;37
76;649;32
405;271;35
652;202;39
461;303;33
671;503;50
100;542;49
378;553;30
495;28;45
309;456;48
242;594;1
347;504;42
123;397;31
341;304;31
497;544;39
101;211;17
181;5;34
140;555;34
325;364;36
148;129;30
21;251;34
544;422;49
690;579;39
359;390;38
587;571;14
407;321;14
77;261;20
197;290;6
385;132;1
649;165;3
375;587;44
402;663;36
609;209;49
37;486;2
589;73;44
374;373;20
522;692;37
404;560;3
204;273;19
103;487;31
155;40;10
232;104;30
71;326;49
498;252;2
65;115;36
76;677;50
254;312;47
658;654;33
109;87;8
540;152;39
353;625;25
32;226;39
244;323;9
299;88;29
629;252;27
522;382;36
616;167;49
522;659;37
175;358;15
692;595;26
296;647;5
556;258;15
360;615;8
66;682;23
132;373;1
456;451;11
572;279;33
411;199;16
223;14;31
23;213;2
107;289;12
348;6;15
206;87;42
235;41;4
129;457;16
356;474;20
250;233;41
602;697;32
414;450;25
683;159;24
21;655;44
420;127;42
608;543;10
190;652;29
530;546;30
455;88;27
658;319;4
477;434;39
96;682;6
112;666;30
198;667;26
312;345;19
498;240;11
155;72;26
310;181;4
630;261;48
13;99;32
233;12;2
163;268;36
204;436;13
345;700;42
583;35;31
614;542;2
379;471;32
485;35;18
583;662;2
416;227;24
605;58;5
483;64;35
114;644;42
546;178;31
232;86;16
678;452;49
477;245;25
517;319;9
476;250;13
389;10;20
266;548;50
595;171;43
463;670;8
334;403;22
284;508;43
381;515;41
530;418;42
556;603;37
183;96;46
92;621;49
492;522;11
299;699;37
142;40;30
358;631;1
226;281;46
690;426;2
491;243;24
338;641;39
29;190;38
63;150;38
629;685;11
105;49;28
485;7;41
641;474;17
97;100;32
110;185;46
381;646;23
560;605;8
11;256;33
78;586;3
512;367;11
52;203;6
364;657;32
121;366;12
42;146;6
667;625;4
516;437;20
409;390;32
245;483;24
175;467;6
224;526;5
585;270;33
450;169;7
116;161;32
431;576;8
692;294;12
497;507;40
42;107;45
337;574;15
425;230;44
376;74;22
198;255;26
428;18;8
580;570;18
447;396;11
347;137;18
191;487;29
375;228;11
166;369;31
271;262;35
543;684;16
18;6;48
381;517;21
5;676;4
446;438;42
614;570;29
548;293;38
231;460;24
419;376;23
203;525;12
454;228;42
282;253;43
196;418;19
665;132;22
22;43;45
444;332;29
471;530;50
288;445;24
566;417;7
672;112;18
372;512;33
208;550;1
376;517;2
398;102;18
208;187;19
292;693;4
561;383;13
82;228;47
580;500;25
92;367;50
31;622;3
236;401;3
360;644;39
5;566;49
440;113;39
626;596;26
622;494;31
130;24;35
575;121;11
255;307;15
627;303;5
377;295;11
558;198;4
576;443;15
618;168;31
175;156;16
533;438;41
573;166;22
376;570;47
579;700;48
159;478;50
381;361;42
256;201;36
497;409;45
387;410;6
351;488;36
24;276;41
299;317;39
394;232;29
417;595;36
557;117;9
410;184;8
109;68;45
644;522;23
512;363;33
198;281;22
221;623;11
410;17;1
162;166;42
96;256;27
620;213;7
180;243;29
538;535;42
260;351;4
311;146;22
268;338;14
449;578;4
516;76;38
141;169;9
319;21;31
255;131;21
49;146;22
608;220;15
571;413;17
598;531;44
556;132;12
81;528;32
407;676;7
548;187;28
34;79;25
459;509;1
445;608;13
550;167;26
192;675;17
601;263;26
686;625;45
569;185;39
161;446;23
597;691;30
58;143;23
56;198;31
78;525;15
443;617;43
566;279;35
295;665;48
141;396;33
34;303;50
70;464;6
195;519;26
2;77;20
21;675;37
412;338;14
684;340;20
419;1;36
365;62;16
691;47;15
617;284;11
24;183;37
260;564;17
394;347;29
562;567;38
11;390;14
219;189;17
621;35;40
680;313;31
102;641;30
521;214;41
618;80;46
325;349;4
646;114;46
592;534;16
57;486;33
110;418;26
419;80;24
275;604;15
349;696;41
559;641;42
94;207;50
354;97;17
183;274;25
271;671;45
199;695;11
259;687;5
501;387;17
278;622;25
165;300;36
335;137;33
345;49;44
664;278;34
637;541;13
422;514;16
513;136;20
636;50;2
491;447;49
318;329;16
582;331;41
197;509;8
396;654;14
212;306;18
528;318;19
52;408;46
36;655;45
480;31;24
88;445;27
443;514;24
84;5;20
274;571;8
134;148;4
406;474;14
199;318;21
324;409;36
258;561;30
26;209;5
506;566;21
355;159;22
182;412;12
123;35;29
294;547;16
464;177;37
25;47;22
700;175;6
680;237;29
50;204;14
538;396;4
237;207;37
621;31;34
287;618;37
19;2;32
99;341;13
569;71;15
60;116;8
611;85;22
632;311;15
475;619;21
634;670;43
87;586;3
616;343;2
167;122;42
451;142;3
656;461;10
110;394;25
399;142;10
1;595;33
46;336;36
16;124;3
313;304;21
32;323;25
684;87;26
605;658;10
288;98;30
108;473;27
384;633;47
476;1;48
658;399;48
374;322;5
146;622;42
163;355;10
579;121;32
485;422;27
513;600;12
18;675;13
677;545;1
234;548;29
614;317;44
322;556;17
669;376;14
612;403;22
666;58;18
435;35;47
265;233;23
153;147;16
688;193;23
389;496;22
297;81;39
692;365;17
264;32;15
157;372;24
626;30;31
595;179;25
266;641;23
404;414;12
3;86;20
133;306;14
56;450;9
73;582;39
618;659;27
367;662;9
61;406;49
47;685;13
647;263;41
334;508;17
209;515;42
134;186;38
57;319;38
698;692;41
641;648;14
613;641;40
385;566;2
1;589;28
298;687;5
213;157;1
263;243;30
437;239;15
337;635;20
392;90;12
333;125;28
222;593;6
583;412;34
204;323;9
671;161;27
115;581;37
102;124;4
332;160;9
512;231;36
342;611;2
64;553;1
10;620;6
690;279;42
10;263;15
114;329;49
305;79;48
381;59;12
695;34;10
592;408;5
303;496;2
468;354;2
175;74;39
158;140;10
371;450;43
55;452;33
640;498;14
317;272;39
700;266;45
406;247;28
48;332;7
34;320;34
123;332;6
282;162;25
121;426;24
157;247;31
598;479;41
68;672;1
607;689;9
403;213;40
577;329;28
95;416;40
163;530;16
205;210;25
568;489;1
139;12;3
311;483;38
237;227;20
497;265;45
364;43;14
276;128;26
281;583;17
687;15;25
492;155;9
166;92;6
139;282;28
587;29;6
608;200;39
114;355;23
200;143;1
61;602;32
250;262;8
112;342;18
664;355;23
248;215;26
610;692;33
18;576;3
73;672;19
76;25;33
434;596;3
692;536;31
625;142;45
378;290;44
254;349;5
684;161;2
434;70;30
361;51;2
570;187;29
365;221;48
236;155;40
690;462;22
230;105;1
612;641;14
499;510;39
198;377;8
487;699;17
228;408;34
670;226;27
161;318;17
635;93;42
230;406;41
19;545;3
425;559;3
283;499;25
637;362;27
320;554;38
52;365;18
368;510;30
685;500;42
148;30;34
678;698;9
180;113;48
647;16;5
263;224;47
581;524;21
100;65;28
483;616;38
610;388;23
98;54;43
357;294;36
34;685;12
311;145;14
626;217;11
627;697;15
319;281;4
500;527;48
642;403;35
614;647;10
7;44;34
258;663;48
700;626;12
416;57;24
437;270;21
582;401;27
638;33;37
517;467;36
488;129;18
429;389;36
153;673;15
256;88;29
482;468;38
545;662;14
39;658;10
625;207;46
122;548;23
556;276;33
172;580;38
455;44;44
221;459;49
388;606;34
611;329;21
379;86;42
511;66;19
477;647;43
564;173;50
444;124;50
579;640;11
316;626;39
489;318;16
241;415;32
662;98;41
200;473;9
269;382;41
693;574;45
129;530;14
187;255;39
1;466;48
28;103;39
86;213;41
50;398;20
607;337;29
201;215;3
598;240;34
595;155;22
43;34;20
332;152;45
111;363;7
350;450;21
381;227;28
599;634;2
126;320;26
258;491;32
420;687;6
262;395;29
452;443;18
637;530;49
388;95;22
81;517;3
314;49;1
626;236;43
547;206;19
430;360;24
88;270;22
600;66;5
378;51;48
83;617;32
254;696;10
138;298;35
624;184;13
686;417;43
189;185;13
657;630;5
241;132;30
124;274;35
73;637;30
249;108;35
643;497;42
687;295;30
457;570;48
15;626;43
494;648;33
648;169;32
502;233;49
564;407;48
386;71;50
569;529;49
221;62;15
265;646;6
598;274;7
313;517;45
94;296;9
463;39;26
353;658;32
122;120;16
93;551;11
386;27;43
349;424;25
617;666;11
459;607;47
545;418;2
204;441;4
37;54;41
443;30;13
73;217;18
42;406;50
236;313;17
133;633;37
500;550;27
326;410;15
196;140;32
21;512;36
460;519;42
169;480;38
529;190;6
344;61;24
93;414;26
301;605;15
649;144;29
339;644;47
96;435;6
34;647;46
225;116;34
636;549;43
634;298;8
307;24;20
566;80;25
158;626;16
429;488;29
256;557;37
621;604;12
694;483;13
678;284;41
120;90;28
387;286;9
484;164;16
197;103;3
8;272;50
26;466;20
400;194;47
494;36;37
286;559;23
21;335;12
345;222;40
41;286;10
200;606;14
423;231;8
37;313;27
252;317;33
300;600;23
325;489;32
597;513;30
528;21;47
284;24;10
40;182;50
4;546;3
161;273;46
581;562;42
243;568;5
209;539;15
427;91;27
649;128;8
261;363;4
130;259;29
615;318;12
466;118;7
419;247;40
150;9;41
98;418;48
280;339;16
262;230;14
59;470;48
608;608;45
175;76;23
622;363;1
558;326;28
374;564;50
645;538;39
285;587;28
623;18;38
296;454;28
643;96;10
281;675;12
533;213;1
23;608;32
629;226;48
324;337;21
116;166;12
611;369;50
248;340;44
282;605;15
131;121;7
361;664;6
233;318;8
97;427;24
82;224;47
149;44;30
207;293;50
193;450;43
380;398;35
35;384;11
275;156;34
469;520;41
218;416;45
408;635;27
463;222;22
431;250;22
314;125;49
697;253;10
468;676;22
204;608;12
371;249;22
640;68;33
81;609;27
409;478;30
111;209;1
370;566;31
381;289;29
374;642;38
197;362;13
416;466;14
371;608;33
264;637;22
101;447;28
93;571;42
625;486;42
26;697;38
385;437;9
198;333;26

