1000
25494
6000
29;65
44;35
14;72
94;96
29;14
89;32
48;60
19;65
85;79
43;20
97;33
99;49
76;54
58;57
13;13
27;4
83;93
13;61
2;4
72;29
19;7
25;49
78;28
39;49
98;49
82;22
76;98
69;27
90;31
93;37
83;35
92;24
11;38
20;66
5;66
75;78
1;100
40;85
16;39
66;23
63;17
38;61
52;47
39;16
37;70
77;70
47;84
73;20
90;78
93;76
42;7
61;100
50;99
42;73
90;77
16;66
5;91
21;53
85;57
93;48
73;77
89;32
36;77
16;36
24;70
23;33
55;38
97;23
83;54
55;75
53;23
97;31
31;23
84;80
38;6
16;87
91;42
99;64
8;1
29;23
80;14
19;28
7;92
79;70
59;19
14;85
71;60
41;30
26;24
74;75
9;81
67;12
79;34
17;88
50;21
43;38
62;34
29;41
86;20
84;54
99;44
84;25
53;25
37;70
49;44
53;15
5;19
30;92
24;85
60;74
54;71
17;32
75;42
61;60
92;18
55;19
70;86
61;65
76;53
80;28
41;49
79;95
98;30
70;38
38;51
36;37
99;74
46;99
75;70
31;25
41;55
52;60
77;65
13;80
78;17
15;67
61;72
49;51
32;30
54;51
91;32
1;25
7;83
43;33
25;54
98;85
81;58
39;90
72;65
96;6
32;48
4;53
22;50
7;3
71;98
6;15
44;8
74;2
45;65
58;90
82;62
72;23
44;20
9;73
49;94
97;68
95;62
53;48
88;81
13;95
31;66
94;89
24;35
92;21
69;53
98;7
85;77
27;22
6;4
13;84
63;91
65;36
85;68
41;72
50;42
22;7
48;19
23;11
20;61
11;24
7;30
87;20
27;5
71;28
67;62
91;52
100;34
84;60
84;13
9;34
52;53
35;4
74;32
12;66
27;89
39;5
67;36
90;41
19;44
22;53
67;75
68;44
12;53
97;31
62;37
68;74
23;54
4;29
10;9
49;69
18;85
36;43
61;28
6;49
66;40
2;83
50;38
83;86
81;90
90;9
97;1
2;80
7;41
97;6
10;23
66;10
60;63
77;82
85;37
87;73
99;47
29;27
21;8
44;67
88;7
1;58
43;69
43;15
7;53
38;55
47;2
72;37
11;60
99;54
27;19
82;40
91;58
68;70
50;28
15;46
91;49
47;22
2;19
56;32
80;24
46;72
25;52
6;20
99;5
46;39
27;47
1;75
33;69
6;55
22;34
29;65
38;69
52;61
100;14
15;30
85;40
2;1
52;56
56;5
9;28
97;14
2;57
98;10
10;48
18;78
37;3
77;29
76;73
87;36
59;39
19;94
31;43
10;35
81;31
39;92
12;94
66;98
42;39
73;89
94;83
83;75
92;34
31;58
34;6
62;94
90;12
85;60
5;11
41;100
42;75
54;39
89;43
55;74
16;68
12;95
28;90
50;58
21;60
88;75
19;51
83;15
93;56
79;23
64;29
69;86
4;71
45;84
80;58
89;20
48;77
29;17
68;100
71;27
29;8
99;93
40;14
91;7
71;28
36;45
71;25
36;40
20;32
85;99
28;73
24;60
90;52
95;82
3;19
93;19
65;22
72;75
64;78
97;90
38;91
100;51
11;63
23;58
48;97
20;14
1;23
47;24
35;25
79;39
17;89
10;5
99;99
59;86
28;78
39;64
25;22
76;72
71;87
82;64
26;71
36;11
57;71
44;29
73;66
19;48
13;92
96;72
37;87
13;86
47;72
7;94
44;12
23;22
28;85
36;7
52;69
81;54
41;95
25;68
69;90
61;80
96;54
4;30
85;84
29;2
18;18
30;22
95;9
89;86
29;93
43;2
72;3
61;41
19;41
75;28
12;50
21;68
33;84
70;31
9;8
59;99
33;34
20;18
94;6
18;79
43;23
53;56
80;70
6;10
7;26
85;45
64;60
65;4
29;26
85;5
39;71
67;21
23;30
96;49
25;63
51;18
62;34
63;79
74;29
43;5
56;35
25;67
35;44
67;23
71;24
66;85
73;68
94;84
72;35
68;27
23;78
63;79
37;80
48;66
16;53
33;83
75;38
21;86
63;64
42;2
24;22
77;96
61;71
15;95
9;65
14;85
34;41
14;29
8;79
86;29
8;25
86;68
35;60
58;18
74;83
87;45
75;20
42;45
17;37
71;26
14;52
19;33
38;44
25;53
56;88
67;5
65;53
80;68
45;44
4;32
34;90
4;7
65;58
29;68
84;73
72;91
18;28
74;93
29;65
90;51
69;39
92;40
10;70
3;70
5;84
99;50
85;39
59;89
49;15
53;69
25;20
100;52
94;92
29;48
84;11
64;2
22;21
13;80
21;19
53;59
85;15
10;14
82;70
76;67
36;81
15;44
58;80
58;26
57;98
98;89
43;27
8;7
48;80
49;20
21;69
16;58
8;77
14;55
48;98
37;52
22;94
3;30
18;80
27;48
11;33
26;23
94;39
84;82
26;68
6;48
54;39
95;53
56;25
39;98
9;63
44;81
14;8
85;5
29;66
74;71
90;44
69;19
93;91
27;86
65;63
18;80
100;58
27;81
61;84
41;13
4;18
48;86
48;9
9;39
23;30
27;95
47;80
55;74
52;54
57;8
52;76
42;12
2;92
78;93
96;27
71;41
8;82
49;46
1;30
90;39
43;36
78;83
1;70
87;61
76;68
70;80
40;35
30;25
46;40
2;51
85;48
47;35
83;35
84;22
1;59
25;77
7;65
12;72
69;96
22;54
95;78
67;89
8;51
33;53
71;63
75;92
63;84
63;10
56;42
12;66
51;36
66;49
46;61
27;65
14;3
72;83
2;55
63;36
17;38
68;10
1;27
63;67
63;7
87;14
67;99
97;17
43;53
89;83
64;86
62;16
22;63
13;3
50;63
43;40
66;22
87;19
68;20
60;49
92;21
21;11
16;8
92;76
66;86
69;92
69;55
78;31
37;24
36;15
81;23
33;22
20;76
70;8
72;45
81;90
46;34
28;85
94;43
55;6
52;99
7;75
65;57
37;94
56;90
23;89
28;11
79;46
71;12
73;14
13;38
78;58
63;30
31;40
11;80
93;77
60;55
95;59
88;94
50;91
47;72
16;82
12;41
84;48
66;10
87;39
23;100
64;100
92;72
35;49
46;14
7;23
63;100
89;54
30;94
1;47
93;16
96;31
27;68
57;55
49;86
29;20
2;62
62;32
36;46
51;83
59;5
90;40
24;84
41;28
8;63
55;85
10;53
74;7
55;37
69;56
85;32
7;10
75;64
68;96
88;42
21;22
26;2
19;69
12;73
58;55
48;64
99;83
35;78
76;78
50;78
72;6
6;96
97;12
48;11
23;50
95;78
71;34
67;92
78;54
63;5
41;84
83;46
89;58
48;16
4;64
50;86
78;79
59;94
35;74
18;59
5;23
15;52
66;63
66;92
65;71
67;5
94;80
77;39
9;42
48;40
75;49
78;46
40;8
53;45
12;48
9;6
40;58
52;53
22;81
36;49
54;59
91;65
61;86
22;11
76;98
79;36
53;2
49;9
100;88
71;7
97;47
37;23
84;8
99;81
31;61
95;87
40;67
37;61
37;10
43;73
45;19
51;89
49;33
25;28
1;85
21;70
10;21
67;99
39;81
23;32
16;53
32;23
95;78
89;17
55;68
42;61
36;4
9;79
57;80
73;82
36;84
17;51
7;84
45;64
39;44
45;10
2;95
55;68
68;85
72;9
52;76
48;71
86;98
64;90
35;62
80;51
43;84
28;71
39;11
68;33
47;54
1;79
41;66
24;6
78;68
82;28
41;82
98;1
73;89
49;41
36;19
12;60
25;30
81;92
71;78
89;59
8;63
78;43
37;74
48;98
49;22
70;8
45;43
66;56
95;13
91;54
59;31
84;88
42;46
9;19
95;21
38;93
93;6
8;89
6;100
77;64
13;20
60;43
70;62
58;66
44;77
80;96
50;2
64;8
83;100
67;8
91;4
57;28
70;100
33;99
31;46
36;59
35;30
29;51
21;50
16;10
31;46
80;78
3;41
3;67
3;83
53;19
10;47
88;91
95;24
2;47
69;78
54;55
2;48
45;22
86;9
58;57
75;83
96;13
31;3
51;5
66;47
59;47
58;51
61;50
57;28
73;59
36;98
9;24
2;73
35;77
13;79
74;6
43;57
27;70
26;11
75;39
16;30
70;38
5;47
58;42
38;58
38;29
12;12
94;84
52;57
68;16
78;74
6;45
28;72
94;75
51;19
87;100
26;74
22;79
52;43
17;78
13;54
24;98
4;39
98;80
67;94
47;99
12;63
88;79
4;27
77;21
56;83
63;41
43;96
2;85
10;35
4;19
27;97
60;70
90;56
91;2
39;10
25;90
88;7
58;40
66;31
91;72
83;69
75;29
99;79
26;9
33;27
93;72
82;83
49;41
80;89
31;65
4;41
97;85
86;77
54;38
82;96
84;20
49;50
67;28
87;88
999;428;41
659;3;13
93;24;46
459;482;28
440;234;9
621;836;30
69;729;50
960;1;1
445;997;5
103;887;15
33;551;45
24;113;40
385;735;2
31;709;26
618;19;26
672;615;16
618;954;21
531;609;15
346;683;2
631;145;9
715;654;48
943;27;42
195;597;31
861;176;1
955;380;14
940;746;7
172;34;5
421;58;7
695;473;41
614;186;9
519;70;50
947;909;31
642;226;11
569;126;30
199;809;20
130;760;28
205;504;11
169;752;47
119;378;29
981;963;9
266;89;4
804;644;40
982;721;5
744;550;38
180;171;47
493;651;16
885;341;43
986;214;17
817;398;38
38;243;8
914;897;17
561;36;13
192;757;38
898;141;46
455;32;35
483;616;30
733;768;10
910;471;12
147;176;4
340;218;35
858;393;32
234;952;11
891;441;12
681;321;11
937;633;34
713;914;38
129;643;43
183;364;29
76;799;28
394;370;38
417;54;50
209;733;1
726;533;26
201;52;30
803;97;44
757;221;18
59;175;40
710;419;34
604;442;48
522;50;9
891;384;13
569;565;29
559;701;36
752;828;26
13;427;11
904;35;38
609;252;25
691;479;18
22;155;43
861;902;40
794;867;50
638;651;36
369;863;40
424;557;32
823;606;9
945;950;48
121;422;49
446;692;31
788;184;27
479;299;32
786;43;7
179;952;4
846;385;6
950;51;9
886;501;19
595;805;20
407;325;17
979;802;28
988;574;44
551;313;10
657;940;38
754;340;39
388;542;40
447;42;49
965;251;41
111;597;7
766;923;32
452;714;21
109;934;49
572;472;3
832;80;13
744;316;24
981;47;34
856;255;43
663;471;31
228;391;16
313;974;4
711;529;23
757;804;19
404;111;30
215;366;10
596;617;14
890;991;43
90;204;29
92;8;9
681;827;23
902;886;43
141;339;35
235;376;37
367;96;18
146;989;13
773;632;32
210;954;40
38;226;29
175;955;45
820;766;45
951;639;19
578;156;40
991;210;41
788;62;12
960;649;16
456;808;50
241;299;2
968;132;4
663;335;42
68;739;13
584;572;25
690;760;22
419;87;38
273;598;32
715;583;19
264;64;22
867;7;20
756;946;4
904;608;19
290;810;7
606;951;17
61;638;33
786;570;36
59;72;29
638;557;41
771;893;5
498;103;49
346;774;22
362;509;4
867;528;29
290;243;16
685;485;21
465;597;5
493;963;40
165;988;11
834;755;18
620;202;45
396;971;10
739;8;36
748;162;22
549;569;32
216;404;20
689;595;21
125;684;44
107;12;17
105;480;13
901;171;2
221;497;15
463;800;21
346;987;37
464;818;34
742;744;19
407;57;31
943;675;32
941;39;10
514;626;37
417;362;11
357;436;2
382;786;1
907;845;9
116;955;38
533;433;47
575;226;37
366;868;38
609;528;19
477;559;14
147;877;19
564;764;6
590;164;27
547;652;37
506;971;45
893;866;34
610;743;48
151;612;9
308;575;1
531;169;34
579;194;9
892;275;32
880;628;4
663;848;27
837;285;41
642;302;50
246;496;31
107;496;17
693;458;26
379;443;36
668;272;11
469;836;32
155;457;21
808;41;19
420;936;6
572;202;6
414;16;39
112;738;49
531;68;4
921;934;39
960;638;7
236;564;25
309;112;40
444;742;6
426;939;48
698;87;8
852;840;19
441;441;43
226;767;42
973;977;31
496;46;45
278;497;26
561;500;37
349;732;3
616;454;9
915;784;41
641;322;16
784;248;7
727;119;2
934;520;13
219;87;42
676;453;41
259;681;1
921;986;30
358;223;35
168;624;7
680;717;43
985;985;21
827;23;5
799;718;13
842;190;3
772;15;18
108;977;35
960;311;46
351;226;37
200;646;22
197;564;16
637;209;37
51;380;42
571;914;34
474;803;16
550;597;40
134;673;32
20;305;37
832;943;22
449;63;41
209;222;19
524;214;41
72;555;37
648;86;39
774;131;38
713;458;32
493;883;28
48;850;31
118;166;30
105;729;50
494;433;3
529;725;7
692;334;41
30;37;48
206;796;21
735;90;27
871;826;42
547;588;28
17;294;44
692;394;26
502;702;47
538;237;19
201;570;30
439;846;33
580;530;48
56;313;36
102;832;12
510;590;1
100;143;40
87;197;13
708;614;19
444;655;30
110;310;37
327;252;37
837;244;43
215;874;25
656;615;15
993;290;10
447;802;26
8;609;44
952;139;14
81;628;29
688;657;40
280;204;24
958;967;11
718;883;21
757;404;44
67;362;4
136;62;33
441;392;8
778;154;49
812;451;12
589;265;23
135;186;23
835;922;15
653;145;4
931;894;43
763;603;47
241;562;29
418;910;2
605;322;44
596;561;18
368;53;2
401;840;4
925;668;30
535;104;16
341;568;33
240;961;24
63;96;34
482;46;1
805;817;14
315;796;7
455;501;45
942;503;30
408;580;44
511;265;39
889;124;8
559;920;46
651;218;34
560;977;42
631;693;1
858;551;26
188;855;44
684;204;46
552;679;42
163;927;40
16;679;19
163;583;29
580;492;37
985;99;16
864;389;16
532;467;30
165;655;6
215;97;35
242;1;17
485;376;45
800;83;34
881;662;41
332;949;42
886;256;33
369;994;21
320;296;44
98;603;42
707;447;22
53;934;19
451;583;19
225;206;32
452;320;41
481;392;25
932;125;14
772;202;26
922;795;35
417;619;40
563;150;43
186;274;11
297;442;1
180;699;29
202;290;49
562;901;34
373;955;39
186;48;30
357;77;50
326;821;36
698;879;25
400;209;8
156;192;38
69;653;41
44;992;47
643;479;22
560;608;24
541;357;1
623;921;32
81;152;43
639;813;25
620;981;20
300;695;15
95;508;2
309;750;21
639;690;42
522;421;48
835;255;35
352;585;25
115;553;48
661;253;6
833;476;33
999;455;8
713;207;33
645;562;28
636;131;23
287;421;2
87;281;5
758;10;47
483;190;18
67;437;29
600;838;40
407;120;17
995;413;39
551;899;19
893;822;31
441;647;2
932;133;20
936;188;26
196;126;24
470;138;36
124;23;3
51;953;14
318;98;18
100;272;2
752;242;44
975;770;7
255;478;26
597;421;25
106;775;43
800;287;11
742;402;37
436;490;21
973;629;19
291;136;12
60;169;15
350;39;37
804;328;15
272;180;5
969;198;35
106;895;24
913;243;47
360;152;44
594;883;39
159;617;43
953;151;19
516;574;27
974;951;47
809;670;4
45;95;36
270;645;14
286;154;8
344;117;6
357;330;28
311;368;34
980;310;45
197;269;5
470;740;47
805;847;7
205;285;27
897;738;1
546;402;42
769;970;43
200;282;26
644;175;27
599;624;2
2;348;22
248;574;41
255;172;9
480;161;11
856;949;5
118;137;16
591;359;12
609;522;2
863;657;36
510;386;15
830;773;29
199;787;24
246;708;26
867;812;36
376;916;48
251;651;33
813;160;17
287;374;7
639;72;27
880;927;31
561;221;1
178;750;48
331;498;39
75;623;34
820;159;46
276;50;43
842;761;1
88;349;40
893;959;11
557;172;21
848;464;23
452;843;17
520;944;30
529;897;5
316;55;24
85;64;24
170;26;4
352;893;9
175;765;10
598;167;27
621;844;17
411;445;39
393;362;6
47;956;49
211;371;50
890;930;45
473;322;30
754;276;21
858;919;11
530;334;11
545;70;10
633;591;37
851;197;17
572;998;46
268;588;44
972;837;45
136;88;15
993;611;17
421;374;42
255;51;20
953;689;36
145;733;20
797;360;13
224;609;3
610;607;30
450;517;39
585;458;12
110;369;34
444;504;36
573;551;3
502;214;30
517;54;33
653;294;46
235;922;31
346;219;32
799;527;35
206;301;42
750;740;18
529;607;32
502;277;37
208;224;36
612;726;41
904;266;32
357;969;35
603;68;16
551;32;23
458;383;48
573;12;21
547;357;16
695;986;24
285;933;15
267;521;40
289;926;32
912;768;14
991;988;33
750;662;20
235;869;11
751;72;34
370;707;2
495;506;42
976;603;18
607;66;18
177;365;28
259;667;49
107;401;20
503;332;34
906;143;9
674;559;28
395;847;41
571;837;1
946;997;47
83;783;40
272;754;23
794;786;13
215;743;8
123;294;22
413;754;21
409;78;21
641;390;45
203;627;28
571;388;28
61;683;48
936;219;13
345;616;39
430;801;6
257;599;8
932;518;50
551;590;24
173;548;25
28;357;15
797;877;40
787;607;8
436;802;41
60;479;44
954;754;39
700;395;33
685;277;2
131;768;31
77;65;10
540;68;36
661;646;37
477;72;15
676;333;37
800;150;36
963;614;10
778;921;2
595;654;29
984;423;46
539;376;31
639;958;5
229;513;11
540;301;16
96;734;45
171;306;16
995;572;17
92;845;14
87;13;4
977;214;40
572;5;45
819;431;16
984;470;30
265;915;17
171;79;47
169;503;2
743;732;2
827;808;46
6;352;38
43;304;46
696;332;2
986;941;9
731;521;24
785;178;38
505;637;21
785;541;47
646;722;27
50;251;50
648;462;42
525;738;12
333;458;19
646;450;17
621;973;29
733;738;41
286;128;28
361;727;4
963;986;11
786;47;50
807;425;33
416;70;18
711;935;17
920;52;23
187;448;29
131;675;43
235;307;39
855;75;11
445;275;49
966;560;19
363;475;39
25;146;9
461;647;43
965;514;36
606;812;4
688;878;41
912;482;31
51;411;43
145;585;19
795;696;17
877;609;17
493;577;36
996;325;35
733;307;40
130;78;19
937;460;35
359;669;30
946;527;17
333;680;25
478;965;27
823;765;11
535;671;18
736;262;38
376;706;22
970;620;38
909;62;45
845;97;10
170;806;44
386;77;47
449;872;50
231;78;40
814;974;29
190;227;48
155;148;5
65;341;2
13;471;35
315;1;7
2;423;44
496;249;8
703;180;10
906;997;31
936;228;32
156;364;9
598;748;9
930;729;36
975;159;33
77;831;27
949;169;12
926;277;7
304;264;17
49;659;6
736;763;22
929;450;28
532;44;6
26;583;7
247;740;15
188;214;35
786;127;48
565;734;22
324;789;4
138;889;13
323;766;21
254;124;3
109;213;46
971;65;19
189;32;24
263;661;1
599;131;6
229;263;10
866;36;41
96;682;5
745;801;24
448;582;10
876;77;29
505;481;23
849;641;24
391;148;48
536;762;27
618;64;43
510;621;38
948;976;16
788;130;41
445;71;7
354;582;26
68;943;42
143;804;1
986;591;7
571;343;28
658;956;16
747;372;50
456;514;38
533;579;11
559;859;1
521;57;15
773;800;17
119;193;24
438;673;20
522;171;10
699;931;10
32;440;28
861;554;40
910;225;7
75;128;30
244;950;35
455;23;41
443;216;2
294;435;22
849;707;16
271;827;1
403;840;43
342;870;46
1000;675;37
614;339;2
842;560;21
300;238;36
9;769;31
917;47;27
730;105;47
963;90;23
550;936;44
126;864;8
454;496;9
2;521;25
898;620;8
308;366;29
816;700;15
576;839;33
991;981;40
107;725;48
311;664;35
945;275;41
187;932;37
249;798;2
321;450;22
501;536;34
86;350;39
771;549;32
232;553;14
888;823;30
146;790;8
517;187;19
796;813;6
596;693;8
574;240;40
129;800;21
541;863;23
851;6;41
471;121;24
576;102;41
11;641;35
937;286;26
533;363;47
837;726;12
733;616;2
847;439;7
855;644;10
342;400;35
826;333;9
419;948;38
499;742;30
574;532;50
888;491;26
572;634;34
717;394;44
389;614;4
535;563;9
562;134;21
706;30;2
233;651;10
192;315;8
530;295;32
657;671;10
341;830;19
15;548;17
768;824;6
86;56;50
863;422;16
690;514;12
430;226;41
803;257;11
224;463;35
453;206;30
481;901;5
12;691;11
987;210;20
180;615;49
83;57;47
687;976;38
288;532;24
309;175;48
275;253;35
381;320;2
666;215;40
24;250;35
265;674;17
953;598;16
772;392;40
60;816;18
215;885;26
859;458;27
243;765;16
782;907;22
994;288;48
641;753;5
300;145;11
360;179;43
631;797;3
226;279;33
341;95;13
444;870;48
712;414;39
231;437;7
257;415;10
589;70;18
574;795;3
407;830;31
789;25;5
833;522;50
513;945;40
30;83;22
951;37;41
844;902;39
435;884;11
667;247;21
149;788;48
404;574;6
388;257;23
883;813;14
547;526;20
876;181;11
759;50;32
543;470;35
862;232;22
815;356;16
754;903;35
446;480;10
254;616;34
892;117;24
219;253;5
903;449;39
920;911;18
289;151;11
214;679;9
399;121;7
304;931;2
821;708;6
732;198;21
202;246;5
541;967;26
958;397;16
54;789;48
528;817;38
558;185;32
803;158;19
832;29;16
351;38;41
690;950;16
407;93;3
313;34;25
936;314;8
997;5;40
379;534;30
534;449;24
776;150;3
583;679;39
223;419;21
943;759;19
509;360;19
422;615;27
37;134;37
554;775;13
434;777;8
522;290;11
762;840;11
989;943;40
655;577;43
369;565;45
923;875;25
511;543;12
977;320;32
776;847;11
399;371;18
830;368;14
779;238;1
714;426;7
254;811;45
748;725;36
462;83;36
381;554;16
158;11;12
75;769;17
539;89;35
127;457;12
382;80;31
785;957;44
836;373;36
800;94;33
746;923;3
997;60;23
193;550;47
208;906;1
801;570;28
712;125;49
429;948;46
793;789;23
22;173;48
87;796;33
596;514;3
631;906;34
321;105;50
804;173;2
736;503;26
707;421;48
98;368;20
461;542;28
368;791;43
798;165;22
610;17;20
45;808;38
204;1000;27
2;539;30
717;979;19
736;794;32
25;431;14
453;486;20
880;949;27
275;763;2
517;488;21
550;154;18
307;641;48
784;746;46
871;101;44
769;332;45
523;678;3
87;564;4
205;462;3
119;780;6
559;115;33
760;40;50
58;351;3
358;342;14
485;297;16
566;394;6
594;889;27
928;197;2
625;681;37
327;59;32
373;527;50
143;558;48
801;677;44
942;610;26
117;593;28
301;958;31
944;602;9
362;314;36
365;886;19
586;584;5
653;266;22
88;151;3
440;419;15
422;294;22
311;528;4
963;685;50
322;825;35
757;979;24
943;444;40
197;119;29
126;27;4
722;642;6
162;294;22
374;169;38
251;109;43
364;957;1
42;806;2
98;587;8
949;160;50
893;188;44
376;114;37
575;139;30
21;739;28
937;57;50
201;697;26
260;630;49
853;92;25
482;414;3
322;116;34
478;419;20
956;340;25
98;923;9
393;35;47
996;212;16
273;554;31
490;95;35
273;789;49
587;362;6
670;118;19
399;641;29
649;665;6
541;627;15
60;734;32
205;475;13
570;369;5
571;242;33
982;454;45
162;875;39
164;262;15
882;788;1
355;193;3
100;542;10
132;686;42
738;699;10
389;581;41
31;338;26
477;538;43
106;321;15
320;811;9
486;815;39
176;164;16
23;787;26
529;45;23
178;75;48
480;141;19
420;159;35
868;648;2
432;56;11
614;643;21
228;715;35
160;641;24
516;588;35
590;441;45
427;492;21
290;213;31
987;843;12
837;9;14
692;168;40
964;792;23
383;380;50
464;708;23
852;720;29
298;984;38
75;878;16
793;906;49
92;294;48
800;755;17
941;453;31
377;972;17
836;367;47
682;516;30
883;374;30
717;46;3
835;549;43
816;483;29
381;668;9
6;818;27
853;978;32
250;926;7
954;231;14
50;254;19
707;829;16
111;574;49
80;920;19
732;749;21
430;42;49
794;519;18
212;593;35
741;373;29
747;679;11
580;59;1
560;124;33
507;84;33
612;633;7
284;392;9
963;601;34
456;759;18
962;880;18
48;534;25
617;587;8
646;427;5
247;904;28
918;566;2
134;599;25
340;733;23
582;708;36
657;801;20
968;479;29
781;670;14
79;44;45
238;236;4
160;925;47
648;430;42
828;94;39
957;556;5
709;818;33
211;907;11
491;441;42
557;963;20
262;990;28
713;655;5
439;869;37
248;502;29
866;386;14
644;460;28
502;655;22
845;369;10
5;728;28
852;812;22
104;225;50
932;73;16
641;691;45
309;970;36
98;334;17
923;804;30
695;418;39
719;583;38
870;283;13
279;920;35
113;937;28
87;185;30
48;986;50
254;630;18
141;1000;40
4;343;24
158;857;17
345;194;20
792;428;40
748;794;42
196;40;43
247;562;36
37;891;14
126;416;8
922;456;22
340;719;30
448;250;37
401;763;3
860;647;8
352;868;12
876;218;40
650;49;44
606;832;29
20;233;41
317;553;32
316;327;5
856;129;2
358;11;35
411;308;33
872;799;22
212;53;24
61;739;38
972;50;4
516;243;11
75;792;11
480;401;25
205;604;13
384;357;13
758;433;24
648;108;44
21;920;2
452;477;4
975;153;20
422;904;48
830;389;25
438;494;32
699;819;2
535;828;42
296;311;35
680;22;12
474;629;4
19;5;5
148;676;37
415;312;8
870;652;23
908;908;34
490;911;26
631;319;11
406;772;3
932;447;31
311;369;17
778;657;5
645;276;8
711;224;47
479;535;33
40;726;43
675;865;5
895;464;35
107;918;46
657;284;28
431;178;16
230;742;39
536;675;16
390;785;35
22;498;1
821;49;1
748;647;43
550;780;21
283;482;17
3;159;8
605;399;42
596;296;3
244;741;18
825;169;17
624;649;14
351;350;14
694;118;12
402;156;14
891;714;44
850;974;49
638;340;8
567;13;10
271;252;25
35;402;17
909;942;38
112;265;46
822;605;11
191;303;32
213;498;48
526;712;30
908;186;19
778;185;18
701;8;47
518;52;2
205;146;7
582;66;28
398;117;3
312;243;50
108;462;35
26;558;29
920;26;12
436;869;35
100;405;15
882;566;9
990;210;42
621;291;25
445;510;45
141;600;46
986;571;30
279;574;1
316;71;36
858;759;42
468;633;1
399;170;49
245;701;2
526;335;21
221;523;25
307;302;3
678;994;13
358;887;28
427;524;4
740;531;47
169;439;9
397;120;25
540;618;42
497;319;35
112;83;29
659;278;10
723;327;48
946;789;14
797;49;22
222;254;20
311;90;19
151;733;43
269;580;1
508;546;32
605;16;32
726;446;13
287;793;26
461;1000;11
673;398;11
513;944;5
466;448;9
191;530;39
256;821;28
682;478;36
997;6;46
238;129;45
121;674;25
987;488;23
704;322;36
40;220;12
529;528;18
158;181;10
264;137;24
186;381;11
213;875;29
375;904;44
721;857;21
649;459;24
313;547;3
457;641;32
948;239;34
880;770;9
272;410;24
524;484;38
57;502;1
977;775;34
204;315;16
208;526;8
295;861;13
915;208;23
172;465;31
222;843;33
214;10;41
568;169;30
85;983;2
652;84;20
230;993;3
313;562;47
753;890;17
827;590;4
169;172;38
392;492;1
596;169;42
407;702;12
716;45;36
184;331;19
389;589;39
394;55;26
292;991;40
108;126;43
600;50;15
558;541;20
219;830;6
418;107;36
402;769;26
437;12;1
778;575;35
267;374;19
166;536;46
863;522;22
850;256;47
953;200;15
995;569;28
855;362;38
731;388;37
92;108;25
193;947;50
443;306;13
894;722;5
394;845;6
96;951;32
742;43;24
94;395;6
370;805;8
96;466;27
547;111;49
65;359;9
996;799;47
303;811;3
864;345;27
341;187;2
104;612;32
707;129;25
557;630;6
350;97;4
201;19;46
505;219;14
608;338;26
989;404;28
828;130;43
711;676;23
623;988;5
59;862;21
994;507;37
435;90;22
345;779;14
252;584;12
631;784;12
182;172;42
913;489;35
695;933;6
397;991;28
267;645;35
184;573;25
866;196;42
114;737;38
944;879;16
157;775;3
354;73;50
290;68;42
951;600;29
92;403;33
993;111;38
153;657;4
830;515;14
465;160;16
497;164;45
888;224;20
738;396;3
680;594;40
565;264;21
954;809;44
754;827;24
827;35;18
808;323;21
851;621;23
72;242;47
855;440;43
533;99;7
5;313;11
570;254;33
338;440;46
790;655;17
887;306;26
645;223;17
837;454;18
473;491;34
644;148;42
874;773;19
74;175;43
573;224;9
100;830;47
402;697;23
883;960;29
546;879;46
922;817;4
765;652;40
255;118;13
375;139;17
35;654;39
137;727;49
265;600;9
254;664;15
863;805;43
325;567;46
272;121;43
707;724;26
822;722;16
12;4;44
900;447;26
442;520;48
593;50;42
183;398;15
244;608;27
567;539;20
91;356;35
691;315;44
913;492;43
503;987;27
883;708;17
321;96;43
350;702;5
444;329;4
728;577;38
980;618;4
287;459;36
702;712;22
345;839;16
716;841;1
163;44;35
478;658;50
719;559;37
905;426;38
912;888;3
13;120;24
856;27;38
811;182;16
441;955;50
337;219;40
306;454;43
38;740;19
982;242;3
776;916;38
313;969;10
227;71;47
257;272;6
717;325;20
918;297;17
200;596;43
153;218;13
313;17;20
485;307;34
345;323;35
948;77;9
228;383;13
602;722;28
848;631;3
310;426;6
913;902;21
184;888;37
703;597;14
752;232;35
944;942;37
431;785;12
247;31;11
863;463;18
428;883;31
1;287;14
752;988;45
987;68;19
142;838;19
737;518;20
936;909;43
681;551;41
218;331;43
559;168;31
976;965;22
869;458;33
942;681;47
331;323;11
601;693;14
295;748;14
834;833;14
572;95;18
366;954;11
849;563;45
40;22;24
733;916;34
59;100;8
698;503;43
389;381;24
309;752;8
306;533;24
747;523;42
113;721;46
296;367;43
902;444;34
788;695;39
578;886;44
830;620;27
352;724;16
42;952;48
669;120;35
583;85;32
742;53;28
967;353;41
172;80;40
760;724;48
308;749;28
54;522;2
516;651;14
302;848;18
690;131;41
737;213;46
902;727;40
582;337;45
228;106;21
57;522;17
718;58;27
253;451;41
408;301;45
689;680;10
296;936;34
362;307;43
362;452;47
88;723;38
959;865;42
485;342;5
99;691;35
610;549;42
376;581;38
515;248;17
999;354;19
369;708;48
300;222;2
80;792;26
117;222;14
221;427;42
627;504;39
601;24;29
209;994;31
486;53;25
676;55;1
124;675;28
406;394;1
306;259;2
1;854;19
77;424;45
135;358;46
15;982;50
904;991;24
431;804;42
292;70;7
118;520;43
301;452;12
252;429;28
825;783;18
162;380;23
660;873;46
971;897;37
873;297;37
773;829;22
364;868;11
220;685;41
153;395;40
165;900;11
245;378;12
313;961;29
569;389;20
56;827;29
410;871;33
668;34;40
957;897;26
793;958;48
401;34;28
720;832;32
641;567;28
334;705;2
400;514;14
718;879;20
507;346;13
56;860;30
387;913;41
174;906;15
74;403;12
502;595;23
497;852;4
871;401;6
628;353;38
150;473;18
669;533;4
996;732;14
677;442;33
369;516;48
984;230;44
172;736;26
778;130;29
994;91;6
757;609;49
94;590;46
221;598;27
123;860;28
309;680;42
254;396;14
203;469;38
780;234;17
1;598;15
191;772;43
552;260;13
849;683;11
942;209;37
389;513;29
820;19;10
127;472;41
659;613;40
959;265;26
327;111;16
243;388;21
143;830;5
447;364;36
959;206;25
304;703;3
958;745;50
943;395;16
818;202;21
122;476;13
187;943;36
153;876;17
958;172;27
908;886;2
831;600;17
425;675;13
506;114;26
584;768;12
931;819;19
447;171;35
899;325;39
222;921;29
356;986;23
87;413;5
655;829;15
583;909;42
534;59;33
606;876;19
850;413;33
964;422;33
245;517;34
598;912;10
218;217;3
483;107;23
424;314;3
998;987;5
579;273;38
235;985;4
686;195;13
909;45;47
220;859;3
630;381;14
813;39;17
410;260;13
462;832;28
657;522;26
121;2;28
519;614;20
449;992;18
216;627;50
447;3;11
532;718;30
754;346;6
109;982;19
827;510;41
833;32;17
533;707;27
640;570;26
469;473;33
142;874;41
851;615;50
625;448;20
372;67;10
924;976;3
784;285;42
513;658;13
918;663;16
358;675;19
852;404;21
399;570;50
221;438;40
553;703;28
780;155;11
623;978;43
822;323;33
304;238;34
28;238;9
909;459;10
815;769;14
636;213;15
20;476;23
376;708;33
173;31;34
344;682;8
220;125;42
202;417;27
673;269;28
27;144;6
677;881;48
316;582;7
30;719;7
590;72;41
966;643;28
31;607;3
593;566;5
460;269;3
808;684;1
342;341;14
109;366;44
177;522;16
358;563;32
967;335;30
24;179;21
915;707;44
805;874;22
89;818;50
670;757;22
805;87;33
836;964;25
200;351;5
265;771;31
698;878;50
871;913;34
524;592;50
691;829;17
654;100;41
526;531;18
481;206;43
665;362;18
120;585;35
373;683;24
703;27;18
253;688;23
595;242;29
536;997;8
858;855;32
879;426;36
859;993;42
126;530;29
148;905;24
800;76;32
556;173;48
495;131;15
679;468;8
28;355;20
951;191;34
299;842;35
840;955;46
658;449;32
381;370;10
952;364;9
910;186;44
155;884;41
381;29;41
471;627;41
9;307;16
868;23;2
170;559;7
244;784;4
485;970;2
936;657;30
269;526;2
88;517;36
766;69;31
798;785;39
217;461;30
565;656;10
638;644;41
867;284;23
877;825;21
22;875;23
978;649;12
269;733;24
644;336;32
545;208;33
131;277;20
332;740;5
576;702;25
706;697;21
121;623;26
711;26;49
844;852;49
812;157;11
339;192;19
776;897;2
896;533;17
839;854;33
473;400;8
427;762;35
608;551;33
833;999;29
643;511;5
233;158;37
789;773;25
746;451;45
739;322;35
348;702;48
373;717;29
865;449;34
750;339;35
984;678;49
557;201;34
428;571;34
537;210;16
742;789;10
947;806;35
880;669;28
943;942;30
181;617;11
610;395;24
558;353;5
639;322;47
199;766;32
95;472;14
638;545;13
778;854;13
36;37;25
600;700;31
51;142;13
10;108;43
13;401;29
444;881;18
746;957;17
535;507;34
457;86;38
717;984;36
704;569;32
756;108;4
757;267;42
617;20;34
471;843;24
704;670;2
954;38;3
351;853;34
965;854;21
479;8;40
296;152;15
303;59;27
977;478;48
598;443;35
378;630;9
194;427;22
859;144;34
206;146;46
950;471;11
480;82;12
984;508;45
848;55;2
523;668;29
216;196;41
599;191;12
696;35;7
687;738;32
690;393;18
546;29;10
437;201;45
962;491;46
688;484;49
324;443;26
461;527;19
811;667;43
730;200;8
804;915;40
302;579;5
190;104;13
577;289;39
883;472;32
39;703;23
144;113;35
826;179;38
368;24;21
61;752;12
672;312;18
388;483;16
158;753;36
938;193;40
970;578;25
860;951;24
294;115;49
681;159;15
602;755;21
965;579;21
575;805;3
941;928;46
379;519;40
110;474;2
830;404;42
321;245;12
347;68;45
683;349;4
556;125;28
568;825;21
803;156;40
461;69;29
875;852;13
988;613;47
616;966;17
452;225;41
204;53;36
101;722;24
744;717;5
466;835;49
185;471;7
528;330;23
58;113;42
835;149;20
873;815;42
712;195;5
454;715;18
344;730;7
182;530;24
145;922;18
917;957;47
51;931;4
895;820;14
399;912;49
966;149;46
460;160;37
458;821;50
134;83;42
741;194;9
33;672;27
386;740;37
587;572;25
370;296;29
436;566;41
353;171;49
840;896;30
914;478;42
366;904;27
459;201;20
326;557;16
141;800;43
185;295;43
863;894;45
603;236;5
572;191;22
131;22;16
962;208;11
403;917;40
942;541;16
670;432;21
1;212;36
507;820;17
927;662;22
365;57;4
460;256;2
682;870;28
60;504;28
760;903;37
698;181;8
833;56;31
478;755;33
647;399;11
20;170;17
241;252;24
778;652;40
516;687;34
786;171;16
29;824;31
730;220;6
483;836;30
628;832;8
53;670;44
995;950;27
213;841;6
327;617;17
849;362;25
59;398;33
626;826;24
964;815;17
455;187;17
877;341;34
972;572;10
270;701;15
773;433;24
556;314;17
719;305;5
56;389;8
112;879;22
713;867;6
294;236;28
569;383;19
286;766;10
450;506;40
145;518;36
45;292;3
423;974;29
80;299;46
962;573;36
513;809;30
174;514;17
420;722;21
278;8;30
35;998;41
622;103;3
262;378;48
992;936;35
388;741;29
232;352;23
498;377;1
145;148;24
19;872;43
105;113;9
825;839;46
772;786;19
375;243;33
289;134;45
409;902;34
998;663;47
497;159;41
575;551;21
545;220;5
938;803;9
564;800;7
40;395;27
764;435;41
506;595;32
378;134;4
719;750;21
936;131;7
408;83;27
499;808;25
984;384;30
867;478;49
252;463;33
973;191;5
5;581;22
145;586;2
424;717;18
867;518;33
114;866;4
478;571;43
511;434;10
44;86;25
876;450;4
404;583;42
236;631;15
961;751;11
564;125;24
913;740;38
317;711;26
978;387;28
930;74;28
79;533;39
624;47;45
398;92;2
965;866;5
520;971;15
334;465;36
381;101;12
231;904;37
77;110;13
404;349;38
796;133;30
430;496;14
259;923;26
792;766;10
156;543;1
967;499;28
938;528;9
456;198;12
336;975;33
908;125;38
578;635;38
397;111;12
633;207;15
972;411;5
459;33;46
670;838;41
72;159;1
577;900;27
976;251;22
681;493;21
655;971;6
357;995;35
801;475;22
132;100;14
604;134;21
343;847;2
51;421;10
394;932;26
580;715;38
331;287;6
93;897;47
176;592;28
336;756;13
750;965;7
353;77;42
150;803;45
999;454;44
260;464;7
342;333;36
745;147;37
250;98;34
674;918;24
480;846;43
645;312;50
299;920;24
504;996;23
79;623;42
190;582;12
219;604;28
126;428;13
332;660;15
901;335;31
178;290;45
907;678;13
802;458;4
843;534;40
816;485;40
298;975;48
785;429;6
989;88;29
539;144;3
258;136;39
594;376;40
386;539;31
624;161;23
60;85;3
158;853;19
97;962;45
578;832;34
423;355;48
979;259;16
110;218;15
795;94;16
751;965;49
404;751;33
924;604;39
942;593;1
869;220;9
387;642;17
397;503;3
365;901;9
119;370;21
142;746;10
69;921;45
405;861;6
959;402;34
699;693;41
349;931;37
171;663;26
465;199;44
874;600;35
939;687;49
570;734;21
565;463;45
934;901;17
871;198;48
500;346;37
748;284;22
656;306;48
889;362;32
258;34;41
975;454;22
560;438;38
832;45;10
592;986;17
931;334;50
65;798;40
908;228;13
721;832;10
136;770;28
255;637;11
387;556;42
619;49;46
689;473;18
319;978;38
745;647;50
7;9;29
445;844;49
997;219;4
256;194;13
553;72;20
291;201;44
922;286;21
992;399;36
128;697;25
756;292;18
938;712;14
185;675;48
18;708;44
306;267;6
336;511;22
12;675;3
422;500;27
879;204;19
836;161;47
865;904;28
486;162;46
56;887;6
123;671;28
201;571;48
368;985;19
287;843;1
825;955;19
388;71;49
144;508;45
975;623;32
509;158;4
749;170;7
213;730;44
681;815;8
793;175;15
394;712;34
958;579;28
941;471;14
397;757;4
65;85;39
103;427;46
517;384;32
352;205;44
292;476;20
669;499;6
163;469;12
426;406;1
21;289;27
163;824;12
603;794;26
601;641;22
493;127;31
16;515;1
866;738;30
542;502;20
656;934;4
158;520;22
765;770;40
723;281;17
907;942;8
233;275;47
46;838;9
163;259;13
6;377;31
593;204;21
776;327;49
662;277;30
997;192;48
60;108;14
643;278;9
952;575;45
80;884;8
780;625;20
819;513;5
860;303;35
731;647;5
82;28;21
787;720;32
195;444;24
145;487;30
973;826;46
814;412;45
307;289;14
378;110;21
802;8;50
550;396;9
638;183;37
972;657;29
601;432;19
405;284;11
873;11;34
342;563;9
817;857;25
377;659;30
357;406;21
935;278;29
16;563;2
108;145;28
926;154;49
254;190;5
522;376;41
256;82;9
677;690;34
507;57;50
780;78;33
290;91;6
644;546;26
332;87;23
724;506;1
669;991;45
662;990;24
794;866;49
112;528;31
550;917;39
24;366;31
146;426;20
481;117;3
752;633;25
160;950;20
609;808;27
420;590;50
781;892;1
776;844;30
103;668;27
132;770;35
228;218;27
279;833;43
60;134;24
678;962;11
19;120;49
845;914;43
720;350;5
281;514;26
49;759;12
314;104;45
662;824;27
217;288;12
621;720;12
922;780;26
401;88;33
144;449;1
477;149;40
902;94;29
454;349;2
32;148;47
902;33;40
330;116;6
706;213;2
441;7;47
131;493;19
335;751;32
427;718;29
842;62;30
392;79;35
100;936;11
467;516;40
23;618;42
109;159;8
614;242;48
178;908;3
983;119;29
399;840;6
65;808;22
841;84;46
743;758;46
745;937;20
587;197;14
368;569;23
954;479;29
842;374;46
614;190;21
49;510;40
480;312;41
913;866;1
625;686;8
665;139;31
122;517;47
862;342;35
398;509;27
52;689;26
563;204;37
374;758;37
711;544;25
833;900;29
682;744;23
41;380;29
997;904;47
933;230;35
134;726;24
948;83;19
276;941;29
798;147;49
141;342;15
372;257;40
99;500;45
247;504;31
77;28;26
425;506;39
520;403;38
605;534;40
316;985;13
394;223;41
89;661;28
459;44;40
802;786;12
658;140;7
957;135;2
359;73;15
190;84;29
719;288;33
162;261;26
872;751;24
525;761;9
763;31;24
384;969;7
515;851;3
959;635;12
402;724;13
395;362;22
410;193;32
291;995;11
247;58;5
14;661;3
137;629;10
434;373;21
906;784;18
275;643;2
726;485;44
257;723;45
99;628;9
352;767;10
371;699;30
503;572;5
900;672;25
628;834;32
643;871;2
710;24;17
734;946;37
576;748;21
213;618;25
558;666;28
594;607;32
137;633;7
761;941;2
373;234;10
410;734;50
74;286;6
413;416;31
378;373;31
219;227;13
807;824;16
187;447;34
785;738;3
10;417;31
956;863;39
691;808;11
728;314;42
33;610;1
813;516;2
111;664;4
767;20;37
988;123;5
15;124;33
248;172;33
423;356;6
724;768;43
860;471;48
940;67;34
793;703;49
919;662;7
461;898;6
825;313;18
950;132;21
411;631;9
448;294;7
194;559;43
790;273;15
301;728;26
89;563;7
11;647;35
185;353;22
978;269;31
974;884;37
772;461;38
99;78;34
889;846;45
11;328;6
679;775;35
741;56;17
235;746;17
221;363;49
111;845;5
910;690;41
264;818;16
234;399;8
943;764;23
824;867;35
544;488;23
365;994;20
314;357;29
462;329;33
939;454;7
200;173;12
541;899;2
42;981;2
909;83;5
659;46;6
439;890;34
133;404;26
953;783;21
762;187;11
593;884;24
423;539;29
425;735;49
484;532;1
264;574;19
326;133;20
360;260;42
30;4;20
891;847;27
476;188;21
932;509;29
174;604;36
497;817;6
720;112;39
868;701;18
660;308;26
427;536;11
782;16;16
434;647;31
875;382;20
34;720;12
49;867;31
700;45;14
510;633;30
607;92;30
494;450;7
925;279;28
654;687;49
53;722;26
661;869;45
955;880;17
1000;612;44
403;938;4
496;656;11
757;493;5
156;771;40
739;278;42
918;217;43
667;942;3
561;231;44
697;756;22
744;545;38
954;775;45
485;859;3
57;39;44
993;387;31
35;343;19
433;278;32
706;524;35
573;180;39
454;727;48
817;583;12
544;712;40
64;185;19
672;638;34
586;601;49
169;688;26
271;54;6
614;697;38
765;611;16
167;385;17
299;145;23
542;944;33
560;711;5
269;511;31
144;211;21
457;962;18
708;709;33
857;17;41
166;24;8
119;138;26
57;420;26
78;258;11
839;251;50
279;171;19
942;628;29
356;923;45
278;199;4
168;206;46
902;146;49
558;732;37
65;117;25
753;788;27
45;601;2
111;410;24
668;630;33
218;199;38
1000;946;36
400;395;48
255;78;7
78;506;23
99;648;6
449;885;11
818;589;48
790;841;34
468;291;37
67;349;15
195;697;13
730;667;45
558;543;13
983;108;8
586;492;33
950;35;18
345;295;5
438;684;36
868;183;36
215;381;44
365;172;19
325;473;12
843;569;38
138;461;37
453;716;34
844;659;15
734;759;37
239;203;34
737;849;20
555;433;26
44;672;32
959;859;25
189;839;24
848;936;28
747;853;16
223;128;3
877;289;42
928;361;13
199;763;22
319;232;27
170;314;33
241;161;18
341;957;46
12;987;44
255;411;15
585;290;32
143;114;50
654;148;23
149;126;1
389;671;15
538;32;41
720;666;16
125;229;9
441;534;34
331;931;20
690;584;13
468;559;48
912;23;42
904;173;13
404;920;40
953;65;22
216;337;14
786;18;13
17;405;38
947;582;42
661;12;42
423;447;36
381;623;27
263;91;48
247;65;44
469;776;6
21;978;25
285;280;29
514;638;17
379;508;43
722;895;50
170;687;26
145;751;26
673;470;19
706;211;18
465;515;26
367;887;13
903;682;43
979;734;5
179;109;27
843;381;37
562;402;11
277;947;14
607;456;38
862;618;27
259;659;43
139;854;17
955;559;32
299;398;29
130;207;12
885;123;7
296;440;14
211;811;3
415;273;20
278;818;49
261;584;16
419;954;37
665;352;23
357;97;17
922;275;31
844;162;39
951;81;26
673;666;46
573;189;26
894;80;47
499;900;25
574;811;41
154;890;27
992;768;46
494;130;49
311;12;23
620;503;23
391;106;28
22;905;33
128;106;3
624;835;15
194;305;9
579;413;6
465;697;32
577;310;14
400;933;40
273;277;5
952;952;43
224;444;19
126;209;8
504;622;32
523;150;45
106;301;10
911;215;7
382;38;23
561;939;48
193;911;28
702;824;5
493;265;42
506;299;7
913;391;30
249;872;45
718;256;50
627;905;1
964;774;5
939;531;40
910;848;48
793;23;5
258;937;36
432;654;36
725;329;49
485;371;25
32;431;6
156;681;21
65;22;49
321;690;12
114;121;50
106;838;31
925;944;2
629;764;25
906;817;27
132;362;42
875;831;15
611;255;2
48;876;8
281;560;2
183;490;40
383;202;3
918;434;30
860;22;23
113;479;7
566;69;9
312;570;47
513;966;13
575;822;40
48;826;41
519;244;34
505;442;48
565;999;22
537;113;31
272;927;18
726;28;46
354;412;14
97;309;5
140;618;15
971;360;41
161;337;47
437;271;35
181;974;8
754;399;27
568;151;4
909;829;23
226;240;23
480;154;44
888;728;2
468;937;10
617;53;1
998;769;38
178;772;3
711;24;33
496;551;9
653;822;7
274;321;8
77;101;23
367;557;29
692;610;30
179;521;7
390;137;6
492;663;45
14;18;13
520;341;33
622;386;33
275;647;42
396;622;48
826;143;31
825;997;5
978;796;47
602;568;12
594;549;3
193;969;7
765;960;28
933;932;47
405;753;35
739;490;43
716;10;7
825;50;46
111;981;42
449;127;30
510;759;19
896;628;28
278;795;9
593;41;11
153;10;31
158;429;17
796;458;1
347;80;4
536;690;24
353;895;6
16;85;18
943;595;15
169;99;26
605;872;44
58;573;6
318;36;15
593;718;24
941;530;46
497;462;31
160;718;39
718;948;38
667;567;1
787;37;15
751;140;28
238;146;5
16;914;35
796;920;8
954;195;46
137;92;38
620;163;34
918;517;34
684;517;38
339;39;45
679;717;19
200;585;33
86;958;27
849;414;36
458;279;20
307;955;26
642;639;49
225;275;5
25;638;29
338;972;29
328;476;5
58;999;2
240;444;29
978;629;7
438;990;32
406;194;42
355;749;3
154;109;38
819;120;40
963;825;4
830;770;43
909;149;23
343;253;11
833;594;41
894;934;25
378;451;42
466;463;48
86;247;39
18;637;11
182;735;34
854;891;3
396;916;43
186;668;27
912;102;35
691;336;25
67;29;41
57;212;31
898;176;10
966;200;7
187;800;50
778;472;4
712;480;44
22;485;33
617;435;29
245;781;36
233;904;38
29;973;19
490;555;30
693;568;12
675;926;44
886;385;2
54;978;45
720;675;42
892;527;14
976;248;19
899;443;48
721;833;33
563;958;44
230;97;31
810;956;8
614;520;50
270;650;35
161;710;49
951;240;34
545;206;46
85;730;18
676;492;12
889;455;50
957;268;36
356;301;22
338;975;26
953;947;36
351;975;40
47;362;24
255;683;37
70;449;20
631;877;37
902;9;5
642;38;37
326;10;30
905;355;5
944;620;17
59;370;15
569;35;37
108;189;16
44;670;20
830;535;46
888;232;5
199;63;34
427;23;20
427;654;17
915;49;47
707;320;40
434;665;45
104;848;30
231;175;5
74;254;19
964;489;19
540;438;16
669;527;23
633;379;28
597;941;40
858;226;11
855;113;29
773;495;33
705;519;4
856;114;45
37;276;10
839;327;41
972;868;30
498;38;10
774;657;8
285;227;21
651;988;50
686;304;4
138;713;32
896;45;18
505;254;38
358;96;42
187;829;2
307;876;11
220;503;47
53;514;5
531;386;8
54;992;21
78;999;29
671;880;3
520;101;27
528;719;21
264;329;47
881;553;23
772;218;43
362;830;1
744;965;28
417;300;33
874;916;35
278;468;50
77;115;20
323;878;13
754;465;33
684;744;34
440;510;32
744;463;37
157;533;27
772;66;20
379;90;26
908;948;20
75;504;6
205;654;2
406;108;3
707;606;45
241;445;39
281;60;21
788;725;26
936;945;34
432;961;48
963;620;30
525;258;13
627;759;5
528;902;34
671;791;27
717;716;20
766;227;46
11;947;5
620;721;23
107;919;1
331;473;19
157;473;17
680;186;9
668;697;17
388;579;49
769;523;35
912;403;48
374;473;25
464;383;29
503;553;49
810;861;49
225;297;28
87;925;14
362;210;9
746;437;50
848;994;15
217;174;25
133;430;49
85;811;29
638;427;26
48;486;17
196;533;38
638;162;3
804;981;32
583;195;44
456;206;48
571;665;38
232;966;15
230;942;47
228;478;45
426;583;42
1000;296;21
133;246;45
389;660;13
542;661;45
524;118;35
905;604;25
246;230;3
560;581;29
490;939;6
839;794;49
57;851;22
163;376;3
275;446;39
155;414;35
945;102;31
753;445;20
827;422;32
461;635;4
572;826;17
76;661;13
87;141;16
33;663;12
445;271;17
266;979;44
271;541;34
992;295;31
735;137;35
760;953;8
308;596;30
310;894;4
709;464;8
417;509;21
20;205;47
106;878;2
54;457;3
820;297;45
280;205;25
629;990;32
366;311;8
391;305;11
487;695;21
144;98;30
943;46;49
76;832;28
980;637;30
230;626;17
158;741;5
551;531;41
627;314;2
594;921;29
337;527;39
624;615;8
873;761;38
30;662;26
294;477;1
468;405;49
194;612;27
625;543;31
334;538;42
770;115;36
125;226;43
379;409;35
952;460;12
861;950;14
162;457;25
54;325;43
195;691;4
126;251;17
132;235;25
444;637;22
387;897;50
714;20;23
658;657;29
512;245;48
804;574;50
559;695;33
24;321;6
859;774;18
699;437;40
919;683;6
275;60;13
365;580;19
833;615;19
231;395;47
442;401;16
605;639;30
930;211;34
615;132;37
697;48;31
214;519;38
804;879;24
182;386;7
535;340;39
367;49;12
587;463;17
217;87;42
280;600;13
334;991;36
72;344;19
176;301;20
77;860;38
481;773;16
285;850;12
71;581;42
978;342;14
300;766;27
506;706;18
404;447;49
822;990;23
126;185;42
686;144;9
593;71;27
137;665;43
751;711;13
652;662;34
990;401;9
432;344;36
895;555;9
328;219;12
735;971;18
580;132;43
186;178;3
583;508;45
671;357;38
407;604;28
521;692;17
882;643;34
904;958;18
821;305;6
610;67;4
734;4;43
22;244;17
330;698;22
679;674;8
700;70;46
338;87;6
419;338;32
580;44;28
392;662;33
746;242;32
394;501;6
273;470;9
112;294;2
175;904;12
107;882;42
488;971;10
403;524;8
991;567;45
741;419;34
592;396;7
27;415;50
657;275;13
382;57;15
767;473;15
561;820;33
216;322;44
839;932;16
933;247;40
179;383;15
647;727;44
808;870;34
741;207;27
389;116;37
43;838;35
377;71;28
302;160;24
410;756;24
591;875;19
718;364;9
496;802;1
453;205;45
793;999;23
461;112;10
482;447;9
440;890;25
266;465;20
533;710;22
744;482;47
35;541;10
398;214;8
209;303;22
235;555;33
35;635;34
489;523;10
589;910;31
256;806;7
942;382;22
507;685;14
45;533;48
482;814;6
561;488;14
634;554;32
948;50;26
656;538;33
920;15;31
763;17;15
980;640;20
931;306;39
281;438;31
879;16;12
259;765;4
341;253;35
410;146;29
665;588;29
628;857;32
779;136;50
45;727;25
686;766;39
777;863;2
223;554;50
485;887;5
160;82;44
757;810;3
421;980;15
377;983;35
784;116;19
96;550;28
480;134;4
854;647;27
15;781;36
484;330;6
632;405;9
593;955;14
616;578;45
60;262;32
899;288;42
946;914;28
356;180;25
259;965;32
85;353;27
485;779;32
723;778;3
490;625;6
420;128;11
123;487;40
131;579;15
842;263;50
261;931;34
734;359;26
631;448;15
850;230;39
165;305;23
97;195;12
679;494;15
338;497;28
237;326;17
871;556;50
647;642;33
717;149;34
158;72;30
946;182;2
102;206;30
317;504;29
204;119;23
429;798;36
357;409;12
368;152;40
946;300;23
476;572;41
576;355;20
929;900;16
610;215;21
495;926;34
229;438;9
184;850;31
783;516;37
47;801;25
687;329;37
98;501;22
529;543;5
295;676;31
687;991;44
133;162;11
717;940;48
636;123;34
743;221;40
59;535;49
406;628;25
896;524;28
355;128;35
752;183;9
628;936;1
873;746;2
262;821;44
150;205;42
240;113;44
647;100;22
525;899;12
517;836;38
225;184;22
698;377;43
467;668;34
752;384;49
335;320;48
761;409;5
762;596;11
201;883;25
890;781;50
9;348;48
607;88;11
804;162;47
901;162;25
935;919;20
286;206;18
322;701;33
513;403;31
204;794;29
124;976;8
605;802;43
385;725;21
503;347;33
260;728;7
736;858;40
444;893;24
9;846;45
234;341;1
593;695;22
605;285;21
70;270;22
172;577;6
257;397;21
153;857;7
517;574;28
255;567;40
164;670;48
532;870;12
755;915;26
557;555;30
752;382;38
269;22;39
69;611;9
218;277;14
276;309;16
237;37;7
266;61;38
386;882;7
892;560;9
674;882;15
857;737;39
342;493;19
430;266;29
576;894;3
957;356;41
205;107;33
353;820;1
637;749;31
125;171;8
562;852;39
111;465;47
464;17;47
384;786;41
880;52;48
276;443;8
134;687;42
349;72;46
815;273;9
383;779;33
298;394;10
224;715;45
513;943;17
990;993;5
239;852;9
920;139;16
894;79;2
55;321;9
660;452;42
501;156;41
784;301;4
634;694;11
205;801;5
318;917;34
237;352;21
258;527;24
721;317;13
1000;999;6
671;205;29
11;402;35
732;413;38
467;795;8
441;692;8
550;225;37
434;517;26
622;844;22
776;659;10
591;63;35
782;594;18
402;533;11
211;393;13
848;799;19
517;352;6
388;592;15
944;442;38
191;130;20
67;162;3
908;723;27
837;545;44
364;139;10
753;88;23
114;232;7
273;748;37
13;873;37
552;131;16
503;632;48
837;464;27
347;96;44
854;804;50
889;236;8
242;661;18
142;204;7
940;3;13
432;626;47
399;748;15
883;667;6
432;757;9
557;992;15
711;988;39
198;343;16
620;269;25
290;206;1
134;740;30
675;989;28
764;547;31
820;245;46
671;490;1
200;301;40
805;651;16
412;751;23
859;794;24
645;381;23
647;45;24
837;995;6
559;257;3
972;52;37
905;59;44
600;71;10
186;369;23
195;929;20
548;32;24
555;89;9
66;551;50
846;630;39
207;163;10
768;459;6
707;136;34
699;493;18
718;355;42
736;281;24
691;906;45
742;317;2
454;430;23
535;106;13
301;717;11
988;817;8
704;410;3
443;64;39
960;914;28
547;749;44
496;261;30
702;748;25
427;123;44
191;557;45
187;928;50
692;770;14
104;394;29
264;956;32
362;462;11
829;709;29
746;286;20
351;23;4
895;459;5
219;232;28
484;359;24
472;692;14
202;673;24
558;418;44
639;507;9
698;610;36
510;29;3
324;5;15
808;168;40
978;566;27
278;759;10
463;522;33
956;457;12
590;63;4
855;998;37
262;347;20
857;757;20
526;494;31
482;522;11
509;893;37
554;75;18
317;598;32
296;132;26
704;993;13
638;498;17
143;909;47
473;728;47
282;567;7
894;124;16
451;252;15
225;900;46
780;183;9
18;914;14
847;497;48
457;921;25
704;204;27
944;577;46
419;798;45
839;270;17
309;830;47
480;900;43
870;589;10
690;205;18
709;748;26
214;67;21
334;235;28
629;501;38
193;403;9
804;625;50
964;886;26
557;335;14
429;415;29
844;612;38
141;196;9
130;453;15
919;996;43
823;876;14
459;258;16
760;485;45
587;808;48
493;798;33
282;854;46
144;716;2
627;736;32
530;690;29
840;425;32
976;942;41
242;565;48
665;96;48
420;77;35
186;306;41
382;962;43
960;401;3
423;711;7
836;339;18
516;563;11
144;632;12
824;121;3
556;618;6
215;229;49
743;89;20
458;575;24
295;880;10
290;405;34
580;242;43
929;876;30
654;896;27
981;215;40
454;246;21
75;584;31
884;777;3
445;29;17
433;873;12
498;944;7
600;409;32
35;896;4
983;564;5
997;730;18
274;573;4
902;423;5
447;721;2
535;619;14
245;478;20
483;587;25
717;234;2
440;896;13
457;775;1
362;220;40
925;84;3
464;710;6
979;306;44
628;467;28
333;265;46
435;710;42
274;488;49
512;731;37
791;266;17
406;328;17
351;503;5
654;757;50
328;427;5
744;850;35
865;919;47
874;761;46
191;976;6
829;974;43
508;478;7
873;595;36
893;117;29
148;934;28
237;226;14
457;825;7
734;362;40
113;885;14
244;245;9
833;462;39
42;125;43
261;667;18
765;291;14
10;842;2
43;10;1
249;188;31
91;239;47
741;490;35
58;861;43
899;14;49
179;876;26
212;38;48
184;680;40
408;909;20
122;801;44
620;860;20
895;215;31
480;749;50
755;84;28
223;792;12
19;887;45
544;524;17
880;23;23
712;493;16
872;847;42
560;954;7
700;369;44
543;940;26
801;775;27
109;301;3
433;371;40
108;487;46
467;189;47
594;477;18
524;316;43
247;378;11
964;798;20
497;905;10
754;695;49
958;870;39
979;281;9
246;860;17
342;168;18
464;713;50
468;135;18
67;808;14
314;143;4
630;703;38
816;397;44
814;877;38
374;748;6
872;407;18
840;236;12
742;438;21
153;217;11
781;146;36
669;535;26
414;665;47
202;333;5
788;190;15
149;491;26
617;297;14
915;925;11
919;954;8
644;86;47
916;586;16
858;934;24
647;559;4
500;957;14
554;280;41
124;909;27
778;266;38
82;17;3
889;396;27
671;576;8
553;705;31
543;851;29
530;540;17
771;735;46
750;113;46
880;299;36
646;806;18
30;107;13
362;553;34
731;33;25
205;129;7
18;863;8
27;382;45
950;274;30
297;376;2
820;531;37
844;130;29
502;787;7
663;508;44
915;918;7
327;491;39
737;748;34
502;573;49
314;780;1
413;877;40
656;123;39
729;453;34
931;94;40
830;356;22
749;225;8
47;257;21
802;392;12
379;673;41
725;825;23
618;245;6
890;908;5
80;871;19
946;468;4
757;451;6
823;636;50
327;114;33
568;354;25
839;40;3
752;293;26
135;453;5
769;882;15
789;435;35
407;887;40
595;45;30
575;147;3
628;410;27
295;354;45
7;734;35
926;266;3
956;883;26
10;467;45
957;697;33
860;707;31
921;52;15
646;229;9
293;287;29
223;813;6
660;392;10
451;115;24
610;862;2
545;397;3
311;423;43
578;10;48
929;14;14
962;540;41
30;465;49
524;44;1
324;519;21
794;676;42
849;631;41
990;479;17
77;746;33
993;53;44
590;53;47
429;789;4
270;714;11
677;709;37
932;888;6
971;917;18
212;750;48
72;638;50
851;240;20
269;192;49
747;198;19
220;658;21
232;290;42
982;622;36
412;246;48
676;249;32
580;469;42
397;63;10
939;363;16
880;354;21
821;63;36
168;669;19
92;88;25
60;7;20
861;627;9
283;367;46
350;804;37
358;594;41
335;818;8
168;946;4
192;515;10
658;878;42
33;491;31
995;257;39
855;478;32
740;456;39
451;984;46
265;476;37
977;265;4
842;683;30
806;743;10
214;741;10
347;160;21
627;675;5
384;417;29
889;837;12
342;543;15
800;529;27
236;579;16
94;942;33
968;580;37
301;565;19
959;615;49
103;146;8
486;538;10
724;345;18
518;190;13
606;329;48
135;363;19
879;89;13
260;413;25
3;953;3
396;330;28
824;288;6
728;993;36
349;814;2
291;940;25
295;838;23
908;128;41
960;170;24
475;266;47
296;989;41
609;893;19
931;518;22
81;764;36
182;947;49
958;439;34
531;743;22
144;276;16
583;977;40
519;399;42
128;372;15
430;494;50
758;737;31
515;661;7
115;468;16
699;968;35
279;158;19
630;182;19
43;678;13
13;51;15
522;101;2
614;300;14
170;552;8
806;36;3
520;161;18
10;786;20
31;449;31
206;856;25
51;35;19
68;298;14
489;259;44
853;596;16
46;440;37
552;589;19
686;913;7
17;990;26
520;469;15
141;607;12
151;223;26
757;226;19
150;741;24
665;237;44
201;967;44
217;588;50
644;539;47
443;364;6
713;879;41
598;478;29
855;626;20
496;774;48
860;433;35
202;365;47
211;481;44
991;259;49
545;900;11
250;542;19
540;459;33
856;3;32
621;518;25
781;255;9
948;828;3
127;556;47
434;19;38
36;636;32
464;840;26
160;61;8
836;792;29
559;88;38
943;758;1
755;229;16
641;769;47
178;278;32
63;529;20
671;832;9
251;353;5
686;58;34
630;70;42
827;783;5
28;736;11
228;303;15
738;25;16
8;243;31
182;575;34
444;991;12
790;257;42
148;599;34
941;976;2
603;754;43
170;100;50
152;271;42
203;977;10
210;668;22
349;629;44
257;273;34
455;231;48
354;753;28
892;766;37
273;696;16
431;841;6
668;329;23
682;669;30
822;681;40
562;874;23
472;97;45
388;693;28
267;871;8
999;37;42
574;343;42
321;461;33
681;826;40
800;161;35
371;143;16
43;897;7
181;476;5
981;485;14
286;274;7
200;307;46
586;96;43
957;5;41
869;503;8
189;268;27
244;725;34
131;20;44
235;369;36
533;429;34
923;938;46
447;431;15
897;215;13
536;639;28
369;157;9
325;234;16
782;275;44
463;604;37
241;740;39
66;195;15
420;514;19
340;591;46
429;45;1
522;264;22
73;1;13
927;615;24
75;953;25
750;135;19
206;528;23
628;116;7
77;996;6
131;193;7
360;200;3
385;363;13
618;352;10
94;675;11
289;512;34
611;532;27
662;520;28
570;682;11
234;124;3
129;149;7
594;281;45
707;953;30
168;186;6
352;546;23
405;857;16
599;71;48
926;764;27
334;653;29
950;773;20
463;878;39
755;300;36
285;135;9
9;960;22
578;345;27
675;970;10
231;74;17
948;156;50
159;872;20
471;767;36
730;450;37
440;330;21
207;614;23
353;163;9
628;845;35
415;544;21
682;818;44
31;723;35
243;644;44
285;946;21
781;780;43
831;651;10
33;894;31
250;219;38
265;932;23
586;869;31
955;674;5
484;202;31
699;699;36
698;456;17
433;179;8
525;578;40
654;966;39
23;224;38
850;144;17
790;466;28
407;731;5
751;159;45
611;550;1
259;227;23
912;974;25
448;947;25
250;89;19
816;1000;41
197;751;13
33;378;12
671;47;19
564;235;9
603;310;27
961;558;22
326;553;28
993;18;41
884;965;15
315;367;10
318;682;6
773;664;33
326;833;44
875;784;11
755;383;36
384;647;2
873;316;25
128;858;23
223;987;40
691;891;16
464;897;36
255;869;22
103;861;24
441;633;31
223;53;1
866;207;49
442;55;41
844;822;3
940;615;43
794;708;22
84;404;10
639;172;20
657;572;21
439;595;17
895;966;19
364;526;22
870;401;24
938;953;20
923;42;12
90;636;21
43;182;32
300;871;26
140;274;38
20;874;39
891;324;29
134;464;17
673;871;24
310;443;50
13;774;40
613;136;48
123;227;26
861;282;27
769;746;12
590;258;38
590;858;26
745;204;20
361;27;18
106;156;49
664;243;5
686;812;33
446;990;48
145;615;15
360;59;22
593;268;46
666;804;38
86;664;46
804;439;26
201;784;28
307;675;36
198;458;40
515;846;10
770;826;23
425;315;15
355;356;22
395;901;35
589;234;3
977;793;9
913;67;10
328;914;35
571;356;2
12;456;7
135;237;34
403;855;42
546;317;34
88;563;38
129;403;6
610;696;50
375;164;24
538;184;45
474;113;48
986;575;8
226;865;6
214;712;2
295;548;26
206;180;44
48;117;16
45;74;3
390;56;42
906;650;42
570;686;44
776;214;37
429;876;28
385;419;7
875;933;10
61;541;5
110;11;2
495;158;43
351;142;15
310;582;18
664;425;6
964;319;40
911;603;1
866;868;43
728;400;10
622;548;42
74;566;38
186;804;26
366;421;26
89;175;34
982;433;15
705;603;34
780;186;12
30;254;11
861;124;43
64;556;20
777;930;25
245;408;3
987;802;31
564;960;50
435;243;23
849;259;21
276;336;1
677;959;22
194;285;47
279;880;5
307;315;6
397;532;16
657;597;42
274;943;8
533;845;2
906;188;7
400;285;45
527;70;47
293;388;11
306;7;10
116;747;2
80;828;17
737;24;10
761;552;38
616;363;38
718;732;7
522;407;9
801;136;14
20;155;24
880;229;24
161;399;20
182;648;32
539;66;45
563;246;35
158;63;15
515;323;21
234;350;5
509;438;29
587;833;28
134;722;9
195;639;10
234;961;17
798;761;29
588;833;2
1;76;45
730;253;47
500;619;47
746;663;17
54;722;27
29;236;40
56;268;8
40;356;10
329;699;8
981;853;38
91;936;43
435;388;7
186;994;38
455;259;23
303;131;1
862;97;30
983;496;14
716;246;36
629;158;48
509;957;1
432;178;33
82;280;50
93;96;4
231;69;37
406;787;37
858;983;13
283;175;40
951;722;40
187;329;33
150;32;49
479;65;8
79;977;44
386;230;41
506;749;20
942;940;7
160;27;26
615;124;15
28;845;9
917;502;20
785;751;42
88;300;17
305;1;1
941;793;27
42;180;1
370;661;27
717;639;45
968;503;40
797;60;9
560;93;2
583;167;28
930;135;25
377;754;33
526;286;18
791;434;9
715;233;8
140;524;44
980;191;38
37;834;10
689;348;38
28;92;21
710;292;46
327;396;40
939;129;33
391;117;38
30;409;36
129;411;13
697;892;24
813;304;46
166;964;41
128;606;9
592;29;32
55;306;3
809;582;46
970;441;13
195;724;34
963;432;34
343;989;9
882;273;14
873;908;19
348;309;14
12;34;17
806;891;42
86;474;24
240;625;20
853;585;48
310;207;45
909;595;42
736;614;50
696;275;15
384;580;1
496;540;24
47;719;50
544;79;50
727;108;48
318;524;24
109;950;31
746;463;29
1;572;8
473;853;13
429;41;2
976;814;2
693;280;34
242;561;6
458;617;36
607;414;25
718;121;41
354;799;5
49;376;36
743;608;50
937;428;32
703;205;20
711;598;9
182;468;42
980;697;23
352;704;33
594;919;21
881;144;19
40;212;41
446;47;34
549;36;50
849;566;3
405;84;8
681;294;26
92;747;10
622;957;47
348;574;28
443;991;15
335;629;15
339;425;1
320;845;1
908;883;10
796;51;10
237;6;4
263;224;7
449;503;8
108;933;28
185;767;26
318;928;43
755;611;24
775;344;43
169;524;37
297;668;5
346;884;14
764;170;26
163;594;49
960;747;15
43;945;42
168;645;22
391;364;42
901;742;19
396;387;21
687;597;22
99;15;30
938;936;46
129;94;15
400;286;49
692;387;5
721;323;17
499;229;32
26;446;38
475;933;18
28;944;5
950;138;37
804;259;16
890;465;7
444;866;37
548;875;3
514;234;30
98;524;25
925;488;48
850;106;41
875;252;27
666;991;30
438;798;7
670;835;36
951;799;47
702;158;45
790;654;45
139;353;47
694;38;16
954;665;13
619;216;45
490;803;46
811;92;28
786;850;7
453;691;49
118;759;17
951;891;39
487;397;9
409;599;34
354;114;13
937;173;24
8;925;8
520;618;49
610;878;22
875;620;24
619;402;15
958;219;46
109;482;28
968;300;29
286;408;41
799;702;40
659;625;35
400;922;20
702;34;12
899;972;9
552;121;20
134;679;19
380;542;49
635;398;44
275;628;15
304;742;49
815;330;28
805;606;20
100;899;49
629;783;7
290;163;7
914;619;17
226;623;5
821;111;22
635;910;1
775;911;44
101;34;41
177;893;38
693;327;32
201;134;17
118;339;6
315;955;6
635;286;23
97;462;40
504;535;20
544;998;31
489;737;37
784;533;7
634;963;14
34;651;6
673;964;16
797;332;45
611;487;34
138;183;50
439;845;46
666;654;33
105;461;40
298;314;37
922;227;9
190;469;12
647;112;7
471;542;21
75;889;25
498;184;33
854;949;49
84;898;40
816;966;7
560;441;5
830;572;16
310;133;6
833;457;8
380;420;39
810;147;38
967;384;25
107;895;50
705;822;49
913;910;13
328;170;15
493;626;24
674;989;34
269;173;41
30;167;50
344;433;9
323;155;41
417;915;12
93;158;1
191;715;21
407;665;24
328;661;29
590;545;3
867;359;48
390;757;9
337;285;1
446;36;5
154;758;36
470;626;25
69;846;19
144;608;22
709;756;12
547;197;25
415;421;27
702;751;42
178;678;33
186;832;8
819;5;39
126;618;18
725;652;22
461;830;39
317;806;4
241;849;8
65;564;22
621;467;46
802;919;48
888;766;31
965;912;44
111;711;26
504;735;36
975;305;29
851;860;35
454;876;24
880;144;30
967;786;2
542;998;39
35;512;46
122;75;8
694;550;29
294;871;14
953;272;48
731;382;29
578;353;26
283;798;44
564;67;11
324;154;28
924;51;14
906;429;27
553;567;27
434;960;15
551;987;19
888;324;4
344;91;13
718;875;39
224;549;34
913;306;18
710;826;37
625;193;38
144;434;37
805;826;5
919;591;42
782;283;36
909;283;8
615;10;43
672;874;38
140;147;48
56;136;23
522;559;10
803;599;16
454;172;50
831;156;47
914;341;27
227;926;38
753;109;27
668;389;5
987;612;6
94;11;14
842;631;22
677;82;48
49;269;33
642;132;44
753;206;11
250;94;14
853;154;49
983;338;38
558;36;33
159;371;20
508;965;49
54;8;20
598;494;27
845;805;15
678;951;43
874;453;36
117;78;43
664;294;49
683;612;24
893;631;16
16;127;30
959;117;5
484;124;39
376;136;47
310;985;38
746;653;35
224;286;13
708;832;11
872;232;37
539;240;39
269;746;19
979;386;6
423;184;17
963;889;1
944;201;4
964;987;49
827;264;41
360;730;46
590;949;10
121;381;17
856;583;7
976;189;6
379;88;13
670;657;11
724;471;7
988;702;31
207;763;30
657;811;13
412;581;1
826;534;30
817;221;27
320;143;46
356;482;29
704;267;13
307;556;49
499;409;12
614;314;22
985;75;42
684;348;7
832;106;4
435;271;48
622;544;3
980;514;29
789;886;48
501;272;46
628;718;26
169;733;27
214;42;23
998;739;49
77;537;38
144;513;28
771;706;7
961;557;47
310;274;45
767;464;47
293;304;27
286;650;9
443;984;16
47;662;49
869;288;6
644;661;11
817;820;28
95;905;13
321;360;29
304;470;9
833;525;26
99;683;1
228;372;12
747;555;17
861;59;27
731;340;32
800;240;30
456;948;20
713;840;23
567;760;28
467;279;7
659;487;34
64;856;14
136;785;39
36;151;8
646;277;13
281;234;42
754;226;23
841;599;22
37;56;9
246;231;46
436;376;2
470;104;40
794;113;47
344;768;35
169;398;42
707;880;20
539;378;49
185;773;7
977;221;28
211;717;43
856;797;15
311;72;22
401;413;26
501;158;22
290;863;22
960;40;43
809;419;39
529;381;7
413;317;40
775;706;34
235;544;50
865;888;8
614;297;9
67;835;33
993;579;38
577;23;28
232;577;19
824;529;4
351;763;21
389;728;17
241;28;22
620;832;42
63;109;2
174;869;48
562;522;49
943;824;20
634;757;27
968;774;34
941;40;34
790;468;3
411;468;17
723;275;22
749;247;34
632;133;18
380;897;44
461;891;38
104;520;46
930;893;11
975;646;28
412;173;45
229;732;5
652;286;2
459;807;24
297;105;9
609;675;49
519;582;41
83;350;37
824;731;25
341;298;40
587;138;8
653;489;37
320;263;41
508;465;19
450;546;15
488;140;22
588;96;5
370;22;32
166;617;19
271;368;26
484;34;48
260;695;42
170;946;43
876;93;32
875;288;9
719;70;27
509;793;9
435;835;25
570;619;20
455;949;40
522;148;16
533;278;23
474;80;11
438;369;32
645;550;2
486;295;50
320;612;35
558;355;21
808;71;21
107;559;42
945;47;15
396;130;26
11;730;46
500;382;32
630;899;11
449;69;14
546;619;9
81;223;29
456;374;39
376;412;46
764;769;15
278;372;16
926;768;3
776;548;4
547;968;46
70;380;6
162;401;22
220;892;19
760;278;26
77;570;15
402;843;9
110;239;36
752;962;39
675;810;23
7;77;7
139;211;42
588;164;34
888;622;34
5;48;23
623;297;43
408;494;39
529;706;17
274;748;27
627;654;22
69;555;33
488;300;50
769;441;26
691;149;18
704;276;6
802;642;50
500;83;2
795;77;10
62;308;42
738;788;49
131;750;47
220;367;48
708;652;43
402;957;28
736;193;5
246;232;31
80;165;20
509;944;9
128;799;15
868;405;5
963;784;46
170;933;41
1;259;37
579;322;9
332;362;16
380;414;29
840;553;20
620;625;16
554;326;44
538;989;7
366;604;16
55;300;45
584;912;7
815;489;31
777;940;28
736;363;44
388;513;10
110;616;16
951;794;35
360;616;19
25;900;29
706;991;41
725;938;41
787;151;33
563;108;34
961;653;29
997;462;38
186;756;14
257;456;48
884;62;47
277;458;11
948;188;40
301;516;40
718;228;45
260;32;4
302;61;18
280;845;29
701;841;14
567;10;16
681;313;29
760;63;38
425;910;46
699;477;25
444;585;43
702;577;19
161;490;6
85;256;2
520;84;22
984;51;19
509;421;3
632;238;41
210;9;35
220;5;43
147;607;36
515;900;29
805;496;45
525;821;6
584;45;4
790;5;4
979;590;48
139;331;23
714;819;42
861;67;11
838;828;16
580;14;32
807;96;9
369;745;4
800;147;40
269;212;26
696;936;45
948;773;36
218;742;38
905;320;39
752;9;14
326;706;10
184;963;21
868;341;45
149;573;33
217;315;29
945;56;6
755;55;46
385;464;20
445;579;44
765;998;26
762;793;47
586;6;46
25;673;18
751;469;18
514;218;46
389;651;8
864;705;33
67;68;37
598;376;12
17;919;33
739;357;42
234;891;24
898;864;41
191;901;50
408;594;38
697;615;2
721;972;31
431;912;33
119;230;3
136;689;32
528;643;29
269;610;22
221;319;35
718;860;32
291;1000;12
875;57;6
183;895;30
563;361;27
611;313;4
95;135;3
685;627;28
78;512;11
921;208;23
860;133;2
600;26;25
925;846;36
283;959;11
999;156;8
618;242;16
132;318;31
153;548;46
759;274;34
729;310;48
69;557;5
236;221;40
63;676;16
312;572;2
798;406;42
235;309;14
896;661;1
314;219;34
16;270;40
98;461;29
551;907;36
107;544;47
332;981;29
768;919;27
573;537;41
644;113;23
449;363;37
628;804;48
685;165;8
867;2;43
681;203;22
325;878;24
623;879;31
862;868;12
251;398;41
812;80;44
83;772;10
882;550;48
720;474;1
849;510;14
708;979;49
930;470;13
493;41;34
772;457;29
459;963;31
27;707;44
576;987;13
831;68;2
432;77;48
855;418;6
314;225;3
352;265;5
36;634;18
173;301;37
799;182;37
304;753;28
748;500;13
689;986;22
220;732;20
52;792;47
971;252;25
115;234;29
754;351;43
270;49;21
772;867;43
733;443;44
258;249;10
612;543;41
451;16;8
425;204;9
934;77;32
65;353;18
832;480;1
7;938;43
913;712;14
794;104;3
647;219;42
356;716;21
44;354;10
256;88;23
438;491;9
982;423;35
308;907;44
524;240;37
988;687;45
334;422;29
636;249;15
433;334;46
530;413;28
37;171;28
484;990;47
210;402;7
529;805;31
615;498;47
532;630;17
964;950;37
953;290;42
798;840;9
288;879;47
550;625;19
129;476;24
533;376;46
857;706;45
21;319;38
496;816;22
414;982;41
436;743;8
12;701;49
527;920;22
374;170;13
34;533;44
575;325;6
216;31;27
908;811;1
493;319;31
88;475;32
63;660;1
41;941;34
891;851;24
138;803;37
292;103;35
338;536;20
458;956;44
771;121;6
794;882;7
226;439;25
151;856;12
303;259;43
215;510;29
891;618;39
987;501;10
143;990;19
672;478;35
187;305;34
971;181;48
479;338;27
321;88;44
492;101;27
740;968;21
950;940;34
863;119;22
124;940;13
680;961;37
296;800;21
681;285;16
564;921;18
881;98;14
752;720;19
793;829;32
732;862;1
656;153;18
97;84;32
603;559;48
716;23;29
489;780;33
10;759;38
440;821;14
214;756;41
174;193;36
865;291;28
795;234;2
264;947;8
190;599;36
200;874;37
365;681;25
966;16;46
25;769;7
989;929;41
430;91;30
372;330;33
378;810;30
333;593;48
947;610;35
170;756;13
97;698;7
304;900;12
751;210;50
233;45;30
570;510;34
927;290;33
103;735;39
107;596;43
775;447;41
544;158;34
998;697;28
942;91;10
750;810;5
332;129;12
777;667;3
81;367;16
967;805;17
408;306;9
712;403;41
128;281;8
149;241;31
288;168;17
91;995;40
147;796;17
927;100;2
409;581;47
925;246;42
516;835;47
972;414;17
469;320;17
775;14;47
397;55;36
600;972;16
689;358;43
971;585;8
128;403;48
134;930;48
673;596;45
276;172;14
248;20;45
443;873;42
397;269;17
471;96;34
806;656;48
524;152;15
549;652;25
840;168;27
759;313;30
996;928;50
111;925;18
347;756;13
713;654;21
461;280;46
665;854;28
557;919;50
869;111;12
834;872;42
977;276;4
184;436;20
630;620;11
85;18;7
497;156;28
383;895;25
848;25;41
291;371;25
672;465;34
956;527;32
348;727;8
985;719;31
843;364;30
275;130;19
617;169;4
146;971;47
163;580;6
74;496;45
894;66;37
687;276;11
799;914;36
217;385;43
458;329;32
483;197;27
594;872;11
848;418;46
509;856;15
193;239;32
535;318;19
201;905;26
24;214;48
292;858;44
264;290;5
475;362;50
95;423;35
202;601;39
701;395;1
112;690;50
604;450;34
897;721;8
180;104;4
843;629;37
694;11;19
209;964;43
778;955;10
89;937;22
30;664;13
965;735;3
141;838;6
843;869;39
852;145;46
809;471;32
424;360;47
304;120;11
214;665;42
860;421;43
995;264;50
241;946;6
54;235;50
887;181;10
890;757;8
408;237;36
577;886;18
745;882;5
987;747;6
531;553;26
342;831;49
375;847;9
749;25;27
535;655;3
176;398;9
521;555;21
992;823;22
343;98;29
425;969;3
622;89;32
589;757;34
861;853;4
545;866;24
258;414;19
480;790;20
575;100;23
21;953;7
641;698;14
20;13;2
834;720;40
139;994;33
303;251;23
968;48;14
871;174;34
284;487;19
125;991;4
961;607;17
271;279;50
194;984;36
812;988;27
461;847;48
774;825;36
296;389;23
474;145;7
818;989;6
379;59;19
154;642;30
467;113;4
765;665;38
839;701;49
735;359;8
758;794;23
175;708;4
113;422;32
834;210;38
566;211;31
491;680;21
650;160;20
367;459;29
537;260;45
515;554;37
283;694;23
466;43;47
232;358;35
912;551;11
577;934;24
123;273;17
868;459;29
312;961;22
305;875;12
918;769;38
466;432;13
530;100;30
828;250;41
751;946;32
979;375;6
902;81;29
818;420;50
473;539;44
642;321;16
769;182;19
403;772;14
879;986;1
522;712;38
837;72;33
351;983;6
859;115;22
932;610;16
86;918;1
643;593;12
564;857;4
339;816;39
831;348;11
189;79;23
165;267;48
763;761;27
574;927;16
784;37;32
693;357;48
944;486;12
323;732;12
121;512;3
192;100;12
111;148;12
351;78;48
397;456;37
684;445;29
399;872;47
846;351;27
867;561;25
537;115;25
247;901;48
66;896;11
267;246;23
214;801;41
923;190;49
395;627;31
706;247;47
393;142;24
446;331;6
560;78;10
274;956;23
686;743;29
708;486;10
256;110;42
269;655;27
14;140;50
781;995;5
318;591;20
794;17;1
854;539;24
32;239;49
222;929;42
619;204;30
405;659;32
193;441;50
273;284;39
537;753;33
927;861;11
54;558;6
746;440;6
499;349;19
155;754;40
151;536;46
406;655;21
285;163;49
275;721;9
769;47;12
618;421;19
457;83;15
543;132;21
70;818;39
990;368;50
684;522;1
963;334;50
892;992;31
223;360;24
311;91;45
181;227;24
695;536;47
369;165;32
265;675;6
348;564;11
462;559;5
131;977;27
902;179;17
411;869;17
862;784;8
108;554;35
335;477;11
924;157;30
117;854;41
772;61;21
805;616;4
440;121;31
854;837;5
317;489;37
91;800;45
883;23;26
829;383;46
271;150;10
927;223;41
332;42;4
527;355;23
82;361;22
908;544;50
867;142;48
169;153;21
62;31;21
424;393;49
284;146;3
442;1;46
518;938;11
461;559;31
688;525;10
391;362;14
347;715;41
942;853;38
964;142;49
458;118;5
317;517;10
368;503;6
969;548;1
855;419;16
811;436;2
763;803;23
611;967;21
316;13;46
483;584;49
652;654;14
302;513;17
339;495;10
205;368;24
520;699;47
267;725;11
70;169;8
145;342;46
551;528;3
129;83;2
279;645;13
633;748;45
626;107;23
870;509;38
546;498;29
745;130;29
642;234;35
997;585;2
24;2;37
146;580;47
367;495;25
587;123;41
354;983;41
814;483;41
258;569;47
963;214;42
775;240;37
573;703;35
832;447;3
584;999;38
404;419;37
901;551;18
884;512;28
408;694;10
374;483;39
352;743;27
703;782;3
934;802;41
206;985;6
279;812;15
111;528;25
537;96;24
209;463;17
236;485;31
609;846;2
168;488;29
781;464;2
45;798;39
832;172;37
909;580;34
708;775;47
829;109;43
837;486;38
922;640;31
875;791;2
872;745;6
60;294;22
763;554;9
28;612;16
601;99;4
282;309;41
91;827;38
694;36;43
776;514;12
278;856;3
564;998;21
20;149;37
346;362;35
26;836;38
740;21;14
431;285;18
106;162;15
575;474;29
293;212;20
603;925;43
979;125;46
262;752;15
134;662;37
296;120;39
76;420;12
450;508;46
381;721;19
771;74;9
798;973;24
652;540;50
817;700;16
190;426;50
106;856;9
309;646;8
862;599;3
314;65;31
983;333;6
932;529;43
811;201;42
570;703;24
227;740;41
712;29;8
157;585;19
331;923;31
74;247;41
51;83;2
622;518;1
146;836;20
608;532;48
245;304;37
706;633;17
962;636;11
988;807;25
291;320;14
762;250;38
673;316;41
325;691;21
483;949;5
777;677;28
101;50;16
17;795;17
382;215;18
539;960;20
385;303;40
401;74;38
427;53;1
541;475;43
126;869;18
481;235;20
619;562;4
360;35;47
8;173;8
499;885;23
461;476;33
239;284;21
406;454;15
548;799;26
215;543;10
567;739;38
453;249;4
839;668;17
422;487;28
741;676;5
882;72;17
782;859;1
316;698;50
755;189;39
867;687;32
415;542;41
276;68;23
300;311;47
689;563;9
596;324;5
388;501;32
542;709;29
827;918;42
627;150;27
863;550;50
231;420;39
690;868;36
469;667;16
581;537;17
320;943;35
981;143;18
411;40;31
288;327;39
734;748;6
592;14;30
58;344;23
29;595;7
382;932;40
688;755;30
372;284;5
760;771;25
33;789;22
79;775;14
621;273;7
389;87;5
554;603;34
623;120;48
649;798;46
26;908;44
113;678;12
417;621;24
809;827;8
566;304;42
626;362;21
582;584;39
110;468;19
679;935;11
930;625;25
494;306;44
61;707;48
879;319;7
965;41;2
85;745;9
238;850;32
134;213;35
805;248;4
577;254;16
504;821;46
625;704;47
202;379;13
703;992;46
843;173;13
296;640;15
673;726;11
260;623;25
339;416;6
669;820;41
218;205;43
232;238;21
982;116;42
847;759;10
946;313;16
533;424;30
537;484;45
590;54;32
961;494;7
285;526;5
844;682;17
480;503;39
257;153;44
610;410;44
896;338;17
810;840;31
204;223;27
239;491;2
689;624;23
211;970;6
409;608;3
413;406;15
509;72;42
490;769;19
251;9;31
553;261;23
199;372;41
631;362;16
302;112;12
665;855;44
362;443;40
94;880;33
551;50;44
846;940;21
414;613;8
727;844;22
639;152;25
635;99;17
913;316;10
331;169;46
652;328;45
852;882;38
861;173;32
432;48;45
940;392;8
715;753;24
177;212;16
341;198;3
502;581;43
133;539;11
406;238;9
953;839;22
335;169;41
545;683;14
767;201;4
29;557;45
574;562;12
537;223;7
180;798;20
602;107;41
5;70;23
746;467;3
228;815;10
285;751;47
757;916;9
885;797;21
511;684;3
166;456;14
365;726;33
89;281;15
220;152;44
816;54;1
359;851;1
976;224;14
205;73;24
146;623;9
654;313;27
238;978;11
148;837;37
603;661;34
952;199;50
49;125;31
25;528;43
372;897;23
708;455;12
371;257;39
226;874;20
415;450;14
232;738;13
475;1;47
182;262;49
805;927;42
602;69;24
234;624;40
519;495;37
197;605;30
897;513;35
586;942;38
355;124;1
424;407;24
152;1000;41
993;590;50
471;778;48
625;89;8
830;259;27
164;158;35
144;585;39
274;72;39
373;784;31
863;33;44
750;375;49
689;744;10
308;248;10
889;380;46
582;129;29
120;3;26
868;263;32
509;684;43
563;177;8
708;234;46
268;668;2
188;1;3
473;722;45
37;586;1
505;216;15
150;217;45
151;167;19
403;254;39
318;451;4
552;771;37
351;66;30
770;828;7
451;802;35
808;638;27
525;128;28
563;693;1
725;516;22
420;830;10
873;674;36
828;333;50
563;723;17
538;330;10
42;760;15
874;45;17
968;527;30
457;661;1
368;927;23
314;417;16
378;141;12
260;200;26
517;113;29
943;674;35
342;174;16
631;728;42
928;308;39
732;489;38
749;452;46
234;873;26
63;555;37
963;237;48
648;544;33
740;959;23
680;306;22
262;203;14
947;71;18
770;397;11
778;766;9
586;424;27
729;546;26
613;556;36
422;937;39
460;77;11
60;227;22
586;922;48
869;755;1
155;70;2
759;693;42
211;572;2
773;108;49
588;440;4
883;108;18
292;225;43
365;967;39
268;678;34
626;907;46
272;341;34
465;929;33
343;600;33
139;533;38
50;198;47
219;304;18
360;56;3
651;58;1
640;223;17
528;863;49
729;752;47
964;419;45
699;919;18
19;710;44
865;405;42
109;937;6
762;534;11
449;407;46
949;209;8
141;302;50
748;51;14
218;556;20
599;121;38
925;631;11
493;692;18
616;525;30
11;27;27
554;441;42
456;140;26
110;734;38
952;650;41
996;335;38
603;490;16
470;245;9
383;614;19
978;700;6
1000;961;50
270;537;49
163;719;14
786;207;18
500;639;18
871;880;27
241;915;5
766;529;11
204;622;13

