800
20337
4800
74;41
35;30
98;61
76;85
54;3
66;9
90;56
84;10
12;73
76;43
98;66
91;42
6;92
9;46
24;65
17;47
57;70
10;7
32;73
56;3
63;81
62;60
41;31
34;5
88;73
100;22
99;82
96;78
24;92
26;70
51;14
84;38
22;53
55;97
53;3
84;63
39;95
50;71
33;76
40;37
67;80
96;33
8;85
92;66
39;21
42;32
87;95
78;49
29;6
52;74
13;65
83;67
42;36
38;21
19;3
91;4
26;72
2;33
50;95
84;4
18;95
27;11
41;80
31;40
77;9
43;42
74;56
18;12
80;16
34;10
29;39
31;81
85;52
100;49
64;32
59;65
11;10
75;31
88;9
78;31
55;75
86;84
18;99
65;42
64;39
10;82
38;8
83;67
20;8
28;94
31;43
54;89
4;58
56;89
60;45
96;58
39;46
63;8
72;79
51;1
31;17
30;43
22;20
51;27
62;88
69;79
58;53
20;48
66;51
60;77
1;32
64;73
89;60
68;67
76;96
81;5
1;99
82;66
77;33
56;2
5;61
14;16
29;98
62;70
93;2
33;61
4;4
31;100
13;76
60;24
23;33
26;78
18;87
58;41
48;87
90;14
15;25
93;34
36;65
83;19
28;45
85;79
88;47
65;78
6;86
35;52
72;47
42;92
77;75
74;67
26;100
12;48
64;30
81;76
7;27
93;55
61;42
74;15
1;85
9;1
13;50
84;6
59;82
58;90
16;70
26;29
84;74
19;24
78;3
50;59
11;87
12;45
22;24
82;100
35;44
15;99
22;29
1;46
13;53
90;86
53;80
2;78
48;49
98;74
79;40
7;14
75;50
25;87
24;36
72;10
23;41
76;22
21;13
73;45
52;33
25;98
12;49
43;94
4;91
6;98
69;97
42;97
72;84
92;59
3;60
51;14
92;79
3;8
50;72
88;10
90;54
92;32
59;94
51;90
44;14
82;99
45;2
38;21
60;73
20;14
82;85
13;87
11;40
38;50
52;97
62;29
23;71
78;74
80;45
15;61
74;74
91;51
58;12
39;17
13;32
13;57
14;16
61;57
90;21
66;20
24;56
39;59
29;33
60;37
1;92
23;84
44;24
88;5
55;37
77;10
91;18
8;70
75;16
91;85
15;74
69;14
82;85
14;80
86;28
14;97
16;78
32;78
77;88
74;8
7;27
100;15
36;82
89;14
49;97
91;22
46;26
11;12
98;17
69;18
69;75
86;26
21;95
84;4
57;2
28;41
87;9
16;81
46;85
55;25
56;47
48;33
89;90
35;70
59;38
83;72
63;35
11;60
18;87
40;5
33;81
15;93
63;79
89;62
92;99
7;7
71;50
92;73
6;50
86;16
78;42
12;95
30;92
23;67
89;54
93;85
24;46
23;62
58;25
55;65
70;15
28;95
7;90
62;27
60;69
31;85
91;88
52;49
28;21
26;59
27;9
1;37
46;69
87;45
22;28
22;71
61;55
3;19
56;4
30;74
79;60
23;51
10;96
92;62
29;7
97;79
76;34
14;96
40;93
99;58
1;98
58;71
48;68
71;10
54;11
60;98
100;30
65;100
83;90
74;88
47;33
56;61
64;91
50;66
4;15
64;33
100;5
11;86
23;41
9;27
85;47
4;68
62;24
42;58
37;46
43;54
16;65
70;11
14;87
83;40
48;90
90;57
27;72
5;98
35;56
60;99
8;84
82;35
13;82
81;43
53;29
43;25
67;20
11;22
39;86
67;22
52;43
48;88
73;71
29;66
11;33
45;27
12;82
62;87
33;92
63;44
47;69
10;75
21;77
69;15
15;85
32;22
78;22
66;45
83;50
53;3
55;54
3;45
85;93
24;57
91;5
71;57
95;4
53;88
64;70
49;92
34;78
13;67
4;91
18;51
70;81
82;92
99;37
87;58
91;90
13;17
62;50
86;50
72;97
46;23
54;12
29;38
44;35
89;78
5;61
1;84
47;5
80;50
72;66
65;30
41;59
23;14
71;74
16;43
72;64
94;56
7;23
69;81
20;22
30;57
6;37
50;30
81;9
100;92
40;71
92;93
4;50
43;12
20;98
28;15
49;45
25;16
41;22
48;85
59;37
31;64
82;22
74;6
98;80
72;94
58;94
40;67
64;54
21;87
63;78
18;20
39;65
36;30
38;82
79;62
17;35
55;17
21;45
80;20
96;48
37;57
35;31
86;44
21;83
73;88
27;17
27;25
52;46
29;94
89;94
97;79
69;65
40;15
11;26
65;64
45;16
24;56
73;88
62;31
31;22
84;71
37;53
31;81
34;74
54;41
63;99
63;14
1;9
85;19
13;12
52;34
17;65
83;52
71;19
15;22
1;97
44;78
31;67
9;46
27;40
81;26
50;69
57;57
43;60
54;55
53;44
43;94
18;45
24;40
77;36
93;7
20;54
34;40
75;30
10;86
64;4
32;62
48;67
22;30
16;31
23;35
98;30
10;52
78;10
33;56
40;9
10;23
80;3
87;42
73;36
57;94
40;86
49;32
12;6
6;91
88;81
40;33
33;85
18;91
22;75
68;21
83;48
7;99
53;34
93;2
31;49
54;38
14;54
18;45
39;26
10;49
23;22
69;96
72;62
63;73
38;55
35;38
42;13
55;17
46;90
2;92
55;11
67;58
53;29
17;63
84;79
22;16
48;66
6;5
58;5
64;56
58;56
64;40
77;9
71;46
24;4
100;7
12;32
10;6
66;5
48;37
39;28
9;36
80;77
31;14
27;82
5;90
17;82
86;82
77;28
42;38
95;62
93;23
71;13
79;34
33;92
10;48
68;13
55;85
47;72
72;47
3;24
43;85
49;19
32;76
17;46
77;17
19;18
11;8
58;61
15;26
38;89
78;15
40;20
93;43
69;81
9;67
3;79
58;70
24;37
88;87
33;62
99;67
92;86
24;32
99;69
13;21
4;12
78;7
14;63
99;6
5;54
94;62
18;9
9;89
79;86
85;10
18;5
14;99
29;36
63;100
1;33
82;89
72;13
37;22
34;39
16;57
48;78
63;45
85;16
65;54
61;4
34;14
35;62
74;55
95;63
27;62
9;92
33;88
42;1
11;67
72;75
89;82
74;29
56;19
26;24
5;21
51;38
89;66
28;35
80;61
26;63
82;9
22;71
75;32
94;98
79;63
25;64
53;39
3;56
77;16
63;54
57;6
78;24
37;62
73;69
52;55
42;89
87;90
88;25
88;91
91;14
99;97
68;82
53;74
19;33
30;89
52;30
27;17
56;19
26;59
83;7
65;71
14;3
77;8
27;40
7;90
87;88
58;34
5;40
24;97
85;45
20;89
75;48
29;41
45;49
32;92
77;71
39;86
56;7
22;55
60;86
72;9
88;96
60;53
81;43
23;5
78;53
41;93
54;63
19;40
99;60
95;6
15;58
95;36
82;83
81;72
86;91
100;16
15;50
13;78
39;50
53;2
70;76
50;56
40;96
62;52
48;86
47;72
9;75
21;42
93;1
90;75
41;100
79;3
55;3
77;86
91;15
27;64
21;18
92;79
69;7
53;3
37;17
24;55
84;35
44;45
68;85
57;26
34;1
60;10
778;269;18
300;778;20
608;683;29
251;77;40
710;743;43
215;226;28
610;33;19
242;625;18
137;257;5
487;291;8
92;409;42
682;458;19
794;525;17
627;731;2
514;446;34
445;237;37
195;320;9
113;647;24
47;378;4
730;568;28
286;42;50
7;12;19
231;96;11
708;758;20
566;635;42
251;141;22
514;377;35
267;5;36
466;732;41
763;768;39
657;246;33
82;607;26
404;782;3
273;611;6
482;473;44
742;765;33
744;362;42
687;371;29
6;649;30
766;736;30
287;252;20
379;356;42
442;440;13
29;178;33
354;38;13
64;564;42
587;58;15
680;50;3
523;502;14
153;290;16
763;365;24
333;757;42
535;301;50
194;613;38
168;263;28
90;656;9
704;212;50
677;542;19
117;457;19
62;187;10
15;452;31
294;54;47
744;294;3
136;632;45
470;538;31
20;428;29
667;600;44
353;26;27
291;187;42
532;366;32
727;7;14
495;41;30
407;691;36
372;753;2
739;799;3
15;778;15
95;781;7
785;323;18
100;373;24
439;195;30
546;535;7
141;389;22
100;510;47
623;261;31
224;444;3
153;253;29
157;148;19
275;619;1
483;486;25
674;497;48
151;142;13
335;71;33
342;280;45
708;312;38
406;131;44
574;5;25
28;621;5
624;626;26
472;2;15
648;111;13
35;536;44
739;160;3
34;218;4
287;632;15
383;127;47
589;21;6
355;425;32
765;125;46
539;765;31
706;147;31
217;459;3
772;269;48
146;284;49
393;730;48
88;425;10
315;146;10
324;533;34
134;514;21
209;451;27
745;561;15
683;141;6
366;402;39
87;611;39
25;404;6
79;113;16
325;361;24
177;463;8
338;36;26
738;609;44
581;213;48
344;744;23
150;123;41
727;659;4
530;252;14
491;312;45
98;798;33
163;413;38
678;498;40
578;343;10
773;244;24
495;15;12
598;439;11
205;124;18
9;35;8
360;653;2
769;330;13
717;202;8
335;242;30
199;447;33
272;528;37
250;239;15
292;259;42
69;140;6
704;743;37
664;430;27
660;692;45
133;620;10
195;723;15
254;5;3
580;90;9
678;260;9
237;715;15
748;466;40
517;1;40
779;788;36
180;458;1
14;631;48
12;11;33
337;372;35
503;534;27
219;420;34
679;396;1
277;357;15
423;758;33
300;284;48
305;7;18
391;459;8
364;733;25
130;376;9
238;432;41
599;448;4
359;566;10
448;529;49
570;102;3
162;587;50
797;307;45
137;66;33
227;468;50
737;23;32
732;798;32
127;466;16
446;715;50
599;200;37
286;2;19
128;727;17
127;710;8
93;399;17
114;287;45
70;415;9
170;515;11
148;455;45
99;689;19
35;753;5
589;418;48
14;288;21
121;164;34
286;504;34
600;773;22
674;319;15
580;735;33
213;616;32
621;171;27
82;689;12
128;241;5
632;450;21
761;754;27
770;124;29
635;644;19
71;539;15
684;335;4
640;157;47
122;325;38
209;737;47
749;596;45
690;696;27
226;405;9
369;165;34
749;774;12
361;177;30
122;88;15
238;221;49
6;513;46
360;385;14
86;768;40
726;745;43
324;178;3
344;172;32
407;412;26
223;382;9
585;792;21
116;214;13
151;202;9
419;359;20
599;319;23
180;414;2
73;191;7
94;399;10
13;609;41
353;298;1
582;183;27
367;421;18
252;131;25
508;10;48
331;645;24
624;447;25
187;176;5
339;65;3
102;769;21
570;648;14
286;349;26
393;420;10
279;785;42
545;700;31
333;514;22
680;655;20
60;285;16
17;408;17
376;728;11
718;308;24
14;123;28
107;664;5
688;733;43
538;316;35
271;668;37
679;704;44
184;712;9
634;210;31
750;314;30
14;36;7
642;626;22
282;482;36
425;550;25
604;652;39
670;458;48
18;361;19
634;538;37
152;376;18
245;732;21
309;622;11
661;768;5
120;10;6
348;551;50
186;406;19
22;549;27
349;42;34
459;577;2
369;604;1
256;38;25
751;266;20
436;528;2
428;230;48
360;573;36
766;82;8
632;431;7
239;572;16
473;16;49
413;31;12
381;546;29
382;251;46
761;574;43
548;269;15
132;702;29
682;304;26
114;239;9
682;157;40
127;130;22
95;72;35
211;800;40
517;472;30
391;659;29
757;620;45
317;752;3
390;121;40
755;480;36
345;113;42
194;593;37
540;305;1
140;26;17
191;565;9
719;182;37
13;652;10
677;630;8
367;301;31
83;61;35
148;346;44
303;778;32
209;771;45
705;322;25
706;625;18
18;521;8
62;228;14
792;105;22
540;54;4
768;387;30
76;447;39
107;237;11
694;675;2
427;357;17
702;594;43
419;210;17
530;618;25
62;594;37
206;198;9
40;75;25
513;384;19
176;644;14
129;675;20
647;305;37
732;606;25
92;490;17
301;101;46
661;553;11
102;457;28
310;774;45
465;757;31
219;120;22
200;666;20
608;779;12
537;188;25
467;590;11
81;673;20
642;792;5
53;793;38
246;501;2
82;426;42
768;61;45
477;636;14
385;701;3
731;266;25
109;624;5
75;19;44
285;635;34
292;340;31
350;457;11
387;527;27
228;652;32
478;558;2
653;342;18
17;512;34
407;125;30
647;780;9
728;89;11
126;315;4
54;782;1
724;796;45
239;42;44
554;170;27
696;191;4
151;621;11
422;211;6
282;785;29
551;27;29
570;717;36
223;582;31
576;414;25
290;215;19
465;295;37
281;594;45
159;505;1
470;414;28
145;384;35
354;567;49
405;748;10
512;503;36
38;117;49
62;192;2
762;535;29
459;199;46
714;252;40
283;344;21
749;91;47
746;729;20
346;253;37
188;92;14
342;393;8
154;645;39
74;531;36
102;312;47
14;686;28
190;245;48
320;140;10
786;309;49
771;677;15
383;395;11
357;354;13
408;376;17
65;2;38
487;327;44
447;637;15
764;430;12
563;254;32
738;204;36
676;175;21
735;618;41
239;524;12
89;650;27
497;146;47
557;24;38
632;159;44
19;159;33
384;648;29
519;179;19
38;190;5
689;160;46
415;88;5
596;507;25
328;77;48
333;220;23
709;9;28
81;107;22
82;417;38
632;328;1
455;453;20
538;174;8
90;520;11
566;542;2
592;85;13
316;217;1
69;187;26
159;518;14
23;220;43
641;699;43
423;233;48
123;159;43
722;506;28
191;760;9
336;9;38
738;768;21
303;422;18
581;765;43
107;228;45
279;96;50
523;112;25
619;21;13
648;4;27
136;380;14
675;601;14
765;226;39
545;773;50
492;703;12
560;120;6
748;399;43
194;607;19
608;323;25
248;340;19
730;649;33
651;341;28
550;511;47
326;64;16
295;502;50
696;421;6
644;642;14
163;351;1
165;389;28
264;789;50
350;484;50
230;733;48
412;397;35
643;62;28
56;100;20
238;590;7
67;634;29
509;256;42
532;404;42
664;462;50
485;521;11
671;426;50
619;58;1
755;765;49
51;508;36
589;460;21
18;600;13
696;126;31
115;528;9
779;611;15
179;372;42
479;339;30
77;691;6
129;328;47
302;58;45
404;544;5
726;91;8
647;638;46
563;517;18
16;770;8
483;346;24
66;222;25
102;773;18
556;275;17
340;373;48
692;680;36
120;195;34
664;517;30
131;379;44
155;753;36
165;201;15
82;543;13
207;570;9
408;332;16
246;133;1
57;447;17
369;469;9
248;510;11
507;85;32
616;757;22
643;634;28
408;74;35
461;549;35
616;545;34
624;663;30
522;349;10
263;731;11
326;593;13
740;180;20
188;544;8
297;732;20
555;194;1
440;356;47
673;256;5
112;400;12
689;794;26
2;92;47
240;227;45
668;297;10
315;199;3
448;621;11
336;209;4
518;490;44
613;479;23
487;278;46
670;197;18
260;587;4
355;252;20
628;538;32
526;151;21
228;353;32
45;186;14
502;185;43
53;655;28
298;547;26
511;215;29
190;418;13
240;209;4
432;79;13
550;271;17
13;589;29
454;327;45
608;179;40
318;27;10
256;367;49
272;215;29
55;784;28
321;13;20
194;174;37
290;138;46
769;386;2
769;273;39
54;220;40
362;734;48
116;259;8
191;330;50
136;680;45
381;402;4
691;694;29
123;687;30
280;23;40
250;148;41
520;72;42
755;201;20
266;25;34
47;464;15
70;185;25
272;243;11
212;800;12
288;510;5
354;161;2
643;310;14
717;627;40
718;432;46
757;758;46
471;199;12
567;744;10
732;384;22
696;754;45
359;423;29
464;695;10
374;539;36
258;665;34
472;670;43
771;563;39
243;371;25
74;609;41
681;220;40
14;572;40
2;174;37
509;211;4
655;788;4
568;631;10
393;783;15
100;183;42
613;798;20
186;134;40
304;679;38
509;757;41
455;465;13
238;443;50
549;2;45
123;413;37
295;642;17
608;208;12
34;471;24
548;368;37
640;292;10
312;26;44
337;309;44
397;1;22
112;261;15
41;515;25
24;719;16
573;92;13
587;459;4
481;319;50
728;397;47
133;719;32
369;432;3
22;189;26
760;599;21
64;526;5
681;712;35
529;583;2
167;646;45
499;601;17
591;725;38
610;524;10
102;48;20
331;705;6
48;651;12
296;354;12
141;696;31
758;432;42
62;495;35
194;561;14
173;632;42
104;270;17
423;174;6
287;690;15
603;660;39
85;9;29
7;68;25
71;543;14
181;677;23
589;565;7
261;339;40
461;619;35
613;166;2
416;281;34
643;676;46
282;153;6
139;231;17
534;371;30
791;422;20
254;658;37
96;723;47
370;122;46
702;490;49
382;408;30
701;168;34
779;586;38
183;640;42
413;255;13
482;316;33
528;229;6
405;632;49
688;227;43
411;782;2
543;284;16
214;512;38
682;123;34
582;760;5
73;438;49
249;446;19
296;373;25
600;87;8
205;753;28
468;178;47
98;451;19
486;92;4
119;236;11
491;755;30
56;443;3
103;730;40
124;301;39
227;235;37
381;229;8
799;692;45
700;774;31
158;184;44
490;180;23
639;523;19
59;571;45
617;73;23
393;446;25
81;10;18
548;456;34
312;187;46
229;592;29
409;182;10
612;710;45
315;438;21
787;66;11
381;29;34
487;725;27
401;16;10
583;690;22
557;321;43
59;411;9
195;293;36
157;181;10
70;201;17
167;563;50
179;568;27
74;463;12
249;237;49
398;745;19
91;562;10
776;587;13
209;741;47
461;522;41
538;157;3
386;237;32
634;629;34
501;738;18
208;708;4
106;460;1
582;94;12
239;101;15
466;530;32
348;37;47
305;716;7
146;376;28
416;141;40
631;211;28
461;511;46
203;496;49
764;534;26
704;674;50
545;641;27
465;513;6
669;231;36
250;490;5
242;747;45
555;282;22
362;721;35
78;33;42
204;572;44
72;659;33
297;87;20
59;113;16
2;160;37
770;369;35
286;307;22
99;559;18
473;481;50
279;617;31
313;717;20
26;245;5
588;372;19
651;297;3
336;315;10
563;47;48
498;203;12
71;669;34
787;288;7
305;441;24
162;346;7
496;150;2
518;684;13
719;18;9
606;145;28
269;717;35
144;181;27
85;433;33
86;189;4
160;461;45
410;600;9
191;445;25
12;387;35
6;663;27
155;247;2
531;674;4
606;418;39
566;455;35
535;88;30
296;71;48
329;492;41
763;317;14
16;607;6
54;132;15
337;425;39
599;799;22
541;176;48
646;184;23
37;176;18
573;194;33
671;780;27
350;577;12
168;587;50
530;528;19
313;238;4
496;12;38
18;653;13
713;332;37
295;42;3
585;724;37
254;475;16
225;377;50
367;522;3
154;527;22
102;669;47
228;673;31
796;269;4
204;171;46
176;136;30
613;473;6
433;550;33
205;575;41
469;657;37
158;298;46
34;438;20
761;677;4
511;24;14
13;595;25
358;462;40
271;558;15
504;726;5
337;211;9
112;460;49
282;726;38
650;749;8
78;780;10
292;248;41
704;286;33
425;82;10
98;233;20
302;290;1
82;575;25
789;546;19
42;329;46
598;291;13
665;611;50
196;71;13
126;124;17
376;438;16
674;23;2
550;653;44
428;210;21
55;90;33
398;165;16
329;493;18
156;348;9
57;558;2
128;358;50
387;125;28
393;562;24
662;785;19
203;315;28
310;634;32
128;540;29
401;732;3
288;228;25
213;380;1
575;277;22
241;101;19
570;210;4
750;700;32
500;370;38
625;378;6
174;735;38
585;492;13
568;169;48
634;223;33
122;549;46
213;636;40
271;533;43
378;461;17
624;435;3
618;269;24
262;158;16
182;752;27
103;291;29
593;796;14
497;638;12
771;37;13
263;720;48
776;84;11
647;263;41
215;141;27
619;600;6
548;360;35
304;313;27
557;665;29
149;436;32
354;375;42
716;659;7
473;661;8
268;39;13
539;529;5
316;333;41
407;511;6
164;87;16
262;741;45
328;250;27
183;641;9
642;377;13
149;248;12
784;111;48
787;170;15
361;228;10
368;522;18
697;292;42
404;487;33
570;505;16
409;765;47
298;404;14
457;49;19
316;185;16
420;446;50
573;758;19
174;399;33
547;172;38
90;37;39
600;510;46
29;350;12
246;529;21
113;319;23
674;60;7
315;500;45
114;782;50
659;531;20
443;408;22
233;44;2
754;606;14
721;298;21
556;624;1
750;67;39
25;442;38
490;496;18
549;311;35
422;329;23
430;366;23
773;160;36
109;114;30
466;123;13
590;257;17
752;773;34
283;313;40
515;533;31
41;520;7
156;131;19
364;432;20
268;652;19
651;561;26
222;253;33
757;72;21
683;449;29
580;207;15
363;536;45
511;798;13
443;601;10
425;750;33
759;292;44
26;310;43
738;242;9
417;541;3
148;419;50
721;541;44
474;471;37
613;443;3
683;715;3
549;161;9
102;316;3
423;455;33
738;206;27
382;246;9
572;429;39
348;400;32
433;770;17
99;239;43
785;583;32
540;766;37
9;643;42
530;798;20
717;498;34
302;67;48
459;701;15
467;114;46
692;174;34
522;682;46
362;398;26
206;723;7
278;114;21
607;771;1
773;368;44
645;548;33
476;572;43
476;752;37
299;444;5
68;444;16
407;201;50
306;695;45
757;787;44
124;10;21
783;46;18
350;364;41
322;511;35
502;396;28
13;7;20
557;610;42
250;63;8
76;147;3
302;436;31
577;246;24
426;681;41
732;702;25
205;172;50
793;448;21
63;336;18
574;280;2
756;593;46
213;735;29
426;301;38
732;568;40
134;106;1
703;296;13
56;98;38
264;700;43
51;790;5
558;83;33
659;642;13
432;331;11
610;614;49
204;170;20
546;693;23
502;589;35
509;427;49
768;216;24
65;704;46
612;47;49
259;183;2
463;754;12
326;298;2
388;672;43
535;680;30
227;524;3
632;545;35
629;586;39
649;165;26
662;66;1
85;356;7
449;567;19
678;596;48
337;41;36
327;162;38
212;393;19
105;492;25
341;154;28
235;551;30
783;93;50
549;237;2
580;259;49
328;64;23
258;772;11
85;152;29
512;242;39
303;29;1
255;166;46
619;65;48
633;454;44
668;348;18
402;349;27
122;135;15
749;668;2
784;13;16
278;786;13
200;461;37
464;60;4
657;600;29
554;96;5
539;11;27
339;710;30
488;611;35
295;6;33
458;164;21
222;504;6
643;514;16
569;518;29
14;596;45
347;523;22
678;416;50
300;557;42
393;666;40
452;578;7
453;68;27
270;76;8
121;713;48
376;598;36
259;18;48
181;153;19
277;20;43
142;639;36
684;16;2
780;581;31
467;126;25
181;693;32
205;294;28
476;402;50
146;290;2
81;633;10
679;218;48
33;745;46
283;39;22
470;154;24
100;270;26
402;433;30
523;460;32
715;91;34
20;383;25
180;194;44
245;20;29
741;506;25
249;292;11
708;65;13
523;470;43
421;277;46
261;456;12
8;111;37
484;428;44
57;14;22
462;301;1
281;769;41
607;574;23
436;21;36
543;198;22
86;252;18
269;210;18
305;301;35
791;632;33
784;705;21
278;154;6
338;400;13
55;789;4
246;267;8
667;194;5
793;500;30
348;382;20
453;353;41
161;509;3
392;88;43
532;60;24
277;558;23
758;403;17
739;96;24
500;418;7
363;374;49
628;178;16
199;131;25
176;426;28
319;459;17
619;566;15
557;303;34
716;401;35
81;293;6
676;734;39
233;587;36
535;345;6
21;791;43
232;244;50
289;547;46
63;706;18
768;582;34
328;161;18
307;425;48
454;557;5
406;189;25
126;179;50
78;127;47
604;502;3
121;611;45
760;307;30
756;313;34
494;53;50
761;85;5
734;16;27
530;648;42
707;344;41
347;503;36
241;74;30
261;762;24
752;583;22
271;525;17
572;772;8
402;358;29
329;284;42
186;624;42
80;209;10
553;332;13
127;454;20
356;260;24
559;130;47
191;737;20
112;515;46
647;398;2
19;753;21
13;497;47
705;30;14
765;138;48
336;117;41
17;5;6
401;211;3
621;706;20
732;587;15
424;685;20
559;133;46
410;259;19
23;517;41
654;735;21
595;289;7
400;241;43
686;506;4
283;102;30
529;91;16
84;290;8
290;722;2
451;670;46
305;426;38
495;591;13
367;308;31
401;164;36
3;201;39
31;590;42
271;214;15
104;660;37
408;756;9
706;293;7
132;648;44
222;787;16
596;4;41
103;480;2
413;581;14
126;691;6
743;112;2
123;43;32
153;544;18
34;541;50
674;458;14
661;772;17
783;655;44
147;593;7
334;410;25
327;495;4
727;446;36
742;81;22
256;258;6
426;788;9
458;411;42
91;357;30
176;182;32
141;429;5
524;418;37
796;512;22
784;158;38
258;289;48
114;140;49
311;712;35
706;755;22
76;246;37
679;385;17
162;443;27
394;27;24
209;714;38
146;191;12
529;21;22
170;714;48
416;74;39
410;686;35
94;215;6
500;286;48
71;355;20
434;201;32
477;170;30
705;670;9
636;446;9
439;659;2
545;201;37
360;280;7
366;49;16
543;92;14
248;581;12
210;796;21
720;535;30
244;631;50
679;75;16
722;1;9
713;585;17
774;674;21
170;648;34
762;699;4
483;429;24
232;760;22
275;501;33
784;223;50
246;276;47
90;574;49
742;759;14
166;444;12
440;554;10
204;657;30
598;678;46
240;511;25
235;558;24
426;17;35
7;277;10
281;682;40
395;489;24
316;468;20
424;89;19
118;344;41
603;771;14
461;785;12
628;203;15
419;249;3
307;216;16
499;143;17
13;785;38
20;686;6
112;82;12
791;754;41
220;578;5
427;265;7
353;471;14
435;585;11
48;654;45
753;715;22
337;74;10
257;767;30
121;100;22
391;131;2
606;632;15
763;69;20
169;438;11
323;103;50
61;752;11
293;224;50
143;415;40
224;569;40
175;381;38
496;61;46
88;782;31
341;64;39
301;536;36
256;181;14
240;648;16
275;221;28
501;582;43
330;510;9
707;289;23
180;199;43
271;24;3
232;480;20
3;120;7
770;128;16
211;465;36
18;657;39
218;221;20
800;216;49
403;222;41
5;521;34
378;538;7
271;767;31
19;262;7
112;467;43
537;595;49
633;469;39
654;757;41
591;436;50
99;7;47
485;70;5
31;682;47
109;690;20
146;266;43
256;90;30
676;613;24
252;473;24
163;198;29
492;274;12
70;120;28
539;671;40
458;597;37
144;182;29
348;594;37
108;175;31
493;325;25
3;19;20
53;458;36
183;491;42
86;271;16
190;490;13
125;86;15
8;594;11
457;125;14
70;268;7
287;721;32
425;170;22
701;479;38
731;393;38
498;106;5
517;256;20
367;721;40
713;334;24
215;503;30
770;691;26
441;308;43
176;663;28
134;637;17
160;568;29
233;14;19
409;674;26
785;514;19
443;383;49
406;328;5
736;778;5
681;570;18
162;58;41
629;747;30
192;765;20
517;50;32
699;198;34
210;415;37
392;77;25
746;516;12
221;491;23
65;648;3
704;362;8
717;768;15
432;582;20
347;519;38
448;216;17
731;348;1
75;655;39
622;402;10
406;356;36
354;192;25
659;573;44
149;88;36
25;761;29
114;312;30
404;717;36
303;476;9
791;473;33
3;223;30
647;426;42
402;628;3
704;751;48
34;620;26
103;335;10
679;166;40
21;681;48
495;356;2
697;528;14
377;103;15
632;555;48
102;292;23
63;704;6
47;473;38
313;645;19
327;81;21
288;467;30
160;711;47
2;750;40
503;678;36
62;396;27
718;711;36
41;690;32
461;609;7
572;122;10
147;211;31
184;398;45
50;51;44
692;420;20
351;621;25
290;292;6
104;523;46
58;748;22
523;118;33
140;305;27
596;165;45
56;280;38
79;211;6
189;740;38
287;60;37
269;276;25
344;740;43
780;209;29
446;721;49
75;60;27
477;265;30
525;747;8
794;703;44
789;798;37
792;187;15
607;55;10
434;261;31
155;164;25
57;587;7
669;644;27
484;247;17
506;536;49
254;129;42
296;449;33
308;330;34
28;329;3
70;316;19
757;175;15
652;578;13
240;722;17
365;267;24
416;636;27
10;97;38
111;386;40
601;781;28
245;377;4
704;406;34
116;607;4
602;690;22
319;11;4
381;8;35
381;140;40
56;22;28
87;582;22
145;454;9
395;18;48
238;158;9
338;671;20
22;405;33
732;323;3
29;122;4
15;583;25
147;605;45
361;130;22
258;30;45
4;733;10
99;184;7
39;519;27
49;774;28
685;293;45
379;160;34
198;359;29
546;205;40
729;317;12
368;28;42
41;249;6
753;241;24
472;469;47
575;79;39
297;284;36
44;525;19
556;421;28
751;37;4
754;508;1
563;674;39
218;642;49
96;603;49
591;686;25
791;178;21
529;529;9
158;565;31
100;273;16
507;743;19
38;751;42
739;357;37
717;70;45
138;240;7
779;250;31
211;299;9
426;70;19
710;370;50
192;545;39
471;760;2
697;665;37
721;94;45
595;305;4
34;329;36
99;762;14
451;355;31
584;161;3
616;375;37
57;145;43
114;300;22
384;35;21
740;88;43
614;661;5
127;716;31
493;198;45
582;453;14
650;540;40
558;22;36
220;389;40
284;427;26
541;783;41
264;617;48
199;523;34
40;245;8
181;709;34
185;236;29
474;258;5
607;24;44
731;675;15
264;34;16
416;623;17
796;267;26
294;108;3
61;573;22
790;157;27
667;228;21
50;432;40
103;202;46
494;380;33
558;634;9
42;490;41
637;511;17
207;43;42
241;543;44
565;591;17
621;522;10
496;253;33
736;385;47
200;138;29
634;352;23
628;161;50
207;741;20
80;140;9
38;39;7
750;482;19
33;551;43
450;72;14
119;9;34
122;213;33
730;793;28
41;164;30
319;509;21
220;218;49
695;639;44
499;147;50
125;539;35
384;418;33
38;748;22
513;744;46
711;421;36
630;471;25
535;484;6
273;620;14
785;244;49
241;258;48
728;406;25
562;376;49
208;526;37
260;239;5
40;476;22
491;646;17
671;586;37
737;339;7
779;410;31
720;169;9
44;422;36
566;53;45
740;696;4
43;645;49
52;398;43
397;787;23
617;132;43
427;352;46
720;80;40
648;420;11
215;560;23
180;415;2
60;393;28
702;420;6
206;717;36
363;790;5
565;430;34
509;597;2
447;618;43
452;319;46
712;32;20
101;137;12
137;565;46
177;338;46
755;695;19
198;549;2
363;595;37
497;573;23
235;689;41
575;456;7
27;134;2
347;595;18
229;704;43
379;529;45
349;739;37
110;775;29
537;54;34
560;38;35
150;214;3
735;196;22
713;534;37
126;346;3
552;156;9
389;285;4
167;576;16
138;207;31
224;644;38
13;326;30
93;641;34
574;130;33
243;362;31
445;301;45
559;605;21
647;76;30
527;280;28
271;426;21
675;449;36
177;556;27
340;258;4
181;123;42
554;177;6
169;11;48
363;486;15
267;437;50
127;403;43
247;769;35
118;486;7
390;796;8
84;158;50
767;220;26
47;714;28
94;379;34
84;651;38
637;390;32
405;670;43
99;151;48
203;511;48
450;238;2
136;588;30
386;453;35
299;26;33
726;296;9
94;30;16
561;71;41
658;631;4
597;348;40
392;172;48
173;8;4
353;625;12
560;37;46
51;205;43
262;389;29
28;394;25
198;117;24
573;156;1
4;698;16
745;401;36
254;763;13
751;783;25
656;450;15
630;287;49
415;669;2
711;338;24
414;76;35
94;150;29
491;17;41
489;186;47
212;416;3
160;15;3
722;385;33
135;575;46
395;629;1
672;405;14
748;164;45
182;782;34
442;91;12
292;341;16
137;284;34
311;643;9
122;585;35
83;799;8
106;24;32
327;253;16
461;778;22
181;111;31
538;752;20
716;563;15
289;241;26
586;141;40
735;543;33
741;364;50
665;414;46
49;443;20
145;73;49
436;564;33
83;19;38
320;278;47
597;435;18
338;306;12
716;96;3
129;700;12
43;160;19
440;191;41
424;79;6
536;84;3
778;758;2
45;696;42
662;693;47
471;403;3
469;372;35
153;188;9
153;638;39
163;195;12
719;183;30
397;632;2
138;156;50
462;551;14
402;146;14
213;615;46
481;532;25
568;706;38
581;655;5
740;95;13
539;365;30
716;30;29
691;269;24
770;110;38
158;62;17
412;592;20
95;158;45
540;652;21
609;218;50
194;193;25
797;772;49
144;241;10
79;643;28
507;337;46
68;369;21
604;367;49
402;49;28
552;157;49
295;705;50
554;98;8
340;5;41
11;200;28
107;766;44
578;267;26
265;662;9
612;221;8
282;119;17
564;515;5
434;191;27
495;443;33
253;741;46
104;372;19
355;108;50
131;498;44
80;578;18
621;524;3
749;167;1
560;338;8
791;783;17
258;562;3
414;139;42
381;76;40
374;522;12
716;610;40
172;589;46
612;313;36
549;753;7
221;413;45
217;778;46
787;255;6
330;671;1
229;609;4
153;793;47
425;762;13
361;201;19
321;512;45
471;53;46
723;799;23
350;700;5
292;244;42
414;559;44
74;4;35
718;663;39
220;438;35
17;388;25
467;6;48
144;633;29
234;684;34
215;103;43
614;66;7
512;50;8
79;111;27
111;711;13
416;429;48
104;126;23
363;745;16
687;54;30
602;370;1
494;624;41
471;125;21
276;164;37
202;457;10
743;711;7
178;598;14
377;645;48
693;115;7
773;421;8
159;85;3
247;503;5
714;348;12
66;454;43
146;542;17
133;393;17
209;790;32
401;244;45
531;616;47
532;320;27
74;661;38
424;609;12
514;328;21
270;316;29
571;563;14
723;726;38
513;194;10
115;800;49
40;297;16
511;336;29
215;755;39
793;214;10
526;240;47
778;594;2
89;101;28
487;441;22
339;635;40
140;701;5
171;376;32
726;598;17
412;314;40
332;228;39
429;241;21
140;754;39
650;532;45
426;740;12
538;394;48
733;151;24
38;424;34
12;280;13
338;350;48
614;370;10
608;330;10
688;273;37
480;152;22
240;668;15
767;350;5
661;620;29
382;319;16
615;353;25
155;603;30
782;133;18
669;583;17
158;677;18
78;103;35
589;465;19
394;447;22
424;490;25
752;113;50
303;753;26
658;59;50
188;599;27
682;792;46
657;587;13
782;198;17
238;636;5
394;607;19
695;474;23
418;430;30
333;217;31
444;178;34
797;621;9
327;116;3
5;485;48
769;129;43
229;596;12
274;470;30
122;19;2
161;319;25
420;350;25
661;419;2
166;118;16
291;639;12
81;584;10
169;482;34
57;270;10
5;530;34
147;56;21
54;231;42
787;387;19
335;136;40
653;175;30
657;60;14
712;183;15
10;170;1
369;36;21
269;272;6
760;193;15
662;570;24
358;373;16
213;422;23
497;220;7
128;687;49
160;192;28
254;69;12
779;486;26
153;599;4
451;631;16
482;704;39
167;461;46
171;82;5
187;346;11
47;585;15
428;525;19
78;47;2
195;422;30
519;31;36
742;125;42
672;47;16
88;178;44
681;696;33
644;656;30
379;124;17
514;675;2
597;309;16
757;63;38
265;652;11
614;797;28
502;522;19
744;588;10
474;575;20
211;417;37
512;559;29
518;362;28
637;794;43
207;605;37
353;686;29
469;225;8
628;135;1
453;390;24
189;176;19
83;374;8
265;242;13
182;10;47
570;302;20
788;720;7
38;41;30
545;298;34
291;602;40
257;574;26
523;152;31
216;653;35
720;48;42
310;444;34
128;328;21
649;375;36
458;772;25
192;445;39
50;91;4
462;768;7
277;529;45
344;554;10
610;589;50
25;9;43
591;195;27
423;369;44
192;113;39
519;208;14
158;138;19
799;514;33
702;717;40
425;652;44
687;196;24
539;347;18
424;253;24
17;92;2
321;718;5
315;684;35
121;201;12
743;737;5
360;367;18
583;253;46
81;587;38
80;468;47
790;648;30
7;404;32
746;776;30
351;186;4
508;4;13
132;764;14
17;209;6
163;603;22
23;128;31
38;583;42
666;285;27
597;441;18
622;448;25
401;380;50
308;494;14
613;102;27
672;502;26
485;565;19
227;710;32
8;630;26
355;375;29
762;679;43
659;365;39
104;91;33
272;580;7
222;749;38
306;554;39
624;55;6
355;346;5
628;679;26
446;482;8
635;723;45
295;447;6
49;580;8
5;281;18
128;118;29
215;753;33
349;328;33
116;650;47
451;505;6
519;213;4
684;431;26
355;190;44
425;512;14
511;280;5
357;526;32
644;393;29
211;750;5
579;389;28
143;718;22
65;591;15
71;677;49
781;551;8
663;672;47
184;338;21
724;205;27
791;767;23
796;488;4
569;375;40
320;311;42
258;647;44
511;122;15
276;374;38
399;719;33
765;630;7
39;407;35
646;615;49
136;781;39
324;4;31
553;549;50
81;745;39
71;398;32
10;441;11
619;129;3
14;79;18
545;237;41
576;38;42
324;525;15
661;543;1
494;415;40
718;68;21
229;747;42
463;677;6
736;304;48
507;239;11
183;581;10
483;205;50
581;704;10
62;173;46
587;643;45
560;138;30
608;655;23
474;8;18
91;437;4
420;316;22
350;251;1
401;490;48
310;259;47
416;216;31
560;250;14
530;493;17
513;155;27
51;719;24
90;124;36
355;374;7
481;542;24
472;719;10
786;423;37
661;746;34
734;656;47
182;239;27
204;728;25
652;448;22
746;611;20
796;79;4
217;506;40
47;349;45
520;327;16
734;37;9
248;333;27
122;454;40
247;666;44
780;413;19
358;535;40
214;396;38
580;411;5
724;709;50
217;26;36
371;479;9
130;724;20
129;264;7
440;764;14
580;613;5
427;594;40
750;577;29
663;468;23
92;420;5
324;792;31
287;479;4
141;51;3
100;129;41
661;690;2
694;112;2
482;523;40
113;241;6
591;410;39
591;424;2
720;368;49
548;497;37
288;299;29
234;205;23
58;724;7
53;613;18
719;128;7
661;334;47
268;433;40
494;482;46
75;111;32
637;724;39
104;345;28
457;622;47
198;329;46
184;798;20
462;10;43
423;536;49
506;496;49
153;381;42
83;440;8
164;508;26
507;722;26
254;721;31
762;800;16
213;11;1
233;159;5
280;478;39
713;469;42
77;716;17
535;635;35
797;92;22
497;445;38
683;23;12
298;47;11
726;434;5
518;118;17
374;20;17
228;729;42
10;448;3
574;445;10
176;310;49
54;676;49
387;652;4
721;528;50
73;282;19
463;350;44
368;755;1
411;329;34
772;304;37
146;375;25
636;441;43
349;239;10
163;784;3
347;295;12
243;281;23
280;190;18
481;218;35
441;567;25
385;713;27
127;396;31
100;420;11
154;518;11
417;599;37
164;429;27
213;56;42
687;238;9
493;757;9
365;388;42
795;660;47
80;631;5
621;373;8
611;373;14
14;500;14
119;328;43
470;312;13
568;106;28
306;399;10
188;768;41
552;429;34
559;252;46
784;562;35
796;77;43
757;739;19
434;561;25
524;184;33
619;776;32
121;204;20
497;757;34
756;728;46
147;246;25
592;494;1
563;779;12
111;105;20
407;711;7
168;275;47
627;420;28
622;92;46
31;62;25
750;315;1
523;426;13
352;798;7
687;520;43
702;660;6
22;429;22
246;610;7
218;157;29
239;205;37
790;116;8
321;3;11
156;670;27
225;689;38
220;714;3
653;144;9
365;305;27
460;377;21
143;554;47
577;777;8
408;260;38
110;258;11
332;497;10
254;78;50
178;261;10
56;293;25
692;583;39
473;192;41
656;676;29
30;653;7
77;81;33
317;776;47
665;781;24
706;490;50
39;734;47
137;380;12
610;652;45
484;748;6
358;595;4
43;360;35
353;198;15
112;435;24
360;542;4
607;465;31
160;537;40
524;363;28
133;380;48
558;413;23
762;473;11
164;413;14
156;207;27
783;664;10
332;143;10
348;231;14
310;520;50
60;760;42
331;503;24
249;693;40
650;597;2
121;520;50
571;349;24
500;721;10
104;431;4
208;682;29
774;541;35
69;797;11
121;267;36
201;62;35
51;796;3
785;362;10
236;227;10
369;232;44
726;655;47
663;680;13
596;712;13
721;758;20
621;592;50
196;645;19
566;494;33
210;287;28
89;442;20
231;412;2
16;144;38
243;228;27
510;648;47
730;503;10
297;65;6
39;295;13
366;394;39
64;178;48
717;45;17
772;400;6
326;300;21
721;92;39
608;367;46
243;233;47
467;544;20
591;238;30
570;240;45
716;725;47
672;473;46
580;653;31
417;376;33
743;271;41
372;414;6
237;670;25
70;107;45
538;221;29
494;26;25
447;65;20
168;254;48
251;332;3
257;766;38
218;159;15
49;529;23
101;185;47
674;341;33
245;368;6
595;688;43
195;153;49
111;538;17
87;57;7
720;393;24
755;691;24
235;66;39
715;174;42
9;288;37
53;99;16
666;445;33
365;741;7
37;525;43
769;483;6
635;561;8
232;783;29
268;334;37
133;564;37
78;800;9
350;131;19
325;416;41
558;665;45
75;211;44
773;540;20
573;270;41
235;29;20
401;77;17
387;233;3
514;1;10
542;175;5
164;787;41
29;648;35
60;573;33
608;434;37
493;309;32
284;208;46
204;687;31
219;648;27
322;423;12
85;69;37
323;723;14
202;48;12
758;508;3
561;256;45
291;791;20
516;34;11
106;121;24
559;578;1
702;485;42
122;80;45
440;238;31
238;414;29
304;103;8
74;772;16
64;167;38
112;40;19
482;780;17
307;505;24
633;680;11
32;325;25
197;399;25
49;96;49
670;639;49
604;537;1
203;538;47
538;667;41
438;175;6
320;98;13
111;435;33
345;450;20
605;529;4
786;796;29
38;458;7
533;776;36
514;172;16
327;180;4
683;131;18
770;258;5
445;231;18
668;221;37
415;461;10
159;514;5
310;232;2
587;698;5
351;606;34
386;645;16
552;619;49
619;515;12
543;464;15
166;719;22
104;585;1
616;590;43
344;640;31
795;512;46
267;168;38
679;47;7
772;682;2
786;488;16
622;525;50
706;552;28
178;747;16
332;605;25
248;450;10
99;165;11
507;156;30
39;117;28
323;366;32
232;454;28
637;367;27
428;726;17
417;88;37
475;72;2
199;657;46
736;370;24
641;127;30
755;742;5
91;99;47
141;25;18
665;354;4
51;129;7
377;637;3
499;110;46
646;559;45
6;135;23
127;361;11
665;194;27
663;466;28
93;696;37
183;576;31
51;423;8
48;324;45
718;460;38
400;172;8
310;644;14
179;630;22
434;121;25
246;419;32
519;720;25
161;160;9
546;762;1
101;452;23
68;418;17
583;338;45
375;145;1
352;216;42
566;299;7
541;382;30
451;437;44
7;335;43
605;686;31
591;617;45
440;688;44
623;636;2
126;336;48
679;725;33
60;232;23
755;24;35
787;785;7
395;371;50
238;581;9
528;343;18
54;645;31
136;786;41
257;762;29
438;722;19
339;228;34
184;7;1
635;454;48
161;250;12
242;772;17
8;640;7
370;186;42
784;412;37
39;80;5
91;209;19
75;166;22
52;30;14
286;281;28
788;450;20
760;277;23
49;606;38
14;146;45
791;347;44
148;701;45
75;10;48
481;514;20
503;629;17
677;667;3
736;712;7
485;186;9
435;39;26
630;484;10
667;76;31
90;109;11
481;146;10
151;735;10
79;473;30
288;679;24
21;241;26
730;22;24
138;349;10
772;126;20
4;200;50
340;116;11
201;276;13
303;493;50
458;624;26
341;49;48
209;736;39
148;7;20
658;645;41
749;49;33
133;683;29
348;533;6
4;531;28
571;3;27
536;559;21
769;205;45
221;591;40
657;247;20
107;39;34
155;489;18
560;319;36
4;731;42
569;652;29
680;320;46
490;198;8
744;284;35
247;506;45
118;433;2
139;118;37
700;425;8
217;42;33
545;214;44
610;564;33
605;297;7
730;325;45
639;524;5
144;511;22
706;570;32
116;610;37
69;549;33
542;726;19
559;564;11
36;692;10
683;498;39
101;448;27
777;545;14
128;132;44
51;216;11
769;525;16
370;768;30
33;677;40
336;310;29
538;450;10
631;478;21
496;14;9
137;440;13
56;667;40
13;345;24
214;394;35
165;35;37
553;594;32
354;570;23
556;242;50
746;69;47
346;356;11
567;117;21
739;36;13
742;257;50
727;443;20
562;103;37
377;277;20
759;124;4
168;271;3
153;723;44
705;586;25
655;304;34
305;430;15
67;130;47
85;76;23
151;594;5
301;483;20
464;574;43
163;96;24
764;105;22
78;283;40
65;627;42
730;766;49
624;246;19
221;139;37
169;42;30
632;609;3
784;259;27
434;533;3
554;778;22
377;69;1
460;274;5
24;82;7
228;437;40
134;759;43
332;330;14
71;755;28
271;739;50
639;13;36
598;488;50
390;104;49
786;742;34
175;318;29
788;744;8
453;42;7
340;34;5
339;148;46
506;695;13
283;732;36
183;335;49
142;453;45
462;767;6
266;692;32
556;630;48
692;392;11
9;86;40
596;384;49
393;621;4
25;685;4
450;44;33
736;237;49
798;120;39
478;589;45
659;471;32
87;713;22
751;741;3
63;616;15
188;324;19
605;401;36
388;43;10
388;405;17
459;100;29
501;269;3
260;743;30
618;348;30
390;473;2
605;223;43
7;668;23
469;583;30
104;36;31
713;164;32
402;589;12
125;542;7
591;116;5
136;794;21
581;577;31
378;281;45
799;245;14
121;328;41
88;316;1
597;248;26
264;699;11
337;292;36
236;509;49
501;247;49
714;689;45
755;662;3
773;800;16
234;580;22
290;587;6
83;66;14
253;218;22
514;474;9
645;268;21
304;203;5
539;499;17
78;144;25
625;669;29
788;443;37
234;780;49
408;146;40
76;371;13
627;8;45
526;374;12
76;184;46
141;132;21
773;89;31
217;371;26
39;221;31
607;46;39
585;271;44
259;660;48
136;752;14
332;107;9
191;679;18
607;279;39
186;238;11
63;445;13
553;643;34
241;644;9
132;120;13
170;666;1
710;785;19
774;332;2
374;328;41
271;157;44
659;77;36
100;710;33
472;166;7
194;721;44
744;776;13
616;783;48
311;640;14
308;546;18
436;595;14
758;164;44
759;256;1
755;106;34
61;253;38
434;517;8
664;319;45
277;285;39
191;63;18
757;529;29
271;479;40
188;121;19
519;33;28
3;610;7
363;254;20
796;470;10
276;703;16
768;716;21
136;14;43
737;590;49
18;268;38
171;286;47
603;745;47
788;561;28
123;127;39
490;188;34
482;490;35
132;368;12
372;83;45
173;224;6
240;574;49
522;620;36
680;81;3
343;52;14
602;128;8
429;515;22
780;145;8
637;629;25
777;300;38
525;670;32
56;358;34
795;367;48
133;563;9
324;609;40
133;64;25
451;248;39
610;117;22
494;56;5
240;499;18
638;627;48
625;84;3
658;131;22
307;29;7
504;715;31
526;492;47
673;646;15
196;45;10
155;17;24
554;456;44
516;504;44
115;776;50
452;251;15
412;55;37
443;141;34
556;110;25
28;66;44
273;230;26
648;586;28
686;674;20
519;639;9
437;399;12
146;13;20
655;687;28
64;170;7
773;374;29
398;287;28
501;430;6
173;88;16
155;220;1
737;671;29
410;12;28
534;727;6
253;532;35
777;52;20
325;785;9
248;464;31
555;379;45
770;87;33
552;740;34
640;225;44
715;460;32
140;578;19
259;19;16
507;61;15
218;184;49
466;385;2
347;279;13
338;522;25
313;540;34
143;380;23
735;476;12
698;94;41
153;725;41
145;518;25
736;134;43
177;286;8
301;374;6
136;558;11
691;600;28
620;443;21
532;418;34
256;135;40
462;151;25
149;690;16
455;732;46
82;222;2
68;692;7
249;520;12
45;770;29
675;192;1
549;687;33
167;776;25
257;194;42
650;717;1
350;31;7
157;129;16
100;173;35
317;677;41
402;55;33
388;360;34
429;112;47
398;501;24
251;395;6
356;46;32
753;617;34
119;166;11
360;408;38
25;198;28
344;542;1
733;395;8
155;298;40
268;31;44
391;528;7
473;77;37
774;639;48
582;226;41
364;150;45
410;733;30
267;242;6
550;527;10
241;142;39
431;157;31
759;91;46
604;417;41
8;310;1
137;307;15
353;378;30
246;292;34
247;321;18
518;403;39
652;250;2
95;215;37
712;492;28
177;336;15
733;730;45
15;172;17
504;24;12
717;104;41
226;656;37
133;736;23
707;57;12
345;561;10
745;16;33
409;800;48
208;565;47
310;492;34
609;241;28
725;225;1
710;464;41
12;588;22
504;374;46
268;610;20
467;267;40
281;210;40
778;74;24
380;117;26
758;113;39
712;238;41
722;609;44
750;65;45
442;137;49
421;77;39
174;629;12
552;798;3
325;682;23
707;439;39
585;755;12
619;77;7
66;584;1
394;666;32
160;70;36
136;21;16
105;189;20
664;213;50
543;504;5
205;602;29
292;31;35
568;279;25
719;268;6
307;788;1
85;456;21
405;125;26
14;228;12
635;388;4
71;226;48
510;61;48
186;105;28
92;738;48
495;135;19
573;469;7
38;280;50
517;770;4
698;379;23
510;637;15
425;49;21
565;127;28
7;652;48
668;735;31
38;693;46
800;642;6
445;579;17
23;726;1
101;509;11
56;107;35
262;742;46
714;294;16
55;206;34
751;68;22
233;383;38
800;799;39
333;176;21
671;492;28
432;35;31
270;474;42
735;38;36
275;5;44
254;438;27
579;664;12
284;703;25
391;419;10
562;595;50
771;219;9
507;754;3
626;346;18
774;336;1
379;202;1
677;368;23
173;234;13
326;742;12
598;205;19
388;603;41
20;690;36
567;118;46
726;138;40
564;285;26
370;86;30
301;143;35
454;291;46
525;699;47
674;246;43
591;181;6
275;342;18
722;623;22
344;469;4
147;228;35
515;55;38
418;188;13
70;267;6
761;635;7
710;341;37
160;355;12
419;592;48
45;348;30
784;463;26
233;476;37
367;397;39
5;696;19
656;377;7
601;521;5
26;136;14
221;368;28
610;217;43
450;172;8
362;148;12
499;799;23
72;223;16
467;545;2
388;475;16
266;188;25
607;621;31
265;653;40
778;690;44
487;227;23
693;621;24
541;476;46
331;575;32
779;284;37
544;400;28
562;626;20
258;561;45
692;412;46
786;433;25
577;706;46
573;452;14
476;463;20
144;110;14
587;34;4
134;695;39
244;480;29
745;455;27
738;327;42
38;469;14
294;600;3
747;349;7
732;500;20
526;485;4
493;138;31
57;593;29
125;404;15
472;246;30
314;280;22
225;160;13
712;657;6
595;402;33
364;471;24
177;415;40
779;677;17
293;678;36
308;566;5
241;320;12
364;278;45
465;691;48
556;101;43
148;552;13
731;166;24
640;796;13
443;248;11
783;595;33
221;431;8
420;501;6
143;211;26
371;398;45
59;21;44
384;364;25
286;488;22
127;471;9
493;350;17
140;383;32
641;356;2
374;636;50
110;484;22
668;355;31
695;401;5
600;695;7
198;51;29
649;148;14
283;252;8
212;234;6
630;629;27
689;453;35
458;383;36
2;643;1
75;721;17
576;109;23
380;546;2
311;566;15
747;412;33
504;404;31
581;451;36
665;666;1
221;208;21
405;673;6
561;221;33
698;11;14
672;129;34
337;202;15
193;461;41
265;35;43
594;374;46
111;800;42
653;376;24
75;636;25
323;28;30
444;285;31
126;113;3
336;238;6
542;62;45
664;690;11
719;95;41
202;712;40
123;664;22
635;281;33
105;163;18
608;630;10
429;306;8
506;507;2
257;159;35
104;279;43
11;529;45
625;583;39
472;699;8
346;224;1
421;304;25
388;729;17
726;490;29
457;154;14
557;630;18
7;555;37
235;659;46
757;796;11
295;553;22
324;771;42
266;754;40
707;461;38
374;776;44
450;160;19
139;420;33
341;193;6
525;286;6
11;458;16
4;42;2
158;279;26
759;442;5
559;797;7
621;654;15
85;20;37
748;162;36
525;762;41
54;297;38
754;647;6
409;495;25
120;274;28
462;334;6
542;385;10
434;92;36
478;216;28
474;39;39
365;567;19
798;256;50
45;330;34
311;101;13
750;318;23
7;483;16
23;516;32
150;31;41
555;299;21
517;20;49
220;522;1
58;376;9
755;206;28
526;480;11
591;631;19
439;11;48
732;49;23
741;583;12
505;526;18
305;299;34
558;474;8
452;560;43
131;421;12
568;331;8
130;289;16
751;452;1
120;273;35
133;422;5
146;599;4
639;416;4
79;282;4
442;575;45
497;62;20
303;779;13
143;388;3
355;593;25
738;166;28
367;591;11
243;703;22
396;137;45
302;594;14
651;652;27
373;533;14
582;600;5
471;238;4
144;533;18
739;557;37
273;595;29
449;138;34
166;616;33
691;711;29
312;259;5
722;262;16
41;56;43
674;146;10
516;739;46
427;442;25
222;543;45
55;431;3
416;97;27
9;70;42
3;412;19
658;287;17
226;170;50
445;547;33
153;789;1
713;353;11
348;623;29
410;634;33
774;145;38
297;286;11
409;93;4
164;764;17
570;605;40
589;591;33
363;31;11
569;249;4
250;545;50
325;509;46
776;378;14
583;593;22
577;487;14
366;462;26
669;395;4
146;176;25
619;623;22
240;9;3
67;487;10
40;287;19
372;153;23
97;471;4
629;376;37
716;157;40
710;56;8
765;433;30
459;601;4
771;404;7
440;248;29
391;194;38
296;694;2
102;271;3
218;308;6
456;778;10
439;746;40
684;528;9
758;288;28
618;650;32
220;572;22
763;168;18
760;405;27
24;646;18
142;64;30
179;167;38
599;358;18
445;492;36
330;15;19
768;443;25
564;198;24
735;540;25
747;619;38
34;94;41
200;667;44
383;296;1
285;474;40
643;335;48
323;780;39
311;707;22
761;613;37
253;650;29
375;554;30
215;383;6
722;182;29
588;442;19
453;311;9
629;403;15
543;628;3
533;696;42
408;52;20
759;450;49
511;776;9
472;47;14
473;372;8
303;2;21
98;88;35
83;225;12
413;141;45
396;202;25
87;690;22
306;761;12
778;151;5
617;585;18
662;578;50
421;192;32
749;783;2
677;195;50
715;520;49
103;50;39
253;449;11
567;44;25
327;593;11
99;231;28
407;166;9
166;171;42
491;9;45
472;610;50
29;787;24
190;629;30
346;180;5
387;33;26
53;379;9
550;396;8
98;422;8
738;19;34
758;539;3
206;656;33
449;566;5
683;60;35
589;344;7
788;546;28
47;196;24
366;358;14
393;126;10
414;441;34
248;37;14
39;568;4
471;141;4
191;309;2
510;200;12
586;725;49
370;296;24
221;149;20
774;394;27
481;513;27
560;562;39
125;773;45
57;740;49
75;361;47
799;556;7
631;445;11
621;664;41
155;41;24
598;278;32
415;13;39
681;482;35
594;432;41
592;745;27
789;443;26
237;447;44
513;678;40
411;310;39
242;695;6
760;100;5
262;54;28
278;231;41
760;653;42
715;678;16
8;591;29
353;23;50
93;450;17
724;425;39
794;749;17
213;342;46
763;706;44
366;432;10
306;61;20
412;710;48
511;765;18
12;680;13
748;678;8
739;756;2
212;281;38
381;89;19
103;363;47
692;541;42
19;170;29
370;595;36
738;406;30
40;263;23
498;741;41
227;57;10
220;567;27
800;544;31
431;28;2
440;20;46
78;274;38
124;30;32
415;140;27
716;638;41
77;282;13
95;154;17
597;561;38
362;340;38
461;786;11
638;772;22
6;21;41
678;774;9
662;36;14
460;763;24
414;619;37
187;565;44
759;201;24
396;149;10
386;448;48
245;429;12
490;157;23
730;424;22
621;313;46
336;401;31
778;688;47
513;219;17
528;799;18
792;91;50
618;273;2
580;446;50
61;720;23
771;327;17
585;352;34
271;513;33
615;170;32
660;278;11
232;756;10
257;41;16
716;541;3
373;214;13
549;728;40
608;519;40
731;148;9
121;8;49
266;71;50
610;395;17
312;423;43
597;98;47
198;743;29
731;541;20
357;392;17
33;763;20
134;368;1
400;724;4
612;624;31
120;301;49
644;418;20
478;743;44
479;750;19
433;29;17
100;453;33
336;744;32
433;148;23
672;735;27
550;392;7
548;184;23
390;646;1
629;446;13
575;641;9
97;285;34
358;327;34
152;736;16
682;708;17
159;343;37
568;682;40
743;686;49
228;235;38
666;186;15
329;378;2
52;793;47
381;490;31
93;30;15
596;526;29
679;224;3
754;693;2
560;185;17
452;117;46
277;247;10
191;215;42
29;738;30
514;107;39
121;760;43
685;102;2
161;636;24
738;72;9
578;756;30
87;13;25
238;580;31
796;283;35
729;223;32
143;589;27
302;797;28
584;434;18
86;256;8
425;466;1
363;741;38
80;205;8
19;307;30
475;799;38
759;359;3
360;686;5
399;674;38
218;782;2
259;10;21
700;165;27
790;548;12
632;323;42
323;730;25
586;365;11
19;276;29
181;22;32
233;15;6
279;71;36
24;230;14
761;773;40
420;718;26
774;63;4
526;91;7
325;604;40
476;243;45
493;513;13
389;541;6
178;746;28
595;345;28
682;542;2
257;431;21
154;585;4
611;505;17
475;744;21
39;707;33
700;114;17
23;471;11
434;142;31
491;150;50
675;99;14
145;547;47
686;286;23
288;385;41
270;150;42
703;355;47
174;126;31
259;781;9
307;359;12
129;245;10
457;302;30
780;369;16
581;489;31
290;699;18
673;260;20
218;672;24
637;654;40
89;217;11
61;716;9
2;419;8
61;250;9
196;640;16
348;356;42
540;654;13
344;107;10
681;662;11
783;633;22
19;726;37
438;687;13
499;661;27
232;136;35
719;711;25
700;682;50
428;407;33
470;27;26
776;411;4
496;266;25
228;92;4
538;583;16
273;398;8
323;113;47
389;491;24
474;776;6
358;406;7
368;6;45
345;573;46
28;577;38
92;311;27
393;737;44
130;512;38
23;698;15
76;476;46
218;345;16
541;543;43
428;63;10
676;458;17
494;212;4
315;167;1
441;475;34
690;375;40
373;242;38
484;781;3
213;246;47
342;575;4
559;734;40
466;500;31
446;185;40
235;542;9
363;571;15
494;627;28
184;4;6
377;769;27
401;591;22
434;187;36
696;401;39
770;798;49
743;535;34
36;575;9
294;112;30
207;716;12
471;239;21
531;757;7
105;679;30
799;661;36
694;259;17
792;673;36
163;749;30
83;527;2
232;287;45
243;25;23
709;394;3
769;434;19
295;279;22
392;140;40
261;406;21
508;140;20
523;61;36
637;292;17
20;627;6
612;663;14
43;709;6
378;339;8
20;273;23
695;499;42
234;446;37
773;595;40
718;422;37
315;184;28
86;760;42
128;205;41
617;718;20
175;523;16
403;468;8
488;132;48
734;782;30
22;313;40
541;725;38
723;338;15
431;584;10
455;330;1
786;617;32
239;313;37
128;291;19
412;244;20
726;763;5
474;189;9
229;450;37
477;152;7
505;384;1
107;20;46
451;198;27
208;434;22
412;133;32
675;73;26
603;106;12
231;465;36
377;794;17
344;541;33
552;546;33
399;653;10
457;357;11
369;184;42
56;704;4
263;653;6
637;88;9
385;11;34
494;85;34
410;137;7
202;159;7
636;781;5
539;261;15
377;525;26
9;432;50
436;257;23
254;713;36
303;729;7
471;556;23
257;23;25
661;401;12
775;742;25
342;656;48
119;621;6
299;314;43
713;501;38
6;543;34
728;523;28
38;613;38
747;126;36
296;197;17
754;33;29
567;492;15
587;442;23
216;351;34
459;40;13
295;23;5
161;54;16
333;478;30
704;763;15
2;245;1
315;573;12
312;435;15
597;217;8
107;78;35
296;168;10
574;557;30
686;609;4
4;636;1
158;557;32
762;774;6
36;241;46
609;577;29
320;297;7
155;676;9
27;516;39
720;379;35
320;531;9
126;227;9
504;207;16
591;796;47
362;679;15
273;665;10
344;704;21
658;351;38
266;180;50
685;282;49
99;379;47
534;60;14
236;43;1
374;195;13
774;633;7
399;708;13
234;76;28
537;570;17
295;742;13
659;143;39
363;694;11
42;154;13
731;350;44
138;506;8
719;403;4
640;790;27
123;748;29
699;598;15
336;134;1
150;636;36
701;488;10
444;291;48
11;474;13
232;353;42
103;436;17
605;195;44
132;721;14
47;547;5
517;474;3
282;466;49
528;397;42
450;722;20
324;749;5
99;59;26
276;71;38
467;432;41
511;705;45
177;526;30
564;530;21
266;97;24
477;529;24
368;53;34
271;178;28
521;741;8
581;532;37
12;654;6
740;584;7
721;100;33
97;154;14
3;56;7
515;195;9
744;500;50
75;763;36
342;614;29
351;515;21
592;468;42
110;68;41
676;343;6
478;272;36
295;556;49
715;690;32
554;163;33
404;17;6
218;601;29
649;288;15
198;678;42
255;212;48
54;528;21
68;352;27
356;747;10
710;50;33
612;214;8
604;429;43
447;346;40
470;632;37
314;128;50
581;133;8
166;517;49
290;328;32
19;117;25
654;763;2
326;316;44
702;102;32
584;421;40
376;690;49
463;628;5
607;535;25
767;429;49
669;653;21
151;86;22
698;172;17
425;273;9
227;491;9
419;81;15
338;317;1
644;728;40
141;774;40
535;122;44
185;641;8
355;549;28
232;372;40
554;187;23
583;400;26
757;546;2
167;7;46
111;671;18
196;349;24
17;10;39
132;266;46
119;387;43
13;122;6
126;68;10
452;622;30
643;273;2
329;342;40
416;273;25
640;414;37
69;552;33
641;793;1
391;392;13
8;201;27
574;35;5
567;709;40
508;520;44
681;339;48
668;666;36
88;788;2
528;589;18
661;705;7
664;525;26
787;177;43
43;490;20
202;263;41
369;167;49
627;573;38
630;63;50
83;88;30
751;136;8
337;648;9
718;778;35
116;721;25
286;356;27
713;273;8
237;800;2
618;554;15
45;431;25
310;131;5
63;551;1
150;546;50
140;163;30
386;21;40
454;99;14
515;174;48
8;736;46
477;613;7
594;565;44
6;230;27
343;377;2
489;332;12
107;564;7
284;282;44
784;603;4
759;347;42
727;418;38
791;419;27
724;536;30
91;306;23
240;423;49
177;797;11
331;284;46
214;560;31
97;374;38
756;55;36
502;340;28
152;733;41
66;203;32
26;398;27
29;201;16
624;509;11
125;379;30
113;434;40
205;381;2
376;457;37
500;798;42
402;144;18
327;173;11
643;799;33
7;420;44
615;755;20
540;490;20
588;321;11
346;26;43
672;492;31
380;764;27
196;259;34
731;64;38
377;314;27
725;380;48
288;101;5
73;784;49
19;139;5
768;502;14
261;585;19
24;437;30
564;713;11
414;193;26
505;326;3
698;142;26
133;728;29
553;67;17
304;290;17
705;452;14
175;419;47
527;621;32
23;357;5
552;536;42
570;575;21
322;727;48
489;178;21
216;203;48
234;240;35
690;257;35
180;216;30
302;272;19
512;145;7
163;495;19
302;111;2
705;285;29
178;248;48
738;551;9
321;742;19
138;785;19
15;286;47
634;561;3
120;160;31
774;778;26
218;388;21
621;306;32
142;647;41
285;110;2
649;570;37
358;14;12
794;800;38
557;476;30
482;450;37
595;609;50
385;229;34
10;22;5
762;505;39
312;577;30
64;729;44
196;277;10
722;766;49
486;443;31
92;286;11
19;434;2
440;435;2
369;240;7
144;74;47
375;693;43
30;713;1
744;691;4
443;224;24
320;708;45
322;98;31
487;169;30
651;162;25
533;177;10
291;246;34
304;292;3
50;523;26
568;360;43
579;351;41
224;453;14
684;355;18
751;412;2
679;121;3
134;85;15
689;340;3
102;53;38
527;522;43
86;423;42
262;289;14
56;736;24
571;328;15
259;117;14
194;701;39
470;699;2
3;416;23
466;348;49
232;513;33
231;356;6
314;666;33
467;669;19
584;62;14
726;422;24
712;610;25
562;635;29
122;731;33
273;743;1
490;171;23
257;192;8
726;600;47
784;149;31
772;196;46
416;568;42
145;705;50
729;310;45
403;453;43
356;797;5
72;81;20
405;221;4
168;580;20
180;693;28
577;615;15
128;186;41
694;681;22
97;418;45
290;616;48
63;225;9
178;558;16
15;607;10
254;71;20
546;758;4
686;546;26
646;174;24
504;210;28
253;203;20
454;418;8
768;213;36
232;326;50
236;717;23
545;219;25
439;177;4
323;281;28
778;326;20
252;520;4
786;779;34
128;104;48
404;292;35
423;524;2
180;430;13
253;613;12
296;511;18
58;500;7
233;738;30
680;103;8
541;288;46
138;788;24
419;21;35
199;581;13
541;579;41
484;241;20
392;568;7
17;361;37
549;476;30
496;443;21
402;293;13
797;105;2
593;538;3
218;383;4
164;236;31
260;74;16
390;536;24
369;682;27
779;424;15
494;159;19
341;428;36
319;647;1
327;171;38
181;527;2
653;8;49
126;402;36
432;302;8
4;252;31
601;724;32
799;19;46
764;122;9
687;326;33
268;753;43
27;143;9
5;158;20
246;791;44
415;53;42
97;290;1
112;693;25
323;544;3
229;744;12
578;593;10
305;411;36
100;136;41
382;640;10
772;355;21
242;660;20
302;558;11
240;646;27
137;151;32
219;609;24
440;492;5
219;525;7
515;248;22
468;392;48
248;612;5
530;499;21
63;629;22
717;519;18
613;448;17
207;95;11
307;341;22
328;446;34
561;281;13
263;798;23
782;271;16
629;414;26
106;322;49
101;259;49
2;703;5
387;313;37
500;38;14
570;386;30
440;604;32
544;399;24
686;180;45
473;80;25
441;558;19
510;762;47
295;291;23
232;33;35
157;740;30
286;735;5
291;57;18
762;230;36
730;107;23
753;26;21
152;526;27
162;266;4
306;451;44
385;77;3
7;86;18
73;498;31
289;691;22
55;173;35
608;292;32
104;342;22
553;196;30
478;177;10
125;147;19
313;455;33
517;115;28
237;768;26
193;423;41
335;549;18
303;487;28
555;734;42
150;344;35
174;484;45
246;75;2
330;55;24
252;229;47
712;477;21
96;159;13
77;241;34
670;308;27
735;748;49
587;542;27
337;569;35
680;490;42
147;424;27
535;732;35
485;523;39
628;423;50
4;282;36
406;709;24
566;660;39
219;437;48
266;220;18
140;725;33
652;342;48
744;701;3
612;43;17
762;390;46
326;751;9
497;79;40
33;96;28
350;3;13
410;1;35
489;667;25
23;230;19
319;177;37
372;757;49
600;13;29
710;206;48
653;701;28
273;609;45
404;626;31
143;294;19
429;14;19
544;242;31
400;429;42
254;623;12
27;335;5
189;267;39
186;733;37
185;629;7
209;161;6
498;628;30
235;694;22
588;353;7
364;100;48
563;470;50
798;193;29
219;50;20
726;8;8
510;171;49
427;507;5
524;242;19
390;316;38
84;123;41
21;46;17
791;589;44
556;761;34
800;649;35
103;375;5
435;579;21
754;116;33
522;437;22
166;732;23
677;454;35
37;295;49
416;484;22
103;272;26
335;102;2
378;772;18
745;258;40
584;462;8
59;785;9
499;349;32
238;304;14
164;694;35
300;609;43
73;122;26
110;353;14
264;304;32
712;309;45
428;384;31
357;102;43
330;548;24
587;9;40
366;227;28
738;82;40
736;379;49
83;169;33
295;144;14
106;256;7
758;157;35
235;296;6
602;449;21
246;185;48
129;687;35
702;87;17
733;390;28
621;603;1
441;47;7
3;664;13
126;724;32
134;444;42
11;534;33
328;90;28
521;22;46
518;756;22
19;754;29
740;71;33
303;629;12
601;545;22
144;742;37
229;736;15
489;428;13
727;364;17
217;264;27
666;17;6
579;436;25
286;113;8
469;189;39
710;104;2
700;145;4
655;773;39
16;284;29
170;681;49
209;448;9
335;633;10
18;774;48
246;742;2
322;422;4
708;579;32
593;614;22
84;145;48
277;766;24
145;452;25
141;401;18
185;667;30
736;390;29
278;588;16
452;612;16
370;574;6
586;750;27
784;131;1
739;318;10
686;446;49
665;647;49
530;201;22
581;641;36
53;278;42
47;492;19
773;134;33
640;17;43
781;470;41
662;536;24
266;580;24
418;368;37
205;595;44
68;108;41
435;64;9
579;381;30
41;414;4
128;643;38
800;617;42
91;465;46
672;413;17
651;444;8
4;167;37
636;796;48
45;608;11
354;523;38
347;5;8
240;500;25
775;324;35
79;178;39
142;788;35
289;411;7
776;365;7
559;714;24
217;460;27
569;612;15
640;135;7
467;763;44
237;114;3
323;1;49
536;341;47
431;400;44
796;411;30
769;177;1
50;108;1
227;377;45
222;184;35
388;523;2
194;521;36
10;491;35
284;145;2
770;659;41
638;406;22
219;255;13
81;650;26
569;541;43
188;660;13
241;593;3
753;476;38
507;452;7
664;644;44
66;794;25
588;26;37
738;101;15
704;8;31
705;97;41
260;28;9
328;701;22
583;493;36
45;745;7
532;705;50
157;711;20
524;525;31
11;670;22
295;246;16
569;189;25
654;379;27
502;228;7
249;572;38
56;786;13
566;319;37
256;6;42
149;174;19
621;177;25
201;681;3
601;192;43
18;232;34
535;476;40
21;370;37
404;11;27
760;555;33
207;485;10
370;106;15
388;678;43
236;680;31
232;268;1
703;117;30
756;695;6
509;493;26
785;431;47
769;394;17
347;727;10
93;418;44
512;790;12
183;507;37
496;477;10
757;126;40
88;760;40
454;609;49
45;129;40
354;768;34
248;140;35
792;138;16
715;745;41
520;562;4
553;356;22
518;9;34
221;169;10
101;322;22
235;289;24
413;515;24
82;140;14
591;677;11
547;9;3
773;218;1
372;280;14
130;81;1
12;221;44
357;384;20
447;438;18
729;446;24
671;15;9
618;770;17
232;216;22
197;290;43
103;120;20
751;406;14
339;443;21
291;15;20
45;654;50
767;426;2
791;692;9
111;787;34
5;444;16
798;499;32
601;752;24
126;370;29
476;180;37
303;471;17
715;347;10
146;75;29
775;7;14
375;319;14
9;555;1
686;557;35
720;797;40
327;581;5
695;318;40
624;60;28
680;487;22
703;158;34
193;647;27
486;269;41
748;57;40
534;172;20
215;46;20
352;355;36
317;701;6
574;298;19
588;29;25
365;173;10
553;362;21
237;253;36
722;128;39
650;5;30
663;347;28
639;124;4
157;109;16
29;270;9
91;388;42
672;452;18
346;362;14
487;114;20
95;167;2
398;643;32
51;724;30
191;159;50
562;172;11
291;710;23
233;707;35
707;197;46
536;406;25
89;426;4
374;115;1
625;629;5
149;186;28
111;356;6
69;167;13
60;608;47
415;274;34
752;53;31
374;111;4
641;147;49
231;632;30
315;501;37
283;465;50
384;115;32
12;757;50
38;770;30
466;492;27
592;706;49
677;513;11
4;398;12
70;384;34
755;725;38
49;109;5
47;523;35
237;242;47
624;728;43
164;99;9
199;507;41
743;84;3
583;424;41

