800
20443
4800
15;54
23;90
44;8
23;38
19;58
55;90
20;4
100;86
18;44
9;95
47;57
6;88
35;29
19;93
68;74
39;45
95;75
74;80
85;29
87;54
81;82
53;16
26;15
72;65
5;37
48;30
89;22
91;98
74;22
41;16
40;22
42;46
73;53
75;8
12;32
73;91
18;48
47;89
18;72
86;82
12;74
16;3
13;80
83;3
71;51
68;43
81;78
65;16
95;21
14;68
20;26
60;86
59;93
84;39
16;28
47;33
64;34
49;7
69;22
42;76
6;33
85;37
58;55
96;14
19;83
85;77
61;13
76;50
68;13
70;30
68;12
30;79
41;10
71;98
36;75
1;32
78;87
16;3
19;70
80;13
5;54
59;83
19;18
42;7
1;47
32;24
55;70
40;55
18;1
21;72
31;17
59;71
44;66
38;85
48;1
68;35
39;26
100;65
42;85
54;17
49;84
73;43
64;11
3;34
85;36
5;8
28;67
1;14
59;17
96;3
53;6
48;74
7;76
27;73
31;31
23;97
57;19
22;73
91;92
94;90
51;99
69;11
29;97
30;44
44;17
37;89
99;99
77;50
41;8
2;25
56;66
65;98
28;88
28;87
56;3
42;81
43;53
7;17
84;39
66;85
19;1
28;46
60;34
23;9
35;29
59;82
39;39
60;69
7;72
93;8
99;86
33;58
91;26
33;42
75;45
10;53
55;50
1;7
6;45
85;73
78;64
83;79
35;79
46;72
98;67
66;63
92;24
35;58
88;71
92;54
29;43
85;1
37;88
3;24
48;94
75;9
33;56
2;46
52;56
24;93
44;56
63;3
68;88
27;20
9;95
88;88
58;5
68;44
69;70
48;49
22;83
93;18
66;62
56;17
58;76
72;7
70;80
88;69
29;32
41;28
87;24
89;81
99;3
78;66
58;92
22;45
4;10
56;82
66;5
61;41
82;5
61;74
28;47
13;49
69;66
54;94
14;31
67;45
74;37
83;24
57;95
62;1
30;6
12;83
81;10
97;90
10;97
20;55
89;63
25;51
31;100
17;11
33;90
46;12
13;91
76;69
94;27
69;65
53;2
12;41
34;20
64;44
100;91
64;97
54;63
46;50
11;9
51;74
13;61
94;33
58;9
17;65
88;59
53;29
40;32
28;50
6;56
86;42
71;66
9;48
55;97
75;79
61;9
58;99
82;27
83;26
39;63
76;88
80;8
59;89
10;19
69;60
8;10
46;5
47;40
20;37
35;1
39;66
94;75
85;14
95;45
24;85
47;77
83;59
78;61
79;64
29;35
42;42
54;61
18;77
12;71
84;71
55;36
87;71
64;53
50;64
65;70
27;51
39;51
42;61
65;11
44;75
25;15
63;97
81;65
32;86
2;1
2;22
83;22
20;85
25;14
37;20
52;95
98;79
89;46
4;94
46;33
92;86
4;81
69;55
84;27
78;67
38;37
33;18
66;18
24;6
12;14
34;35
55;91
42;71
95;40
81;59
85;44
34;13
71;64
19;18
21;63
46;66
86;19
42;20
81;48
100;96
17;89
50;67
91;27
67;1
75;86
50;34
89;75
33;91
75;96
50;38
1;96
17;97
76;30
99;3
11;61
24;52
80;51
81;86
48;22
37;22
39;72
34;77
27;43
83;10
95;5
37;89
95;98
71;92
47;40
91;31
74;37
24;21
14;24
37;55
41;49
72;97
34;67
61;24
6;43
50;48
47;71
28;89
8;2
8;89
91;8
68;40
40;39
28;17
69;88
85;43
99;91
64;72
68;97
64;49
80;64
23;37
39;82
56;89
52;64
84;66
80;82
26;43
77;52
83;82
15;51
98;12
82;97
77;13
74;92
26;42
51;58
70;31
7;6
77;81
15;47
51;81
39;98
5;19
98;67
83;57
43;81
14;44
93;23
59;49
26;62
72;95
71;48
91;88
72;23
17;70
24;64
36;76
50;100
82;5
43;5
86;98
37;26
9;71
25;44
93;76
10;4
29;78
33;70
98;62
48;49
10;15
19;78
45;67
15;72
24;79
48;41
34;92
77;86
25;67
45;40
21;98
1;79
18;61
53;41
31;59
25;44
44;36
22;10
68;40
81;34
88;3
36;8
45;25
47;65
13;90
15;60
85;54
87;13
90;11
95;97
54;15
34;1
38;78
47;31
71;61
84;98
41;92
8;53
44;43
31;95
38;71
45;96
59;73
92;44
1;16
46;37
83;24
3;10
36;95
22;70
16;27
56;56
64;7
27;37
76;79
66;77
34;15
43;99
49;15
20;63
40;13
31;10
97;28
40;32
87;69
57;95
40;10
2;48
72;15
86;63
31;68
75;33
81;48
94;2
64;28
23;21
22;89
13;71
82;40
53;59
74;56
98;81
43;86
80;86
37;80
97;12
54;56
18;12
90;76
74;84
20;12
2;28
4;60
97;36
100;48
51;20
46;82
2;72
53;74
12;59
12;6
16;72
100;81
67;66
89;87
63;82
73;86
84;51
21;50
79;87
9;60
84;45
90;45
100;21
82;63
1;73
64;90
2;38
43;32
2;96
35;11
28;11
67;15
65;21
29;44
15;37
87;43
18;39
58;20
57;68
22;73
59;81
6;98
100;34
58;69
71;76
19;94
58;24
66;91
17;96
21;29
68;5
67;46
76;27
43;96
37;56
81;24
58;71
81;5
57;49
76;92
31;87
1;51
28;72
13;70
60;11
4;21
26;80
33;97
90;19
36;76
63;29
2;92
94;60
9;32
22;99
15;64
9;38
30;98
3;64
10;19
90;34
51;65
15;65
61;16
69;93
14;32
80;32
79;4
67;6
35;73
23;87
61;22
73;31
53;16
75;75
23;63
100;93
61;48
1;90
83;87
95;63
35;92
23;61
94;93
18;98
22;67
19;98
36;54
91;28
63;36
35;10
70;46
12;71
94;54
61;23
42;85
34;79
66;77
62;95
25;79
98;33
63;82
59;11
82;8
3;7
19;66
53;97
85;44
60;90
63;47
10;45
72;39
36;23
85;13
27;79
46;6
75;81
85;31
75;15
60;27
61;22
61;27
54;99
93;85
67;61
51;12
49;12
68;25
63;61
100;67
6;64
22;65
89;56
12;88
2;5
78;53
42;48
62;86
33;20
30;24
93;12
43;32
94;99
73;7
10;7
47;20
68;63
81;70
48;52
33;60
49;90
72;52
88;76
14;99
100;1
81;30
11;3
66;63
48;14
21;96
50;47
52;42
1;19
35;11
92;83
23;88
24;69
30;93
65;12
87;2
63;70
91;71
63;6
8;34
28;62
86;85
25;20
24;52
41;33
80;80
38;63
67;22
58;27
63;3
40;55
100;20
68;46
55;67
87;69
50;76
14;59
89;22
52;97
69;22
59;52
96;7
69;14
40;13
48;91
57;100
21;84
94;44
85;77
88;81
30;53
3;5
57;100
14;15
88;92
26;21
40;17
74;18
48;78
38;29
38;14
55;6
100;33
19;10
75;1
10;43
36;44
88;13
90;54
69;44
52;48
76;83
11;32
88;66
53;9
18;94
31;67
28;22
74;17
42;38
5;75
20;51
57;99
96;73
93;76
78;80
56;13
70;7
778;20;11
775;564;2
536;297;28
3;753;49
521;648;46
753;792;31
388;253;45
314;552;2
49;763;11
128;44;46
136;150;46
525;592;7
727;516;46
773;345;44
731;155;29
605;700;40
532;507;22
171;276;17
510;674;11
430;69;24
544;761;15
398;158;46
18;100;21
297;250;13
373;67;42
400;511;32
95;369;26
200;621;37
487;140;7
564;71;22
100;396;23
249;642;2
772;193;24
459;9;14
296;185;49
578;413;9
469;710;26
211;29;39
387;731;13
172;782;26
280;454;39
487;602;28
786;418;25
707;452;49
576;401;39
185;533;44
158;392;7
289;147;11
499;742;29
485;225;23
16;452;49
179;235;1
486;344;40
390;332;36
763;416;10
699;255;8
384;789;31
563;91;1
685;717;23
286;439;29
529;394;34
780;747;38
667;638;47
575;443;21
150;172;23
661;77;14
209;537;5
368;164;13
500;792;45
109;388;3
731;561;1
242;424;8
150;290;24
129;708;11
507;568;3
506;425;16
779;723;12
513;626;48
304;794;29
60;164;34
679;660;31
603;635;35
39;332;17
524;90;33
414;368;11
14;315;34
521;139;15
680;260;18
160;254;45
670;628;43
233;41;30
186;768;36
700;549;26
526;687;37
688;10;17
674;154;39
125;288;10
531;251;45
110;436;2
57;97;9
706;393;12
172;40;16
8;620;37
760;176;44
230;571;32
536;169;19
545;421;23
703;189;32
181;216;2
584;587;36
462;251;14
250;234;8
46;210;48
539;413;40
34;230;23
743;686;46
130;493;9
495;69;34
538;561;18
539;102;13
16;10;48
668;483;15
782;658;22
331;710;30
132;167;27
677;110;40
573;539;28
399;222;26
307;139;39
304;432;12
701;535;9
232;370;13
348;6;21
572;167;32
484;56;40
267;611;15
102;317;49
185;674;23
61;309;4
62;284;47
633;235;44
570;350;3
18;216;44
680;738;28
131;620;19
783;291;24
539;189;16
590;291;14
48;700;33
568;711;10
521;447;25
384;289;13
654;261;45
379;358;33
505;307;27
635;419;15
260;30;28
510;675;2
320;735;39
400;321;41
789;631;43
151;679;40
55;429;12
715;658;36
414;250;29
488;284;29
492;2;13
502;412;50
176;723;8
560;525;18
206;755;22
771;64;11
659;793;35
612;485;31
122;638;38
401;391;21
321;525;42
261;74;27
110;477;25
430;565;7
260;520;25
499;605;45
178;639;33
356;400;29
148;794;26
518;568;41
422;537;41
247;21;21
344;437;40
356;395;12
212;577;3
499;416;33
543;241;13
502;380;35
219;515;5
684;766;24
514;241;47
125;322;39
29;500;41
261;473;4
449;106;39
649;70;42
334;779;34
666;518;28
320;76;25
210;733;14
673;183;23
673;247;45
774;771;6
552;653;45
249;19;31
275;224;35
345;445;38
428;227;40
497;30;6
178;240;15
416;598;19
489;758;36
16;271;14
171;791;20
444;312;48
292;771;41
725;333;40
451;407;3
557;548;25
55;44;41
355;4;1
631;592;18
326;791;3
102;599;24
274;635;21
644;787;14
470;175;4
177;775;29
474;394;37
110;395;36
252;626;5
431;739;23
292;657;3
164;523;15
76;504;39
547;169;32
534;203;38
393;577;48
107;679;23
368;757;7
322;393;14
86;61;42
556;773;35
527;27;29
85;578;30
611;133;22
46;212;34
233;421;12
320;111;27
781;289;20
411;222;23
616;626;39
716;413;50
346;550;22
390;56;18
368;405;8
7;644;22
32;105;33
265;395;22
658;303;2
589;124;5
492;586;49
769;535;33
520;785;19
573;758;25
775;162;39
144;761;29
420;313;28
450;272;33
411;755;45
599;627;16
10;782;18
578;170;40
60;786;18
533;403;24
326;675;23
686;637;18
107;540;45
39;52;36
288;110;14
591;531;39
476;123;49
772;585;47
404;107;30
370;793;40
511;347;6
477;97;29
486;793;2
56;633;14
196;533;46
503;589;43
345;535;2
356;716;27
448;255;1
270;69;50
200;132;26
521;244;31
437;790;50
238;337;38
726;249;26
184;623;30
247;241;28
472;364;44
743;204;34
555;430;43
337;428;4
631;107;2
25;523;30
506;141;10
686;694;43
549;68;26
501;762;43
639;741;7
60;416;33
262;82;5
743;146;33
304;357;31
275;10;12
135;477;46
20;543;2
737;263;30
380;340;4
796;767;5
339;413;3
187;231;45
182;262;14
668;554;41
348;24;20
613;661;10
90;516;18
643;430;50
676;518;48
405;19;26
423;345;32
10;415;30
19;266;29
283;34;41
480;743;4
686;763;9
756;654;44
531;702;11
249;305;30
611;369;35
659;165;34
653;401;14
537;205;29
796;133;2
493;580;50
483;493;13
450;594;31
449;377;22
488;771;22
414;699;45
437;65;40
692;335;1
138;733;27
621;664;48
761;187;10
233;433;24
527;521;4
588;199;44
675;295;24
649;346;6
636;59;39
564;521;20
375;455;25
650;534;15
185;163;49
205;304;12
789;766;5
598;493;38
483;457;12
309;507;26
88;680;12
158;101;21
646;171;29
628;452;22
64;158;24
545;174;18
465;764;5
678;700;48
24;492;43
518;32;44
524;513;43
236;383;42
314;473;11
27;711;15
524;338;27
183;556;39
342;58;5
688;391;41
302;722;47
26;501;1
123;509;21
348;66;25
233;21;6
83;764;4
437;405;8
276;63;31
677;725;29
605;70;31
701;750;7
74;430;17
722;471;1
126;304;12
118;535;50
49;463;2
347;487;12
176;264;42
156;78;23
530;792;35
385;438;46
758;350;36
800;469;45
307;254;9
716;501;4
197;1;42
503;376;18
76;435;33
707;88;22
533;78;41
729;288;47
78;598;38
228;401;47
107;554;24
494;479;42
506;114;19
759;175;9
300;505;21
459;64;25
610;197;45
261;154;22
232;110;20
386;339;40
456;9;48
269;468;23
296;394;20
609;90;38
344;344;39
702;55;6
733;266;7
185;411;31
428;656;4
168;47;22
751;800;18
360;298;12
515;479;3
373;731;5
615;588;21
792;441;47
357;673;14
573;268;12
578;107;48
238;72;21
606;428;21
414;641;16
91;596;1
104;588;10
606;565;36
338;133;33
123;523;26
70;741;8
467;500;38
386;719;50
424;758;3
594;328;7
459;524;40
352;573;14
783;277;16
323;653;17
656;333;19
666;278;37
408;150;16
772;574;14
489;226;25
498;738;24
556;718;46
346;421;8
18;719;7
50;238;16
205;43;50
522;57;41
512;731;28
452;169;44
667;78;23
33;589;19
317;437;24
488;29;34
38;670;47
86;734;24
195;377;40
262;276;33
286;95;37
658;607;16
704;313;28
554;336;19
539;233;34
377;74;47
462;449;21
599;206;39
145;668;49
649;396;7
116;91;33
28;127;28
667;568;32
295;790;41
70;218;25
651;203;47
651;691;42
514;324;46
29;123;38
752;652;21
179;748;2
56;564;6
635;430;23
262;555;41
252;132;16
221;461;12
166;59;3
173;195;30
457;531;26
99;242;25
263;104;39
703;599;11
239;96;32
59;234;35
199;735;14
585;697;48
315;658;26
129;276;7
110;757;26
222;225;29
584;683;35
703;756;9
225;206;26
655;207;50
484;733;19
625;413;18
287;548;16
223;455;18
165;220;36
110;258;19
63;430;38
251;143;41
662;57;46
654;518;27
400;6;2
686;367;45
96;24;39
335;484;43
725;492;14
697;717;35
31;33;11
347;67;16
196;687;38
105;107;37
618;315;25
556;610;14
164;306;16
42;358;18
454;319;5
408;676;16
360;84;23
65;564;44
432;368;2
16;480;33
274;784;34
128;451;29
654;783;20
235;496;41
528;267;40
730;497;49
633;52;28
72;507;47
308;373;2
30;85;43
592;128;17
249;714;30
508;431;15
679;49;32
516;791;26
387;684;30
231;723;1
345;120;49
676;563;49
746;398;10
632;474;26
144;267;34
652;123;50
275;611;39
529;223;29
26;659;31
791;699;32
393;563;2
630;329;14
685;323;5
263;596;43
42;108;50
100;527;25
538;53;13
469;251;6
35;586;39
20;348;15
616;230;6
289;615;27
349;236;4
473;186;23
197;88;1
575;204;48
324;124;48
59;340;28
767;363;19
356;77;23
549;514;18
471;188;10
345;736;42
436;21;2
573;495;10
733;564;25
64;339;13
721;237;20
570;201;22
684;337;44
68;59;39
362;305;10
705;256;43
21;673;13
716;777;3
551;709;33
343;244;23
658;118;46
170;162;6
533;622;12
547;648;8
137;259;35
469;737;46
602;227;33
793;15;38
394;267;3
221;117;29
702;489;1
123;570;38
681;130;8
193;251;11
91;613;29
385;451;10
706;308;39
644;609;20
651;339;15
703;641;31
560;235;36
677;192;14
373;541;43
430;497;39
17;500;10
725;508;37
380;495;48
203;741;48
769;521;22
555;674;36
332;399;46
420;308;50
24;177;24
411;646;43
74;370;5
506;582;16
554;12;11
205;127;21
703;497;32
776;482;37
770;468;39
626;8;38
329;34;3
778;606;7
578;549;15
536;285;28
166;267;36
258;586;42
227;326;46
678;375;6
101;441;43
700;577;32
269;745;16
459;685;11
691;406;17
378;342;27
763;788;26
248;209;25
551;608;42
339;575;6
214;10;10
502;427;20
211;733;3
700;328;45
723;301;16
26;605;3
784;180;35
433;63;38
402;226;16
252;251;7
397;128;20
277;672;34
765;767;36
719;301;30
476;453;11
382;708;30
98;361;33
370;556;31
480;684;16
149;723;36
118;30;24
332;510;19
447;691;49
705;139;26
656;218;46
542;87;17
264;612;30
460;467;26
326;222;22
698;501;31
297;16;17
197;265;36
624;307;6
474;639;24
600;796;4
461;173;20
382;532;13
530;34;2
676;641;23
438;432;49
319;467;36
559;657;44
672;441;33
494;197;2
183;570;30
288;576;17
467;765;24
34;714;20
613;58;46
538;548;25
679;500;3
742;474;46
280;73;43
322;274;37
339;653;32
377;186;47
725;652;36
555;601;45
208;116;29
398;102;43
335;317;13
71;773;2
125;683;27
78;192;12
266;751;32
289;507;33
535;280;43
641;158;29
213;277;49
464;467;20
705;419;13
532;501;12
555;681;7
400;350;3
691;747;12
765;333;9
205;464;40
467;509;5
362;598;37
322;202;8
519;547;7
220;226;10
564;750;33
480;155;36
773;594;1
147;526;18
511;467;6
336;235;10
344;9;12
764;495;32
134;146;16
13;267;8
369;477;5
138;222;14
95;732;32
633;32;45
738;489;14
312;474;27
299;636;15
261;214;36
565;409;5
768;363;17
67;520;29
599;9;38
467;720;13
460;61;18
579;64;43
687;212;36
507;77;37
113;127;34
222;476;4
683;800;21
3;177;44
420;481;6
6;550;17
529;467;46
215;229;37
300;112;13
350;337;24
147;26;9
596;31;48
62;374;14
743;553;41
436;572;33
393;619;9
527;474;39
331;785;32
434;293;35
50;782;34
428;568;3
177;756;10
645;563;5
410;622;20
461;389;28
454;731;3
236;393;40
211;758;26
111;43;35
300;260;31
175;726;6
380;734;42
73;740;22
554;635;50
391;169;4
727;144;21
190;286;30
759;266;23
259;508;42
204;302;34
344;146;35
108;403;44
12;98;36
7;632;31
509;618;1
238;710;36
305;695;40
242;593;22
387;694;39
157;693;3
197;426;39
216;522;32
7;402;2
132;653;28
748;401;27
798;543;14
771;799;46
486;519;35
158;113;15
647;293;3
358;259;34
617;4;49
75;16;13
300;718;33
100;359;49
457;447;32
292;705;8
765;492;33
630;404;3
708;771;5
451;244;5
800;90;2
548;658;12
230;453;36
73;608;46
203;576;3
614;645;32
664;788;39
398;470;26
713;541;50
434;46;22
242;52;18
735;652;41
334;328;33
183;451;28
546;242;41
584;714;37
544;440;40
719;83;43
159;346;28
697;444;12
715;554;14
603;609;18
55;76;26
173;605;22
424;425;42
561;451;7
249;84;1
750;196;18
434;432;46
23;95;47
489;671;19
253;22;2
206;595;2
443;426;38
70;339;2
534;592;33
222;485;10
771;709;4
641;736;7
536;247;47
424;731;18
327;542;4
580;410;11
523;134;2
49;470;9
294;487;27
389;560;41
355;571;13
377;358;23
797;638;15
558;286;36
393;423;20
91;177;8
59;2;22
242;455;44
290;537;21
459;316;38
442;85;2
726;38;18
143;461;37
19;618;28
143;764;17
449;330;7
764;542;49
242;200;13
650;535;40
394;169;10
61;13;41
634;305;23
641;422;29
4;213;39
155;469;2
78;85;1
686;609;2
401;499;21
245;693;7
733;350;17
642;251;8
553;339;24
490;321;22
295;627;7
760;156;23
141;385;44
123;142;13
211;294;23
531;193;33
341;65;40
245;320;30
145;786;35
395;698;14
314;33;25
469;121;24
314;580;34
650;614;22
201;720;5
589;360;9
200;578;50
444;277;20
300;307;7
428;692;3
28;273;50
397;387;1
543;384;3
67;620;18
212;313;50
181;181;36
692;12;37
138;661;1
207;621;17
469;475;24
363;614;42
136;55;19
261;429;5
205;617;12
538;238;35
250;76;4
462;693;3
557;603;45
189;423;6
148;334;18
55;567;17
49;460;35
451;401;47
12;548;29
452;266;18
146;506;38
92;795;18
284;16;13
750;79;46
574;704;46
778;254;41
206;385;26
256;209;31
529;280;50
491;300;48
91;184;49
792;147;7
261;405;42
649;15;20
373;577;7
32;14;33
461;738;35
455;789;18
395;633;2
48;352;50
167;65;18
432;721;39
498;542;49
266;41;21
407;363;26
293;677;6
393;735;5
632;183;20
375;424;2
267;226;28
158;329;35
77;458;4
52;339;49
375;730;38
53;243;45
157;90;3
604;788;13
799;372;17
144;495;9
130;317;37
603;290;16
423;390;22
304;86;19
182;45;27
524;284;7
652;745;15
98;22;42
239;207;20
148;140;2
632;686;30
573;419;44
99;471;50
755;736;3
331;21;9
464;287;23
609;271;23
251;269;35
555;230;38
353;368;20
721;415;20
202;202;37
144;576;28
473;229;48
240;622;35
764;717;40
694;439;43
676;76;32
371;751;9
97;45;18
136;418;12
476;411;9
798;544;22
309;700;31
653;153;14
334;224;26
233;373;19
598;488;25
26;38;6
253;784;17
727;282;38
344;85;37
732;602;24
427;721;1
219;382;44
796;514;35
136;520;37
319;781;42
721;787;13
231;510;45
553;55;47
520;731;23
93;153;49
726;686;38
205;151;15
232;307;35
427;740;27
630;453;10
725;190;33
84;22;38
331;155;7
313;135;9
703;693;5
160;800;11
304;392;6
621;323;44
282;754;46
769;564;2
237;470;45
174;275;50
301;754;14
403;586;25
596;796;45
644;602;7
716;551;33
321;63;43
691;577;11
79;643;43
609;501;45
299;2;37
500;288;1
197;793;1
539;99;43
42;62;6
216;564;23
550;47;26
510;148;15
663;336;30
473;85;10
782;630;41
79;796;12
19;271;49
770;553;16
497;61;18
354;503;49
712;700;30
436;319;50
141;690;26
105;413;9
628;653;27
223;252;18
417;250;38
227;729;16
783;577;27
609;641;7
227;119;33
647;609;9
427;298;4
615;396;35
599;318;16
724;328;14
128;58;21
135;548;23
3;347;17
702;22;41
754;404;1
127;89;2
358;75;32
319;257;45
83;568;14
725;528;20
112;637;36
512;380;15
491;51;21
147;133;3
213;269;38
523;149;32
254;392;32
710;273;10
547;389;47
311;357;36
245;231;43
218;308;17
410;697;41
631;520;24
125;689;13
540;341;26
611;711;41
167;691;13
532;493;16
532;76;15
353;785;22
412;269;39
43;242;7
390;73;44
459;671;33
46;286;27
461;601;14
590;214;18
579;701;24
7;167;32
445;672;18
361;245;13
294;747;4
520;348;46
187;379;47
464;49;17
184;284;35
112;739;12
289;748;36
794;505;5
96;214;12
398;62;28
570;233;10
230;524;15
37;521;33
490;757;18
383;771;3
623;326;11
457;650;8
361;324;7
310;748;34
600;150;31
404;80;28
279;518;48
109;316;31
363;577;44
583;68;45
519;330;18
95;22;21
553;704;32
642;318;44
703;728;27
555;80;21
419;794;28
731;309;25
728;615;20
181;632;50
399;710;15
260;118;43
297;455;10
482;762;2
157;105;8
767;125;48
268;111;30
764;295;34
49;687;2
265;745;23
384;106;12
456;440;17
147;369;34
712;593;36
630;587;27
263;761;28
297;170;6
379;445;8
528;338;25
440;265;48
270;62;3
100;183;42
300;161;21
720;5;45
195;657;26
252;775;39
103;456;48
316;781;10
363;745;25
764;613;2
357;177;29
157;775;7
317;73;47
683;625;34
662;337;47
390;424;29
282;785;12
113;774;6
538;564;36
411;538;32
486;286;25
799;661;39
77;556;44
81;608;13
26;67;7
97;309;23
423;158;44
709;285;12
63;361;34
714;416;8
99;401;38
355;187;29
735;722;24
514;65;48
776;444;46
669;80;6
190;557;19
502;16;22
236;50;6
716;419;1
366;381;48
100;648;41
188;341;41
208;692;19
646;660;42
426;727;33
129;573;5
71;386;33
124;110;35
562;220;19
166;651;25
692;687;8
433;533;49
548;631;19
605;534;14
535;263;41
402;792;38
720;386;22
455;89;16
780;358;43
423;496;45
382;709;13
347;544;39
10;95;30
172;791;31
380;78;32
678;181;27
161;34;6
261;334;38
780;423;2
633;339;24
728;125;31
598;467;23
528;41;27
9;463;16
233;300;40
536;100;14
315;630;36
152;262;19
258;244;30
238;156;34
605;76;45
506;143;47
34;17;25
703;591;3
242;188;43
378;613;39
598;280;49
646;269;2
112;483;1
164;537;43
118;191;14
77;409;17
148;664;16
68;154;8
200;386;41
352;459;7
432;427;50
19;682;34
216;551;21
197;657;33
26;86;24
282;615;45
473;681;15
48;614;24
220;308;16
600;347;24
4;378;3
252;21;27
28;56;8
295;425;1
147;553;5
126;758;46
463;737;12
3;508;29
642;684;24
380;650;22
7;241;2
18;149;7
554;193;31
322;29;29
158;324;42
168;120;31
162;181;19
348;224;4
486;389;44
394;188;11
187;173;41
199;426;19
407;387;40
603;86;2
191;363;10
9;114;13
317;779;45
508;362;44
430;369;27
681;114;43
515;535;26
180;309;15
126;42;22
609;163;14
615;651;49
728;513;20
534;399;38
119;696;29
612;776;22
685;558;22
335;77;2
243;192;11
606;512;16
369;1;27
47;748;45
178;165;30
470;626;9
768;596;36
329;435;44
96;3;7
274;184;9
218;354;11
733;719;6
652;79;49
80;99;50
138;438;23
785;411;27
510;589;4
527;528;18
170;471;32
114;98;41
715;468;40
738;91;27
139;377;17
531;424;26
433;329;22
762;666;21
281;555;10
775;400;49
773;350;5
407;364;15
611;33;10
581;159;45
464;527;10
211;183;18
545;454;1
544;518;13
322;128;22
499;632;22
567;328;32
553;485;41
582;93;33
243;701;16
63;136;17
524;242;14
285;246;30
405;183;29
43;164;34
587;162;32
303;606;40
494;627;14
16;106;28
481;680;39
100;71;28
501;175;33
7;708;29
765;769;6
632;261;35
625;80;17
181;771;44
290;89;47
148;549;23
261;122;10
403;82;26
65;462;9
512;305;38
99;96;26
752;64;2
699;58;49
606;106;5
210;515;35
571;80;48
190;535;33
122;106;36
358;672;18
133;649;20
66;580;10
645;700;47
35;554;7
299;317;40
8;364;50
105;384;36
341;318;10
538;481;12
630;718;47
542;616;41
535;188;31
116;529;43
411;64;26
739;498;13
38;379;21
440;100;43
643;437;50
496;105;20
74;701;9
103;539;8
222;294;40
15;131;49
360;169;37
169;10;41
731;54;20
594;128;44
687;319;34
470;73;36
675;86;38
711;517;30
645;173;36
761;193;14
284;687;46
784;220;6
53;8;11
406;414;21
164;358;16
375;209;34
224;703;20
693;374;49
495;2;36
647;242;8
165;657;19
352;411;4
102;209;36
541;651;50
726;70;6
271;459;26
677;178;12
549;325;27
321;578;10
620;730;30
377;660;15
520;545;47
704;125;16
696;225;7
475;772;40
266;574;43
293;151;38
693;237;9
148;588;22
538;364;8
77;529;41
773;558;44
374;767;3
682;338;48
360;286;44
376;482;48
764;443;36
326;236;22
427;704;25
524;614;49
742;622;23
9;450;42
763;120;39
405;256;4
124;449;42
723;430;21
126;28;2
453;276;26
6;90;4
94;309;8
231;596;5
717;554;26
45;547;24
184;519;31
165;519;41
42;320;17
440;561;45
178;414;30
625;504;19
4;410;45
270;392;26
254;377;36
379;118;24
727;650;34
300;66;27
543;27;29
184;24;7
733;165;36
363;183;15
706;396;1
530;591;8
683;652;43
121;575;28
658;19;41
724;701;49
193;316;20
601;379;20
625;277;25
248;107;28
102;667;14
768;730;24
617;693;37
728;416;16
24;263;18
534;511;41
746;433;41
53;757;9
42;100;42
463;489;38
758;318;25
46;298;37
236;307;41
640;265;16
586;393;1
795;626;17
282;674;4
443;467;35
609;193;34
304;131;27
205;326;12
790;686;2
82;87;38
479;549;49
610;704;7
461;385;47
301;237;7
750;681;28
23;299;28
546;541;28
66;414;35
255;283;17
497;573;8
114;162;27
175;497;30
183;173;4
753;757;7
427;571;28
267;82;47
644;425;21
762;87;31
738;378;26
730;451;1
512;251;31
394;155;32
779;184;17
406;311;45
27;769;25
796;652;44
650;564;48
158;294;36
606;440;35
511;53;18
46;367;11
389;227;10
51;205;50
606;479;34
325;169;25
2;755;39
680;100;9
469;29;6
690;578;2
535;161;47
314;272;34
787;305;4
483;696;33
361;20;27
439;249;8
633;432;33
326;193;40
675;265;4
165;139;25
470;136;2
739;557;39
399;485;19
486;456;27
773;11;10
140;706;8
155;586;7
357;404;15
461;172;47
536;92;48
203;658;33
339;257;20
701;111;50
439;681;48
617;385;26
435;447;15
41;486;39
264;774;50
430;60;21
477;714;42
300;542;9
206;384;9
500;224;39
197;120;38
291;352;3
649;722;49
353;309;37
516;37;10
10;188;50
584;126;17
346;776;47
55;69;5
127;361;2
547;499;49
74;63;44
268;173;21
697;463;21
334;355;47
53;47;11
196;39;2
779;526;44
433;199;21
230;274;3
315;89;12
738;352;18
221;537;38
345;60;39
651;24;19
159;642;13
609;724;10
398;84;40
311;630;23
314;665;44
2;403;36
371;423;4
684;653;35
157;503;49
240;524;17
244;607;4
554;239;8
97;453;13
796;432;13
74;378;15
104;244;21
433;291;13
367;425;9
6;639;28
286;615;46
448;660;18
414;727;40
353;659;39
517;789;45
112;285;10
706;304;42
73;529;34
682;213;12
427;635;4
49;608;32
584;788;33
764;703;34
636;176;16
253;742;20
675;196;42
123;250;21
217;759;20
337;322;33
249;716;10
541;738;40
356;195;32
94;62;24
212;690;16
730;664;42
591;593;28
753;235;2
740;115;22
296;165;23
243;426;13
320;207;24
263;496;15
665;229;6
231;602;48
761;160;44
659;795;31
378;199;1
533;595;25
561;156;24
691;645;19
17;120;13
718;75;48
77;25;22
629;46;50
636;296;10
228;630;29
441;798;29
461;528;19
265;365;35
512;232;35
267;93;27
634;432;27
671;397;5
49;50;19
699;448;49
591;458;40
464;416;29
557;127;49
106;775;35
213;799;16
639;634;1
604;499;29
211;219;27
85;742;2
637;206;23
790;648;23
315;420;40
602;117;43
323;342;23
55;13;41
795;274;3
756;759;29
401;101;46
554;179;38
382;3;7
410;395;44
775;544;7
700;330;8
480;790;46
579;703;42
674;353;9
124;644;46
315;662;13
575;323;32
387;373;11
230;302;4
583;659;20
31;425;45
288;564;11
753;218;29
297;788;16
564;653;17
500;735;29
253;272;21
786;68;47
650;155;37
759;668;12
290;681;42
294;254;6
8;535;8
276;601;11
446;388;20
198;575;7
303;126;42
225;676;28
482;185;16
208;271;33
372;466;9
240;621;44
258;563;17
426;307;7
738;59;13
235;224;41
128;227;29
422;410;4
664;593;30
39;137;22
412;758;27
424;649;23
100;191;22
535;13;43
546;112;5
651;622;42
257;587;45
745;234;11
472;697;41
267;550;21
699;505;23
469;532;36
202;765;15
740;275;11
229;725;38
184;180;11
796;698;19
383;70;34
541;407;32
393;614;41
723;537;49
341;301;21
324;426;50
267;726;47
776;711;2
629;449;40
292;334;1
553;479;30
83;550;32
73;375;11
392;611;13
167;553;44
312;36;12
509;425;3
346;47;30
252;38;43
729;85;6
264;520;37
420;640;38
293;689;47
768;163;28
587;328;29
77;691;33
540;362;10
559;139;23
223;400;39
246;542;24
624;281;48
558;43;38
692;357;14
442;176;26
790;357;36
120;286;20
412;58;26
360;350;3
612;793;3
74;114;7
590;702;22
389;386;21
453;316;34
305;313;15
623;746;12
649;741;45
528;242;38
376;515;41
20;45;39
477;196;17
571;507;48
627;500;2
106;94;14
631;407;36
53;495;40
530;794;24
191;614;31
91;149;21
281;444;19
45;318;1
355;336;5
55;508;14
38;388;3
113;451;28
783;246;18
195;373;5
691;735;33
301;500;6
462;465;43
666;348;17
647;465;24
484;95;18
673;37;2
288;37;49
398;305;33
407;8;48
68;750;15
345;419;6
559;735;39
21;192;4
55;723;17
522;75;4
578;424;13
650;732;30
351;206;44
631;350;15
6;768;27
42;105;49
500;157;32
98;780;5
568;4;34
769;452;18
668;144;32
260;572;35
519;146;2
353;111;5
189;663;28
595;752;10
333;14;12
526;263;12
89;624;3
183;686;27
672;251;1
49;475;27
729;434;24
209;2;23
206;283;38
383;639;29
533;97;35
274;232;38
110;397;7
526;6;14
722;534;20
60;334;2
122;169;1
188;694;29
275;210;23
97;191;45
450;385;44
36;732;4
403;679;13
29;194;19
740;191;43
774;135;5
663;332;20
89;9;45
768;734;39
281;507;36
489;99;31
70;367;29
559;175;37
568;419;30
711;208;17
187;193;3
219;338;13
46;337;30
708;161;23
277;582;29
241;86;1
615;266;17
77;253;45
465;737;8
154;631;3
189;194;19
499;242;24
784;411;20
785;281;33
356;687;4
464;135;3
79;583;5
663;558;15
555;66;8
776;390;19
394;393;42
567;149;37
607;543;36
562;785;26
59;5;45
86;50;23
545;311;13
313;61;43
134;543;5
677;373;29
295;656;15
34;1;5
260;211;16
598;110;25
716;430;11
743;443;42
772;478;10
362;342;48
536;286;46
178;58;17
96;345;50
703;671;43
133;452;49
97;93;46
755;790;26
638;499;36
452;520;19
94;97;6
528;450;31
268;65;37
775;617;26
768;321;29
725;254;31
434;633;31
256;614;48
202;478;29
646;130;33
563;96;49
367;749;49
135;102;23
477;312;31
691;327;10
66;202;40
72;409;31
743;281;20
262;445;5
510;182;7
355;592;28
530;495;4
580;557;15
322;194;17
209;703;35
234;272;15
239;490;24
275;6;5
523;321;25
491;795;25
38;622;24
762;370;22
361;187;9
216;345;33
82;330;12
690;376;45
256;385;23
178;26;20
595;735;36
295;29;35
159;29;22
75;465;19
686;146;13
352;162;33
141;535;47
769;566;49
572;678;46
454;187;6
425;503;49
304;768;2
314;267;13
293;692;45
166;430;11
552;453;6
273;252;11
728;770;19
618;59;44
422;535;45
618;783;4
202;534;19
683;114;10
582;195;5
569;684;26
287;161;14
558;223;16
221;111;38
522;648;30
153;396;19
101;241;17
44;408;9
500;403;46
671;255;31
651;58;31
120;623;6
97;404;39
288;787;43
486;507;6
382;279;42
542;766;42
574;191;35
33;485;32
747;741;23
654;324;26
335;707;20
267;482;20
466;28;28
718;303;5
261;93;29
409;731;32
222;458;47
492;408;41
469;142;30
124;156;5
271;555;1
305;377;27
61;496;13
360;698;2
457;193;28
432;646;1
392;31;13
746;477;1
112;438;48
178;32;8
308;553;3
139;129;32
119;471;24
456;145;20
91;59;11
622;766;7
319;438;26
789;603;24
566;689;12
267;464;34
37;323;45
605;595;48
646;97;24
79;793;33
507;79;8
533;467;23
757;173;49
666;395;23
320;294;2
688;308;32
98;428;18
443;203;31
83;143;43
460;418;4
642;124;32
658;504;2
490;523;29
127;528;24
522;655;25
363;433;43
265;623;47
618;372;43
530;534;7
572;797;7
438;70;25
672;54;33
348;22;23
2;748;20
689;271;17
475;170;13
315;558;41
69;4;50
424;439;40
388;708;48
87;586;9
717;126;46
143;92;47
68;242;16
725;591;25
456;279;42
567;135;49
627;109;15
699;331;31
739;780;45
61;588;2
197;497;20
410;385;6
714;37;20
267;8;46
661;212;12
269;502;4
389;730;25
292;350;43
503;282;26
38;291;47
696;27;15
223;663;49
421;78;40
304;448;25
766;626;26
735;541;16
77;597;3
632;369;44
73;428;28
257;732;29
638;420;46
270;504;3
354;606;49
411;701;5
630;218;24
335;287;44
545;523;5
398;391;14
81;623;8
525;615;8
753;778;17
762;60;20
760;307;16
335;602;6
714;716;28
472;20;32
395;315;31
475;114;20
51;611;1
588;256;43
181;798;18
59;620;28
604;551;7
480;679;2
467;294;13
195;53;7
732;731;10
53;254;5
712;9;34
793;311;20
245;597;36
412;686;7
552;191;50
598;776;36
713;356;33
427;752;21
775;405;37
338;728;47
319;434;33
275;356;5
454;615;18
324;765;8
384;465;8
405;476;33
417;724;40
175;612;38
560;26;20
508;779;45
640;148;29
33;766;37
274;281;29
462;178;50
576;204;11
157;717;41
483;269;49
612;752;26
549;329;47
577;434;42
282;372;42
416;12;27
647;754;38
42;636;6
195;75;37
166;202;17
414;736;32
700;215;30
254;284;35
138;271;3
659;625;3
391;567;19
608;441;48
593;186;8
525;193;4
204;103;17
396;13;41
443;71;32
604;1;9
421;91;47
310;91;40
229;139;8
558;233;2
651;374;23
701;6;4
53;494;27
756;496;22
697;417;33
363;248;25
214;209;50
440;164;35
662;241;4
724;391;21
524;388;32
550;189;1
728;380;23
80;474;49
489;428;49
59;115;16
205;608;7
606;402;34
421;791;1
790;120;23
28;631;40
94;556;10
371;708;44
354;488;2
752;515;22
338;491;24
120;507;24
518;516;12
637;602;39
537;59;37
606;589;3
337;38;44
388;503;26
496;120;34
622;561;1
77;470;2
90;517;1
15;758;17
388;355;5
71;483;43
781;784;42
677;546;50
516;419;22
481;308;12
430;626;10
312;398;10
562;110;43
476;6;44
658;63;43
164;594;28
519;580;32
333;88;3
700;373;15
598;439;45
167;318;22
771;553;45
574;620;22
525;54;32
503;691;13
345;203;6
548;510;7
181;261;11
787;303;4
199;600;36
729;91;32
584;346;21
293;599;28
232;554;1
76;628;38
139;785;11
249;292;14
751;304;50
19;106;40
233;464;13
725;579;4
564;37;33
409;667;16
791;498;22
206;686;50
218;336;42
556;681;46
157;274;50
274;315;24
371;717;14
612;357;3
504;581;19
234;431;15
384;414;23
121;474;26
420;618;3
115;512;42
357;611;43
102;295;23
112;716;7
106;682;12
182;288;28
736;441;2
37;348;37
192;696;38
251;107;35
154;310;14
769;688;31
236;410;17
724;155;20
413;62;47
778;257;35
699;538;1
387;786;26
297;692;5
39;744;23
761;277;41
464;591;28
275;130;19
210;317;18
291;655;6
429;91;7
452;323;13
434;276;33
531;775;38
354;85;6
531;644;34
748;94;7
527;113;36
524;676;36
360;235;1
449;417;12
119;489;20
551;353;12
117;608;34
410;540;4
81;300;29
20;486;44
442;656;12
264;610;40
26;747;48
284;575;35
28;214;19
80;601;39
755;65;35
218;20;24
458;637;24
619;279;1
365;619;44
319;216;33
405;202;13
147;193;19
379;446;5
727;314;31
210;702;4
224;616;38
188;252;25
82;397;27
55;639;31
315;425;29
297;328;31
486;254;9
54;254;27
50;169;19
745;481;12
88;314;15
34;539;38
114;595;3
151;338;15
546;321;47
229;45;47
345;726;24
308;47;14
630;627;49
675;70;33
466;359;6
406;420;5
681;285;10
565;764;32
612;375;16
341;111;45
596;328;2
493;44;39
331;633;27
630;758;12
188;327;12
138;639;48
496;476;48
126;27;4
410;131;1
735;599;6
412;680;11
94;659;34
702;300;7
782;171;32
111;128;43
285;765;20
84;583;43
324;438;36
310;764;23
110;87;22
241;183;43
472;727;8
34;777;46
343;51;15
655;401;37
332;122;46
125;198;13
162;689;42
61;264;29
392;28;25
96;229;22
684;302;5
699;794;21
599;532;10
391;3;4
369;770;1
105;477;42
7;757;43
525;268;25
472;175;33
199;209;8
329;664;50
604;184;36
616;92;12
768;364;50
427;128;6
772;771;13
175;105;21
617;356;50
54;638;7
500;373;29
722;453;39
781;133;17
495;411;17
590;182;2
30;707;18
563;695;40
54;668;27
93;564;36
466;562;46
352;722;29
29;296;31
393;380;10
335;468;24
191;233;37
495;750;30
147;665;16
646;589;7
392;729;22
775;522;35
579;85;15
132;357;28
37;85;39
529;623;36
710;467;17
293;401;2
408;440;8
264;583;13
509;142;50
378;658;37
256;141;33
468;222;28
248;440;35
64;521;41
771;422;2
6;293;17
297;154;8
582;170;35
686;192;32
795;90;7
509;523;16
290;757;10
608;151;46
434;237;6
621;312;14
314;715;9
494;243;48
146;70;34
410;633;32
787;709;20
583;343;45
5;235;32
446;114;23
95;488;1
768;682;12
434;487;34
39;406;36
111;316;32
371;588;28
34;717;41
166;667;4
667;516;8
616;479;48
538;418;25
141;450;49
178;431;50
190;791;20
89;352;50
703;79;31
11;85;2
76;40;37
695;255;41
9;745;41
431;293;18
360;498;23
513;567;44
790;150;13
488;610;40
274;244;13
476;169;11
744;381;33
338;117;4
689;242;22
60;484;31
394;384;49
165;325;22
515;780;17
40;460;2
618;125;45
356;555;21
507;517;39
182;30;47
43;200;35
110;394;26
716;53;50
454;22;35
288;16;14
6;644;47
779;532;50
772;218;10
188;756;6
488;463;28
152;651;11
454;151;41
526;8;15
659;301;36
165;608;44
391;658;16
626;657;48
534;451;18
184;198;4
328;98;15
330;610;49
289;41;19
691;71;4
393;417;26
83;90;32
369;231;47
252;151;10
592;779;17
60;131;1
639;617;12
159;479;11
94;549;11
344;177;6
590;657;25
183;427;14
785;263;49
28;476;20
727;722;15
116;408;39
3;701;3
332;355;15
411;484;31
607;389;6
101;495;29
312;6;33
492;507;7
450;61;2
289;553;22
460;70;7
608;218;31
171;262;33
466;382;17
172;324;10
123;589;42
152;658;13
105;462;48
165;381;3
96;763;1
117;712;11
261;718;48
200;102;2
732;770;2
520;342;28
663;207;39
666;241;5
696;644;32
630;733;10
473;384;33
78;739;11
129;166;11
423;736;32
370;630;1
443;184;39
541;674;37
493;179;34
48;306;24
690;381;28
181;186;33
171;68;40
361;297;10
367;496;23
225;500;48
409;305;42
758;679;18
281;543;40
796;333;29
108;14;30
214;502;45
460;387;36
718;557;50
314;313;48
228;612;34
27;577;36
216;641;6
605;296;36
123;388;47
423;144;31
469;135;30
89;269;30
97;225;12
640;45;18
367;520;5
620;528;15
502;271;29
749;658;38
14;207;3
257;716;29
712;490;46
138;86;28
172;658;29
316;574;15
425;12;20
758;317;28
684;354;38
401;427;50
605;687;38
513;725;7
731;248;43
781;358;7
596;171;16
566;648;14
217;616;23
424;566;36
352;687;24
589;564;15
190;361;5
652;700;14
424;391;43
57;512;32
672;37;16
430;347;33
34;82;22
625;689;44
249;299;14
527;729;32
455;165;35
389;35;32
109;791;37
791;554;11
455;713;35
359;90;15
50;291;2
341;244;15
197;341;47
379;320;19
401;117;14
383;725;38
709;112;25
452;272;1
370;396;15
650;522;5
330;750;7
565;312;19
252;176;24
173;114;38
132;590;29
569;134;34
354;733;19
128;631;31
781;629;47
72;385;11
514;20;22
83;213;42
157;466;47
206;544;28
176;550;34
757;667;42
417;159;3
344;742;36
459;695;33
315;246;44
520;724;13
232;242;40
146;663;11
559;743;1
427;617;1
468;326;50
283;82;29
765;734;21
707;492;2
764;581;17
393;525;3
632;42;27
422;11;46
145;653;34
656;515;4
466;696;39
215;387;13
189;414;39
532;261;6
471;746;36
208;126;42
488;271;42
69;615;38
188;188;9
309;260;1
768;213;30
379;451;25
798;604;10
351;722;17
185;344;25
59;799;29
399;620;15
777;527;40
698;316;10
78;82;9
243;575;28
611;197;36
65;401;10
513;77;31
464;532;23
537;212;24
389;448;50
421;509;13
715;603;26
710;362;19
322;27;9
652;469;49
247;106;8
163;631;19
314;296;46
742;401;23
176;131;2
558;548;17
446;401;24
159;477;6
750;78;10
1;363;14
469;243;3
382;125;29
700;629;19
313;745;5
29;585;3
515;366;21
560;617;29
487;759;18
629;701;11
644;690;45
124;88;22
350;416;8
227;499;17
302;146;25
43;688;41
450;469;34
313;345;4
348;132;31
207;316;34
667;758;2
286;148;20
351;224;19
153;334;43
165;86;40
400;328;6
133;252;30
286;798;38
720;152;44
669;4;3
797;674;5
430;607;18
476;669;46
120;212;4
162;701;36
523;15;19
687;534;42
606;17;40
425;168;18
477;152;45
388;272;50
562;131;50
568;399;10
249;293;20
135;134;12
797;589;26
569;780;11
570;633;33
645;715;32
681;495;26
177;777;47
739;290;21
106;123;47
673;589;36
117;342;10
565;436;43
74;262;33
368;662;28
515;336;44
412;505;14
426;224;14
284;359;41
661;150;29
152;494;42
63;111;45
582;630;27
250;463;26
179;465;25
797;793;47
744;403;36
327;676;12
38;30;40
275;402;50
562;113;16
434;510;23
496;161;20
729;456;19
234;587;37
647;742;28
189;653;26
596;371;1
295;362;32
315;255;36
375;210;28
313;613;49
625;139;28
709;552;10
788;469;36
502;657;22
576;230;13
404;443;36
67;577;30
343;259;5
151;786;11
508;739;45
205;36;38
740;397;30
753;679;29
11;539;18
145;336;44
349;480;1
469;699;4
672;309;40
590;383;36
33;295;39
278;388;49
415;671;6
37;788;13
626;695;34
32;312;6
40;509;48
274;173;2
147;192;21
90;57;46
778;512;5
725;719;8
779;539;48
444;722;15
560;669;12
148;22;13
733;741;41
528;673;5
516;702;4
298;114;20
659;361;50
532;457;11
559;377;6
302;486;38
724;482;41
207;344;19
536;22;45
506;36;5
256;487;4
519;745;3
226;82;37
444;466;21
368;155;39
321;524;43
566;294;3
496;605;48
465;159;50
757;693;20
44;244;36
74;767;30
443;499;22
599;183;2
74;759;41
747;583;33
38;16;29
135;728;3
16;527;28
644;192;16
579;7;49
62;549;23
253;558;35
594;562;16
560;609;16
766;238;13
275;234;34
607;717;35
557;571;48
797;404;4
253;487;49
731;748;15
435;581;19
53;454;21
410;168;26
221;510;16
396;671;27
147;531;5
641;169;34
614;727;18
770;1;17
77;549;30
326;369;33
584;234;14
283;196;20
612;345;11
619;733;28
238;446;43
276;242;33
119;89;38
367;289;41
409;65;41
298;26;37
622;14;3
459;30;34
71;264;37
757;381;22
452;210;23
85;781;49
9;687;32
655;380;2
526;127;50
27;163;36
27;529;8
551;248;3
610;572;35
417;791;1
502;300;22
720;353;7
347;684;6
352;552;30
329;220;20
618;333;11
161;348;7
484;131;10
174;250;26
722;402;25
110;495;48
585;104;13
737;599;2
211;119;48
180;527;16
539;596;28
274;705;30
720;716;7
354;378;32
624;770;33
67;346;39
757;289;36
366;494;9
587;179;29
501;281;5
609;412;39
629;699;23
726;118;11
516;647;16
218;43;3
678;76;37
612;585;7
250;607;45
245;545;26
678;281;2
105;101;7
585;714;45
297;742;27
596;468;30
512;64;44
538;573;26
664;494;29
309;502;45
33;693;49
330;441;10
32;595;3
627;558;1
451;103;5
732;294;20
332;230;13
615;78;37
253;619;37
49;691;34
506;168;2
510;346;1
92;267;13
251;22;49
528;511;44
191;117;14
297;303;10
505;515;38
713;12;4
531;18;18
417;351;39
5;532;46
62;608;32
134;572;10
601;620;16
48;93;44
507;406;30
307;298;40
502;310;45
630;561;5
776;452;41
133;619;43
46;559;25
630;574;37
152;82;26
384;434;16
773;68;27
642;201;10
441;309;35
199;518;16
46;644;21
284;239;6
512;413;12
190;465;13
105;192;34
664;178;41
248;11;19
719;444;14
454;609;11
208;773;49
756;42;18
310;518;41
225;550;20
135;234;9
233;208;48
684;42;5
586;177;1
796;106;18
745;154;20
290;79;41
400;402;12
446;350;37
266;265;30
76;162;17
752;452;50
693;96;18
296;22;14
540;376;44
591;744;35
564;164;23
654;158;26
768;793;24
529;298;34
484;684;36
253;80;13
515;97;1
41;566;8
469;736;29
140;632;42
580;264;12
632;157;35
587;643;18
341;113;48
222;330;43
91;465;47
427;585;28
409;147;7
60;234;45
644;1;10
265;303;50
738;767;27
127;312;23
403;315;16
216;715;38
175;299;34
536;122;2
293;421;3
53;778;48
758;407;34
483;175;22
657;511;44
504;544;3
650;339;11
207;150;34
475;703;49
288;449;36
196;242;26
560;374;39
169;593;34
706;213;15
262;184;25
293;64;16
795;243;18
374;434;22
259;515;44
500;55;13
319;689;43
519;716;22
323;321;25
199;408;45
714;715;42
285;527;26
555;342;4
11;573;45
714;296;2
80;693;7
258;111;47
493;35;37
128;30;47
435;346;35
438;721;18
280;84;30
723;329;3
354;628;16
645;736;33
694;40;2
167;716;19
370;8;14
417;629;2
73;77;8
564;47;32
60;159;21
499;327;40
781;783;43
218;798;8
462;190;26
105;316;28
438;89;6
793;739;9
694;797;39
435;564;8
521;416;45
679;73;19
52;503;1
655;538;48
481;713;9
35;534;6
771;744;30
749;593;5
39;10;36
206;235;10
715;29;10
789;319;39
789;725;18
417;2;26
558;173;48
13;257;46
17;58;35
256;171;30
149;364;37
63;402;27
170;274;47
533;332;9
127;711;11
127;225;39
185;33;48
322;764;39
13;340;49
339;631;23
766;443;43
630;739;16
21;361;26
436;137;12
477;47;10
136;729;12
426;628;15
538;712;15
668;74;35
104;192;20
716;625;27
317;491;37
227;507;26
122;584;30
473;608;41
254;478;11
56;412;10
6;710;12
663;502;29
172;626;24
701;633;8
371;57;45
517;443;47
650;744;10
399;337;36
474;611;14
294;636;8
438;514;48
132;514;27
350;103;29
209;574;36
494;145;12
9;170;29
736;76;30
416;603;24
500;701;43
767;112;9
504;437;33
443;16;38
216;156;26
665;362;12
711;483;30
136;284;19
349;187;6
220;96;34
113;177;20
505;365;11
221;266;37
763;790;7
688;178;36
474;700;47
462;751;27
373;463;27
331;243;47
734;480;11
783;657;14
276;438;17
462;400;29
622;168;37
388;711;40
43;734;43
730;188;24
277;554;50
324;165;10
276;210;48
676;218;22
530;223;45
253;779;13
140;720;31
771;314;2
707;25;45
502;626;21
245;406;48
235;602;49
499;148;32
667;379;4
495;423;12
607;449;32
8;337;15
670;766;49
539;15;27
714;418;41
691;74;16
289;276;33
277;458;34
661;595;16
157;647;40
248;490;4
756;44;18
476;208;13
50;87;38
564;683;17
233;194;37
644;631;3
565;226;19
483;16;24
185;286;2
488;162;16
252;143;4
447;313;6
599;644;44
31;729;44
575;261;43
394;25;49
768;353;12
712;518;42
481;649;20
791;251;43
335;214;3
736;153;26
558;631;34
468;82;18
800;145;25
413;461;47
47;382;50
58;725;29
413;438;48
764;797;41
723;654;1
13;704;21
466;414;10
655;438;32
627;778;26
58;793;32
581;693;32
685;83;16
631;686;31
789;636;39
11;247;37
446;752;48
540;421;6
565;281;39
477;495;9
73;382;39
735;274;42
117;417;36
657;341;14
356;61;7
28;576;33
689;296;30
237;11;6
383;143;11
408;625;48
354;13;29
350;603;28
566;721;6
677;7;46
479;125;29
334;248;47
633;108;21
684;699;31
57;606;33
603;438;2
641;624;33
77;160;11
763;464;46
300;80;27
474;234;49
74;730;44
195;758;38
614;221;9
687;660;33
11;777;1
73;571;21
420;183;48
447;723;17
259;756;3
530;568;47
364;337;29
771;518;3
184;540;43
24;91;23
6;379;21
544;513;30
328;519;38
97;10;16
656;669;29
695;224;39
47;77;5
449;173;46
788;308;10
591;385;44
238;714;10
406;305;2
611;437;45
324;722;16
782;681;25
455;146;27
418;485;11
150;241;12
234;625;35
513;665;11
778;761;37
408;315;3
531;23;18
55;299;38
246;600;30
572;131;19
758;552;33
381;139;36
508;530;11
480;428;36
384;634;23
424;446;27
742;3;20
95;473;30
746;310;14
556;245;29
738;370;29
351;9;12
761;491;2
91;209;4
189;776;48
186;8;47
612;314;13
254;263;46
790;310;5
307;392;5
193;449;12
250;299;17
470;143;36
351;662;17
258;623;8
554;113;44
740;134;11
21;720;18
193;44;43
60;246;7
351;237;25
636;156;41
580;618;31
530;358;42
717;147;12
98;788;13
190;448;43
697;325;12
715;793;49
385;668;33
192;278;40
104;86;3
398;29;13
777;661;12
210;527;33
118;397;15
509;261;2
782;458;16
672;118;46
395;317;37
115;453;3
785;391;39
434;300;46
368;67;47
95;112;32
26;457;14
737;385;23
65;384;30
481;163;47
275;711;29
620;116;1
763;361;43
25;182;19
76;693;11
331;48;10
390;289;22
616;328;27
53;234;46
776;364;37
328;719;5
470;269;4
667;426;49
118;166;38
430;404;9
283;416;37
104;678;49
225;548;31
351;572;13
226;264;29
620;16;43
391;605;49
720;336;41
552;306;31
34;535;1
197;230;39
715;527;13
204;207;27
44;709;11
633;54;16
190;55;20
409;586;40
424;167;2
342;245;20
546;647;7
265;547;39
290;6;39
200;712;18
799;528;11
713;74;42
4;708;3
394;517;18
696;334;34
437;170;48
688;285;38
175;142;18
780;398;48
19;303;34
534;773;35
434;130;18
225;574;35
247;298;39
8;449;13
356;758;27
356;637;46
250;633;41
211;747;7
666;554;40
756;712;25
765;557;23
48;15;7
633;671;30
326;678;13
201;556;1
416;484;47
295;462;20
554;697;10
387;605;29
734;400;24
24;700;18
530;714;13
759;619;10
533;36;33
697;722;31
155;728;42
684;521;41
570;376;45
325;304;26
109;133;21
551;124;20
540;460;7
681;457;22
485;644;48
711;254;11
127;612;10
670;433;29
507;682;44
355;679;4
400;262;38
587;442;47
358;697;45
42;399;42
187;218;50
92;359;40
163;76;50
223;408;39
704;197;1
620;479;47
285;394;47
248;431;43
299;43;21
274;362;49
591;49;33
27;505;37
202;40;1
51;449;29
749;550;29
445;370;41
480;722;39
268;167;33
361;735;18
735;505;17
288;246;27
450;414;32
602;598;17
431;497;32
253;725;2
528;604;46
96;179;3
671;105;19
614;322;25
373;292;9
107;348;31
781;483;25
727;770;13
287;696;18
770;195;48
120;666;48
371;583;10
480;84;26
199;212;12
546;709;35
405;242;27
692;285;19
672;322;23
432;480;19
524;268;17
51;96;24
185;437;14
194;435;11
238;648;23
353;63;35
366;602;26
408;755;37
45;575;12
56;173;27
557;207;16
746;589;20
718;17;1
439;355;42
192;114;43
427;681;31
353;476;34
562;147;21
497;653;12
195;596;13
626;708;35
766;481;28
303;712;42
47;446;13
229;614;26
447;377;29
693;340;9
510;458;43
648;513;25
791;226;14
274;663;47
146;781;15
746;43;38
181;378;2
620;160;13
152;662;42
304;725;4
96;163;41
262;369;38
173;117;27
592;227;33
519;99;28
489;620;1
438;575;29
703;627;17
335;209;11
455;324;26
131;437;41
716;688;11
448;339;27
739;298;21
40;781;30
407;603;36
340;108;15
757;184;28
769;721;13
227;158;29
5;58;43
306;165;11
201;332;22
688;341;3
186;741;18
241;334;21
733;43;16
269;387;9
790;667;35
624;485;38
91;168;10
371;405;46
133;800;29
574;416;30
250;203;26
500;126;48
684;746;22
154;617;25
430;562;6
634;119;44
116;211;35
33;742;36
193;665;39
724;635;25
538;495;16
621;333;37
664;251;16
786;227;10
574;549;29
449;174;18
681;318;2
121;43;46
206;514;32
330;548;39
413;629;24
441;361;20
535;273;43
265;321;47
654;39;18
132;527;10
592;654;3
51;189;14
295;437;13
385;357;3
481;548;48
444;98;41
486;460;39
545;560;44
461;353;6
621;244;16
140;410;43
385;372;48
409;691;5
228;607;49
356;55;10
92;754;25
207;618;15
558;569;20
312;409;16
447;6;46
547;113;41
562;617;28
183;31;45
618;13;10
55;658;5
367;314;34
363;306;25
709;558;19
161;427;6
345;362;39
97;65;29
449;263;49
376;617;43
423;96;20
751;51;37
317;567;24
142;549;9
146;169;21
548;575;9
204;529;22
656;559;39
673;56;17
466;641;46
733;775;27
165;277;4
168;256;8
130;272;49
731;343;26
681;229;23
633;152;28
509;308;40
379;636;48
236;535;29
251;468;45
219;220;19
541;763;16
210;206;22
94;323;33
178;342;44
274;112;47
209;357;1
184;785;23
4;735;29
68;61;19
489;47;28
402;66;14
28;791;16
396;192;38
194;497;42
111;325;23
389;693;36
500;240;1
293;459;26
677;485;13
471;446;29
34;486;43
429;436;42
745;396;29
342;342;1
769;665;18
478;221;47
138;609;11
353;556;50
383;730;2
351;487;24
21;165;16
47;715;46
300;407;21
371;609;21
679;6;46
28;35;41
26;449;3
750;321;1
629;244;26
202;316;39
760;309;25
76;744;23
704;56;17
139;191;24
307;799;21
517;511;7
160;108;19
228;552;7
435;419;14
708;690;6
724;365;40
628;660;4
183;414;23
319;14;41
427;629;15
90;299;31
277;595;5
521;483;4
794;269;12
92;19;4
665;104;41
74;512;35
3;230;33
525;249;16
768;311;5
632;14;20
743;336;2
559;452;39
422;756;9
112;684;23
190;31;13
256;293;21
2;526;2
453;676;14
22;427;20
415;367;23
165;49;9
786;546;28
435;71;31
554;148;16
683;102;27
155;165;13
543;294;32
478;298;7
201;714;31
326;151;30
306;500;9
607;285;19
646;199;25
11;131;17
89;683;4
533;589;9
266;89;8
417;44;13
705;736;39
489;763;42
90;425;12
333;640;20
566;429;44
296;587;14
237;423;35
625;147;50
749;675;26
220;140;25
609;110;6
439;432;2
200;119;13
42;27;12
302;353;20
706;273;46
64;206;18
149;782;2
644;5;39
88;344;28
6;270;42
182;245;15
376;227;22
149;542;5
138;362;44
509;387;8
1;740;13
86;336;16
324;338;6
207;563;31
425;464;30
745;193;1
281;349;37
453;143;10
614;747;4
342;33;20
30;156;22
774;434;29
303;22;50
85;469;10
98;452;37
361;661;45
595;327;41
724;424;23
399;159;34
275;207;47
557;13;24
522;647;2
374;632;3
688;798;12
764;139;22
389;178;48
339;234;4
280;715;12
344;310;35
532;406;5
366;332;7
233;467;32
422;694;12
58;383;29
297;3;3
452;200;22
115;767;7
696;690;48
705;364;45
686;30;35
198;18;37
798;448;39
84;460;42
205;170;20
247;157;42
118;94;1
745;478;1
36;365;39
742;466;5
117;377;21
341;544;33
115;792;6
622;431;47
263;591;49
482;226;40
55;240;17
704;274;21
126;416;30
115;85;49
354;345;7
435;768;21
447;171;25
171;180;39
256;791;25
385;442;12
113;765;20
276;698;16
335;791;42
117;515;38
363;203;1
611;360;30
194;757;49
359;154;10
321;40;43
33;761;37
441;480;32
754;439;23
658;538;43
750;524;27
391;33;45
740;685;29
697;239;42
199;20;29
712;545;40
668;740;8
374;628;48
15;776;17
582;80;43
442;729;40
545;782;18
689;171;39
304;778;18
280;475;28
690;361;11
204;799;49
478;796;29
190;75;36
120;789;23
112;691;1
333;525;45
762;440;39
477;408;43
13;430;29
315;288;7
342;350;5
282;582;4
660;223;5
263;63;34
715;738;46
68;181;27
733;682;32
719;27;6
443;788;24
378;341;17
113;441;41
462;246;10
580;424;1
210;324;12
585;325;29
472;745;26
760;25;50
487;711;7
251;584;9
541;138;19
369;228;34
74;540;6
125;361;33
575;686;1
329;326;21
298;372;35
74;618;7
473;693;24
719;58;4
266;197;30
330;665;5
182;619;22
605;378;22
261;581;8
567;58;23
146;51;34
143;217;47
40;539;16
739;790;36
56;359;47
565;161;20
21;151;36
286;778;41
447;67;30
785;791;32
439;586;22
764;502;8
683;104;21
740;496;30
751;439;31
699;552;31
421;261;5
362;439;14
578;432;24
138;365;12
479;120;18
78;166;30
389;485;42
750;380;4
656;763;44
703;357;20
238;575;23
231;7;31
495;770;46
42;203;22
320;786;7
438;329;47
681;631;39
58;440;20
683;266;45
30;563;19
384;755;20
133;130;43
219;611;30
442;725;14
48;493;19
289;562;17
436;279;49
345;538;2
11;474;16
339;555;21
446;360;45
517;712;22
208;208;38
21;17;49
480;648;8
666;584;32
473;199;13
322;469;12
744;708;16
429;619;8
439;565;30
293;48;5
302;626;36
2;336;37
551;620;15
5;89;11
193;800;20
592;267;32
389;218;47
599;120;30
194;515;7
284;233;44
775;99;28
135;514;42
756;161;42
792;215;35
492;582;36
236;295;37
350;771;22
640;744;35
186;754;27
496;431;29
336;99;3
88;29;38
622;331;44
385;395;15
234;597;5
172;392;15
118;358;36
768;335;16
771;317;22
588;82;23
3;614;32
459;453;50
13;662;31
299;643;19
258;26;22
529;100;28
702;291;27
603;135;27
369;28;15
793;616;15
755;508;34
528;406;6
181;719;11
503;162;5
375;437;17
402;605;43
181;247;27
645;215;8
666;545;12
668;724;49
98;494;26
285;340;31
602;435;47
658;4;23
514;779;50
372;754;50
656;773;35
209;126;23
569;544;15
492;165;8
426;474;45
110;595;44
285;683;47
720;752;39
773;101;12
37;304;26
383;450;31
189;363;49
756;201;42
406;218;35
382;626;32
234;754;5
117;38;17
696;659;28
561;591;2
298;279;31
243;284;4
45;304;1
630;749;32
278;782;23
708;175;31
764;764;47
708;341;37
48;313;13
136;275;41
229;694;34
50;603;9
779;440;33
356;203;4
407;652;10
298;436;21
783;600;41
610;786;28
740;346;49
117;556;48
129;764;27
78;514;13
670;10;45
172;317;38
392;564;12
182;603;25
227;80;41
673;291;4
115;513;37
710;580;20
123;521;35
432;756;30
222;745;12
422;726;1
586;537;6
45;437;34
124;678;26
506;320;33
264;679;46
147;335;2
310;173;41
637;139;18
213;767;19
14;264;24
218;614;40
386;709;35
82;75;13
622;22;43
248;176;47
112;675;1
403;757;43
113;565;19
14;758;10
544;296;16
471;197;2
20;129;9
524;666;48
318;107;23
642;730;48
734;775;10
410;100;25
73;688;27
625;670;9
606;335;36
111;529;3
756;662;42
533;667;2
579;312;4
216;734;13
522;593;24
234;201;9
539;749;21
118;198;30
270;281;28
531;638;40
557;150;32
72;608;8
527;503;5
322;18;35
275;746;50
305;123;32
132;418;37
588;339;1
66;121;34
633;33;4
702;156;45
626;251;13
437;153;41
326;36;8
479;20;3
465;651;24
332;376;5
288;414;36
80;641;32
111;792;39
502;421;27
583;537;40
216;289;22
266;107;34
87;35;48
122;661;21
267;723;23
558;272;37
635;578;49
604;106;10
305;101;16
176;392;47
730;13;6
226;117;33
331;131;30
576;773;11
389;635;41
322;528;31
618;66;18
211;411;39
382;747;2
323;343;7
495;718;28
365;691;7
487;186;44
438;473;1
596;537;10
416;625;30
571;282;6
519;623;11
338;71;29
140;152;9
385;503;10
552;465;37
772;609;7
348;339;25
549;559;26
548;395;45
498;733;16
482;118;4
681;404;33
229;214;34
48;686;1
279;585;1
640;488;47
489;331;6
749;54;31
250;365;24
546;733;9
80;442;5
144;460;28
524;575;47
195;591;2
131;736;27
517;788;48
332;227;44
389;360;25
106;478;34
223;322;8
157;163;31
470;343;34
53;142;38
413;18;44
314;796;31
668;500;46
12;633;29
183;367;32
410;642;1
117;28;24
541;76;41
283;678;40
301;99;45
99;268;39
298;464;15
344;302;46
633;591;50
587;229;25
660;479;46
357;511;39
474;32;18
38;484;28
176;283;39
738;373;19
542;572;16
664;196;32
621;355;12
516;710;19
98;544;44
198;441;21
455;679;16
535;752;50
659;191;9
653;179;11
468;290;34
741;544;48
716;337;34
272;783;26
507;457;32
527;527;45
203;151;29
399;283;10
211;361;50
235;675;12
502;742;1
135;354;38
181;769;16
466;677;46
776;63;44
63;254;48
125;104;14
798;556;42
608;353;1
12;438;33
710;669;6
747;101;43
382;203;28
760;514;38
552;630;44
438;427;30
203;638;28
650;350;32
798;402;48
236;138;9
97;151;16
148;143;27
350;65;3
759;147;50
626;319;25
25;198;18
309;412;16
758;711;32
38;325;8
345;226;28
45;126;43
312;729;40
529;3;20
286;184;40
516;115;3
582;211;1
486;227;45
318;244;43
789;273;48
283;183;42
760;750;37
512;589;24
359;718;8
786;325;17
685;483;13
508;337;50
480;24;50
753;81;22
611;522;11
282;137;5
63;537;7
56;472;10
23;410;39
108;794;41
750;589;37
269;181;34
103;302;15
530;691;50
318;648;47
494;474;40
768;147;5
242;77;20
629;528;46
218;514;28
410;655;32
505;84;8
9;475;48
676;267;27
583;758;48
89;397;49
504;399;11
605;72;47
180;759;26
584;249;5
312;315;38
4;156;6
463;198;29
25;94;31
16;414;21
245;202;47
15;302;8
530;315;44
468;785;12
473;381;6
692;135;9
520;638;12
445;605;32
135;403;19
24;673;43
402;343;7
306;32;22
428;336;7
754;687;2
249;248;27
103;648;11
763;194;30
31;709;20
101;598;49
117;593;46
654;272;42
331;417;43
178;609;43
418;98;6
779;622;37
57;301;17
586;265;12
81;381;47
201;549;40
412;456;40
628;119;45
756;791;43
729;454;46
308;237;47
17;556;8
114;431;25
680;212;10
751;276;40
526;449;40
222;643;15
201;691;13
741;349;12
157;323;39
478;230;31
439;793;45
726;372;41
646;178;2
509;86;14
737;55;27
75;727;5
674;29;22
727;434;27
167;652;25
559;443;44
80;5;30
262;752;15
41;238;49
241;468;16
521;180;47
213;339;5
616;222;43
416;700;18
469;64;40
296;611;4
173;719;35
235;243;9
328;329;50
142;254;37
558;571;38
59;558;50
782;116;48
365;180;15
599;267;25
758;243;47
235;778;23
560;760;46
141;264;6
538;137;40
199;506;21
151;378;17
54;779;49
731;789;45
462;111;27
132;121;46
350;197;19
66;167;14
446;213;42
165;413;26
635;788;37
139;252;12
128;503;49
715;491;23
152;684;26
450;741;39
545;341;42
207;697;8
55;133;39
610;589;26
771;397;6
771;521;25
24;302;34
211;64;39
692;145;8
452;602;17
479;310;20
743;751;3
392;232;9
386;321;5
58;667;2
728;409;42
9;491;8
657;798;19
520;250;30
457;268;38
404;133;26
664;51;25
702;377;23
63;305;22
487;623;10
668;791;48
684;508;8
290;367;9
541;558;37
464;720;6
741;363;7
733;15;35
68;658;7
771;167;35
196;100;32
151;741;37
334;501;18
334;317;10
210;490;29
596;470;14
139;598;40
641;642;33
204;81;4
436;189;44
256;792;20
49;462;4
10;301;46
559;560;3
344;483;28
136;240;25
355;255;43
338;744;25
159;797;50
144;715;44
404;580;21
322;294;19
471;653;29
774;73;26
776;33;7
468;314;48
107;693;11
320;559;13
666;23;44
141;6;50
194;183;38
767;647;6
196;231;26
789;156;16
427;549;31
135;298;42
345;540;50
224;509;17
415;57;38
394;664;6
697;424;8
287;342;31
600;682;46
328;90;11
184;250;42
799;668;44
86;795;18
465;279;42
371;245;28
381;434;32
744;750;21
556;544;16
40;305;23
699;172;29
287;447;38
380;161;39
539;265;7
342;73;50
758;339;20
453;172;25
367;566;35
285;724;2
359;631;37
180;427;42
38;481;1
164;31;20
245;333;19
485;106;11
606;191;14
606;451;41
377;361;8
70;326;8
690;477;33
17;223;14
692;738;7
513;351;33
241;644;14
42;467;46
537;522;41
384;254;4
678;702;39
537;289;42
28;680;20
562;74;3
652;31;25
767;648;22
771;549;10
658;725;9
788;487;35
683;678;19
271;329;8
656;678;48
670;364;30
683;433;22
526;210;18
175;107;3
601;445;46
775;121;40
73;387;34
448;650;25
498;196;12
302;31;28
619;184;27
410;264;17
642;302;44
673;769;31
737;246;14
118;153;41
422;388;2
332;651;32
155;623;24
296;16;19
446;293;15
647;676;34
113;479;32
427;378;10
718;221;14
302;102;1
728;668;44
635;1;10
742;573;43
615;66;13
759;371;11
384;645;4
276;532;49
157;293;42
633;776;23
235;774;17
419;208;23
103;698;43
283;233;45
455;700;21
503;552;33
357;586;21
271;629;9
574;128;34
698;595;10
596;317;3
33;261;30
287;107;3
139;137;46
399;135;7
277;183;30
506;315;44
646;78;29
695;666;5
704;400;42
436;295;2
92;368;15
90;48;20
236;547;2
254;40;2
697;346;7
408;763;10
661;56;41
520;462;42
499;744;1
553;50;10
98;14;23
122;515;32
638;611;22
259;2;47
73;265;39
426;359;47
465;622;35
640;632;35
235;335;8
209;432;36
764;326;34
517;143;29
593;757;50
544;740;24
370;48;48
134;674;12
744;575;32
536;798;40
117;211;23
398;439;44
423;333;10
30;738;27
586;206;21
66;205;24
483;505;18
181;614;11
641;44;18
429;684;31
756;325;2
269;102;18
553;636;14
95;465;44
368;91;33
417;139;41
663;549;33
632;27;15
361;117;13
199;577;12
473;159;33
681;477;18
140;419;44

