1000
24812
6000
85;85
69;67
73;15
1;10
38;60
73;99
84;100
5;1
50;42
3;94
39;12
42;32
1;42
12;56
79;42
88;56
58;10
72;74
71;21
98;32
31;1
93;63
79;15
23;8
27;18
82;98
59;85
4;53
14;66
59;97
35;40
16;82
57;38
12;12
30;51
53;96
4;10
96;34
49;70
62;43
69;62
9;22
74;28
53;2
24;29
12;3
19;93
23;30
90;52
7;49
58;52
21;60
72;19
26;33
28;66
15;57
67;28
61;39
52;36
72;21
71;50
86;63
86;44
71;92
2;30
96;3
14;65
29;34
47;29
61;50
16;18
34;8
13;71
89;84
100;54
19;48
59;56
33;60
37;42
38;72
47;99
68;16
7;81
87;79
37;50
18;11
87;59
6;54
43;39
29;82
31;34
84;23
44;13
54;86
80;91
13;22
91;39
94;67
49;89
21;26
43;55
95;67
59;88
33;20
9;60
94;20
72;19
89;68
55;48
60;1
14;2
61;33
77;34
11;68
79;92
77;49
95;16
47;83
40;38
74;26
88;37
35;53
36;37
72;57
6;25
83;18
64;31
48;6
65;3
86;88
34;43
13;46
15;14
3;42
3;32
72;19
18;12
37;12
91;61
14;51
63;31
56;72
61;20
3;5
99;56
63;34
62;57
98;62
6;23
42;64
48;67
85;24
81;24
59;78
16;11
55;58
69;80
75;99
43;2
25;18
79;56
55;2
2;7
8;100
64;32
28;17
23;22
67;57
8;29
33;81
73;46
95;94
40;87
90;87
48;47
88;64
82;23
13;64
75;72
35;54
89;38
26;10
19;46
55;54
23;39
52;12
11;39
30;86
36;48
27;65
24;47
43;64
15;33
78;13
92;77
70;70
81;99
76;26
77;91
26;51
66;2
68;43
97;81
87;75
22;83
86;88
88;33
98;82
33;14
25;16
67;2
79;1
69;48
28;81
77;99
94;43
62;50
15;75
57;93
44;5
28;8
14;21
40;62
24;54
42;35
90;9
46;58
81;87
55;2
61;75
22;53
84;43
1;7
7;39
52;46
80;8
40;47
71;22
36;9
18;88
49;42
86;65
41;93
71;8
9;67
100;21
65;19
35;11
37;50
72;75
85;85
70;87
29;36
14;69
19;95
97;75
63;100
44;91
93;80
59;91
58;9
11;18
77;98
1;91
73;21
13;68
61;37
24;44
35;67
58;85
46;55
59;56
82;5
49;3
26;47
91;69
34;59
9;99
27;41
13;63
81;69
66;5
96;3
52;29
26;60
76;59
84;10
53;27
100;13
8;29
80;81
92;50
82;36
31;14
63;60
82;2
69;26
52;38
37;30
79;83
99;95
15;13
98;68
39;52
68;64
9;38
34;3
82;42
92;18
80;57
89;49
54;69
98;5
18;87
1;35
41;65
80;64
63;30
8;20
97;78
54;39
97;57
77;52
78;81
38;3
81;23
36;45
99;88
18;52
49;73
56;98
26;69
55;76
17;51
86;94
23;86
6;20
15;6
48;33
61;26
46;33
57;37
21;30
95;2
23;4
40;2
57;94
42;9
47;29
100;49
23;71
77;24
32;48
48;10
28;81
30;46
86;23
68;93
7;40
32;89
87;13
19;93
73;31
89;18
24;64
48;77
52;79
74;40
24;72
31;52
57;9
20;69
13;29
27;49
87;14
47;39
88;68
63;71
32;94
55;12
14;5
90;78
56;45
20;22
23;42
21;40
95;76
55;47
47;30
57;37
1;37
64;45
66;75
51;46
77;51
63;34
89;89
30;37
12;21
82;37
35;8
16;14
73;75
18;63
33;56
3;19
40;89
27;55
59;60
88;85
25;73
47;14
5;82
35;77
68;76
75;18
42;48
3;75
20;97
67;2
9;10
72;29
1;41
8;36
92;57
56;8
76;57
21;78
27;97
37;54
27;98
24;53
63;4
3;86
35;23
44;76
33;16
20;38
84;69
7;66
62;32
82;16
1;82
83;71
90;87
29;52
6;30
81;14
50;62
34;71
47;89
99;13
64;86
88;19
28;10
23;99
60;79
76;48
21;44
63;40
58;82
10;27
77;49
27;9
40;76
20;18
8;6
98;85
22;16
55;82
50;91
18;100
62;64
54;92
35;81
6;47
63;72
100;36
75;42
84;61
55;80
36;36
69;90
98;63
39;22
18;53
14;37
54;80
76;45
20;92
93;38
44;42
45;11
48;74
69;18
56;99
45;60
86;56
55;30
15;16
75;28
84;88
48;56
21;9
54;64
32;21
24;62
53;10
72;93
41;58
15;16
77;3
69;11
63;7
14;2
45;16
15;2
17;5
59;19
37;25
88;4
31;22
71;91
57;87
13;24
36;3
44;61
42;76
35;40
2;19
66;93
32;59
49;8
26;90
91;99
91;13
15;28
51;27
4;65
60;40
79;26
64;45
37;96
47;56
31;25
56;2
18;11
91;28
23;46
47;82
18;55
59;9
13;66
55;65
4;89
77;31
85;89
25;20
6;26
55;37
53;1
28;63
46;10
88;37
60;92
94;90
38;95
13;41
28;17
20;67
87;22
46;66
69;63
56;28
38;39
32;68
77;59
14;31
40;87
98;88
40;10
53;20
51;5
93;8
91;41
33;61
20;65
77;14
27;27
76;50
94;30
100;89
84;81
99;89
38;65
48;41
11;36
48;2
98;26
87;47
58;94
26;95
8;6
100;39
73;56
14;61
6;55
4;71
17;26
30;5
8;81
35;42
18;91
14;75
23;1
71;98
50;23
52;30
50;92
41;52
48;88
13;94
41;51
68;60
48;2
31;19
16;70
56;81
87;25
15;48
34;47
96;81
49;22
26;37
79;99
37;38
9;46
22;47
8;62
45;14
45;97
87;80
64;97
21;4
100;87
88;44
22;31
100;95
69;98
97;68
19;16
53;93
71;50
100;34
83;47
8;94
16;95
46;90
36;89
11;33
76;10
88;35
52;31
1;21
69;83
80;39
70;51
63;85
78;63
67;42
81;98
48;55
13;40
14;100
21;16
78;24
63;36
27;9
4;31
73;95
25;69
32;83
7;23
44;86
70;79
68;76
31;73
100;87
33;52
74;3
71;70
2;19
25;74
6;71
69;56
18;33
33;44
67;19
26;97
47;67
83;1
86;55
24;1
32;52
66;75
7;1
2;92
47;60
26;5
68;68
20;97
89;27
85;84
36;24
97;52
2;14
6;49
9;59
50;8
3;91
70;37
35;41
69;97
16;96
39;99
30;72
92;79
86;12
89;53
92;88
38;29
72;20
49;79
54;16
87;98
7;92
76;38
14;87
9;54
75;23
19;90
11;79
91;42
97;22
70;23
54;81
26;79
88;32
90;67
36;91
67;63
58;98
8;54
30;36
70;99
90;93
21;20
52;46
54;57
94;78
3;35
75;27
28;31
28;33
16;97
12;15
27;5
70;47
71;61
82;66
35;23
55;73
95;87
24;20
12;32
97;35
79;71
1;48
1;12
78;26
99;81
1;76
75;27
49;9
67;83
43;72
33;71
44;20
84;93
35;86
67;29
93;92
60;100
87;82
81;87
87;8
79;75
28;38
67;43
96;81
78;61
11;31
71;86
86;94
41;28
70;70
96;81
56;100
22;14
46;100
19;47
56;35
8;27
72;74
14;49
43;82
75;81
94;81
87;4
62;99
72;38
20;10
78;70
68;12
99;77
61;14
80;37
71;39
15;22
53;79
37;70
50;94
85;92
31;89
86;95
82;63
15;9
74;25
15;4
75;20
72;42
89;17
76;45
21;27
82;54
88;5
87;17
25;99
7;31
42;51
79;100
47;37
93;36
71;48
56;2
19;12
70;51
57;24
2;10
50;88
43;60
96;9
1;15
12;34
62;16
80;12
52;70
68;42
77;11
71;69
4;33
93;95
24;29
65;3
87;96
62;38
37;60
6;34
87;52
2;71
95;24
44;14
54;10
27;30
17;89
51;98
73;16
1;86
94;53
90;82
71;56
92;1
28;70
17;4
84;83
61;74
87;76
2;35
56;11
7;89
53;48
6;63
84;56
75;97
24;97
11;22
93;86
90;45
5;79
73;47
77;20
27;82
32;90
83;35
67;27
96;70
91;95
69;38
56;12
47;52
6;31
29;10
86;53
26;57
18;85
75;40
6;21
78;4
100;84
58;96
55;26
25;62
85;70
3;33
42;49
81;59
45;77
79;2
2;86
90;62
65;97
14;14
87;3
72;24
6;96
64;96
44;5
71;17
5;29
60;67
6;99
65;41
35;73
45;3
52;64
28;44
61;8
43;5
95;88
50;82
10;36
96;43
5;31
3;51
29;84
45;89
83;85
47;35
46;97
28;40
97;32
21;91
93;20
17;46
86;32
68;21
85;50
7;91
79;65
79;80
24;46
9;73
14;47
98;5
21;47
39;81
76;65
2;6
83;91
28;12
50;58
94;87
57;64
75;54
93;95
92;23
78;73
57;45
79;10
64;63
176;525;25
830;887;4
849;298;13
351;897;15
837;679;18
226;420;30
367;223;2
908;134;17
44;248;16
513;261;26
39;500;15
745;559;28
628;188;39
79;71;20
567;983;21
110;198;14
909;272;28
226;288;12
777;218;32
3;422;49
85;710;38
245;751;24
703;94;23
470;620;37
313;198;9
753;98;26
460;973;12
919;365;14
164;824;43
290;348;45
232;653;9
82;872;14
534;351;2
236;257;15
679;16;29
717;120;46
900;753;20
349;441;28
607;768;5
728;950;16
542;114;37
838;790;16
549;791;42
514;89;39
362;342;12
947;939;15
739;996;5
124;491;16
132;589;16
746;827;49
767;745;20
493;858;23
671;593;8
664;626;16
19;154;36
196;296;1
436;508;42
182;723;43
37;472;9
61;959;3
981;630;18
369;621;2
98;738;40
403;332;18
918;771;33
913;284;50
796;308;22
941;936;47
256;233;18
729;73;28
493;281;20
92;93;36
746;855;10
133;686;22
999;60;48
441;779;8
893;970;26
746;274;44
250;661;44
131;783;21
611;682;9
246;156;6
850;886;45
974;236;49
508;809;10
376;14;1
218;932;14
721;458;9
550;564;34
450;249;21
256;738;35
502;688;36
56;155;27
626;944;46
375;401;4
301;103;32
515;531;1
736;882;9
979;628;10
995;116;3
205;764;25
977;73;2
709;591;25
404;297;35
993;29;28
418;161;20
99;815;47
808;113;8
511;19;25
272;479;34
107;685;8
666;654;42
453;89;32
923;367;4
884;347;38
868;66;42
488;914;24
307;296;8
249;217;1
367;558;15
155;899;15
890;183;47
67;889;43
895;786;45
753;316;22
968;382;18
858;293;41
500;474;42
209;861;2
462;681;14
376;114;10
60;9;8
790;982;10
969;620;32
50;550;46
60;165;22
617;791;10
176;435;46
300;12;44
381;182;47
773;791;25
81;822;28
992;416;43
220;157;34
102;624;25
845;696;23
651;486;28
298;741;30
63;16;38
59;763;24
964;572;29
939;385;30
349;379;16
729;883;48
673;576;19
291;346;36
644;29;17
943;933;2
304;91;40
787;514;35
509;940;31
838;443;49
751;348;50
610;530;2
257;203;12
877;230;25
601;473;39
335;117;37
350;841;30
515;215;39
422;392;4
347;480;8
692;280;5
481;44;47
886;219;48
12;302;19
835;971;29
638;154;39
482;378;36
613;596;19
844;727;12
598;548;2
166;106;43
617;317;34
546;226;48
132;976;44
103;354;45
831;963;48
45;426;39
667;657;36
901;558;39
735;76;13
434;981;41
956;85;15
749;404;19
331;221;8
80;190;21
737;468;50
438;292;31
586;685;19
939;992;13
737;331;16
894;837;16
823;352;13
102;283;27
764;84;4
48;650;31
735;503;50
640;556;9
861;419;48
349;986;38
536;633;20
501;2;39
942;494;34
572;630;45
532;80;33
998;964;7
791;81;42
551;757;2
133;378;15
183;790;13
560;596;41
364;555;38
188;843;9
892;978;46
173;643;3
588;448;8
339;724;11
881;492;1
305;705;10
92;740;32
529;434;46
316;831;28
147;897;27
910;936;17
964;317;23
696;532;35
574;698;16
307;776;44
209;67;26
800;961;30
316;886;28
120;380;23
702;1000;1
44;158;46
497;406;44
618;869;21
938;797;14
276;811;38
500;227;40
719;132;32
851;819;21
456;278;45
826;805;24
962;221;1
158;595;19
240;17;43
789;537;23
778;403;45
580;811;24
854;153;26
562;458;25
304;725;42
704;878;41
158;714;29
527;639;46
916;933;29
750;33;30
878;830;6
458;531;36
419;73;5
365;758;37
455;429;32
279;758;47
863;42;50
534;927;13
543;479;49
857;127;35
995;370;17
813;601;19
680;421;12
530;899;20
865;411;15
109;929;32
74;414;31
741;965;32
106;825;44
672;960;35
34;542;38
479;27;15
666;216;11
308;647;40
309;289;33
262;698;11
422;370;29
962;735;12
164;629;5
713;631;4
651;697;45
25;377;9
452;815;11
615;850;18
139;523;38
905;300;7
681;380;30
691;752;40
135;994;3
969;688;12
560;1;37
660;757;4
572;634;25
826;78;21
7;221;29
675;907;35
43;885;34
45;106;50
42;722;13
277;530;17
746;307;6
440;270;25
333;587;30
840;781;13
192;557;47
150;244;26
440;95;42
674;926;5
145;136;11
141;760;8
266;797;27
900;606;1
815;302;31
154;584;28
374;473;15
406;740;36
369;687;6
871;945;30
843;267;1
884;145;33
906;895;15
357;208;33
148;887;7
981;293;11
393;889;45
157;625;27
316;879;18
643;80;8
88;96;33
417;471;50
765;261;7
830;232;1
860;430;49
576;33;29
829;334;12
739;579;32
240;693;48
127;158;5
732;369;35
898;513;41
974;434;9
51;213;50
853;717;9
181;736;45
300;889;27
284;899;32
279;937;28
132;828;30
950;588;3
604;42;4
113;301;11
813;435;14
70;365;14
205;282;10
807;94;40
407;162;26
173;378;18
249;159;11
636;784;24
112;814;7
44;359;23
540;207;12
149;285;40
452;682;11
348;278;41
980;86;49
766;858;15
669;16;13
895;268;3
618;672;33
893;457;47
58;327;42
1;901;47
601;842;36
737;561;48
968;513;43
390;7;7
987;478;1
133;794;7
573;543;21
545;315;47
611;609;39
501;246;3
474;227;12
46;935;1
790;27;4
869;50;24
792;424;31
821;169;46
667;859;7
962;403;41
475;809;36
924;478;34
234;460;48
287;924;44
723;476;42
135;64;42
186;600;13
277;963;34
722;458;46
535;205;10
755;871;50
7;132;38
151;109;31
533;52;15
810;156;28
432;294;49
663;813;10
289;746;5
283;556;48
2;394;13
429;128;32
804;219;34
2;324;35
582;899;20
528;669;41
206;811;48
458;711;32
202;495;13
491;924;18
340;899;3
175;865;49
675;548;24
626;77;6
546;857;3
872;74;31
279;943;23
423;203;19
721;520;26
500;771;13
326;454;33
860;691;40
950;694;48
582;958;49
37;21;4
707;830;30
639;188;9
732;325;48
424;727;19
801;224;26
394;328;34
673;170;16
956;299;2
480;611;6
83;109;38
819;806;23
549;391;26
699;589;23
866;428;31
199;161;43
353;985;37
468;457;37
464;740;7
921;397;47
825;168;48
593;894;27
548;612;25
73;791;9
281;745;24
13;898;12
430;769;43
976;659;32
844;542;35
298;777;41
415;874;11
344;58;42
29;130;12
747;270;18
170;256;3
913;251;4
37;600;42
16;982;9
412;699;22
624;548;20
733;626;35
754;109;8
996;280;18
363;907;20
88;254;26
958;62;35
871;358;27
369;798;6
408;443;47
239;132;21
242;175;34
957;379;1
787;209;11
795;207;13
45;747;24
153;965;25
48;928;13
799;701;23
921;615;34
967;116;46
699;399;14
446;782;15
422;901;7
667;911;14
770;325;18
972;114;37
836;981;3
230;977;42
274;653;35
432;226;50
283;937;6
532;237;13
426;179;21
768;377;28
497;318;34
358;768;20
875;884;33
798;974;2
263;957;44
866;945;38
58;786;9
607;504;43
89;73;27
750;712;35
250;142;18
165;806;17
353;258;41
516;816;27
114;198;37
506;369;7
47;72;21
336;162;4
799;790;31
452;695;9
447;435;38
398;512;15
207;691;14
240;854;46
974;527;11
263;971;28
523;611;28
998;386;9
19;900;25
194;18;6
159;114;23
196;420;24
926;123;8
328;463;20
529;358;23
158;952;42
848;581;33
176;824;38
34;594;45
202;850;25
423;621;10
385;158;45
460;8;8
418;125;47
604;653;1
855;438;26
290;728;14
346;281;12
507;597;50
310;506;48
269;494;3
73;704;21
830;896;6
322;483;48
218;960;11
756;437;17
919;16;26
631;981;29
805;325;10
118;8;46
864;690;27
821;607;42
16;458;45
899;89;16
65;796;48
60;774;49
854;591;1
851;943;11
781;674;8
558;709;33
630;911;2
563;973;23
697;783;41
106;843;5
797;437;28
63;634;28
178;936;37
349;737;42
323;633;20
436;250;39
74;637;23
156;342;49
465;867;2
425;541;30
48;864;14
733;785;37
773;864;45
781;611;13
169;183;44
876;587;50
827;775;40
995;369;10
22;766;31
609;975;25
801;512;43
617;812;15
364;724;16
519;487;39
878;555;2
120;929;16
458;72;13
48;588;2
648;276;34
310;685;17
803;397;22
253;458;36
776;479;42
799;39;15
440;599;46
858;381;12
66;831;7
658;287;17
800;105;14
223;468;29
822;489;1
959;770;4
871;359;24
402;233;35
925;510;20
749;956;17
985;334;29
944;866;17
938;766;28
569;106;40
410;867;46
571;575;20
30;344;14
259;18;44
83;8;15
309;584;21
350;486;33
458;920;12
675;755;2
259;522;31
557;942;7
935;823;1
264;432;47
782;151;25
809;517;15
655;241;5
824;358;5
171;792;19
260;76;11
689;709;38
89;936;46
27;671;21
136;301;33
248;675;9
721;617;21
517;173;33
430;327;28
922;317;11
259;337;22
40;380;9
533;941;4
405;45;2
214;487;3
325;531;3
827;870;42
27;94;26
788;972;15
826;956;41
50;965;36
853;929;23
196;295;44
450;851;41
889;785;18
210;454;17
165;311;10
584;422;32
437;824;22
218;292;41
288;378;11
3;780;46
715;381;39
950;958;3
216;163;39
59;323;46
212;882;5
823;387;4
345;338;40
203;594;42
188;679;50
30;626;8
858;686;45
616;767;31
952;904;16
691;471;20
128;901;31
861;270;9
404;437;5
975;933;27
433;771;36
17;191;45
373;59;10
755;560;33
482;640;15
993;219;42
616;641;35
315;807;14
805;491;46
392;979;20
263;22;15
141;804;16
403;773;46
350;125;48
412;150;8
419;713;4
306;777;7
941;660;22
629;52;27
416;376;22
731;190;22
999;371;25
27;458;38
271;477;36
26;166;28
963;942;1
704;379;36
782;644;45
203;48;5
903;997;13
724;938;7
801;826;33
830;978;50
184;414;25
547;805;24
611;233;33
936;578;2
701;925;27
774;874;8
542;981;4
501;947;37
722;323;37
715;130;41
908;773;28
573;996;49
720;208;38
627;211;8
902;703;42
402;459;50
459;911;14
191;727;38
721;468;15
643;617;6
405;213;17
303;347;32
184;989;21
833;615;31
230;773;24
896;107;24
43;344;37
211;382;34
893;731;40
361;665;28
487;129;39
464;668;11
921;75;35
249;213;28
919;496;11
201;961;50
896;614;16
639;887;32
832;548;10
705;265;49
218;49;25
806;152;3
170;443;21
138;107;19
758;393;9
524;455;4
985;527;26
701;392;36
378;406;49
551;208;15
547;589;45
518;831;24
313;692;29
492;7;49
820;867;8
505;333;36
109;448;12
277;667;46
101;374;7
149;802;36
589;302;12
757;862;24
411;687;6
739;541;19
625;156;23
202;337;5
803;729;47
387;609;6
168;178;4
279;869;7
643;881;29
973;337;26
275;232;11
771;621;15
235;586;30
247;95;34
411;188;4
467;672;31
338;170;40
231;946;18
6;359;21
848;498;2
805;621;15
262;533;11
336;803;50
190;226;13
673;949;8
871;283;7
764;828;17
610;927;28
345;388;25
19;560;30
618;608;18
685;965;9
955;727;43
579;379;6
379;76;37
642;140;32
764;120;24
689;847;34
809;348;21
953;664;39
844;311;11
900;736;36
66;534;47
599;668;24
292;877;32
78;842;37
659;268;38
36;856;18
979;174;16
339;141;10
770;453;22
671;817;44
168;689;11
489;573;22
613;543;25
976;104;50
370;823;14
94;790;38
23;139;43
67;292;28
778;781;25
579;716;21
705;317;37
53;777;12
937;406;50
403;991;11
997;143;39
6;907;25
46;89;21
832;141;9
5;857;21
707;932;19
455;779;11
610;970;4
491;86;26
13;409;9
265;634;23
429;218;44
139;94;2
890;83;7
130;102;17
574;646;25
500;748;8
71;314;34
275;29;39
818;108;40
92;492;40
816;149;37
538;43;48
403;481;32
105;195;34
13;405;19
765;92;38
712;42;15
44;58;24
257;392;12
947;935;33
48;160;22
905;881;49
425;161;29
668;39;30
722;488;16
114;284;45
511;956;29
128;552;24
269;962;46
642;933;38
714;448;36
517;291;17
535;737;27
510;165;25
379;439;2
514;815;8
780;833;36
822;568;31
197;928;12
663;53;14
261;174;43
825;821;25
320;404;6
735;552;32
818;729;37
135;767;22
691;414;43
301;182;7
302;885;19
809;283;32
885;155;26
859;950;45
934;415;11
484;598;33
968;530;19
243;504;11
109;957;20
163;122;30
970;110;49
60;138;20
567;284;12
731;477;9
889;806;20
652;61;16
424;588;3
944;39;23
65;446;7
758;588;17
528;785;16
973;294;18
107;495;35
779;117;27
622;864;8
625;255;23
829;786;3
596;31;29
815;929;25
373;131;19
10;339;48
303;376;46
553;595;19
748;572;36
557;273;7
671;168;35
712;51;31
490;19;39
110;10;39
46;206;12
564;862;48
677;527;7
857;132;47
989;270;17
165;149;10
529;372;31
94;262;26
828;461;45
508;120;11
429;166;1
354;389;5
308;34;7
823;898;5
148;432;20
784;132;36
481;889;6
329;276;49
311;214;16
316;859;3
349;654;20
157;94;10
823;955;15
341;945;15
535;860;29
693;87;34
263;720;11
285;693;39
450;281;19
515;382;10
742;858;29
472;989;18
169;38;28
114;512;21
603;990;17
910;363;33
56;135;20
346;209;36
145;5;22
830;12;5
438;773;33
239;559;41
66;310;47
384;64;15
503;276;11
141;657;50
489;188;45
798;857;11
21;605;31
283;664;46
744;149;22
623;819;32
901;345;40
256;411;48
24;228;6
896;123;37
552;519;1
126;381;22
592;804;18
561;498;14
192;435;29
274;236;14
141;225;35
137;152;31
42;493;36
797;824;42
689;645;21
190;550;23
970;570;26
923;115;5
735;244;32
300;909;29
265;442;40
358;87;47
418;380;12
136;251;48
450;630;13
685;482;49
14;885;16
641;372;7
956;389;13
486;110;16
614;769;9
939;806;42
586;203;7
182;525;22
334;416;50
232;133;4
878;965;2
81;577;49
106;787;6
148;477;32
92;660;12
162;698;39
4;499;26
309;310;46
618;949;4
321;672;11
835;837;14
213;795;33
917;962;1
764;128;27
551;725;22
812;900;1
526;344;12
19;83;17
617;428;8
750;378;36
603;317;35
980;48;25
800;15;10
13;89;15
746;996;44
48;995;8
615;806;2
140;831;44
831;208;15
417;600;16
51;317;41
736;539;35
606;650;48
1;96;48
121;458;10
828;546;41
780;576;25
935;371;33
556;204;8
889;356;16
888;235;34
128;302;41
781;453;39
343;420;34
495;300;47
456;947;27
148;44;42
827;109;20
620;227;18
404;78;28
708;937;28
886;440;14
69;548;50
30;200;11
851;494;39
359;834;30
938;736;8
260;940;14
71;319;47
310;147;44
896;789;3
269;935;14
964;838;9
613;466;23
580;938;6
265;172;13
962;853;19
379;645;13
147;642;12
101;548;2
36;192;28
864;85;42
565;691;23
448;172;5
660;927;3
912;502;29
490;43;9
764;889;14
819;141;29
477;116;30
188;254;8
796;110;47
94;705;29
468;522;21
444;296;21
278;573;45
98;302;38
418;221;12
224;163;17
286;403;31
944;897;36
4;654;46
721;909;8
864;366;4
444;526;38
946;957;21
947;440;15
879;154;15
456;304;40
927;841;2
365;638;50
751;65;38
775;876;46
214;365;41
176;392;24
979;920;5
459;528;48
131;45;43
403;787;16
700;229;9
16;237;17
732;470;6
397;903;22
15;141;40
155;525;44
228;980;3
564;84;20
913;404;46
579;276;1
787;517;13
545;434;1
858;246;6
848;279;42
284;268;33
302;780;24
596;978;40
977;276;27
276;784;35
536;482;21
375;406;12
927;438;34
762;75;11
742;201;6
346;485;30
424;826;29
912;304;7
195;232;11
159;292;36
535;35;14
662;684;35
991;48;12
203;300;4
871;126;2
215;158;35
425;497;5
97;297;1
223;772;10
409;873;44
537;348;47
379;160;33
608;578;44
677;183;5
9;305;20
5;944;18
354;454;40
264;680;41
419;39;11
821;487;21
629;769;38
605;768;26
878;419;12
91;68;34
508;987;43
585;423;44
2;830;12
441;140;10
564;312;17
506;410;14
226;270;30
527;366;48
683;461;24
451;984;34
713;896;28
678;289;28
764;510;19
831;608;37
572;783;14
143;333;50
711;608;20
681;839;40
695;285;49
991;6;2
134;382;45
389;485;23
563;733;46
489;932;8
730;250;5
182;503;8
356;193;18
193;808;27
85;514;10
444;656;1
425;270;37
856;961;6
354;309;44
632;281;31
165;545;34
849;739;2
999;425;34
798;568;32
778;533;43
559;328;49
371;450;42
880;262;23
572;940;33
841;665;11
58;680;34
762;297;17
587;519;17
115;693;14
190;374;39
614;488;3
474;970;5
354;34;13
920;635;8
742;445;19
540;712;43
100;736;28
741;511;18
288;141;42
453;295;10
802;17;8
509;916;13
106;404;16
583;192;42
859;863;46
997;414;41
403;717;23
499;71;9
982;238;50
68;809;4
339;653;22
590;91;25
68;136;44
419;789;11
399;943;23
326;642;35
775;839;44
406;113;46
684;884;28
785;147;48
235;916;40
752;737;46
22;841;8
806;96;12
936;326;50
372;109;17
404;434;11
727;830;45
129;39;9
574;880;44
724;470;47
115;772;17
804;664;50
952;634;4
461;665;36
577;334;17
567;827;45
321;547;39
334;574;23
832;76;20
963;984;14
241;852;45
890;502;26
635;218;13
304;849;24
895;475;23
845;866;13
785;861;6
245;752;34
516;787;2
815;365;44
323;304;2
898;40;46
65;422;50
99;526;25
847;554;24
276;257;49
244;168;22
292;49;8
537;245;14
460;188;28
129;242;14
980;245;48
704;245;14
557;526;29
315;816;21
585;137;34
742;290;10
24;865;45
547;143;48
773;617;14
416;826;11
589;550;47
312;942;7
545;574;26
301;599;13
929;134;1
756;128;4
710;106;33
731;426;7
623;103;17
192;691;12
434;344;2
333;194;38
836;180;6
614;297;14
834;122;37
625;820;11
227;93;39
829;649;37
865;821;31
645;536;38
553;181;6
26;696;35
821;600;22
321;741;50
879;561;2
259;898;40
505;962;1
39;593;29
474;670;27
134;519;19
604;962;8
503;664;1
816;819;19
646;852;18
340;728;19
431;807;5
441;45;24
165;255;33
902;986;19
735;652;39
312;153;10
77;886;41
742;970;13
674;605;6
341;516;33
210;853;15
576;458;40
560;835;10
417;950;6
83;514;38
88;778;3
24;579;34
981;541;6
494;376;42
611;577;39
98;952;41
182;701;35
425;348;29
857;440;11
355;503;27
81;60;42
582;295;21
62;253;14
457;423;49
320;948;38
966;816;44
917;939;16
494;220;12
718;833;40
983;629;40
889;87;18
73;824;44
901;930;4
81;103;6
913;694;29
15;501;50
82;164;23
394;991;8
103;626;48
960;499;32
689;57;2
985;273;33
340;732;39
149;889;28
450;680;1
104;499;43
690;517;7
151;947;1
839;245;4
564;146;35
94;733;28
916;480;31
90;169;28
23;10;41
201;421;29
130;845;31
544;820;38
246;224;29
123;760;10
13;987;47
883;758;20
804;102;31
795;21;18
12;977;31
697;429;25
150;666;21
79;400;35
839;86;41
880;619;26
28;374;10
685;142;44
176;306;15
845;761;2
289;656;1
841;448;30
198;801;3
501;624;3
510;703;22
165;161;33
838;54;49
847;153;39
323;551;29
590;903;40
135;591;6
486;661;30
63;895;19
350;821;19
396;544;3
384;407;31
455;853;20
832;663;6
949;456;35
170;293;23
176;503;8
430;291;3
402;447;25
24;131;30
955;4;42
414;908;3
180;244;24
770;4;45
826;330;30
491;786;36
345;876;42
609;262;43
124;953;5
152;290;47
164;174;9
31;369;8
818;933;24
926;198;8
255;516;48
253;155;49
981;865;20
262;234;27
238;740;1
470;132;11
933;799;45
81;924;34
786;35;16
449;97;50
103;501;6
237;134;9
70;299;12
749;495;35
748;658;24
970;547;12
810;995;31
805;358;29
65;15;20
394;434;4
762;60;46
747;959;12
311;953;24
950;315;2
625;980;3
50;364;14
984;3;46
957;524;50
128;466;6
148;859;37
308;457;8
143;911;2
141;297;41
803;622;47
23;608;13
431;716;4
2;346;8
731;898;47
408;433;8
768;645;7
284;346;47
893;818;9
895;477;41
605;675;2
868;258;23
375;488;28
554;99;16
364;428;2
949;701;36
919;656;4
77;916;8
332;854;25
619;148;34
280;776;49
142;264;4
179;620;35
300;901;46
548;967;31
458;67;20
116;410;9
334;337;35
343;473;2
550;848;41
677;640;42
397;596;21
333;557;24
189;646;34
598;112;39
551;871;26
82;628;17
594;209;11
981;637;32
150;265;4
440;519;44
713;15;34
927;58;16
433;411;3
846;235;43
568;107;18
240;834;48
360;34;38
484;299;40
964;975;35
587;626;39
379;408;29
979;218;42
610;3;12
660;241;20
206;931;39
578;380;41
333;51;25
986;88;42
426;391;39
629;16;36
510;478;33
122;787;31
651;631;36
694;44;29
12;793;20
351;452;47
801;933;44
158;110;40
80;162;50
726;586;25
301;210;40
836;433;37
732;870;8
851;593;24
861;549;50
192;137;8
666;562;19
991;678;34
950;13;20
514;117;12
664;980;32
526;12;32
202;338;14
873;214;25
526;215;31
714;828;12
785;566;8
597;938;37
443;442;39
873;200;48
960;252;32
582;383;22
388;743;37
418;934;44
388;320;8
671;557;32
925;98;22
285;314;28
387;555;29
622;217;43
461;23;26
534;788;46
193;665;7
193;150;12
523;341;38
717;512;20
184;562;29
199;648;11
422;824;43
294;268;4
849;401;20
74;809;22
138;622;22
120;20;30
345;460;15
157;261;14
822;601;44
741;289;34
181;664;7
567;177;37
850;372;35
349;224;47
558;153;1
619;446;50
565;949;34
31;886;33
913;883;38
706;292;45
780;15;2
773;145;33
333;456;27
711;786;3
383;594;12
106;313;48
960;175;32
446;651;30
277;489;16
524;252;17
660;125;41
274;299;40
488;191;7
344;281;43
771;931;21
128;71;7
531;693;23
110;756;2
66;99;45
420;619;23
926;147;50
42;721;38
226;536;19
446;638;8
411;370;17
316;803;39
763;514;29
425;40;9
683;267;39
437;803;5
962;899;16
226;436;33
466;287;16
527;133;4
241;409;22
513;9;24
360;731;48
112;301;34
942;552;49
687;75;29
569;967;28
220;595;48
763;687;45
132;787;26
754;392;3
430;647;18
921;964;27
303;45;4
523;897;35
467;884;9
864;749;6
779;114;24
14;421;18
316;817;28
15;339;15
707;168;33
441;453;5
601;523;32
533;561;33
624;429;45
825;752;15
922;987;4
675;560;49
256;606;16
102;756;38
954;377;3
623;737;48
405;87;35
313;134;28
951;410;17
929;523;47
564;116;40
620;487;32
967;8;40
214;384;30
607;470;5
87;713;27
320;26;29
275;946;14
435;133;19
767;763;6
374;743;25
42;641;6
5;836;9
166;648;39
861;807;38
446;265;25
384;938;26
78;978;25
968;773;1
298;837;8
7;977;23
335;543;45
984;212;18
212;128;46
838;889;18
92;37;42
252;104;1
8;657;22
780;341;18
774;363;5
362;188;2
241;377;20
503;799;25
169;167;42
226;729;27
274;619;19
540;263;40
946;630;47
153;199;36
738;408;17
522;253;1
291;27;19
810;53;6
869;221;29
610;568;6
830;263;27
277;195;10
679;235;24
669;774;23
877;113;17
81;415;42
251;170;45
91;276;3
899;43;15
453;453;30
826;649;42
907;759;28
732;265;16
534;944;17
751;189;5
219;984;14
472;646;41
677;894;1
150;645;25
598;23;39
309;812;46
79;152;22
356;352;6
493;958;28
899;113;42
657;511;5
9;571;15
740;925;30
490;401;35
400;50;26
274;417;18
946;765;25
845;612;2
105;109;12
123;328;15
509;678;20
843;253;7
467;660;4
537;613;6
560;50;17
731;859;42
846;838;30
381;685;32
337;100;5
565;592;5
951;342;11
356;72;32
619;635;41
329;396;36
331;834;19
900;435;11
189;120;2
774;845;35
508;15;10
96;89;8
958;919;47
13;517;40
44;724;37
908;671;37
885;826;34
976;112;35
812;203;26
987;450;25
257;496;9
970;129;38
312;8;44
477;85;4
586;204;44
114;833;48
658;16;7
983;852;26
586;673;47
987;371;43
920;27;23
906;984;32
836;99;22
915;863;24
188;29;2
213;565;4
16;697;13
876;416;39
312;119;33
726;399;32
640;838;48
72;316;34
852;123;7
10;373;11
602;279;4
605;520;17
68;572;10
902;639;48
42;358;14
649;30;8
617;252;31
726;155;42
627;436;16
208;244;49
331;304;19
18;895;31
218;349;18
208;962;32
745;263;37
568;747;2
751;637;37
622;408;48
39;137;13
836;941;27
113;608;42
954;209;44
458;723;46
972;737;10
565;647;23
759;504;37
297;574;27
144;844;28
411;606;20
61;238;6
146;367;4
399;53;40
982;241;13
111;581;24
775;594;32
715;881;32
854;606;16
185;965;24
733;833;43
254;624;8
251;550;21
898;688;7
257;586;18
189;328;6
640;621;3
529;636;27
286;61;9
818;812;46
345;9;44
170;741;36
238;547;13
920;802;1
939;615;30
55;819;42
891;202;5
223;55;15
631;648;45
20;1000;50
73;365;10
31;360;12
51;554;2
403;62;21
84;177;3
281;591;45
981;74;46
945;99;48
488;975;41
572;639;44
397;561;40
955;510;14
438;518;20
757;82;27
573;538;40
507;993;47
947;413;2
376;73;50
287;82;48
787;421;11
464;934;3
141;274;8
57;37;3
193;973;46
834;297;8
894;860;19
877;489;26
468;975;13
113;204;35
698;217;15
656;282;35
301;775;1
599;646;24
482;927;5
685;82;9
868;251;20
765;63;2
396;742;13
761;822;43
13;490;18
329;966;37
154;507;45
696;535;18
470;774;32
164;408;10
975;483;1
813;764;16
927;17;47
680;162;38
862;171;21
504;241;8
662;724;41
182;634;11
334;123;13
944;95;37
44;643;49
36;775;37
726;363;23
1000;207;18
249;981;16
509;611;14
185;205;42
31;387;18
488;168;39
219;209;9
862;418;2
296;163;27
159;890;44
799;16;19
487;464;16
872;538;30
751;475;14
489;875;19
316;432;6
335;259;21
411;654;16
235;443;29
915;765;21
222;403;42
368;454;37
767;331;42
262;672;29
823;949;36
225;374;8
968;582;26
601;41;36
843;300;50
660;274;40
101;344;12
927;800;35
941;760;29
253;810;27
833;920;39
737;113;10
188;272;31
135;821;4
440;214;35
306;901;13
215;592;28
969;90;19
244;926;8
433;509;19
553;80;4
956;882;28
453;496;18
580;976;11
324;345;22
495;794;17
782;634;16
389;382;46
699;52;3
107;781;33
660;251;10
653;813;27
592;257;42
457;703;24
681;950;19
90;192;30
365;193;40
221;613;23
167;816;7
982;439;48
191;601;18
238;968;9
888;919;47
173;384;36
156;380;36
445;337;24
905;305;28
906;381;1
438;819;25
295;47;3
382;838;37
703;616;44
848;852;48
359;539;33
888;610;20
511;225;46
485;516;37
588;510;40
75;985;9
307;527;44
889;218;37
283;625;6
12;488;13
229;740;30
464;530;11
514;91;27
951;653;9
524;338;33
347;963;21
722;24;6
166;539;24
125;980;11
978;269;29
711;76;34
830;782;35
154;607;30
852;971;37
670;824;35
651;470;45
842;223;10
841;913;11
178;612;30
50;379;2
677;413;38
969;834;26
549;987;36
511;349;47
362;541;43
654;537;31
15;725;19
661;725;26
487;326;41
572;705;21
637;366;21
266;156;39
940;899;25
74;547;20
888;293;31
597;503;6
724;70;32
954;516;34
967;399;20
639;973;29
482;307;21
826;425;16
419;282;20
502;462;3
212;586;16
381;105;47
447;414;45
825;585;15
615;589;44
269;749;34
737;974;7
21;313;17
534;650;27
959;350;29
241;309;20
277;565;28
720;34;21
241;779;36
12;645;24
784;137;38
509;735;41
528;445;9
268;353;20
412;181;10
845;316;24
18;90;34
783;618;3
767;945;5
110;926;41
507;954;21
481;55;33
966;858;42
768;272;42
484;681;4
856;134;37
190;525;1
495;908;2
782;626;30
395;896;11
24;406;18
131;229;28
652;236;10
855;585;10
129;469;10
287;232;13
175;788;15
895;814;21
911;301;25
221;491;13
84;143;6
287;672;39
263;498;10
547;437;2
401;770;28
524;501;18
787;213;33
196;365;2
429;825;11
434;494;32
409;182;15
269;846;30
805;320;39
739;955;29
726;422;5
795;263;15
875;561;10
584;619;31
921;14;10
582;17;5
434;858;49
782;873;16
403;425;38
972;1;29
117;946;14
544;849;21
68;906;42
948;270;26
629;465;30
460;409;2
224;915;48
205;539;7
162;857;22
603;514;6
520;851;34
707;997;45
682;893;22
82;550;50
645;82;35
245;128;24
85;452;35
887;884;15
231;762;10
398;691;30
154;346;28
489;919;25
588;533;24
175;156;37
731;796;47
696;774;43
947;510;24
309;798;27
628;654;9
917;797;38
647;582;40
285;919;21
113;242;35
271;282;7
328;813;25
24;29;26
909;199;32
403;177;6
589;818;26
436;56;15
791;556;29
358;905;30
302;408;47
473;706;8
936;601;20
449;240;1
582;902;46
69;723;11
425;136;31
881;266;42
757;794;19
213;193;33
784;124;22
744;864;6
27;186;19
64;884;35
585;455;39
36;811;25
664;120;30
258;15;41
281;449;20
308;345;4
231;249;36
138;465;11
782;985;26
546;559;42
403;937;8
448;548;42
147;332;24
448;133;13
626;645;16
823;21;35
744;318;46
531;95;34
741;270;7
251;97;35
15;273;26
365;384;12
553;774;14
286;96;44
898;433;50
83;170;36
335;25;2
29;403;10
849;475;14
283;265;45
815;291;36
291;201;12
975;757;49
905;942;13
708;121;15
711;895;28
445;670;33
381;736;16
432;661;19
983;485;48
455;691;17
691;501;32
136;42;36
648;453;24
322;931;48
24;38;32
801;162;12
552;158;30
896;728;40
797;602;50
393;880;40
171;982;20
995;171;50
107;729;23
283;198;24
574;21;7
62;691;43
378;865;50
609;388;13
371;446;38
697;593;12
759;766;3
638;602;49
338;664;32
259;611;13
121;355;38
419;476;39
281;939;19
611;507;47
847;102;47
870;920;33
632;54;7
384;604;7
360;536;7
34;957;3
939;436;30
559;777;49
583;186;24
249;643;8
821;614;19
691;617;24
738;499;38
438;43;30
781;731;33
159;986;10
559;495;50
143;202;47
480;509;21
127;521;29
315;787;18
575;166;24
395;949;40
678;100;7
311;364;42
289;620;17
419;45;34
97;61;28
920;661;40
89;893;31
131;222;40
633;676;12
739;727;2
316;788;10
698;159;3
741;871;40
883;804;46
31;998;33
766;942;12
222;608;42
520;228;31
900;421;41
625;707;48
598;763;21
668;25;12
216;82;5
758;511;33
816;963;30
539;519;48
778;766;35
144;475;6
836;464;10
848;219;26
582;796;25
840;540;31
666;495;32
856;861;30
951;565;38
937;941;37
187;878;12
676;849;43
802;929;45
146;852;8
801;955;32
39;56;4
334;878;7
135;70;19
179;944;50
825;92;6
554;223;17
613;318;9
483;557;29
319;977;26
727;948;10
960;72;19
563;27;8
328;375;26
923;617;17
258;212;40
235;688;38
678;716;6
143;733;2
266;885;46
198;651;46
950;23;9
24;9;6
322;294;3
109;127;16
929;369;20
392;482;4
687;883;44
40;931;12
410;275;6
586;939;41
416;261;49
343;980;16
721;58;39
13;270;19
733;181;36
318;357;18
46;887;14
411;905;33
746;549;12
168;371;28
245;36;5
918;345;49
225;292;18
434;920;21
995;669;38
125;398;26
633;750;30
1;98;19
51;189;49
459;790;39
859;552;18
513;441;33
930;425;14
804;213;47
234;109;46
930;510;39
294;172;22
140;354;18
353;56;1
391;703;23
693;335;36
518;820;11
569;895;37
621;7;2
481;708;30
31;563;50
640;496;8
542;779;18
801;191;16
861;403;49
414;771;25
704;880;31
754;673;18
191;898;44
521;643;27
974;809;35
653;433;32
906;786;17
1;418;28
186;109;16
833;672;36
773;34;21
918;952;19
653;294;18
888;489;30
762;495;33
974;241;39
700;460;8
568;594;35
130;671;18
755;968;4
343;240;20
359;986;4
371;630;10
602;380;17
392;134;44
529;904;50
561;560;33
718;109;26
397;698;26
942;413;18
767;991;50
180;691;15
619;491;34
507;591;22
752;159;45
488;596;38
648;982;34
483;442;31
206;492;29
93;775;6
61;626;37
582;932;31
910;21;49
243;898;4
238;25;18
863;444;16
310;409;49
801;604;18
662;855;12
315;383;39
493;703;32
187;416;34
434;340;38
820;384;29
741;242;10
125;960;22
153;931;1
782;394;18
143;691;21
685;514;45
375;198;8
905;220;13
172;97;49
528;217;49
284;361;24
372;426;27
547;580;37
739;378;23
124;443;41
778;395;24
68;815;38
314;289;6
708;868;24
253;203;11
377;146;5
671;992;5
591;376;9
113;766;10
124;903;45
225;484;29
244;986;11
196;447;4
872;860;29
748;372;38
422;285;7
865;955;27
911;671;40
479;615;24
702;708;18
419;798;4
38;775;1
961;473;50
47;50;43
941;761;47
809;790;47
53;105;8
423;941;22
648;389;45
542;189;38
6;746;47
846;723;28
966;616;33
178;848;7
300;892;17
646;159;34
11;802;50
906;479;8
157;527;5
182;837;34
243;876;18
495;654;17
560;84;30
219;602;40
94;949;25
905;124;10
346;431;7
573;79;17
920;978;43
263;87;6
700;565;18
363;645;26
365;712;36
160;232;1
588;246;16
979;827;26
712;543;20
809;466;6
409;680;35
433;59;48
340;350;47
940;198;7
851;848;32
826;307;40
499;886;19
738;858;44
159;29;15
836;528;38
788;190;48
117;919;43
817;402;44
781;621;43
2;362;48
260;9;30
458;608;33
671;393;18
182;975;34
27;905;35
434;230;50
260;192;33
230;446;39
110;694;17
215;182;23
34;168;38
71;219;3
203;154;46
356;734;40
605;613;20
437;491;31
617;48;27
190;688;42
357;591;46
507;255;26
121;435;1
432;903;45
3;359;43
78;953;25
96;145;3
823;918;39
780;745;41
715;977;49
622;254;44
271;742;11
314;596;12
672;426;18
534;349;46
509;732;14
394;517;9
352;847;1
194;473;28
751;765;38
743;226;49
847;181;19
786;993;24
462;431;25
810;323;2
966;69;24
786;65;3
84;717;4
371;124;37
656;440;49
109;949;20
969;471;21
847;734;30
778;726;32
634;240;39
664;596;42
223;707;35
737;715;37
473;435;30
463;197;43
498;392;16
84;424;9
842;232;4
764;303;30
175;661;40
403;203;35
338;125;9
27;364;44
682;282;14
583;242;23
579;926;6
637;327;4
306;586;7
184;579;48
727;667;2
819;675;47
572;306;33
165;720;11
313;785;3
352;959;10
943;3;35
493;402;30
137;780;13
918;856;38
76;347;47
308;229;49
193;777;46
863;43;45
904;314;8
569;794;1
729;385;43
204;69;42
881;825;35
700;398;34
315;49;37
995;944;34
185;222;13
885;46;46
860;262;7
75;34;14
327;381;41
416;734;13
536;233;37
937;828;2
619;482;21
521;329;43
875;478;25
646;935;10
905;18;38
340;742;41
101;239;3
630;359;36
768;86;25
816;234;28
112;183;10
999;530;39
534;889;11
276;922;1
130;639;35
795;234;38
363;306;40
107;586;15
418;370;12
645;166;13
407;713;37
855;389;17
840;695;30
125;209;44
860;529;25
888;180;28
59;769;36
384;219;3
534;418;3
349;39;7
119;172;36
485;873;11
75;591;48
10;532;27
836;480;1
813;125;8
759;980;33
78;714;7
932;124;6
77;959;11
719;658;42
300;760;17
317;399;42
611;62;27
238;159;27
36;669;12
421;877;26
409;486;33
965;719;44
796;368;44
538;557;19
952;628;10
361;232;10
208;189;45
29;499;19
842;879;26
65;642;29
493;534;11
909;520;32
629;86;35
707;819;8
807;324;20
298;478;39
587;561;34
746;584;23
843;761;49
161;936;1
566;566;41
87;967;36
47;612;46
645;654;12
312;202;30
849;449;47
422;463;10
801;95;31
592;656;42
674;293;22
353;88;38
88;528;43
49;226;46
600;807;8
416;11;19
910;609;33
492;899;7
125;974;44
246;817;26
998;880;16
861;765;17
908;525;30
402;463;41
759;230;12
146;605;42
536;769;50
346;429;17
917;677;17
207;704;34
346;457;46
468;665;28
689;659;5
551;825;37
975;155;47
493;144;37
989;25;27
797;922;38
651;250;6
522;105;37
783;861;3
697;571;6
438;38;45
465;470;15
973;235;24
59;732;17
392;911;5
234;639;14
502;361;45
391;148;14
150;237;10
299;59;8
7;62;30
756;944;37
248;360;11
361;111;1
825;363;38
610;209;40
467;518;42
835;246;12
711;26;35
942;77;5
543;137;18
65;582;27
29;514;19
66;581;23
306;107;16
992;640;38
976;723;32
985;210;20
300;833;31
124;21;39
913;67;27
118;319;31
621;353;29
716;709;35
618;388;38
456;434;9
897;833;6
300;346;43
667;523;34
460;268;36
44;309;10
170;225;31
870;247;3
430;175;18
73;981;9
656;25;10
21;107;12
5;887;35
773;314;50
802;317;15
813;913;5
891;360;21
120;459;36
372;652;29
76;341;18
838;327;43
341;696;34
66;944;38
550;946;15
823;989;22
647;594;2
412;660;24
748;364;34
764;93;20
116;261;35
388;599;22
317;537;38
36;686;34
639;508;6
943;214;2
950;806;42
46;931;29
389;343;3
246;406;23
965;787;25
230;64;45
234;595;10
87;807;8
171;907;44
742;871;7
908;742;46
284;773;11
855;60;14
533;992;14
333;837;30
454;449;26
487;350;6
134;214;16
463;660;34
558;909;2
329;34;49
632;990;41
585;338;48
809;85;46
367;225;32
30;170;13
238;991;20
919;721;49
777;863;6
458;347;33
53;12;33
792;583;18
644;324;9
539;925;34
292;45;4
762;270;32
455;327;28
640;92;35
614;236;12
906;558;27
262;790;18
495;452;30
876;181;16
374;452;42
856;788;21
487;990;11
865;810;6
276;321;2
762;552;39
167;814;7
421;779;5
666;107;35
430;448;4
889;881;43
476;516;23
138;292;30
710;16;43
662;91;30
328;195;3
352;535;36
897;386;35
351;686;4
145;765;21
378;810;34
360;322;11
102;54;36
349;667;27
92;77;24
466;925;39
855;834;24
563;598;21
870;777;10
435;815;23
534;76;22
850;221;22
995;927;24
190;209;34
231;494;31
977;513;22
755;1;10
379;748;40
916;865;7
80;669;30
537;999;19
37;43;33
756;901;17
248;213;38
108;331;25
2;477;15
789;445;36
506;588;3
931;261;36
263;995;7
557;851;18
145;914;16
999;260;34
675;571;4
205;871;33
454;126;6
89;572;11
831;651;16
19;908;31
838;780;42
518;163;30
94;466;40
121;431;49
842;394;45
46;905;42
565;618;17
492;654;37
266;884;30
691;83;40
184;322;25
72;497;34
70;129;37
262;971;45
57;304;3
423;423;2
281;781;11
942;976;44
429;482;39
841;104;41
67;438;28
609;108;27
765;805;27
718;498;18
66;427;21
308;734;32
990;670;40
230;355;36
966;598;39
280;973;34
270;246;33
547;90;12
527;979;43
633;487;15
427;202;36
317;994;23
540;122;23
227;205;36
698;752;43
531;652;21
322;199;4
160;612;29
336;493;22
875;984;37
166;201;32
2;425;23
649;251;29
439;440;24
216;255;16
975;697;31
683;88;31
440;601;9
821;823;30
393;603;17
310;512;7
791;583;29
969;801;46
548;756;24
259;300;47
111;507;11
102;353;21
802;694;21
246;748;35
22;916;32
756;75;46
227;277;50
305;664;10
451;232;22
158;71;9
664;231;46
822;709;29
66;238;33
630;4;47
230;302;19
593;706;10
259;649;47
821;42;4
279;580;47
672;240;6
313;779;27
602;719;11
547;619;23
321;433;23
783;179;16
525;628;48
446;103;41
238;954;35
942;52;12
472;241;3
195;682;45
695;274;10
769;765;40
907;715;20
709;499;4
836;660;45
930;439;37
962;295;8
790;258;44
197;312;47
950;54;7
883;86;44
504;700;46
784;317;9
811;910;3
209;745;38
472;470;43
822;883;5
555;289;45
191;95;13
194;329;31
739;164;42
129;748;19
338;714;15
336;138;44
337;507;32
977;867;7
512;617;45
436;644;15
240;220;22
349;559;2
821;742;33
356;35;20
644;450;32
794;579;42
673;752;16
164;575;33
443;984;36
793;173;33
35;195;42
430;274;15
361;94;22
226;415;45
601;420;40
455;383;9
866;733;40
83;714;15
703;913;17
531;288;49
228;229;34
239;180;42
72;878;23
880;699;34
174;787;48
971;927;16
341;51;27
967;514;34
745;600;31
594;277;16
920;713;21
654;212;35
921;244;24
945;179;27
844;684;9
931;869;34
208;874;40
445;969;5
140;523;35
619;910;22
120;852;14
144;804;6
246;619;20
552;481;37
915;838;45
395;577;20
195;10;41
224;916;12
865;728;39
726;261;24
293;913;19
722;904;3
733;365;8
996;86;4
500;889;39
115;166;9
236;672;19
114;384;34
390;398;46
375;927;42
852;878;27
742;157;43
26;129;35
314;158;48
573;622;39
846;820;18
992;152;1
117;242;12
230;924;12
622;925;38
96;193;16
110;661;37
183;757;48
51;230;48
428;460;26
840;107;35
462;12;8
958;621;11
740;815;21
673;720;32
352;659;46
136;292;8
870;443;9
50;658;14
183;621;36
180;410;29
247;165;21
137;735;7
26;384;23
596;859;47
265;527;38
73;117;50
254;936;19
722;886;41
953;501;36
163;459;3
231;445;20
207;183;43
565;509;14
670;184;4
250;478;1
953;568;29
736;926;1
73;671;4
467;511;19
886;361;38
907;225;8
721;627;4
694;933;11
558;290;16
817;597;38
37;94;41
941;290;16
892;113;30
446;229;13
254;682;8
700;675;11
438;220;36
884;366;17
716;570;38
636;334;24
139;781;7
939;35;34
404;7;42
123;193;18
89;373;10
611;337;14
741;137;40
60;726;13
130;462;34
776;239;13
569;657;43
408;434;38
363;753;35
314;237;8
984;576;50
753;221;3
228;673;42
39;871;29
824;919;26
559;283;45
775;18;10
543;698;27
344;667;43
513;240;45
728;410;15
658;155;34
163;244;45
458;689;26
939;602;34
969;39;14
674;337;18
629;495;23
587;952;27
479;77;25
234;507;31
559;335;46
472;245;26
531;249;9
28;172;10
720;996;42
337;31;23
476;42;19
611;770;25
141;494;34
239;306;15
361;892;38
295;357;46
957;643;7
82;976;13
779;976;37
336;954;45
341;83;23
813;234;24
128;912;4
310;554;49
219;529;20
102;745;47
78;631;33
725;547;3
660;853;1
905;990;24
792;829;42
125;106;44
602;462;28
34;610;15
770;985;39
679;827;32
942;397;36
525;960;33
196;966;19
190;924;31
385;85;33
486;11;24
231;287;44
179;413;10
489;944;42
904;197;13
714;641;7
138;846;20
524;363;33
339;186;12
357;991;18
277;213;15
457;531;15
131;336;10
301;266;1
819;900;37
748;895;35
807;909;18
750;258;15
859;373;16
495;564;35
51;897;13
479;792;29
226;318;38
591;732;15
640;853;21
349;678;30
42;899;13
244;43;46
569;30;15
211;458;28
517;915;26
345;541;33
961;84;45
752;394;31
198;359;21
332;437;40
77;993;47
797;306;20
294;839;1
756;160;43
381;611;3
762;234;25
26;544;29
894;961;31
755;856;22
948;615;30
82;214;4
586;422;7
325;332;2
445;339;25
109;178;35
152;528;4
247;897;35
647;577;20
673;417;22
810;33;18
536;915;2
207;528;18
215;776;32
558;134;11
815;325;46
603;672;13
107;336;47
201;436;7
583;909;4
623;19;1
521;210;33
122;168;49
212;952;8
522;258;41
540;239;29
433;863;35
129;539;24
759;1000;46
881;207;15
755;788;50
586;670;5
611;851;20
224;395;24
60;569;1
676;350;42
27;958;2
372;138;43
816;317;33
412;982;22
367;236;25
137;365;42
456;764;36
140;26;14
775;838;24
498;639;14
533;933;42
50;65;48
609;645;40
109;541;30
123;453;24
626;678;6
204;123;35
830;238;19
972;649;42
804;171;27
220;187;3
265;727;32
526;937;29
456;601;35
842;872;30
348;149;20
251;433;38
428;967;45
695;275;29
594;576;39
621;794;27
256;317;42
62;278;6
914;81;48
644;990;2
160;493;19
19;421;10
70;751;42
620;385;24
328;998;46
572;300;24
337;716;15
830;811;26
878;6;35
530;659;42
680;775;15
250;867;31
801;483;3
283;229;34
98;334;12
583;326;27
727;780;20
168;272;2
690;563;15
192;604;30
19;890;6
430;423;25
553;127;15
28;548;30
492;394;45
226;423;13
233;703;38
284;326;20
848;695;24
30;290;35
566;937;10
454;313;27
494;321;6
494;972;48
411;253;35
95;243;38
151;302;39
871;123;39
405;430;3
695;295;41
857;142;5
160;267;2
835;2;33
526;487;29
289;751;20
175;791;3
895;201;26
906;378;36
585;510;11
443;55;2
211;996;18
249;58;1
384;735;47
651;617;48
537;49;26
825;711;50
61;797;28
844;670;4
893;963;45
476;277;42
519;620;36
9;314;14
347;440;33
193;319;10
797;484;19
107;39;12
792;531;43
438;405;28
245;712;35
64;263;49
86;904;9
929;176;12
331;363;49
992;947;34
53;72;40
520;316;47
611;453;44
432;79;34
881;479;4
917;904;36
536;599;45
641;123;40
676;109;32
962;205;31
117;251;34
620;239;14
191;335;50
902;823;11
836;451;47
741;102;45
62;555;14
225;877;21
294;127;37
247;369;35
308;633;41
850;820;40
951;639;1
440;504;7
259;358;48
713;100;43
773;222;29
80;782;30
164;430;44
590;813;5
304;684;45
923;384;8
750;416;6
882;636;38
294;659;18
601;239;32
158;35;41
708;664;28
152;119;25
32;623;9
458;310;11
504;731;1
734;176;11
355;242;9
950;717;47
986;816;35
611;866;39
651;909;28
42;663;50
953;182;7
245;900;26
203;726;15
958;300;16
807;887;22
373;357;4
393;896;9
115;452;38
565;904;1
606;563;17
625;132;10
760;234;15
20;476;4
957;647;23
3;677;44
718;815;27
638;119;35
308;891;8
628;350;1
128;586;24
260;100;23
380;219;21
114;939;12
98;108;44
986;988;31
782;474;17
288;403;9
893;410;15
157;77;8
21;684;31
585;686;17
597;748;35
285;194;47
611;89;35
569;544;14
848;674;40
981;500;20
381;410;17
959;408;10
171;542;42
728;509;22
885;37;13
438;446;30
194;812;48
231;229;41
35;915;32
514;401;21
124;276;3
669;387;38
888;305;47
463;905;19
88;250;12
308;105;8
144;20;36
13;311;21
160;421;45
241;572;26
834;6;50
960;830;14
937;235;15
243;832;39
230;765;47
484;461;15
493;326;5
265;493;42
347;675;12
821;963;24
997;391;22
290;16;20
388;649;16
707;110;17
366;688;18
894;759;48
493;798;1
548;385;47
431;831;26
971;610;38
279;964;1
932;441;34
164;533;7
450;459;37
284;962;42
335;84;19
706;998;15
472;690;13
976;68;9
286;365;34
759;499;25
506;928;49
342;207;43
47;911;28
942;524;41
175;598;27
555;410;44
87;261;38
332;449;11
594;50;13
579;46;7
363;923;44
539;190;40
128;965;8
317;887;4
172;716;47
144;942;45
148;116;42
596;291;45
463;8;44
114;367;18
75;472;25
948;407;41
524;401;49
490;445;13
482;156;35
550;378;34
454;289;3
962;787;26
580;139;25
337;785;12
249;651;34
148;260;44
247;100;38
814;643;48
826;51;45
719;248;25
527;844;42
8;70;46
23;220;16
584;865;27
947;102;22
661;446;31
799;53;23
171;684;32
932;857;25
380;270;34
459;408;26
429;700;2
533;678;11
893;928;10
68;480;1
745;234;49
100;84;39
494;455;47
526;197;45
379;936;32
680;10;11
656;116;45
153;94;50
867;757;12
619;289;37
382;423;35
41;323;23
745;659;21
47;539;9
582;404;45
163;998;23
49;419;4
789;837;21
767;101;15
551;492;18
124;802;24
993;828;11
326;799;40
540;861;25
876;876;6
74;111;20
270;436;44
135;44;2
202;526;6
725;193;16
979;832;35
445;972;10
965;761;28
194;617;22
138;697;23
487;777;1
545;122;6
256;664;38
615;70;25
909;167;5
954;87;24
298;958;15
292;536;34
578;378;3
916;387;36
259;226;17
114;103;14
711;459;15
64;178;5
854;724;42
574;579;19
932;730;34
829;624;13
910;370;29
491;868;22
840;885;49
240;91;30
269;955;39
518;484;21
314;141;41
777;88;28
241;426;37
563;80;26
327;73;10
997;547;31
385;899;37
747;895;2
419;257;20
818;679;17
246;459;2
56;122;7
524;839;36
986;477;13
205;264;24
38;370;25
218;380;39
647;418;9
121;757;29
974;839;40
107;902;11
343;785;48
294;743;43
585;989;41
505;779;45
797;703;34
776;873;26
974;722;20
566;100;9
692;764;34
803;457;37
569;27;11
560;247;36
856;270;30
156;45;38
9;949;45
359;689;10
531;17;35
573;86;29
790;583;41
653;296;31
937;291;26
118;615;21
741;893;5
388;586;36
201;100;13
520;210;47
416;288;36
362;861;48
104;995;28
228;519;42
437;634;42
889;347;26
83;131;2
376;250;35
611;14;4
915;809;10
161;923;4
802;712;32
292;141;10
179;323;34
235;292;45
502;277;41
610;780;5
630;726;46
106;933;19
122;150;4
273;360;36
391;163;32
772;890;28
345;302;42
422;196;2
802;428;9
786;227;48
901;248;28
419;643;39
536;981;11
600;232;19
382;736;22
815;767;1
784;737;38
842;993;29
920;653;24
645;426;15
79;103;25
864;156;49
994;399;16
8;459;17
822;497;1
990;512;50
681;785;4
65;256;6
785;648;29
907;278;35
459;148;47
118;267;50
31;238;47
923;663;9
783;40;4
463;344;33
709;521;13
531;96;16
738;144;42
759;539;16
293;623;17
641;329;7
926;929;20
741;903;47
899;907;43
542;724;3
516;582;36
894;545;24
184;156;9
9;378;43
42;691;10
464;188;31
711;734;36
953;249;30
974;243;5
652;86;36
869;823;38
719;986;9
24;289;12
88;433;21
413;415;40
29;599;48
277;313;38
976;844;49
600;739;19
135;177;24
896;792;22
439;984;11
651;943;4
469;783;30
708;502;47
470;735;42
491;575;38
851;802;9
334;134;28
921;382;17
195;121;33
373;141;5
46;552;27
706;524;33
109;378;23
930;561;38
845;388;42
132;252;7
439;563;36
563;86;45
248;659;38
733;461;10
380;967;33
328;69;20
891;276;37
23;674;13
827;842;50
432;626;6
882;215;8
844;540;1
949;361;39
363;304;10
144;370;12
613;379;17
447;369;23
966;900;6
771;14;11
367;28;32
743;102;7
882;930;8
471;589;33
866;836;8
219;626;6
306;622;16
32;58;19
190;635;34
524;959;17
655;378;41
917;237;39
771;862;6
849;818;35
66;102;31
814;210;5
644;19;28
776;236;29
693;950;13
430;85;2
505;624;38
319;328;15
278;804;19
148;92;15
695;621;40
297;867;8
433;262;16
603;137;17
157;862;44
739;316;32
41;850;33
651;715;12
668;606;11
366;977;28
396;181;14
479;32;23
827;973;49
558;546;9
512;356;48
198;361;20
830;755;27
976;782;36
86;153;33
182;297;13
522;125;22
219;423;50
441;574;29
787;196;20
687;309;20
13;628;15
442;287;23
14;993;38
409;686;20
821;394;33
692;737;38
632;699;9
228;166;49
624;159;48
567;936;40
662;666;10
763;109;40
453;131;2
891;30;6
223;377;42
747;682;28
723;636;34
444;896;35
770;755;40
866;861;14
882;238;10
876;186;36
859;384;8
503;775;26
526;301;28
241;730;33
941;46;33
661;246;15
911;672;36
925;513;33
66;117;33
753;574;29
982;474;7
932;373;11
357;363;17
5;906;50
570;494;15
517;276;25
346;761;18
711;520;35
519;719;15
392;91;10
940;592;14
498;563;1
575;219;38
472;788;21
636;700;1
64;778;33
963;843;41
102;525;8
506;44;3
193;183;37
234;842;3
730;773;23
268;522;21
300;291;11
866;14;39
86;705;24
328;973;41
915;726;40
425;116;47
632;81;7
295;394;18
695;425;15
965;228;42
506;496;15
847;150;32
920;576;14
350;529;28
461;440;48
685;657;14
402;985;45
784;873;20
553;769;25
768;54;5
167;943;26
532;911;2
134;128;15
822;149;45
609;650;27
950;177;23
277;437;40
94;240;2
145;240;11
709;592;45
101;789;45
210;931;14
198;750;26
632;218;32
586;213;37
727;46;2
98;231;31
66;306;2
40;741;44
212;205;37
22;526;1
211;17;5
670;980;41
804;55;30
68;258;33
171;278;13
766;590;35
385;180;22
668;655;1
411;672;42
433;758;32
239;480;33
344;556;11
154;243;24
241;690;24
521;932;17
330;957;25
6;714;50
539;740;15
333;350;29
778;840;16
602;301;48
108;708;30
665;314;25
244;537;30
73;784;27
214;28;15
823;694;25
220;552;17
832;651;5
669;803;49
20;214;32
81;638;35
175;555;22
105;89;49
682;499;30
951;324;38
106;670;25
864;757;32
578;758;30
525;498;3
49;982;23
932;822;22
190;453;50
582;70;39
240;645;10
526;797;3
282;312;48
57;191;15
706;777;43
749;503;7
689;224;38
21;824;5
631;636;20
678;361;47
117;804;30
628;962;27
188;531;31
41;901;3
584;216;12
539;185;22
970;625;30
308;561;21
15;699;5
123;233;3
608;960;25
880;208;5
31;844;41
639;889;16
811;500;46
941;969;40
231;178;46
515;77;47
68;499;1
867;851;7
420;750;25
190;849;21
1000;804;6
880;675;40
204;719;40
83;344;46
691;708;48
432;549;7
153;665;42
418;853;34
959;248;47
165;966;21
310;249;27
734;225;36
914;962;4
635;403;32
528;456;24
66;346;44
379;802;25
160;683;29
507;914;16
285;84;19
429;55;43
902;983;9
373;659;23
287;233;43
581;276;4
205;578;20
288;527;19
464;571;39
830;258;30
520;941;10
552;652;34
148;442;24
461;69;20
899;978;47
516;93;41
908;337;31
119;847;23
744;337;21
401;589;35
980;666;17
583;555;7
292;351;3
281;909;6
980;746;24
932;72;29
890;827;35
467;482;40
294;543;15
383;658;31
346;115;26
563;95;15
116;861;42
491;982;32
406;491;13
202;292;45
667;207;13
542;714;33
491;519;26
720;833;20
7;202;22
172;518;35
487;518;45
173;914;30
892;93;18
875;44;11
436;615;14
39;208;22
767;492;13
225;527;45
337;152;16
301;968;44
55;828;44
523;275;34
960;257;24
730;835;49
876;849;3
528;849;3
96;280;5
132;675;2
762;963;28
298;845;36
729;559;19
604;798;3
466;70;25
901;775;36
166;504;35
336;562;6
102;96;28
856;626;15
59;705;39
660;164;1
366;556;11
129;980;4
772;955;30
791;621;26
812;421;23
174;403;23
495;316;16
361;282;35
504;487;18
814;168;44
182;638;49
73;928;36
569;143;25
286;379;8
36;175;37
108;217;18
193;74;40
393;443;26
315;568;15
857;639;47
491;810;5
55;504;33
758;186;11
130;371;45
205;445;24
207;487;34
649;442;41
573;193;4
604;383;14
112;457;3
898;398;48
983;475;30
504;495;35
273;312;17
59;64;23
362;408;42
613;711;32
865;583;25
814;48;30
957;48;26
755;924;43
985;558;24
21;774;17
145;942;17
668;678;10
526;159;35
181;118;38
12;218;10
231;449;6
283;424;1
613;781;7
93;688;16
605;857;5
740;869;22
855;936;19
63;522;7
896;300;6
277;705;27
963;389;1
651;326;33
931;809;36
322;657;1
75;561;20
230;100;7
818;398;26
520;326;39
832;896;5
634;183;23
214;94;31
337;909;41
344;796;13
943;70;12
629;681;37
702;620;32
401;766;50
841;560;37
604;685;45
173;755;12
101;768;18
461;601;16
715;674;14
458;365;30
443;860;23
764;700;29
308;500;5
155;946;44
999;397;19
410;918;41
191;361;1
444;282;26
463;164;20
608;452;15
773;353;48
689;24;20
683;118;21
373;345;10
822;301;49
811;33;47
14;393;39
170;647;47
713;791;47
354;1000;11
382;910;29
653;408;32
280;561;12
713;775;49
525;200;26
821;41;43
23;314;9
136;844;13
435;211;6
707;612;43
295;42;19
915;789;38
497;977;31
570;311;24
883;790;13
8;474;19
603;94;3
637;125;21
78;966;15
399;406;43
922;756;12
390;839;35
742;564;8
235;521;40
549;689;8
863;144;49
386;23;29
317;518;8
51;445;25
600;123;21
187;414;5
888;140;31
430;817;46
544;482;4
98;495;4
959;787;34
214;233;13
409;278;32
127;510;4
643;140;7
592;802;2
708;525;42
97;731;31
49;749;35
259;311;4
307;644;24
935;972;11
425;257;23
486;526;12
780;681;34
897;153;37
594;880;39
769;809;32
139;844;49
27;997;20
354;712;18
765;687;36
824;459;46
536;354;19
522;96;5
433;753;35
375;784;30
272;693;16
142;573;19
948;233;46
110;984;6
726;281;12
571;907;6
449;749;6
561;818;8
424;831;48
553;361;35
403;210;37
993;809;8
292;250;25
112;945;6
941;580;4
83;743;10
987;993;22
720;603;50
893;154;33
164;648;31
213;245;44
210;157;20
646;582;30
154;191;29
192;817;2
67;90;22
928;243;21
637;743;45
406;649;20
534;420;44
390;281;47
572;721;4
859;851;8
337;759;15
946;515;24
355;342;15
104;154;38
233;100;11
192;79;29
777;521;28
184;441;42
152;702;27
957;190;20
41;772;13
884;324;10
805;932;29
422;885;32
748;761;12
803;308;32
555;133;45
249;812;18
860;189;20
513;521;34
230;209;20
878;602;9
705;452;22
961;657;35
489;794;36
554;856;36
343;656;37
566;630;27
836;80;43
553;282;41
177;866;45
669;502;11
886;329;14
451;416;25
828;493;45
853;265;23
744;517;26
766;376;11
408;255;41
722;71;18
196;698;34
93;594;31
877;851;25
307;299;46
272;782;20
744;665;19
438;898;21
355;457;33
92;106;32
38;306;11
980;295;17
86;727;12
421;716;29
37;291;12
497;705;4
122;595;48
933;790;6
410;978;1
679;403;36
645;857;5
488;11;24
563;440;24
262;206;5
398;743;5
180;641;22
136;674;8
695;72;30
820;599;9
373;625;34
530;947;45
751;278;25
436;136;31
219;978;1
596;311;43
187;964;3
38;394;42
122;755;33
253;304;16
780;413;13
775;468;47
629;288;35
23;422;35
744;118;7
250;388;38
495;348;35
26;206;2
365;332;15
456;347;17
191;773;22
17;577;40
443;198;44
792;962;37
478;959;30
126;887;8
69;756;22
632;629;45
239;663;47
409;615;19
563;134;11
865;490;42
475;344;29
914;924;32
775;841;7
601;294;24
167;986;29
560;831;32
402;580;32
27;965;21
476;767;26
977;261;49
115;537;20
169;352;13
282;172;44
716;990;11
611;516;32
632;821;14
105;894;50
753;722;25
656;845;14
699;979;30
412;297;6
485;509;44
185;85;32
946;757;31
6;993;7
963;736;44
294;84;47
947;357;47
912;900;41
646;555;19
400;14;1
14;541;13
34;18;3
453;389;15
943;635;23
531;383;31
653;198;2
287;973;49
836;167;19
833;268;46
681;308;42
175;631;10
119;537;20
709;920;20
400;304;20
204;51;48
36;866;21
700;706;16
957;791;12
560;631;24
206;285;31
750;434;12
23;678;25
94;429;50
616;380;20
47;260;34
491;341;19
213;824;35
437;913;38
305;134;22
819;411;23
870;502;12
759;646;15
237;997;24
760;781;24
444;84;30
224;648;39
613;797;50
215;556;33
214;727;41
687;730;20
163;94;21
395;658;26
404;851;25
79;990;47
781;89;22
969;35;30
62;457;40
532;926;13
95;430;35
726;743;8
315;464;12
989;387;33
48;735;8
330;343;40
220;606;19
517;796;9
906;672;29
617;109;29
65;935;46
929;367;40
710;754;40
630;878;24
538;317;19
667;158;12
490;550;16
769;287;17
637;510;35
988;448;12
608;950;3
896;322;6
311;772;23
296;570;12
372;400;46
490;763;25
362;478;31
691;561;19
425;251;13
726;763;2
996;556;2
417;710;2
753;412;34
955;215;19
279;680;3
867;270;27
208;162;39
42;503;30
33;473;13
965;892;15
716;620;5
990;943;48
689;433;42
515;484;36
811;388;33
436;12;31
4;383;19
764;781;21
793;60;12
414;285;33
730;96;45
6;644;47
324;470;30
465;499;21
233;902;5
744;304;42
342;129;35
103;470;29
364;595;23
679;623;22
910;791;13
712;877;6
184;312;50
496;148;17
140;604;46
834;330;12
789;510;35
76;681;10
23;697;47
568;392;49
77;855;16
945;616;3
757;989;8
280;715;48
435;485;27
292;9;6
662;540;13
108;258;30
50;96;42
132;816;19
885;122;19
618;571;19
544;206;30
82;878;38
325;807;25
504;259;49
662;259;17
940;969;29
852;846;20
688;65;45
333;448;41
696;506;6
215;328;41
730;854;44
768;889;7
325;411;13
210;882;15
519;427;18
609;327;28
677;586;28
753;88;27
874;71;17
426;956;30
134;797;29
832;561;17
282;931;40
179;614;2
800;330;7
820;496;3
859;61;17
393;835;2
472;378;26
204;36;41
547;981;37
498;660;47
987;364;50
887;719;47
864;408;10
147;69;27
390;769;1
459;955;32
407;734;11
850;824;24
505;344;50
296;738;6
921;426;18
470;402;29
548;551;44
559;708;49
846;774;14
408;278;7
705;755;9
603;187;30
860;296;7
670;862;43
553;854;9
914;49;42
617;453;42
867;672;43
154;51;1
79;643;21
444;632;19
813;782;11
101;88;26
55;599;22
971;880;26
516;662;23
109;152;48
519;121;16
142;19;41
507;505;17
963;211;47
31;243;46
609;467;35
414;88;16
807;411;19
13;913;38
623;284;47
335;128;38
89;989;34
792;211;40
619;447;16
990;495;29
373;377;45
687;102;26
896;334;14
107;583;11
412;895;24
926;828;2
529;356;45
626;40;37
247;168;20
245;538;16
35;760;29
307;683;41
13;493;6
373;967;45
479;974;3
75;177;24
742;623;24
807;920;17
237;571;22
316;51;12
192;59;10
251;330;38
266;651;24
990;27;4
478;160;24
578;89;49
34;297;25
375;423;13
680;192;14
865;982;43
865;994;47
293;6;41
124;360;27
11;653;8
836;782;27
814;708;15
356;901;45
145;483;11
629;700;31
985;729;12
410;261;1
857;103;31
749;737;8
997;351;41
174;309;21
416;431;47
754;781;26
867;984;39
623;445;34
365;394;47
641;690;6
553;798;31
943;590;24
236;693;49
445;738;46
820;229;25
193;636;20
460;271;10
85;524;6
754;643;4
997;781;33
678;127;42
101;115;7
563;192;41
779;452;24
978;701;38
947;964;29
267;713;33
342;59;37
351;549;7
875;689;10
662;919;1
239;213;37
407;183;24
61;838;5
40;430;39
162;117;3
165;83;24
698;952;38
255;720;19
238;750;47
972;426;48
278;453;11
277;791;27
862;663;8
878;128;47
47;205;50
655;386;35
652;225;50
750;645;31
5;931;7
716;536;17
764;471;18
642;978;38
971;71;21
228;832;4
958;297;4
488;296;36
26;147;7
534;114;20
428;414;48
371;420;2
21;568;30
701;639;43
772;62;40
515;766;42
175;388;35
160;75;47
991;504;13
127;632;35
449;475;25
827;779;50
959;318;7
352;236;17
313;952;22
886;58;50
655;322;32
132;310;3
869;518;8
648;775;18
596;852;38
987;152;24
565;655;42
289;225;13
297;90;1
330;964;1
542;512;23
835;699;45
760;715;11
569;595;19
676;528;48
155;986;36
212;553;42
16;315;24
809;411;4
170;794;24
186;96;29
927;615;21
656;371;14
152;203;42
260;698;9
420;162;17
907;135;1
997;793;45
502;491;44
324;54;45
30;283;15
504;284;48
443;739;7
928;811;26
437;199;48
420;392;32
209;100;37
601;743;40
69;483;22
608;435;20
265;528;3
276;44;32
220;387;12
909;622;32
370;834;30
933;846;37
518;678;29
408;145;40
8;434;45
392;432;3
470;921;50
232;910;48
542;977;27
938;91;8
638;306;32
256;857;32
581;780;40
231;234;29
516;496;13
205;498;19
56;389;45
934;956;21
306;574;21
75;656;45
110;429;48
887;319;20
74;630;29
233;291;7
747;285;23
277;205;28
387;426;40
413;309;9
36;979;21
407;150;6
916;158;20
914;61;20
909;882;19
185;67;47
459;427;12
134;793;7
793;537;44
960;930;37
193;589;39
527;63;26
237;206;13
947;427;37
597;132;17
669;62;21
33;539;1
542;133;21
178;136;38
218;287;33
100;877;15
904;238;10
239;166;24
254;419;24
555;917;49
556;710;6
242;848;5
567;400;28
550;400;30
270;6;45
137;554;24
757;237;22
959;865;9
836;850;33
438;199;48
451;990;47
136;613;11
492;520;29
632;573;21
448;414;23
269;189;14
885;105;7
70;399;15
170;249;12
974;387;30
504;933;18
82;575;4
322;858;6
196;273;36
584;429;39
377;338;6
125;791;17
344;343;5
455;112;44
827;264;29
300;850;50
669;180;18
225;482;8
65;554;47
492;647;15
991;142;37
625;918;20
962;118;15
5;333;5
359;781;21
278;899;31
835;355;25
926;825;13
75;396;40
658;586;2
164;834;18
770;941;24
292;485;43
478;883;28
135;619;3
809;999;30
624;369;40
732;928;7
491;679;44
293;110;6
614;881;46
106;874;37
358;641;5
671;895;13
385;860;31
159;480;47
240;251;19
21;413;49
276;493;26
28;751;36
644;951;18
491;55;29
732;120;30
625;932;50
777;908;33
283;891;41
475;649;4
73;356;47
295;98;12
667;304;40
921;465;18
100;445;35
469;731;23
818;873;40
478;495;3
401;222;20
790;47;8
302;772;41
140;590;27
718;338;4
243;243;21
5;18;23
440;721;45
404;347;9
507;70;30
582;777;2
959;704;47
611;722;49
952;177;39
723;693;45
165;846;45
318;499;1
275;977;10
29;532;3
609;648;9
267;6;26
31;484;14
133;520;49
654;412;4
419;792;40
570;741;11
563;735;7
323;916;14
641;768;21
558;845;5
93;622;6
218;357;28
226;631;25
472;990;27
245;733;29
550;953;24
336;631;30
600;822;47
743;907;3
86;213;49
403;149;47
727;966;27
14;537;23
646;328;42
550;146;37
862;53;19
346;588;39
262;321;29
635;451;23
667;70;35
136;83;21
315;316;17
20;73;28
590;345;9
578;529;5
158;491;33
312;441;29
874;891;35
291;777;6
843;247;12
621;307;21
935;394;2
827;253;3
459;865;23
192;118;4
3;620;25
802;660;45
23;979;35
885;861;29
791;604;29
195;915;3
756;733;37
339;555;15
843;368;47
110;723;32
288;412;44
486;702;31
817;596;27
944;234;30
959;264;49
55;950;8
624;752;44
723;984;13
276;182;43
684;235;45
137;103;32
463;794;28
989;583;44
143;331;7
879;54;26
421;769;43
827;22;43
308;410;49
346;232;39
331;194;6
810;791;12
157;268;37
663;801;17
110;530;8
136;194;5
341;298;42
311;569;13
710;47;20
450;291;21
665;964;21
838;538;10
169;553;30
434;280;32
275;274;5
57;740;22
795;364;47
735;443;8
667;811;16
995;585;32
171;908;4
256;351;28
791;9;16
661;322;23
128;988;12
374;30;37
315;294;39
841;920;14
642;884;5
294;416;5
170;680;50
683;152;19
653;109;32
304;320;42
402;165;4
812;167;19
415;668;38
535;145;13
142;411;2
387;252;46
322;256;31
326;701;16
453;983;13
209;683;8
13;377;45
515;629;20
648;599;31
736;901;16
893;678;28
714;868;23
786;518;12
793;22;19
616;625;49
785;710;36
729;876;16
376;79;2
442;123;28
659;806;43
641;928;21
165;347;8
432;975;46
52;588;50
305;507;37
825;981;9
313;925;10
424;69;21
85;866;49
802;631;47
36;108;32
208;156;43
170;199;26
788;286;18
780;52;22
690;205;28
897;862;10
197;33;41
368;158;19
20;538;10
676;799;48
620;338;34
54;503;48
677;572;17
366;780;28
112;932;26
897;680;31
588;625;23
309;355;49
567;115;8
295;729;41
687;35;34
959;241;7
706;279;23
384;157;43
220;207;24
176;908;46
203;684;46
278;48;4
922;224;22
661;878;33
625;712;31
950;439;15
871;68;45
565;421;17
271;263;13
764;455;42
123;884;26
324;826;14
845;615;36
162;67;20
794;510;22
238;702;50
933;556;25
437;782;4
64;793;44
245;838;12
773;753;49
308;232;22
85;733;30
273;160;48
998;397;28
312;884;7
611;279;45
726;447;12
567;984;48
744;529;48
405;648;1
65;352;50
310;567;45
462;99;34
432;503;16
154;436;49
414;143;17
936;678;33
138;461;8
480;860;33
104;824;11
743;598;7
779;872;41
618;149;6
201;611;41
592;129;16
196;373;27
692;631;26
725;655;27
247;761;42
724;378;34
501;98;18
752;699;12
144;258;31
383;244;31
11;341;2
828;421;44
752;550;17
725;48;6
7;603;34
20;624;32
26;243;29
899;214;48
44;227;19
909;564;30
628;646;42
257;656;16
411;147;45
676;432;12
968;511;34
312;464;18
730;329;14
536;578;38
399;208;2
126;352;42
114;743;36
421;654;14
776;59;23
281;36;50
311;673;15
33;84;6
647;527;6
686;842;25
434;933;17
855;452;25
641;166;31
636;154;34
906;183;6
638;484;34
348;718;21
912;322;16
41;904;22
989;322;2
299;467;10
247;185;14
786;130;40
613;837;12
689;774;41
442;59;23
304;489;25
691;597;42
916;436;3
898;44;48
81;712;31
241;370;6
809;565;15
497;174;23
425;782;31
985;961;23
814;312;15
618;942;49
979;477;13
149;195;26
155;615;12
166;939;2
898;526;40
701;504;6
371;132;12
955;135;21
789;555;14
158;168;1
615;128;40
634;407;23
1000;481;12
780;10;31
362;28;19
196;405;18
799;9;5
988;636;1
767;158;26
409;893;37
829;27;9
264;530;4
999;546;26
85;228;7
835;559;23
928;580;14
936;322;44
256;797;19
787;776;20
753;328;6
200;820;14
682;591;35
268;526;42
702;215;48
343;991;35
113;825;16
151;392;18
416;994;1
475;960;49
352;326;16
552;923;18
570;940;14
77;664;35
525;924;26
416;115;18
573;306;38
162;674;32
270;478;45
462;316;6
517;863;34
356;372;10
216;874;18
14;12;27
607;525;25
295;100;4
116;365;37
633;360;14
392;917;28
144;739;13
847;923;14
660;8;25
403;382;22
440;747;32
894;227;17
549;97;14
494;875;15
240;665;29
692;632;2
447;263;20
354;543;40
733;431;12
448;795;7
654;164;24
541;268;50
35;145;35
902;308;21
621;529;35
750;177;39
334;977;41
530;336;44
204;270;15
276;153;43
371;849;18
612;317;31
175;616;45
779;839;12
574;526;32
420;58;46
458;720;46
877;815;33
6;468;15
594;994;4
768;779;40
137;816;25
860;569;23
609;31;24
410;523;38
595;501;26
441;865;2
949;832;47
799;123;14
21;275;49
398;282;20
83;2;22
915;844;36
147;351;3
458;149;49
923;655;30
656;881;17
99;776;23
484;373;15
981;278;11
97;228;29
425;164;11
685;380;15
1;894;45
633;748;20
824;327;35
143;187;5
579;391;44
381;656;18
37;215;44
963;292;37
832;425;17
589;691;47
207;366;11
112;254;42
943;904;47
494;901;9
925;248;22
84;798;15
620;569;15
694;418;12
759;368;35
636;553;2
56;928;36
12;272;4
539;953;30
358;746;9
194;582;2
645;771;41
246;729;20
835;564;29
109;313;7
433;743;4
771;41;26
626;884;38
845;118;46
804;106;22
388;856;47
623;645;42
190;66;21
41;715;14
739;901;10
938;720;25
67;710;4
610;587;28
285;316;32
635;551;11
768;376;41
435;583;12
684;641;13
338;525;32
837;669;4
373;399;12
830;1000;48
413;445;18
601;860;37
31;710;7
862;581;26
546;229;22
486;253;24
151;846;18
878;784;4
652;686;15
390;360;11
623;463;7
846;177;42
683;42;27
722;291;50
435;308;4
789;521;45
804;538;19
883;570;50
87;243;48
226;362;18
407;914;47
223;98;42
982;79;38
366;94;38
990;322;20
169;672;25
77;51;45
225;498;35
658;242;42
742;188;36
654;822;14
47;150;27
761;58;49
864;43;14
449;117;5
623;925;46
700;877;34
777;938;31
319;410;37
183;143;22
564;897;21
86;678;40
343;359;3
646;519;7
140;221;10
477;431;30
145;327;24
686;951;6
706;894;30
852;573;16
89;490;37
220;336;17
439;998;26
424;322;9
292;242;41
239;862;41
549;883;39
751;206;2
263;47;13
210;977;43
656;425;32
690;522;36
333;467;20
855;535;33
13;692;11
251;931;13
383;67;2
58;845;34
622;13;2
543;312;12
351;595;3
334;204;21
383;911;30
520;487;1
566;157;16
270;777;21
354;854;1
273;481;5
332;565;40
811;662;20
646;716;31
375;501;7
437;620;50
831;964;49
14;313;10
713;473;5
721;744;20
163;250;44
454;109;16
940;933;23
469;989;17
586;392;15
72;204;3
334;346;17
742;890;30
625;405;31
612;135;8
429;351;4
85;906;17
850;408;6
621;977;6
755;900;23
500;237;42
206;499;48
632;661;41
208;775;31
838;2;5
748;537;31
279;707;8
68;931;32
574;196;48
449;632;28
435;866;34
591;40;44
999;943;12
93;794;10
488;478;41
895;100;35
785;357;38
238;686;18
922;270;37
134;281;24
611;153;12
116;996;43
845;722;10
230;376;49
300;687;1
410;758;19
810;174;35
690;75;2
781;630;27
949;979;6
301;798;37
898;881;19
841;116;1
236;198;5
475;256;36
250;658;37
934;693;44
795;12;18
936;343;35
192;249;25
939;783;26
60;163;27
702;378;39
208;192;2
745;221;38
995;894;1
602;162;43
974;151;17
343;414;23
405;845;11
168;9;19
639;294;28
126;121;25
974;169;35
581;796;46
941;642;25
52;895;32
925;318;26
333;31;29
598;84;11
453;885;47
46;370;14
267;896;48
644;469;16
51;283;9
109;658;3
738;324;10
911;664;32
854;286;49
226;767;10
521;792;25
305;650;20
926;594;21
507;810;13
302;891;7
345;946;1
917;835;32
129;549;17
49;677;48
251;738;18
633;81;27
205;408;50
977;686;22
306;147;33
27;136;6
816;105;25
730;941;43
295;767;34
662;676;16
5;660;34
608;769;23
168;137;29
169;161;39
303;664;38
95;410;10
55;917;17
202;952;28
413;65;41
367;56;2
314;114;31
511;278;30
756;731;46
514;834;1
78;993;21
965;412;38
374;339;14
954;4;44
255;838;33
121;884;50
589;802;26
537;512;5
101;324;36
356;524;19
883;331;39
753;975;25
54;445;14
707;737;15
554;747;27
26;309;29
859;39;36
372;666;2
59;944;8
106;886;10
825;124;50
556;15;45
598;793;5
847;337;13
269;192;3
853;677;6
165;77;16
577;80;3
596;766;11
133;553;40
525;655;50
203;313;26
525;484;6
464;701;48
330;158;30
89;757;50
997;139;44
944;43;38
982;819;49
966;580;24
243;108;25
773;131;34
688;662;47
852;357;37
457;300;46
504;572;17
152;531;13
685;330;1
185;437;21
285;20;47
448;850;38
723;782;37
825;134;8
432;213;4
160;293;42
120;433;45
898;527;12
736;684;50
881;165;47
934;60;50
630;51;26
600;832;22
872;997;5
649;192;32
890;914;12
24;599;48
992;993;33
2;462;36
639;348;32
310;927;16
667;872;10
474;118;46
568;556;21
76;176;40
241;29;26
113;188;35
694;440;46
919;595;33
313;762;8
193;481;4
246;940;30
349;911;36
931;868;10
394;561;46
448;549;18
214;498;12
957;515;28
495;577;38
777;106;20
20;51;18
981;505;46
376;776;44
512;849;28
565;873;15
845;640;38
844;965;33
475;98;27
733;773;16
420;418;46
589;752;49
733;160;16
546;219;1
574;779;23
174;990;40
622;210;29
600;345;48
497;898;23
159;166;25
704;289;40
852;849;2
93;61;40
49;98;44
450;804;19
317;161;1
613;914;33
28;788;39
490;160;45
484;549;33
751;42;48
877;934;4
700;595;21
300;773;35
989;280;50
789;69;24
946;326;40
38;617;46
742;249;19
828;778;45
999;194;12
444;837;35
214;420;41
765;398;12
252;27;33
181;986;20
582;209;16
498;104;29
69;593;43
353;36;14
64;831;34
935;325;47
105;246;43
891;98;20
98;942;3
604;492;49
557;425;36
332;213;8
373;132;46
452;220;39
836;320;39
655;648;32
226;890;29
514;572;27
669;227;24
832;432;5
514;23;3
611;565;32
401;949;20
758;721;25
959;805;35
470;343;38
208;309;14
47;677;43
415;414;1
271;682;44
540;129;45
820;575;29
403;144;36
808;605;2
242;822;20
482;921;25
526;677;49
206;705;29
128;8;10
294;569;47
583;275;39
107;581;40
527;927;8
655;445;14
460;196;42
584;601;45
875;825;2
827;720;39
490;405;4
769;526;9
65;200;6
871;48;29
293;373;38
930;807;26
578;373;12
85;626;33
245;263;24
674;606;39
724;760;28
792;50;35
137;253;25
659;865;17
584;51;40
774;8;45
69;610;6
3;435;11
615;818;7
394;861;15
190;347;49
306;654;42
358;361;10
740;491;9
998;667;11
440;917;26
617;603;40
695;546;32
146;921;3
387;496;35
436;458;45
405;983;36
464;431;19
738;112;5
925;280;20
946;432;14
558;824;25
89;530;10
830;209;14
675;284;22
774;94;28
985;585;2
158;419;21
218;750;2
29;358;37
427;579;11
88;211;41
848;344;17
115;954;1
994;725;43
980;550;16
166;445;48
660;186;42
314;626;47
34;792;17
521;287;24
4;567;22
377;542;36
630;940;25
217;839;3
41;133;21
800;208;18
150;441;21
157;660;50
273;404;12
126;702;49
191;293;2
342;123;24
436;90;3
425;18;38
669;114;29
637;429;44
140;991;27
370;706;48
930;890;43
771;263;42
769;758;39
221;101;3
118;663;10
157;571;5
657;756;15
657;792;9
294;803;20
816;69;23
980;879;21
466;936;27
608;249;5
424;585;43
93;453;4
201;858;19
387;167;7
232;352;21
4;631;18
212;582;11
796;73;4
630;249;39
808;761;7
48;130;41
707;611;25
110;725;42
346;616;27
663;906;21
973;355;5
528;891;48
380;624;5
400;444;44
42;776;27
8;699;3
864;648;5
338;770;3
40;907;3
185;382;40
972;635;39
813;696;3

