500
12375
3000
13;39
67;8
16;53
55;98
56;83
62;86
51;62
33;23
30;34
97;53
90;55
91;95
42;85
67;1
24;77
100;49
82;96
89;60
33;18
24;69
89;72
4;31
35;52
2;74
94;42
52;16
85;64
21;84
68;30
22;43
23;25
54;88
28;95
90;31
28;20
68;10
36;27
97;32
70;3
67;2
83;77
56;36
77;29
73;5
10;85
31;3
19;69
23;94
15;52
74;1
69;63
28;40
50;82
23;4
92;33
80;48
3;65
29;64
5;99
74;97
24;68
58;33
73;85
98;57
41;35
73;76
1;79
64;38
70;91
20;24
66;27
46;15
35;56
95;33
65;37
21;47
40;57
59;51
40;68
44;23
32;4
47;15
51;19
63;54
6;64
94;47
27;36
97;73
46;64
30;53
66;57
61;97
24;3
6;40
24;83
44;5
78;19
33;35
91;24
13;10
20;81
83;85
12;70
80;69
26;32
19;23
62;63
11;77
5;11
39;13
18;37
39;19
68;65
5;54
13;90
59;59
73;24
73;11
63;74
88;39
9;36
8;77
48;37
10;60
83;23
74;4
56;91
13;69
21;49
48;24
34;72
21;41
73;38
18;24
30;3
64;90
44;81
34;39
25;9
55;26
38;36
15;12
100;93
65;75
36;79
22;88
81;63
94;45
31;40
52;32
44;99
40;27
43;57
45;61
66;4
86;19
73;59
2;94
30;98
75;57
12;95
72;38
58;26
67;8
24;17
78;100
46;95
46;91
26;22
90;32
80;21
30;7
69;67
7;5
72;68
60;95
50;41
72;43
86;50
79;93
17;40
15;72
14;70
11;8
92;7
7;56
47;61
19;18
6;88
95;66
44;100
32;5
78;49
95;70
67;43
71;83
31;80
5;43
74;58
90;35
39;68
78;7
9;63
10;64
72;30
56;56
25;89
34;90
95;40
94;39
100;81
90;54
33;70
55;21
98;20
64;84
17;77
41;55
56;37
59;60
51;5
3;35
40;17
82;100
7;53
47;75
30;59
57;33
18;67
1;34
64;47
28;75
62;74
45;12
83;85
73;28
30;34
21;52
72;73
41;77
64;44
44;13
31;21
43;70
5;36
3;15
98;28
4;16
36;76
99;61
10;43
65;94
38;99
48;14
93;60
47;2
99;5
75;78
22;37
49;39
91;59
61;8
91;75
92;39
33;5
21;42
22;1
62;60
15;86
49;62
31;75
11;35
15;60
46;21
35;97
31;74
8;18
18;20
60;83
41;35
38;63
17;80
74;85
93;32
53;58
33;95
30;74
94;93
22;65
15;59
2;22
16;13
35;16
24;63
83;37
95;50
15;69
98;10
58;87
13;27
59;27
98;5
15;60
79;82
82;9
100;34
80;27
80;41
69;69
50;57
34;21
49;90
88;15
59;13
94;44
67;17
22;65
78;13
1;74
87;70
32;50
8;29
88;5
20;38
3;74
92;84
41;50
87;85
60;57
86;76
75;52
90;66
22;1
23;51
1;32
41;59
48;58
22;85
87;72
20;16
7;57
98;77
26;61
2;49
13;47
77;23
36;11
79;6
27;17
67;65
73;73
50;32
54;48
36;1
35;63
11;23
73;52
85;22
39;98
54;63
5;46
30;35
41;40
85;45
93;71
36;57
79;70
74;81
89;60
77;70
18;55
6;82
55;97
47;62
27;76
74;7
92;9
24;12
27;100
93;22
7;18
100;43
75;87
31;37
26;46
24;86
55;92
44;3
75;78
41;46
71;56
59;93
60;24
75;36
20;26
86;39
18;22
10;46
55;39
56;90
25;23
31;20
91;77
17;17
82;66
3;61
33;46
28;21
11;19
34;93
19;48
61;54
62;55
21;74
5;27
91;10
10;17
89;37
12;19
79;31
20;74
65;7
67;9
14;75
26;10
59;83
85;63
54;25
87;41
15;20
76;3
16;42
77;62
26;92
45;54
7;86
92;52
51;77
72;58
96;43
81;81
29;13
64;58
20;38
25;77
99;35
76;6
92;38
61;29
70;22
19;17
4;51
100;98
34;2
29;93
43;76
20;100
20;75
3;83
99;30
35;5
52;51
54;5
23;31
99;58
45;58
27;25
68;24
70;98
28;71
25;81
6;24
63;64
4;37
50;27
65;38
78;87
12;61
81;36
72;47
55;97
11;92
6;38
91;50
99;54
18;63
8;91
74;57
97;32
89;1
69;77
47;4
98;82
2;88
21;58
64;86
21;79
11;61
40;7
66;57
99;133;43
87;482;49
26;473;13
84;419;46
453;306;21
441;474;2
478;437;9
456;294;20
392;226;3
380;395;7
140;229;7
127;327;8
124;208;45
74;317;34
190;336;25
122;245;34
200;87;48
315;422;1
458;198;35
100;43;48
341;16;24
150;438;29
125;468;3
99;272;41
190;448;14
308;190;11
364;467;14
426;52;39
198;18;48
498;348;36
305;98;41
71;132;19
411;445;50
442;421;31
298;382;38
21;3;19
262;282;35
353;25;13
146;272;45
411;411;21
129;126;14
88;175;15
137;110;13
369;326;1
188;433;19
257;65;21
5;234;1
353;191;41
81;310;22
186;166;38
388;76;46
366;2;5
432;480;21
374;487;50
269;139;47
285;476;6
402;230;36
424;16;12
347;177;27
120;464;2
150;492;6
24;296;16
81;180;50
5;325;6
467;22;39
479;61;43
236;77;7
151;248;39
186;81;26
183;114;33
300;367;49
348;396;37
486;148;45
426;360;1
281;211;17
35;482;25
303;118;38
121;363;24
22;460;46
485;495;35
293;231;36
149;261;3
376;186;32
39;180;6
483;337;26
158;481;31
28;357;17
131;428;46
315;349;50
215;142;21
368;489;13
69;434;21
149;27;48
105;296;24
457;304;33
76;271;41
145;234;41
120;331;27
73;256;40
14;99;22
196;320;49
428;59;49
376;119;24
473;371;2
483;223;28
205;213;42
273;161;43
429;70;37
182;265;47
335;43;42
255;265;39
64;269;8
176;139;20
226;500;34
46;415;32
288;122;42
435;121;40
474;31;3
148;298;47
475;257;43
323;433;3
313;466;38
250;439;3
228;251;2
28;266;14
462;464;29
32;250;17
162;360;14
300;288;5
455;290;29
48;17;40
131;487;8
289;167;12
255;287;16
347;63;39
404;177;42
360;40;30
274;58;46
244;166;28
356;318;24
311;184;27
137;450;35
258;470;32
7;156;23
46;161;25
122;479;1
336;379;27
484;23;1
395;154;3
74;99;9
117;186;12
46;331;29
101;123;49
483;324;17
2;395;29
241;129;33
94;358;2
393;471;48
346;37;35
129;105;21
308;285;50
268;215;39
368;455;41
294;244;7
204;22;39
131;409;34
408;476;7
459;106;48
157;278;49
309;16;1
372;340;9
159;42;14
54;213;31
429;46;6
207;187;8
121;382;41
395;209;24
32;445;29
196;114;39
176;108;16
48;73;5
94;272;36
413;168;46
145;110;17
396;327;26
25;313;44
400;229;46
489;218;6
164;275;46
496;371;22
175;395;29
483;373;48
145;223;36
208;318;38
16;323;32
1;107;40
390;69;44
414;227;14
247;258;21
147;421;46
279;170;46
393;339;50
335;282;34
378;351;31
490;105;44
250;104;16
32;75;41
28;245;49
71;44;15
462;391;7
128;368;30
15;347;16
22;267;21
79;417;24
354;12;26
154;217;6
14;231;25
55;280;18
416;266;3
247;406;13
86;486;20
26;255;19
292;13;35
122;402;41
331;466;37
63;78;10
49;371;21
463;463;41
402;55;22
480;360;31
332;205;8
120;428;46
416;378;20
135;74;8
82;472;18
50;36;46
204;236;1
16;277;34
271;236;40
135;54;9
94;21;49
261;324;21
289;154;28
205;126;7
244;22;1
4;16;42
243;500;2
42;266;2
102;29;47
280;422;37
73;196;22
208;480;50
103;173;30
216;275;8
104;306;38
355;422;15
7;441;32
133;27;37
167;193;32
257;116;6
269;38;2
315;184;5
316;28;39
58;81;19
289;241;15
91;54;1
497;126;36
159;237;50
496;230;8
480;43;17
272;131;12
305;244;23
416;500;13
28;489;22
422;159;11
223;213;10
146;483;42
221;68;44
437;466;29
25;195;7
211;45;6
449;83;18
56;477;1
167;367;39
472;160;50
348;71;10
19;356;43
230;438;28
315;116;26
465;330;39
73;7;8
489;314;30
218;56;22
285;134;48
50;264;22
193;465;43
154;436;31
336;394;26
76;157;14
435;55;6
232;395;23
296;44;17
25;3;24
120;105;31
409;270;9
368;117;9
402;102;22
260;378;46
62;166;43
422;457;6
214;154;4
291;160;23
87;370;45
294;362;16
5;360;14
332;174;19
284;257;9
47;135;50
190;371;13
175;414;40
236;140;14
132;19;46
77;223;29
179;442;18
54;127;16
484;464;7
294;464;22
353;383;6
128;374;31
123;171;39
190;59;44
72;229;25
127;331;14
486;434;39
248;106;37
402;167;37
389;371;21
381;333;20
308;65;24
385;11;15
169;43;34
391;319;26
340;314;42
499;255;30
281;256;25
90;151;16
248;217;37
372;426;40
471;79;29
10;119;45
16;165;46
438;202;2
114;336;12
221;81;36
365;372;26
65;327;31
397;165;21
454;217;44
257;333;1
330;337;11
37;300;8
295;220;39
381;54;12
262;155;29
75;497;41
424;330;5
232;292;26
173;371;40
36;10;32
50;124;10
73;499;21
313;191;12
137;74;29
241;197;23
154;248;28
287;106;26
257;16;14
474;144;31
185;76;22
362;341;38
462;294;42
448;191;10
105;412;43
3;437;24
485;324;30
18;92;24
22;58;49
266;101;24
385;264;38
222;305;12
346;259;14
195;57;36
126;369;38
438;446;40
179;133;8
372;173;27
496;363;48
340;73;17
205;67;42
311;81;15
183;99;23
408;227;50
289;121;36
212;258;16
202;306;24
250;261;31
57;428;45
454;162;44
119;85;2
170;378;37
347;210;33
103;298;12
53;69;39
385;427;25
66;272;22
305;176;6
454;333;27
397;166;40
72;226;8
303;29;9
173;122;27
224;360;2
49;122;21
126;428;5
140;445;6
485;365;15
88;176;1
486;416;34
71;400;5
249;430;7
316;481;38
17;485;43
312;106;32
59;77;28
355;485;8
379;437;41
107;37;50
320;306;45
96;451;24
99;171;23
271;428;18
121;431;25
260;97;6
150;113;25
451;70;21
17;343;31
13;87;44
462;295;31
15;374;31
262;88;2
170;290;32
122;405;5
251;368;2
500;482;48
119;405;7
61;318;3
405;361;47
367;156;31
138;235;44
321;295;50
236;363;11
192;120;1
104;266;43
315;198;44
316;324;46
422;27;38
85;445;23
109;339;4
225;185;28
82;116;33
171;237;30
183;29;11
53;272;11
240;271;33
289;371;13
455;391;13
277;155;44
220;279;37
80;191;5
408;334;5
189;92;23
346;260;30
213;296;25
179;55;27
456;182;49
99;263;9
142;493;32
61;386;16
467;60;23
50;247;30
103;458;11
80;458;38
278;125;34
35;281;24
117;140;18
57;381;4
463;285;38
78;425;50
181;471;40
223;360;44
423;360;28
180;167;22
342;466;6
167;379;28
161;369;3
150;217;33
485;487;21
75;227;13
327;93;14
215;311;12
211;308;4
257;309;30
229;402;12
253;102;46
1;287;48
421;103;43
215;456;7
184;355;43
216;305;34
311;418;4
48;151;28
83;203;34
473;258;33
20;258;11
377;291;50
359;247;2
107;452;40
379;282;49
438;56;6
55;198;8
252;85;41
284;473;14
98;212;32
98;335;11
382;217;30
441;83;8
247;108;41
160;402;19
163;153;44
41;217;4
255;364;21
432;275;21
68;304;32
43;95;25
153;341;26
162;237;21
262;295;21
200;247;36
268;277;27
386;370;13
301;118;42
225;424;49
362;469;11
485;256;30
25;209;31
304;350;5
210;251;22
57;280;12
131;221;19
45;89;34
71;445;48
48;378;1
178;242;14
304;168;48
118;482;1
176;300;14
154;459;49
194;175;37
395;480;20
322;353;36
218;61;27
134;130;17
176;329;40
5;467;10
85;121;22
63;469;14
306;351;10
279;58;21
288;452;11
108;409;36
428;79;23
307;64;47
231;392;16
228;365;48
415;442;15
78;325;9
450;29;19
68;86;27
145;342;5
436;107;9
356;389;48
298;153;10
500;472;23
382;350;21
66;363;31
348;116;47
98;407;45
7;194;30
386;56;41
142;272;36
37;402;22
16;227;14
247;412;10
245;364;7
468;450;6
233;140;36
29;175;33
137;235;25
37;191;26
437;157;16
226;366;8
210;341;32
367;165;7
222;317;19
472;170;46
316;197;10
405;483;20
307;406;21
335;265;14
129;426;40
93;88;33
208;204;33
90;117;47
456;116;4
383;138;34
420;114;48
65;190;1
139;186;36
146;93;38
17;354;26
194;399;9
469;333;42
429;409;7
381;143;42
94;240;44
475;113;42
243;159;49
488;192;38
341;435;50
165;121;3
452;67;17
163;44;26
133;157;18
142;29;39
240;106;34
124;137;32
299;173;5
381;239;14
254;143;25
387;168;31
362;143;50
363;228;16
241;450;7
130;29;25
5;272;46
326;479;21
52;309;16
264;476;10
346;419;47
11;1;5
48;18;15
335;433;43
339;448;17
31;481;30
478;450;45
3;243;15
263;493;44
398;94;17
99;417;50
371;170;28
153;191;12
327;94;9
441;482;37
107;91;21
248;315;25
487;256;26
449;445;36
342;372;36
92;299;40
204;231;46
283;465;4
244;340;6
462;300;22
175;375;9
343;408;26
335;173;48
63;66;22
124;200;42
500;54;37
32;482;43
263;283;36
484;225;10
23;307;21
243;263;2
70;460;10
289;256;49
353;62;19
480;177;46
373;293;34
467;291;50
222;475;11
166;5;32
74;456;23
37;306;20
122;393;24
352;419;39
400;469;37
77;88;41
78;486;21
247;322;46
51;410;14
286;377;49
459;407;4
155;14;20
149;115;21
488;177;22
316;387;18
472;438;18
452;83;28
474;457;37
330;390;8
442;37;47
450;8;30
343;111;8
101;390;35
158;484;8
81;323;41
330;462;1
27;495;22
144;357;28
179;82;1
173;4;46
161;84;46
139;253;9
388;307;16
205;382;4
347;130;9
392;184;45
438;490;11
209;335;30
315;284;10
119;170;24
366;134;25
244;203;1
237;320;5
499;471;34
236;450;20
141;426;11
35;319;24
325;120;43
294;279;15
406;352;7
389;280;46
166;372;49
171;6;21
390;15;36
13;327;37
190;250;11
23;476;47
73;72;4
412;428;48
60;493;45
79;365;20
156;493;10
132;481;38
499;455;40
350;39;22
406;216;11
66;71;44
198;500;42
238;376;46
197;421;5
209;242;21
345;70;36
442;191;11
239;180;29
105;385;47
305;130;1
357;384;33
290;434;5
338;385;19
319;29;16
176;226;8
339;447;34
136;91;38
489;257;20
337;471;14
79;453;48
68;217;21
149;79;8
195;307;26
438;61;38
381;94;23
35;118;14
343;205;32
218;322;46
337;187;12
18;27;37
305;120;47
76;379;17
372;4;6
334;476;9
325;498;43
31;189;14
163;143;36
489;171;25
41;324;38
18;403;42
114;416;6
4;327;10
231;150;31
179;447;26
184;109;31
426;470;34
380;20;10
218;69;43
476;481;42
197;498;6
159;26;17
175;403;10
232;372;30
436;35;27
145;141;2
322;139;7
182;26;3
89;186;8
350;448;19
97;82;26
311;473;18
199;352;48
125;34;39
240;307;44
77;361;20
184;270;30
478;289;11
233;72;33
77;372;33
395;208;34
260;349;40
486;309;50
157;275;27
260;174;47
102;379;33
440;153;37
108;100;8
401;46;40
94;386;33
154;454;46
260;460;27
248;320;7
42;404;28
327;482;40
218;353;17
383;113;38
248;108;43
240;68;2
318;250;21
438;79;48
149;208;2
287;318;7
385;324;19
263;282;14
186;154;33
298;364;42
215;218;32
101;447;26
85;405;33
252;470;20
74;28;34
150;258;48
259;174;45
114;480;22
406;452;12
214;195;36
71;472;42
361;138;28
40;429;29
201;418;30
408;234;4
260;115;48
101;6;40
360;212;13
465;136;48
405;74;31
295;107;6
190;349;26
69;214;25
425;416;24
490;499;12
466;15;25
206;289;43
410;382;21
245;39;9
170;426;32
139;383;42
384;403;23
389;183;10
143;428;50
186;45;39
184;431;14
436;119;37
318;252;27
397;303;47
174;10;3
304;276;49
4;150;22
189;293;41
422;264;23
259;393;27
484;438;23
374;255;16
142;121;48
20;460;41
484;307;2
46;447;9
205;315;37
312;189;39
140;118;2
180;197;41
341;121;8
478;84;45
71;76;45
347;270;2
30;82;23
247;396;32
361;452;30
16;107;14
129;87;47
344;271;1
18;14;46
25;438;41
114;378;13
249;67;28
119;185;22
95;266;18
107;483;32
107;135;14
256;206;35
162;16;18
216;67;25
415;20;3
95;361;32
339;410;32
412;406;42
249;238;27
111;1;8
10;60;2
149;312;7
121;46;4
373;92;31
62;385;36
380;40;47
28;56;25
23;497;36
390;425;11
444;446;24
27;139;36
196;363;2
326;424;43
103;32;13
374;301;50
192;360;21
387;277;30
396;132;42
297;191;49
1;431;8
156;473;9
384;257;49
100;74;42
288;346;29
151;358;32
485;95;49
268;23;32
241;379;30
160;448;3
282;9;5
385;392;16
330;346;48
409;430;29
56;270;41
147;450;20
111;104;14
242;331;49
58;476;10
186;93;30
487;295;7
439;432;32
446;462;12
38;308;20
320;68;31
117;487;20
52;268;20
371;155;24
228;70;35
466;466;33
6;266;49
274;239;22
83;196;10
438;233;26
211;378;30
122;59;14
242;122;29
415;458;46
45;126;15
47;357;28
182;180;21
24;166;4
361;450;14
473;380;7
402;477;39
199;225;46
468;258;2
216;321;25
19;427;2
272;116;9
60;121;43
335;438;9
82;304;47
174;491;21
414;147;32
375;282;39
49;241;27
105;267;36
412;381;12
255;335;7
371;293;8
474;126;46
408;383;1
222;275;39
33;322;26
424;481;27
271;153;42
85;270;28
317;153;27
47;431;3
52;276;19
62;334;2
297;53;4
396;243;34
48;89;12
470;88;32
22;486;9
39;397;41
283;128;48
252;270;29
73;111;5
237;50;3
325;259;18
35;318;27
232;93;17
27;446;31
87;272;44
307;342;37
26;3;1
407;128;20
410;381;21
92;231;12
403;205;3
154;96;44
82;300;40
495;164;4
38;336;7
155;105;33
448;496;15
469;75;5
441;32;40
32;450;47
298;183;10
118;319;34
212;432;20
35;479;5
24;245;28
455;286;22
107;439;24
327;81;5
303;282;7
293;98;31
277;10;19
228;219;37
58;45;5
391;467;38
321;93;28
370;377;22
57;469;46
214;51;1
356;375;7
78;298;50
259;321;23
275;342;46
214;273;40
228;98;11
320;407;34
177;282;30
307;71;29
365;482;22
252;133;11
419;247;10
410;191;41
244;111;24
355;209;17
90;372;50
153;107;13
269;207;30
324;164;42
316;236;27
208;426;15
73;315;10
274;294;18
357;69;47
187;235;11
286;435;35
26;457;34
473;160;3
258;194;47
58;243;26
131;30;13
3;88;19
423;498;23
22;45;34
277;467;19
396;390;10
362;54;43
86;199;4
162;112;19
188;381;43
69;143;40
336;430;48
73;24;47
245;273;21
28;426;6
207;370;21
168;385;20
11;278;10
241;409;21
473;440;31
405;432;8
331;497;26
194;120;28
112;269;21
362;330;9
290;40;31
106;5;3
254;24;5
418;45;31
249;165;26
356;93;2
95;438;17
191;430;21
297;303;42
208;289;44
181;108;33
239;327;36
278;141;30
192;13;27
312;443;23
173;148;47
172;328;50
142;321;13
497;499;2
349;171;42
92;75;12
158;209;9
113;235;14
375;250;20
320;24;19
87;159;39
206;449;39
294;52;6
315;80;28
77;91;1
232;289;47
336;116;47
154;402;40
335;109;3
369;1;15
49;239;26
285;104;48
258;256;20
331;185;1
32;477;46
20;477;1
34;176;13
233;449;6
378;443;25
298;319;18
275;58;4
410;119;44
469;169;7
482;120;47
306;88;45
203;269;49
220;429;17
396;58;41
8;71;9
376;38;45
397;441;28
21;363;12
484;102;20
135;467;25
238;243;48
206;247;1
223;459;31
290;278;41
305;382;17
177;344;49
87;478;42
364;227;36
111;117;36
151;31;17
115;220;45
136;217;1
153;469;18
259;385;25
478;66;31
193;488;8
163;315;38
321;437;25
345;121;2
26;69;47
365;407;48
255;433;16
223;120;43
189;443;7
232;337;20
73;30;39
47;21;32
401;417;35
196;162;35
467;218;39
470;397;22
61;101;22
380;408;26
60;185;29
433;43;5
315;176;38
208;370;48
243;20;18
150;215;44
109;323;19
60;475;47
466;262;35
343;109;46
314;150;19
63;22;40
436;405;18
397;248;8
340;96;3
113;23;13
219;110;24
112;318;22
498;237;34
58;181;36
10;305;27
451;9;21
13;120;19
275;475;13
337;120;38
2;347;41
311;16;12
216;426;31
334;426;29
439;13;1
479;405;41
165;85;45
41;356;20
275;290;30
289;67;44
490;429;16
429;404;19
84;252;8
366;324;27
98;60;33
210;426;43
429;375;16
301;433;17
83;248;6
448;124;11
197;393;15
29;348;25
112;249;39
285;374;2
468;70;34
126;248;17
79;412;47
463;120;16
255;128;39
158;244;25
35;311;42
232;469;14
451;153;23
301;465;26
83;361;23
470;160;10
189;234;33
94;388;45
437;343;15
336;180;2
137;448;24
126;97;6
346;326;9
95;337;44
226;161;37
63;323;10
158;461;18
319;463;22
450;495;23
485;461;39
288;259;47
146;432;10
264;45;4
408;321;46
400;178;32
367;310;8
310;168;6
406;419;28
321;106;16
396;170;33
320;74;33
29;117;9
474;248;17
254;436;35
248;299;17
30;38;32
162;336;4
187;471;19
380;282;7
448;94;48
221;314;42
367;272;39
328;429;48
256;297;6
72;310;8
50;362;36
50;108;30
376;158;43
122;247;11
126;401;50
149;417;19
478;316;20
191;287;27
128;35;40
137;230;47
137;97;14
298;313;36
474;337;50
121;275;36
175;53;40
452;42;47
191;349;32
429;469;32
442;363;38
183;445;15
358;91;17
21;310;41
314;329;43
99;146;48
162;274;20
11;86;8
6;213;24
279;322;5
316;462;43
144;315;44
129;287;8
477;465;33
390;203;16
417;126;6
72;54;4
173;200;44
445;24;27
58;47;19
22;34;40
78;131;43
75;453;4
237;440;10
423;128;48
440;176;28
284;152;14
368;206;44
262;236;17
69;378;48
339;395;28
334;64;21
401;228;42
199;385;43
168;144;2
99;101;1
220;470;48
260;461;28
116;458;34
347;49;23
335;62;14
316;58;37
177;91;44
349;355;8
64;75;33
301;37;33
361;308;37
439;322;26
185;183;45
41;466;39
122;200;43
188;123;45
31;165;50
356;86;41
260;342;1
147;331;22
225;269;34
166;446;4
183;495;40
447;266;39
33;44;11
227;37;31
348;326;10
336;500;23
284;143;24
239;479;49
343;340;1
468;499;33
244;499;10
157;419;41
43;19;31
170;299;23
226;167;12
335;313;2
454;347;17
117;458;38
62;469;24
21;345;3
439;481;12
349;240;41
273;387;20
342;132;41
278;499;5
467;251;32
82;121;6
129;81;33
319;250;38
303;479;39
245;369;10
229;59;14
276;414;46
206;6;40
92;51;47
307;134;8
278;484;39
308;175;3
471;324;49
189;364;11
367;151;34
55;13;36
116;450;22
472;211;11
469;241;13
402;339;19
421;253;16
304;44;33
318;177;32
182;306;21
426;457;44
20;219;44
452;194;25
334;147;14
35;495;17
112;390;21
356;334;1
126;492;34
154;331;17
284;40;33
84;229;18
37;363;30
261;264;45
375;176;28
247;370;41
29;98;47
96;191;31
21;399;9
365;353;17
94;426;13
158;190;49
327;366;29
222;65;18
383;397;28
442;36;38
388;272;27
386;290;14
446;7;33
359;493;1
138;362;7
153;417;8
148;148;2
11;437;48
460;75;24
354;392;45
362;155;31
248;333;39
58;307;29
471;35;20
263;98;12
157;343;23
436;279;38
254;479;15
307;301;11
9;456;25
95;90;31
387;39;38
388;292;45
428;42;25
425;353;11
439;156;17
97;62;50
399;120;28
188;160;24
11;249;28
438;132;38
286;60;25
427;24;14
414;83;47
426;379;45
272;296;32
409;113;46
97;498;41
433;204;24
401;352;13
164;36;43
301;111;37
235;102;19
132;500;3
309;270;48
88;459;14
406;71;33
57;165;25
209;370;44
428;391;43
49;99;8
445;39;15
344;260;23
24;192;17
251;137;41
394;434;2
48;208;40
98;360;45
61;454;39
451;180;26
332;285;43
126;137;40
310;245;22
143;52;10
257;203;14
303;187;13
156;11;39
144;157;37
313;72;14
287;197;31
402;437;22
308;75;34
363;22;49
406;27;46
252;58;45
238;152;3
122;436;18
172;265;19
149;304;41
358;307;35
184;457;12
82;262;15
144;317;23
151;172;41
361;401;5
210;45;35
349;63;17
63;135;37
447;252;24
208;280;45
286;370;4
113;210;25
6;140;38
42;471;13
168;490;32
456;176;19
96;292;26
215;227;38
340;470;3
290;157;8
96;270;31
256;354;16
101;357;39
128;113;19
200;307;43
225;68;2
36;202;39
148;355;18
229;307;8
327;455;24
458;82;46
188;383;50
493;465;24
481;35;42
13;216;40
403;38;19
330;97;41
325;122;33
473;496;15
266;229;13
342;47;34
71;97;42
91;387;31
358;350;8
419;257;40
249;186;22
401;300;9
205;250;8
383;499;36
62;122;8
194;378;39
246;229;15
469;296;28
73;180;21
123;353;49
451;48;45
459;375;6
193;144;16
168;497;14
131;491;5
93;130;3
491;49;49
232;449;43
409;99;30
392;147;30
92;150;1
342;337;31
489;163;37
295;316;50
74;348;17
36;221;42
24;405;44
266;130;28
378;198;18
487;348;13
58;77;16
96;388;17
141;86;23
367;44;40
244;169;15
84;251;42
320;35;45
214;199;22
53;459;41
418;66;6
187;198;5
272;210;39
264;128;18
99;104;42
224;62;4
419;21;47
75;448;23
326;138;19
348;137;17
187;71;10
126;292;30
485;177;22
447;465;5
134;302;20
240;312;28
481;490;21
263;390;27
18;327;36
407;354;13
347;323;25
94;112;12
282;461;50
213;271;32
403;244;49
179;40;46
146;451;25
154;287;17
38;162;47
292;182;26
187;137;26
167;453;30
53;413;26
196;87;40
445;191;19
429;480;26
20;51;31
70;227;46
350;290;39
406;165;23
389;480;41
467;284;43
5;248;12
454;259;16
484;142;44
23;158;44
365;109;26
296;183;47
48;145;18
412;306;5
301;202;5
121;104;48
441;414;33
234;65;5
357;104;46
216;167;35
403;302;22
83;157;43
153;10;11
261;107;34
290;359;20
6;465;37
256;191;14
40;155;2
488;375;13
383;474;1
345;348;42
191;93;15
324;274;28
251;495;12
425;126;27
147;264;49
126;144;8
169;141;31
136;285;9
204;174;22
344;373;24
22;138;5
427;97;41
246;441;30
61;385;3
193;180;21
291;351;22
116;385;7
409;1;25
249;261;4
314;385;8
240;348;9
124;199;42
404;185;11
479;39;24
456;353;35
288;264;13
3;369;45
187;481;48
38;44;20
149;258;36
305;85;7
265;475;29
157;160;38
282;58;12
366;480;6
148;209;9
206;283;31
212;420;45
143;129;6
174;23;41
378;154;49
33;240;29
66;410;47
371;331;27
468;81;47
109;195;17
59;92;23
273;241;4
287;68;20
145;155;23
409;385;4
445;306;42
43;227;7
203;14;37
223;423;35
241;234;17
86;368;34
323;263;14
176;311;9
59;451;19
404;263;12
19;32;43
137;33;23
4;397;17
227;164;13
427;249;9
373;247;19
283;46;7
318;116;40
496;147;5
204;14;25
444;311;30
468;253;42
407;64;50
142;445;36
102;337;11
91;193;13
343;335;31
235;248;22
366;414;17
402;421;2
296;169;46
96;488;43
85;232;16
272;191;21
417;163;32
85;391;35
161;208;47
82;297;17
14;96;11
266;486;2
67;476;50
373;437;31
123;463;10
260;163;12
133;26;45
275;259;27
90;450;2
460;425;47
308;8;34
51;474;48
96;482;31
358;215;44
420;177;24
411;268;10
493;306;28
325;342;2
102;487;26
84;172;25
311;258;43
36;227;18
430;69;39
369;57;46
269;269;12
97;465;19
10;229;2
339;350;40
194;143;28
106;99;44
448;213;38
347;72;28
42;406;29
108;149;37
134;462;7
357;401;43
296;329;22
129;205;31
140;405;14
404;19;3
117;478;9
482;407;50
42;219;42
283;124;41
464;77;39
42;422;17
446;377;19
231;198;6
355;126;4
234;442;36
354;241;15
127;42;44
119;220;24
353;371;15
499;220;25
109;176;18
353;105;42
453;154;45
109;484;16
411;138;4
230;497;32
184;184;49
54;363;38
398;485;40
177;215;42
72;193;9
243;117;16
211;337;6
34;175;33
245;19;48
306;467;14
480;124;2
201;253;7
453;216;28
298;225;29
362;331;31
405;469;46
420;484;20
60;203;30
349;452;19
41;19;34
475;48;46
139;125;26
158;388;36
191;478;36
495;329;9
456;396;49
341;118;21
444;101;4
214;74;49
145;297;4
209;465;28
35;373;43
492;30;15
479;480;10
121;352;47
109;496;2
345;325;33
354;462;32
433;123;37
346;463;25
149;33;2
387;37;46
270;47;8
372;128;24
244;121;49
198;489;34
215;113;16
315;465;4
267;191;10
427;26;8
139;10;46
495;413;20
172;326;12
351;461;40
58;159;13
61;306;45
389;334;8
169;246;26
458;451;3
173;482;47
336;293;19
185;162;10
316;176;45
212;129;36
80;234;14
323;332;4
359;164;26
347;477;49
313;477;7
205;366;23
175;12;22
205;447;24
327;197;43
175;475;14
132;3;8
51;268;7
287;49;11
97;347;46
449;185;9
483;329;3
40;101;28
72;376;32
332;391;48
326;184;39
142;2;23
259;29;10
428;99;17
308;408;35
370;16;2
289;268;43
83;193;18
391;180;20
26;496;29
187;129;35
370;121;35
236;153;48
347;91;29
492;26;31
155;341;10
441;374;21
258;445;11
401;162;38
65;94;27
364;36;4
190;61;19
54;50;8
471;387;26
86;167;34
432;457;21
476;470;23
385;20;38
269;33;49
417;265;45
410;390;17
375;362;30
133;449;45
386;400;10
322;466;16
451;176;19
135;424;45
146;378;46
379;445;37
386;488;9
149;277;28
226;402;9
259;172;48
168;30;24
246;1;39
128;229;7
317;145;8
345;383;50
49;131;38
449;115;19
349;310;13
250;246;12
484;287;4
172;429;17
447;249;8
413;246;31
267;498;33
443;489;45
406;34;20
169;242;15
216;19;25
348;46;35
103;111;8
228;477;15
445;104;10
380;334;37
227;497;7
341;68;6
450;234;8
458;225;36
224;65;23
443;185;42
416;134;20
234;493;18
214;120;4
296;134;30
84;282;8
61;277;10
426;105;41
176;498;16
115;241;28
75;199;34
335;7;14
93;209;29
443;449;18
500;418;28
12;276;8
255;80;25
122;80;2
149;171;30
98;319;40
88;196;1
108;378;1
401;269;2
368;228;49
189;127;1
292;371;5
367;97;28
163;182;12
244;249;31
124;213;33
259;451;46
88;107;47
267;311;10
228;113;26
9;244;17
91;57;33
343;113;46
72;55;28
488;303;40
121;469;49
309;45;17
306;496;17
295;57;50
473;57;24
313;461;3
103;485;28
161;490;19
444;191;7
228;244;4
488;198;30
81;154;4
297;234;47
226;314;13
243;420;15
420;308;7
432;420;44
40;139;13
324;212;39
485;382;19
276;459;22
245;299;34
206;428;2
419;243;5
108;67;47
183;350;20
57;286;42
22;205;43
142;85;41
283;13;49
312;469;10
353;77;9
334;212;12
195;81;45
167;389;41
425;63;2
20;268;14
378;406;36
241;304;24
218;402;18
56;26;49
385;57;3
292;282;23
411;230;25
407;304;23
421;452;47
439;94;13
6;292;34
63;317;23
349;83;5
82;248;28
483;126;29
92;289;4
76;176;48
247;147;30
214;169;4
47;51;29
272;139;50
457;324;20
147;288;29
324;448;32
183;264;43
138;429;6
356;495;32
355;173;30
224;391;28
322;431;25
171;192;7
175;305;22
189;495;25
240;314;12
492;336;48
150;138;16
439;320;13
7;93;50
492;451;42
313;111;16
322;250;8
274;141;50
95;192;40
469;213;16
481;409;45
114;436;2
214;470;12
459;253;33
302;45;31
452;54;15
161;32;2
187;385;43
4;363;38
343;259;9
460;91;29
435;358;10
201;162;23
22;179;26
86;120;49
367;349;8
60;387;30
124;293;50
68;194;7
14;289;42
153;379;6
132;200;32
372;369;8
261;385;5
266;469;8
500;204;47
374;496;3
452;244;14
266;432;32
491;194;12
363;390;16
104;32;40
281;254;35
356;58;25
400;307;3
363;199;2
465;122;40
313;339;10
16;261;31
125;442;6
78;371;20
451;209;4
155;158;24
198;402;47
460;180;26
93;2;31
199;234;46
281;464;17
183;53;46
310;467;37
367;265;14
30;465;31
458;286;11
106;31;19
62;403;36
198;220;15
497;355;11
279;252;29
420;182;5
405;370;14
61;285;32
21;81;25
53;306;2
20;445;40
7;44;40
232;192;2
488;159;1
265;106;50
265;54;44
90;205;24
92;364;3
192;141;1
473;215;18
277;214;39
309;123;13
36;35;36
467;313;48
182;269;28
304;138;14
307;417;30
54;136;14
380;216;4
233;61;45
336;463;27
164;400;31
433;435;37
298;370;38
195;413;45
11;452;1
360;68;9
421;354;16
294;492;3
172;72;8
304;237;46
476;281;16
115;430;34
83;94;9
267;458;3
390;118;7
153;458;22
58;95;5
203;169;29
321;31;48
241;27;35
232;162;22
479;208;1
494;334;20
42;4;14
140;391;37
438;234;30
150;206;30
56;101;33
414;129;28
438;270;38
348;305;2
205;297;25
335;12;48
160;160;27
416;479;22
128;487;41
5;365;48
399;237;42
52;398;44
319;133;27
119;426;4
177;165;2
48;314;39
251;422;34
98;62;5
412;455;35
8;31;12
65;73;32
141;267;32
77;30;50
294;184;50
198;87;30
156;241;49
488;171;18
218;179;40
163;26;8
185;12;38
486;329;33
333;303;15
54;111;10
131;321;47
408;414;16
410;369;45
370;158;46
269;389;47
228;21;5
496;313;28
218;38;24
60;456;21
399;69;7
233;425;39
470;283;13
419;298;9
422;496;13
24;472;14
253;300;26
347;137;27
397;477;9
415;241;36
107;475;40
238;247;10
202;312;45
304;405;2
196;208;4
248;190;22
10;228;44
90;11;28
355;227;8
417;14;19
15;343;7
80;256;40
21;473;7
143;318;36
347;489;3
464;240;2
101;124;4
97;203;1
269;111;31
167;229;20
76;216;3
294;262;33
230;377;22
226;250;11
165;310;25
226;13;50
370;39;9
262;483;41
376;125;5
362;378;43
208;189;41
65;451;43
473;1;8
375;113;2
117;230;23
335;83;2
57;367;43
126;188;34
25;342;22
484;108;30
44;203;39
428;356;39
149;51;12
327;196;18
366;280;6
244;278;31
394;161;12
145;422;2
424;29;16
241;388;42
321;112;1
209;287;22
314;98;10
474;463;44
304;292;10
144;156;44
184;26;38
450;254;34
312;276;26
470;123;30
274;321;43
371;229;17
338;279;12
62;439;13
294;83;43
451;288;4
381;391;33
451;41;36
452;263;45
40;391;9
170;4;13
392;304;33
424;141;3
80;403;14
464;51;40
327;456;7
29;163;29
440;431;44
349;385;12
55;51;18
221;339;35
284;313;11
73;434;10
451;104;21
214;223;16
25;59;37
454;234;24
46;449;5
384;111;29
151;498;50
378;41;17
328;489;26
92;107;23
325;470;21
310;328;8
196;84;44
401;41;49
498;65;23
116;229;15
345;439;6
314;148;47
455;255;48
156;361;22
391;36;47
442;51;46
119;255;35
47;261;20
262;283;11
449;199;22
360;348;1
445;74;4
354;158;1
243;132;36
323;301;29
178;261;30
467;411;20
2;96;34
415;266;21
388;335;33
433;428;49
483;73;44
231;17;19
483;95;7
36;416;6
194;32;40
246;14;21
373;139;10
128;433;41
184;499;19
496;360;43
129;286;39
31;422;25
143;224;11
410;68;15
364;150;45
305;424;48
42;488;2
312;227;30
404;146;15
245;473;20
183;383;22
292;65;14
354;334;13
350;114;10
375;385;32
474;195;25
494;265;13
30;344;40
103;265;46
129;328;8
448;405;48
43;36;2
200;62;4
174;50;1
421;113;26
115;239;10
84;3;7
330;369;11
188;408;9
7;329;27
386;356;11
315;291;6
30;170;30
263;96;9
423;87;26
153;169;16
481;116;50
308;456;33
104;377;10
117;126;36
425;119;21
158;132;1
239;334;23
70;483;31
106;74;10
214;7;10
166;138;20
300;373;35
340;200;14
59;306;35
209;220;39
60;435;32
431;196;18
433;182;8
157;287;15
340;299;47
58;492;32
152;467;36
339;494;42
452;3;16
262;9;1
125;186;3
4;10;8
148;473;12
171;268;35
413;399;26
189;298;17
120;332;11
212;144;37
191;130;3
319;459;2
276;321;47
414;230;23
239;418;7
126;160;12
214;423;25
470;196;40
113;415;26
401;231;7
248;407;46
219;49;5
338;401;38
234;166;12
479;190;33
60;341;6
310;321;43
308;182;21
456;383;14
152;321;17
171;14;9
166;144;35
76;413;16
414;490;7
386;63;35
495;470;29
284;172;35
448;477;45
9;437;5
107;410;4
272;324;31
178;36;18
374;117;16
365;138;4
339;222;45
358;298;3
249;215;20
317;466;45
370;460;3
48;455;42
422;411;41
496;129;17
485;254;39
479;399;50
228;438;12
442;104;37
255;271;35
57;404;45
381;297;20
308;354;45
346;309;35
416;299;9
311;231;26
303;96;46
82;110;46
69;175;38
365;301;12
65;109;3
220;392;7
320;286;39
16;316;49
467;382;35
183;228;6
159;22;24
81;482;9
367;12;32
70;272;19
282;265;5
487;29;14
53;299;12
266;275;33
332;277;39
450;230;17
218;307;47
395;490;13
462;54;17
57;302;34
373;425;19
24;305;15
370;35;30
38;385;31
393;207;44
427;421;50
462;426;39
409;396;31
90;339;26
499;410;34
89;172;14
487;377;46
190;436;3
295;398;13
392;224;16
412;81;33
445;317;48
269;326;10
103;409;22
426;370;2
174;404;35
257;234;42
324;201;36
76;411;11
392;492;20
260;368;14
500;80;48
92;398;17
168;468;21
11;312;45
13;265;11
468;25;41
442;288;30
416;349;25
355;82;38
77;163;18
176;370;41
81;236;50
230;260;46
340;207;31
225;65;21
247;326;38
123;491;19
428;105;22
15;24;5
398;14;1
146;487;49
233;337;22
430;46;37
196;24;11
209;65;44
424;236;44
42;110;1
24;162;36
121;253;27
8;117;36
345;497;35
77;161;43
39;136;7
460;67;37
403;258;45
416;464;8
148;134;33
427;243;48
326;414;12
483;321;10
116;366;11
310;78;16
361;393;5
467;12;4
296;266;7
183;460;1
314;14;34
397;1;43
198;31;40
112;484;25
68;273;39
29;91;28
422;385;15
278;213;12
40;468;25
327;3;7
405;480;13
416;129;42
248;483;21
330;431;34
77;362;26
25;302;30
106;264;4
474;194;18
21;401;48
237;85;23
488;352;45
72;140;15
142;496;38
129;195;33
329;298;13
241;158;35
270;192;17
458;157;50
275;387;23
362;184;12
446;340;22
56;269;6
168;184;43
319;54;36
309;161;40
84;167;31
285;22;24
246;202;7
481;226;48
290;174;34
335;118;27
40;460;16
70;328;9
155;412;22
409;448;20
151;107;24
28;166;37
462;163;22
77;86;39
170;240;13
28;300;16
439;490;29
18;140;43
416;251;39
374;202;37
9;493;41
90;312;15
13;494;34
346;70;5
405;347;13
10;147;25
146;425;3
487;144;19
192;441;41
108;89;27
140;201;38
489;329;14
325;104;47
485;55;24
278;167;24
108;265;36
359;445;14
237;450;25
285;265;42
251;449;38
494;197;34
372;203;25
254;295;48
50;156;40
133;41;24
301;264;19
311;264;35
316;217;38
476;8;12
38;477;41
42;337;20
396;391;2
288;455;18
186;351;12
480;417;42
273;353;24
232;206;17
462;497;50
34;419;36
275;477;33
26;108;14
495;369;12
178;44;26
453;136;40
379;361;35
113;232;3
457;164;44
186;335;11
127;193;38
373;270;42
256;360;37
24;334;8
350;465;25
202;485;39
141;415;39
386;346;45
380;115;30
218;323;3
81;94;49
459;233;31
33;482;33
284;436;49
240;326;49
164;238;26
181;431;2
129;194;34
269;51;37
16;290;23
202;336;29
100;457;40
360;75;46
331;311;20
41;499;17
192;244;22
422;415;50
308;344;13
409;361;8
269;472;22
337;439;49
223;386;32
100;293;16
195;260;22
56;393;4
423;130;20
9;206;35
494;233;40
413;302;22
190;127;46
459;307;41
123;97;21
102;356;19
203;104;24
304;110;14
152;300;27
398;29;48
109;131;7
133;482;4
184;239;7
10;422;8
298;141;11
330;183;39
38;437;28
225;209;32
412;386;14
417;276;24
132;295;24
44;376;27
28;344;44
461;63;5
21;463;3
190;461;37
104;389;7
441;309;15
66;449;35
93;204;31
295;18;11
228;353;4
438;359;32
374;145;9
432;28;47
460;447;24
72;396;5
484;339;42
363;17;21
407;38;23
359;309;8
123;246;37
277;399;45
31;443;35
319;500;13
402;284;20
55;237;7
275;377;19
194;205;16
404;188;3
258;363;14
39;282;30
262;290;13
72;24;15
259;261;2
77;376;39
328;154;13
6;457;44
497;80;19
255;137;36
123;178;38
55;24;15
476;445;36
79;42;5
32;336;33
427;63;12
288;479;43
441;343;3
414;66;39
197;36;35
464;220;22
492;15;45
215;188;34
263;386;48
38;148;46
263;414;2
125;38;49
353;186;37
15;479;4
66;76;32
359;497;13
134;400;49
257;252;45
250;374;20
259;449;31
471;104;19
168;343;44
362;152;18
332;336;13
103;213;49
238;391;2
317;98;31
254;133;46
490;471;15
182;465;36
241;240;30
38;248;10
313;37;16
252;402;34
126;173;17
69;205;20
255;309;50
500;101;34
149;272;24
312;373;13
69;244;50
262;7;40
431;169;16
236;445;40
251;386;38
484;429;48
464;146;34
11;138;5
352;271;9
479;299;49
278;391;14
179;130;41
15;341;2
356;427;40
344;305;12
38;453;29
138;366;41
108;187;24
170;79;19
226;188;36
18;395;26
488;377;17
127;201;40
323;318;41
310;184;49
290;115;21
64;386;35
453;83;14
70;392;44
203;472;30
390;42;41
352;130;20
246;354;49
475;138;37
164;345;22
269;492;41
362;327;36
207;427;31
155;284;3
326;370;9
88;455;21
145;193;5
236;354;30
346;475;17
349;428;31
403;324;33
480;126;16
210;246;16
227;422;40
98;424;39
247;488;39
396;100;5
331;366;17
427;111;46
243;261;38
490;487;25
299;364;34
109;244;33
40;5;16
80;451;32
171;460;12
441;307;31
356;69;39
132;58;40
61;170;45
254;4;38
221;470;7
46;342;41
428;210;35
476;17;28
399;469;12
316;39;14
25;456;13
401;36;16
277;272;49
406;108;42
449;63;34
131;333;15
236;230;37
20;83;43
263;330;12
342;473;35
402;436;14
167;17;21
150;52;42
177;494;12
277;240;8
214;344;2
139;441;17
464;449;16
436;14;13
374;263;49
421;242;46
446;215;3
197;461;1
494;404;36
244;8;10
273;88;42
330;473;30
298;371;12
107;414;19
204;64;48
309;326;5
255;194;18
358;21;46
324;99;36

