700
17594
4200
57;5
40;14
46;17
82;97
14;93
10;61
64;9
72;28
83;88
37;96
64;30
59;87
10;31
91;32
22;3
99;42
61;46
95;45
73;12
63;41
43;29
32;87
12;67
81;43
13;8
57;20
46;68
40;4
44;40
22;76
64;80
79;80
28;96
7;31
19;25
77;61
16;84
86;66
75;60
49;71
26;61
99;73
29;73
95;11
93;38
30;94
98;19
42;11
87;20
70;36
99;45
44;64
58;62
34;88
54;17
17;48
77;9
64;20
27;20
98;67
37;85
47;74
78;95
29;94
62;17
15;96
61;74
31;98
21;11
93;59
88;13
56;41
13;93
81;39
62;78
7;93
33;25
94;60
40;8
20;91
53;37
90;72
82;82
71;60
93;71
76;10
58;64
52;95
100;89
87;7
34;56
94;93
99;13
26;12
86;82
39;22
24;54
99;78
45;65
67;62
14;53
30;40
31;42
70;37
28;1
28;96
50;47
41;70
47;42
6;42
58;58
29;60
71;77
42;75
3;1
85;55
48;10
22;79
47;88
21;52
50;8
74;63
2;39
62;40
63;64
36;3
76;26
18;49
53;74
75;8
91;24
78;28
95;70
90;94
87;93
58;39
58;67
76;14
87;98
65;64
54;51
55;65
19;65
4;96
52;37
7;67
97;29
61;77
63;69
34;36
58;33
81;99
28;94
50;23
72;70
20;26
100;3
52;17
75;24
85;17
38;1
100;25
50;52
4;16
35;54
16;15
81;21
70;3
68;37
8;44
22;90
5;93
40;47
45;79
33;57
58;26
13;15
52;3
18;86
76;80
93;78
14;54
11;56
28;80
30;80
3;7
4;58
36;70
48;32
72;88
88;95
98;100
35;11
2;75
99;70
24;87
87;9
74;1
68;98
51;6
62;54
25;90
10;43
14;24
38;22
8;74
37;18
34;13
81;21
43;87
7;100
29;85
6;43
62;44
33;35
53;48
83;56
76;91
17;76
95;67
27;73
20;35
43;87
82;37
19;96
21;6
82;33
67;75
11;28
85;35
9;76
72;58
67;34
71;4
92;97
35;53
15;12
31;45
51;48
29;95
17;82
1;75
83;64
86;37
92;83
39;50
5;88
41;37
72;88
86;59
96;78
65;75
14;61
46;94
43;8
84;72
39;29
56;56
82;13
33;10
10;93
81;13
32;63
67;81
28;77
77;26
4;96
90;96
72;42
42;40
74;44
67;35
5;22
9;15
76;28
16;18
17;86
41;20
63;18
47;49
49;46
93;55
88;94
50;6
73;47
92;65
85;10
29;77
27;44
32;22
48;78
57;86
85;86
49;7
68;24
33;37
24;11
16;5
89;80
72;85
73;34
14;11
90;49
43;34
100;1
33;76
50;50
70;78
25;64
95;86
10;45
28;90
45;52
40;100
42;75
33;82
100;25
34;68
53;41
45;56
34;87
28;77
83;8
27;97
87;2
17;57
6;73
93;88
16;33
24;19
44;89
60;40
5;46
19;31
25;54
26;62
83;15
93;8
59;92
86;76
18;46
14;4
54;81
80;74
45;73
96;76
82;53
42;8
90;54
65;15
94;53
43;94
69;73
17;55
44;43
17;30
57;44
87;64
42;44
24;49
64;77
72;18
36;80
31;82
33;36
13;6
21;77
24;100
94;60
39;61
93;100
96;36
61;58
10;15
93;94
58;100
33;45
72;21
15;20
91;97
100;7
61;43
93;43
28;89
7;49
11;94
63;27
69;33
47;14
25;6
59;72
93;64
83;29
17;17
43;8
9;81
45;38
19;85
26;29
68;89
8;60
17;50
68;81
62;58
61;30
18;49
65;44
83;68
32;56
97;86
42;56
46;23
41;70
94;2
77;17
92;75
1;33
81;57
68;85
67;82
80;72
71;5
14;29
66;97
38;20
50;12
30;72
37;3
20;55
78;97
49;19
3;88
90;52
79;63
33;3
38;2
36;56
43;72
74;80
30;43
79;79
95;95
79;37
47;24
18;68
63;78
63;61
2;31
67;60
88;36
21;79
89;21
61;56
74;75
26;31
52;29
29;70
20;7
68;14
20;75
55;39
57;21
22;61
32;69
4;91
38;100
48;6
56;80
19;78
69;15
66;52
28;35
93;80
41;36
93;44
71;23
95;94
40;2
39;98
27;21
72;35
11;11
33;75
44;3
49;71
10;6
44;6
58;66
55;47
59;50
99;41
6;9
5;82
89;5
65;36
52;87
81;12
34;45
8;10
49;57
57;23
55;82
10;82
9;90
75;41
24;5
1;79
50;8
59;51
79;82
72;52
34;37
89;100
59;66
66;68
19;54
49;82
39;85
20;14
98;70
89;47
74;81
59;53
10;45
43;60
89;21
37;85
63;53
17;53
19;46
47;68
61;63
83;59
34;73
69;45
28;6
93;76
12;54
38;12
68;79
63;3
30;54
87;7
12;11
66;29
80;29
61;18
28;48
5;23
12;16
37;51
65;87
46;22
6;96
34;39
76;91
17;2
27;49
34;86
72;24
10;53
4;48
90;42
100;36
48;54
97;56
49;29
54;85
62;39
44;16
25;74
12;48
18;58
77;38
39;39
25;35
2;8
90;21
34;9
80;92
21;16
41;56
12;90
86;59
40;32
95;76
1;25
14;51
74;54
69;1
98;81
92;5
22;93
69;57
79;74
69;47
10;13
89;63
95;74
55;78
63;65
81;37
6;69
86;24
5;32
21;10
62;89
16;94
98;55
60;56
24;9
74;66
76;16
92;11
57;53
50;73
40;58
8;63
7;1
42;90
67;78
71;46
43;81
15;25
9;63
80;95
58;3
52;16
94;6
86;43
14;16
10;17
28;90
10;67
44;53
96;29
92;53
98;79
77;83
90;10
49;33
66;72
11;47
63;42
18;95
19;6
47;94
92;93
85;67
37;27
42;41
56;74
92;97
54;50
97;2
80;42
5;44
23;36
59;45
14;23
63;31
67;82
95;7
76;30
52;87
77;65
44;10
28;49
22;61
95;39
7;27
34;5
68;30
17;64
89;1
47;52
16;53
82;46
7;76
53;91
73;2
100;63
35;7
42;77
60;3
10;23
2;56
28;6
60;37
46;42
21;44
59;88
39;30
57;34
14;20
77;49
95;50
11;71
66;12
58;95
108;137;28
572;510;45
489;517;17
414;213;26
556;309;7
328;466;46
622;162;10
43;85;4
652;537;7
527;13;44
554;286;30
236;314;37
571;568;41
44;14;23
26;168;7
128;607;14
659;57;27
2;418;5
188;554;21
604;487;37
113;572;17
366;394;15
32;525;30
109;479;42
393;629;42
416;620;20
510;295;16
219;335;2
239;471;30
286;27;27
343;415;9
302;228;33
135;320;1
56;375;32
276;288;16
667;335;29
34;81;29
485;674;25
214;562;16
360;453;50
74;466;25
271;286;22
515;333;25
197;535;32
693;700;20
21;339;25
187;672;11
483;185;29
561;194;31
402;456;4
509;394;38
684;207;21
203;667;27
630;602;17
497;365;18
650;579;42
606;109;15
625;425;22
6;145;15
512;50;8
31;172;50
584;437;29
19;589;38
198;238;37
332;542;5
471;37;50
563;53;11
185;385;5
10;326;49
438;234;39
435;346;38
195;476;17
433;69;24
440;558;1
517;269;7
229;675;30
147;124;34
682;371;38
287;431;16
307;73;8
35;116;49
402;20;9
669;507;47
202;624;40
156;593;39
691;580;42
500;12;32
349;636;12
246;617;49
437;136;21
44;543;24
182;462;12
374;254;25
570;311;28
205;156;27
453;599;40
3;183;20
564;563;18
319;692;44
498;201;10
124;32;13
170;294;46
160;354;45
631;366;13
569;169;4
34;390;11
267;303;27
453;497;49
689;248;19
493;271;19
474;214;47
132;655;18
298;55;3
322;476;21
320;373;49
66;427;15
221;13;6
106;417;14
297;289;45
469;562;7
289;606;11
364;380;6
280;348;10
646;337;30
676;614;13
417;182;43
489;533;9
294;181;10
336;387;9
367;602;37
243;543;47
296;366;32
216;158;23
267;90;25
369;691;3
93;183;4
594;212;36
190;542;13
68;683;43
611;146;47
288;171;38
55;181;22
401;571;32
585;351;6
393;268;20
619;530;32
369;331;35
513;508;16
606;164;4
214;32;18
149;304;32
44;453;26
487;238;26
215;286;12
370;382;49
670;305;13
44;608;47
305;523;5
34;127;19
398;18;3
572;538;24
532;506;24
245;228;7
446;289;28
345;665;45
675;114;14
410;64;3
508;315;8
108;669;12
438;77;11
613;49;23
53;564;46
576;266;27
596;239;23
515;664;38
674;249;31
504;637;11
140;614;12
266;518;19
541;414;36
75;698;45
117;652;48
128;66;45
634;561;13
420;406;30
245;426;46
694;299;1
40;598;2
134;518;49
546;193;22
436;66;3
264;12;44
25;304;30
404;266;48
364;276;24
15;296;17
516;316;1
266;586;36
68;685;20
609;542;6
288;592;28
169;576;31
527;429;47
129;510;22
401;692;17
472;76;36
236;220;6
292;469;45
99;271;2
321;309;22
638;310;25
207;453;25
207;661;4
9;431;45
300;646;31
452;481;14
245;595;44
74;563;11
63;368;21
579;551;28
24;603;12
315;619;20
36;270;32
201;341;29
473;602;20
10;623;38
619;455;50
193;463;10
640;280;1
158;235;19
571;26;10
91;43;9
488;669;46
700;154;36
440;330;41
357;633;42
658;97;25
674;396;33
393;476;32
139;115;30
566;242;22
243;635;32
408;575;39
615;309;45
331;72;40
695;525;25
63;384;1
378;99;10
57;199;4
223;258;26
471;649;47
594;208;22
72;5;49
90;687;5
153;555;35
416;406;17
363;298;25
518;633;4
596;476;6
391;585;3
390;32;4
337;544;41
18;584;8
527;556;43
426;296;44
629;589;34
437;657;2
680;443;2
32;271;9
403;395;42
197;431;47
266;554;30
34;534;32
545;28;16
62;345;4
221;451;19
402;481;7
539;168;42
345;632;23
267;477;21
564;523;33
587;606;36
421;569;43
407;122;30
399;368;14
161;249;15
499;26;22
122;691;26
647;53;10
457;51;11
689;229;22
393;346;18
170;557;38
573;509;44
197;534;39
124;611;26
161;92;37
675;410;49
682;394;21
413;148;9
647;171;41
31;237;3
401;29;32
242;296;9
625;440;17
151;539;25
354;435;11
190;79;14
433;137;28
124;545;32
329;659;12
300;605;36
154;220;5
226;224;17
536;622;15
292;304;34
104;101;25
577;399;43
31;615;38
594;448;4
553;44;43
74;34;37
352;220;28
102;94;40
211;522;49
560;666;12
397;477;18
639;17;23
453;383;47
94;44;46
407;93;50
526;547;44
90;300;28
66;42;42
168;630;45
278;343;29
109;438;16
334;569;48
357;178;11
96;28;16
408;315;48
584;513;47
371;24;13
320;445;9
515;136;4
332;432;42
521;286;14
199;83;40
536;184;23
629;235;48
488;236;10
637;405;2
201;681;41
337;102;31
403;362;3
224;390;4
122;236;15
486;307;49
289;51;11
647;443;1
6;68;35
67;369;28
328;394;33
194;656;41
350;64;7
356;127;20
35;478;31
506;236;14
273;250;14
212;13;26
52;370;50
248;142;44
278;431;7
381;323;29
652;220;19
503;298;28
583;89;41
230;146;17
545;538;32
551;550;47
535;596;38
223;599;46
495;259;6
507;197;34
188;353;5
274;662;39
179;459;19
238;610;37
391;254;14
533;436;45
37;478;6
301;475;42
241;619;40
476;178;18
528;100;16
372;472;33
566;279;2
8;343;43
201;426;39
280;523;39
149;166;27
83;312;24
605;366;24
503;446;47
84;306;36
36;491;8
327;389;34
627;260;12
627;233;38
635;641;41
306;425;39
200;29;4
596;318;10
425;537;14
15;243;5
399;674;25
588;209;38
122;671;40
148;70;8
320;153;41
21;37;1
695;126;46
682;557;9
509;634;28
680;305;19
319;298;21
37;368;33
66;674;22
395;162;42
475;242;40
38;513;26
333;237;48
213;291;4
567;542;45
589;56;49
95;223;37
182;36;26
680;21;2
57;45;19
173;283;29
533;478;37
99;634;32
1;541;42
485;417;48
564;121;1
148;524;5
633;24;30
489;71;6
247;539;19
256;521;8
426;109;21
558;231;44
174;389;6
33;471;32
255;665;33
542;272;13
469;352;5
572;279;27
241;78;11
67;318;12
337;456;25
677;16;15
327;80;14
500;620;5
138;170;43
662;122;8
107;422;44
514;501;15
623;320;21
115;425;45
377;243;37
424;91;22
319;51;35
691;348;23
462;196;37
328;453;19
215;474;3
380;504;11
456;331;31
378;111;49
232;469;34
364;31;28
45;250;44
644;105;33
403;8;17
471;485;25
553;453;50
324;316;28
579;429;12
6;126;34
14;393;4
303;265;15
440;202;40
374;525;1
287;298;39
346;633;7
2;33;6
606;521;13
193;281;45
286;457;33
248;3;27
347;487;40
251;223;30
138;212;30
136;131;17
74;192;43
629;155;18
136;474;7
492;320;22
680;414;27
364;698;31
54;379;32
667;561;40
122;26;28
276;605;31
238;318;41
87;425;14
681;527;16
627;129;26
541;248;40
670;68;3
400;606;29
274;567;48
550;546;23
259;4;39
385;205;50
622;587;1
326;503;6
627;370;3
134;551;20
406;221;22
416;206;49
193;368;14
581;444;23
688;422;39
279;645;15
676;156;35
584;298;43
526;318;32
305;671;36
452;312;33
278;652;37
682;304;25
504;364;11
89;393;14
263;505;25
309;244;31
540;474;42
660;230;17
146;413;21
389;161;34
178;187;49
690;453;11
629;97;10
658;434;42
140;30;2
271;461;23
407;501;25
85;495;1
370;588;22
120;219;31
511;92;26
526;401;24
185;469;7
141;136;10
685;439;45
351;611;15
24;648;13
395;441;39
625;358;13
444;649;9
107;300;18
2;469;36
344;84;25
93;262;10
188;332;21
472;19;49
126;393;44
83;306;15
82;514;44
78;464;41
615;132;47
4;514;41
233;44;29
19;404;25
530;56;37
483;699;6
664;252;7
487;525;15
432;232;25
152;270;39
670;211;11
261;242;25
199;391;39
24;415;49
492;493;9
605;590;44
118;451;42
161;242;26
408;411;12
682;273;36
538;203;17
245;431;15
450;654;5
452;128;40
343;404;33
321;234;36
624;508;23
298;273;28
320;90;32
317;10;38
644;425;22
147;582;10
448;562;12
563;619;32
162;653;1
594;182;28
445;250;37
455;414;11
192;313;7
40;62;7
252;97;6
386;233;47
119;335;5
486;254;48
448;436;15
197;309;3
212;311;39
689;131;48
222;558;43
133;220;33
628;360;49
691;258;14
494;681;36
7;345;29
362;4;8
200;108;18
242;430;23
303;695;6
369;52;43
165;410;43
463;60;12
112;121;11
26;260;11
433;32;38
593;77;49
463;128;46
96;588;35
53;521;32
193;132;2
527;38;29
247;292;32
514;169;43
467;198;46
699;451;14
524;678;28
399;650;45
590;465;35
578;507;20
311;338;4
388;267;44
683;200;26
399;88;37
308;637;31
280;399;39
509;530;41
556;131;31
695;435;5
350;446;17
575;193;47
655;425;49
626;488;45
615;369;9
581;306;21
689;246;29
452;138;3
336;519;19
537;123;14
639;97;9
284;538;41
42;602;46
342;394;11
411;357;16
253;661;2
228;40;24
144;203;49
659;465;23
694;650;35
569;188;29
575;688;33
685;215;9
143;650;23
231;540;34
310;303;28
188;298;34
323;555;24
336;488;20
151;236;48
526;321;9
1;194;27
356;189;41
416;618;25
588;548;33
540;264;5
235;204;44
437;541;48
582;3;13
422;252;35
133;119;11
290;510;4
240;599;23
325;567;44
544;289;23
521;555;2
526;217;10
118;233;9
643;499;46
520;170;41
35;257;29
253;436;40
374;299;43
289;157;46
227;500;1
390;436;13
678;429;36
567;36;42
255;18;41
401;242;22
187;9;49
457;72;9
518;410;11
92;217;25
475;218;50
518;463;13
250;593;11
322;635;8
489;102;14
664;388;47
144;498;32
156;157;20
4;227;15
34;661;4
517;621;1
200;603;41
575;571;36
689;632;15
258;475;21
475;55;13
123;85;15
451;248;18
343;241;17
448;268;17
564;131;47
555;194;33
684;261;38
67;591;30
592;92;17
537;584;34
331;302;23
597;222;41
370;129;17
629;248;30
120;37;25
630;245;26
557;174;47
109;67;46
605;371;17
122;439;49
584;189;4
511;244;14
227;317;10
261;676;25
670;464;48
6;635;18
512;90;50
192;694;46
698;205;13
354;278;16
74;671;38
216;683;49
249;450;18
385;665;31
20;415;29
90;499;24
253;65;29
196;591;4
410;39;46
10;637;39
649;658;20
425;518;42
289;23;48
522;590;34
166;456;45
621;113;26
161;253;4
223;541;49
285;9;27
346;91;32
40;531;50
572;630;11
631;73;30
99;245;41
389;441;15
167;13;17
477;212;24
608;118;45
82;316;31
633;624;38
381;593;50
321;228;10
396;154;47
601;276;38
189;547;7
684;607;31
52;127;40
332;573;35
396;306;27
31;10;9
158;341;20
64;77;20
659;254;8
123;33;33
514;537;16
579;311;5
558;581;32
691;210;45
163;202;4
691;646;7
489;242;11
117;591;20
21;470;11
145;601;29
453;311;49
480;441;5
3;556;16
667;171;33
213;619;24
478;233;9
334;641;5
612;39;5
176;445;16
180;551;3
321;444;19
406;453;14
345;227;37
613;389;6
20;8;40
650;240;11
355;211;22
645;193;41
545;524;30
533;268;30
155;280;38
472;23;31
379;440;39
151;28;9
49;443;16
642;250;4
122;27;37
530;190;46
278;508;11
297;417;27
188;453;19
468;15;49
576;105;33
441;639;20
238;642;34
137;381;41
524;539;2
12;404;36
334;505;50
443;345;49
461;581;6
348;496;21
357;95;16
673;93;23
171;498;13
510;6;31
389;120;22
349;20;17
46;518;7
645;629;46
130;357;41
186;685;7
533;448;8
139;610;22
183;563;14
477;281;44
447;563;8
384;215;35
371;689;41
107;550;16
352;3;1
222;257;25
374;265;23
153;4;2
102;464;9
220;565;45
188;144;47
312;228;25
159;351;14
31;567;3
153;203;31
164;480;31
444;452;41
91;75;4
340;510;4
612;305;36
544;696;42
411;398;19
511;222;19
187;85;47
626;279;13
81;663;23
557;295;50
590;569;34
576;311;24
606;448;3
227;414;19
525;57;26
24;383;49
108;2;4
235;448;6
103;216;17
284;225;3
218;412;45
564;680;23
294;195;25
520;225;45
658;238;14
433;12;24
38;155;24
119;263;43
193;661;17
10;642;32
659;695;1
450;556;34
483;454;7
647;385;1
43;150;32
498;534;13
1;654;33
474;627;42
642;476;15
179;325;19
210;375;29
23;623;21
569;51;6
1;517;23
386;677;4
581;516;15
421;156;5
433;199;4
34;649;50
145;292;22
62;557;30
44;415;40
93;639;37
521;443;46
669;295;30
292;4;37
669;438;26
559;296;6
112;631;5
514;487;10
294;201;34
666;505;20
560;310;8
97;582;34
92;661;47
348;32;50
78;466;18
18;581;47
380;395;16
105;666;25
530;38;24
137;339;32
557;620;3
250;272;2
500;406;12
107;475;3
289;356;48
25;105;43
465;313;11
65;515;40
334;547;48
214;477;8
218;336;50
646;98;25
671;270;6
617;601;8
678;216;31
229;281;7
619;615;47
560;352;7
355;555;22
603;7;27
593;605;4
426;399;30
222;144;33
652;690;36
340;35;10
457;46;4
663;490;6
20;531;18
448;174;21
676;518;33
586;304;43
525;31;34
574;242;10
462;679;33
557;419;7
468;132;16
19;51;9
552;402;38
665;660;5
634;558;15
690;38;29
590;292;43
28;568;18
73;10;4
359;61;2
574;402;11
281;302;41
148;261;19
526;18;7
629;657;35
409;88;47
99;620;16
262;151;5
135;143;33
614;218;38
131;560;39
260;470;19
94;60;2
691;5;33
74;681;37
507;232;43
495;451;5
131;104;13
368;247;3
661;274;12
357;221;28
616;658;14
459;583;2
173;487;28
7;55;9
639;612;50
566;289;25
431;198;10
277;268;17
409;441;13
101;432;12
54;403;23
502;634;9
514;428;17
531;41;39
436;45;1
653;175;28
203;260;27
548;81;40
320;116;32
534;624;48
131;92;49
414;128;17
438;397;28
33;470;4
509;611;43
392;210;12
84;511;10
270;49;1
680;475;27
290;628;1
210;427;30
456;13;49
620;615;17
437;41;13
226;680;41
549;48;31
165;270;9
135;68;11
190;670;11
614;86;2
472;467;47
463;583;44
435;370;34
360;681;49
601;62;40
279;423;16
183;60;18
330;341;31
597;689;3
266;186;46
188;508;41
42;60;8
681;653;21
288;405;30
676;365;40
167;551;35
75;680;25
625;146;21
193;348;44
98;520;16
385;249;31
459;214;21
433;542;21
646;460;47
502;74;13
185;553;24
663;6;34
14;457;18
38;609;39
94;19;44
341;594;50
417;77;4
23;166;45
110;691;50
371;353;9
216;283;22
511;342;24
260;343;5
641;689;2
125;243;26
546;30;29
31;95;18
593;431;18
571;174;44
356;398;18
659;276;31
408;468;32
267;351;37
479;448;39
337;13;43
142;71;50
274;196;26
62;317;26
35;464;12
354;158;44
665;493;36
478;112;4
436;511;48
39;537;12
90;391;21
139;627;39
431;206;16
566;331;24
264;198;23
676;274;2
390;661;19
645;611;25
302;320;48
115;262;37
418;475;15
372;643;36
333;390;23
586;693;2
432;409;31
317;458;23
340;251;1
289;458;18
91;614;20
543;559;29
106;428;29
193;84;34
652;420;40
649;401;11
92;28;40
638;448;18
377;331;21
214;37;38
272;608;8
293;255;16
295;465;10
129;92;35
38;426;34
462;656;47
175;40;9
441;321;41
17;4;50
380;315;4
121;406;39
367;356;50
570;335;23
676;481;42
403;539;36
483;290;16
124;25;10
616;463;43
380;390;42
548;675;33
202;443;18
60;56;5
638;510;25
664;307;21
588;215;29
164;477;40
438;259;32
69;495;25
170;609;33
576;680;27
446;622;14
108;263;50
483;249;34
284;130;37
3;150;48
195;449;24
65;406;7
123;39;43
534;366;18
377;456;12
534;531;49
275;139;9
245;96;11
41;324;1
259;300;10
56;442;28
313;171;49
327;54;43
349;514;35
123;269;49
550;197;13
529;335;47
329;211;18
102;233;10
128;224;9
658;466;22
265;660;23
554;479;17
426;172;17
558;31;40
160;118;10
304;229;3
333;214;19
609;620;41
84;141;18
558;466;45
490;47;36
433;495;37
560;188;33
617;89;36
577;312;46
347;566;29
13;63;7
136;397;46
454;418;17
242;302;40
78;374;17
41;682;15
152;163;44
157;167;16
70;651;27
199;48;32
665;16;35
562;685;8
694;690;47
152;187;27
168;240;43
12;649;11
580;49;25
652;515;41
477;546;22
326;3;29
511;464;35
536;371;20
243;80;18
434;408;49
287;408;3
566;626;42
628;426;21
325;648;14
185;544;47
238;562;13
178;22;5
124;481;12
272;344;18
146;503;31
415;12;3
169;483;50
515;541;27
10;344;48
255;37;13
220;284;44
62;121;14
390;630;31
370;277;12
177;357;22
672;434;26
330;36;19
676;295;26
403;363;16
438;517;37
197;487;16
289;583;47
330;200;20
26;370;4
530;261;35
162;55;45
74;170;33
8;400;15
680;23;35
695;389;49
181;637;35
498;622;16
132;96;24
15;325;28
120;661;41
28;110;8
214;615;7
250;74;24
570;451;34
310;368;29
92;522;1
293;508;7
37;490;43
678;199;14
91;125;11
596;334;6
621;627;10
31;424;26
540;698;33
406;173;40
226;445;35
299;197;49
62;698;26
226;309;8
651;210;22
537;150;4
632;528;50
231;579;25
454;86;29
213;163;46
68;58;41
500;147;25
502;613;4
253;125;40
286;152;9
198;23;31
313;437;35
202;28;14
167;112;37
141;439;30
28;244;23
124;258;44
428;373;40
163;92;25
598;373;15
491;241;36
588;673;38
34;307;46
459;407;2
450;205;43
212;653;13
3;550;21
415;351;33
662;476;41
139;206;1
680;454;38
197;221;42
208;40;25
406;325;46
522;281;25
463;467;6
352;593;41
473;503;7
462;260;39
262;414;32
383;563;37
422;35;36
283;107;11
651;86;24
297;139;25
279;186;16
78;317;19
208;217;34
308;389;18
347;470;26
235;367;25
46;447;3
640;620;23
369;23;2
268;525;35
252;513;37
284;659;13
697;331;4
192;363;17
434;521;44
586;462;8
353;488;45
577;390;32
700;390;15
355;529;29
532;404;35
581;383;22
645;406;33
306;185;8
470;177;15
264;694;9
160;652;40
204;299;23
51;283;28
555;596;15
185;576;40
596;227;40
541;184;29
486;382;4
627;650;48
117;231;25
654;43;30
37;186;18
49;414;38
34;596;29
116;504;42
508;569;21
259;623;38
338;66;45
285;564;10
81;456;45
23;438;28
685;179;1
479;252;49
418;8;3
452;170;30
573;679;34
407;265;13
696;239;8
57;359;27
278;468;18
418;416;48
76;531;11
574;381;25
110;360;50
604;28;42
29;447;6
640;222;43
542;388;22
282;685;37
67;515;8
435;268;8
135;519;17
685;587;13
136;66;14
169;692;38
632;33;44
41;516;25
376;27;24
31;553;6
483;95;33
255;351;35
623;439;4
467;209;22
439;523;2
582;538;25
487;222;6
201;669;32
114;261;12
384;411;28
391;158;14
219;206;24
577;552;46
186;72;18
576;685;5
176;238;5
130;257;12
283;53;15
54;15;42
112;98;50
276;578;32
558;587;48
243;34;20
202;522;26
198;386;30
436;262;27
645;591;40
456;687;49
254;129;47
255;271;44
530;603;7
513;530;36
225;690;10
393;256;30
62;151;8
586;305;46
149;226;42
385;438;43
144;13;20
609;319;36
182;400;4
288;615;49
118;479;27
398;675;11
522;204;1
357;377;14
671;515;2
492;150;47
416;341;28
411;286;38
42;29;41
441;199;15
440;197;24
589;41;20
447;318;1
446;41;49
259;221;9
340;676;16
451;330;23
588;394;1
658;569;7
561;353;38
255;154;7
690;251;6
326;468;15
542;74;4
80;563;23
86;5;32
341;320;12
638;570;24
462;7;42
61;372;4
169;447;20
32;427;49
499;286;32
333;345;25
112;31;17
601;280;25
180;179;14
196;129;19
492;643;8
580;220;26
635;506;41
189;546;35
484;334;43
497;578;15
71;314;18
587;157;4
134;619;32
172;157;4
281;121;38
4;203;9
564;158;12
229;561;14
331;235;9
144;25;45
606;407;45
170;352;10
392;16;25
666;471;46
165;132;43
7;172;17
591;370;36
455;241;24
89;358;31
325;461;4
414;404;6
111;233;9
158;521;37
262;38;24
483;514;47
465;493;17
518;313;22
1;157;23
649;621;26
460;424;10
356;515;17
12;463;29
469;630;46
340;529;35
545;24;46
386;243;47
380;596;22
243;180;20
534;93;2
442;43;37
33;275;29
169;33;46
229;203;21
506;106;41
339;573;19
98;576;33
298;474;30
153;586;46
157;331;7
299;427;9
178;621;48
267;534;37
147;332;7
699;683;24
600;177;24
374;136;39
437;562;43
177;360;8
317;300;37
365;283;41
288;74;39
348;232;16
301;500;48
96;459;10
561;583;7
467;259;13
680;669;30
414;226;49
686;687;24
603;586;34
310;536;10
685;632;11
203;271;7
322;239;15
623;230;49
300;360;10
29;308;44
598;685;2
191;634;25
575;250;31
22;343;37
483;413;37
338;627;49
500;565;32
390;425;11
546;339;6
542;641;46
121;41;30
3;584;27
247;604;18
216;419;21
631;687;47
548;300;12
42;433;21
437;653;16
467;229;16
35;161;9
318;321;4
455;205;34
227;697;27
416;74;24
119;440;19
652;345;40
180;86;23
67;470;44
623;195;9
444;368;29
566;637;15
126;547;48
120;609;30
193;579;20
565;602;47
460;634;36
489;232;20
4;689;44
156;111;33
278;425;41
47;97;30
539;135;44
72;263;46
156;32;28
206;91;35
333;438;37
284;408;40
141;319;33
461;27;27
364;38;33
599;191;37
564;92;44
327;417;5
138;537;32
694;441;20
26;554;13
352;286;20
171;650;16
649;82;5
228;481;8
96;5;20
96;152;16
545;478;34
122;417;48
363;476;31
592;555;34
368;576;35
231;351;35
398;540;41
651;213;34
424;647;28
256;264;31
30;694;17
123;385;17
138;377;42
224;465;41
544;142;14
383;173;49
124;655;7
458;211;2
409;402;22
353;567;39
126;183;4
595;607;42
12;151;28
509;568;12
371;285;7
635;226;8
173;428;28
620;285;43
167;593;38
382;604;12
349;4;28
591;426;35
464;194;32
688;446;1
92;182;10
87;612;2
442;375;2
153;419;14
375;21;44
33;454;48
220;470;13
356;108;8
24;381;43
487;648;3
47;575;36
128;93;39
671;481;17
370;533;22
242;615;16
453;628;31
175;126;31
525;56;22
431;639;49
444;687;2
530;289;39
680;275;30
581;141;33
201;182;1
250;647;44
42;595;27
457;181;22
494;258;46
574;241;47
537;611;36
384;182;21
593;331;3
581;552;24
462;459;14
153;498;33
52;534;8
94;86;7
685;157;28
384;340;6
298;662;23
68;499;23
595;500;12
575;325;14
318;281;31
480;151;1
643;18;43
371;585;20
440;306;10
146;416;34
311;381;32
246;538;30
231;47;33
185;101;50
623;45;50
173;55;50
142;514;47
448;558;9
350;644;50
634;343;40
671;128;15
570;100;25
430;30;46
373;205;1
405;142;34
386;129;35
518;124;14
404;135;36
587;479;36
164;696;15
670;177;5
407;188;22
605;603;50
363;238;46
282;613;18
474;610;27
172;532;10
480;111;26
306;617;35
235;358;9
579;567;33
232;313;36
148;692;31
357;573;48
689;132;25
231;538;3
483;68;21
227;634;3
47;297;19
327;264;9
531;608;5
181;154;37
183;9;33
358;516;8
442;219;2
488;245;1
157;553;50
375;23;43
403;629;10
315;271;9
381;675;16
606;35;46
458;542;39
431;142;39
108;400;48
648;555;12
460;272;37
170;184;4
520;103;50
494;588;4
513;210;15
524;383;12
277;292;35
32;534;22
655;224;1
633;630;42
238;442;39
342;67;24
126;571;24
47;450;3
401;573;3
682;699;13
325;690;27
344;660;43
275;95;16
169;504;22
660;102;22
61;479;21
517;53;28
240;536;46
170;68;36
526;26;18
492;499;44
104;198;4
473;283;45
502;603;42
571;601;26
542;174;1
462;278;5
698;637;24
499;681;36
273;402;49
213;616;22
229;388;35
624;417;42
373;566;30
469;24;34
191;33;20
412;7;33
521;287;7
119;361;23
316;163;15
473;177;11
527;273;38
217;107;31
325;397;40
60;531;36
447;418;30
355;400;29
690;640;34
155;55;17
662;103;25
521;496;11
174;327;34
235;540;47
420;6;2
587;451;20
131;326;41
561;511;33
228;562;9
214;604;24
478;553;40
424;419;16
417;500;14
141;337;29
592;131;4
221;20;4
138;71;31
421;395;43
248;132;40
678;666;37
168;278;48
105;525;6
648;612;41
28;657;24
544;677;46
322;581;34
603;341;45
528;653;15
596;399;37
110;529;9
333;260;36
545;645;28
440;224;50
456;644;28
430;283;10
21;169;4
145;20;3
65;613;20
45;63;40
21;608;24
49;387;9
422;238;40
70;450;29
235;496;16
334;262;26
275;470;32
254;640;40
347;80;15
289;639;4
15;293;9
459;12;27
546;57;47
396;673;3
516;144;37
220;569;19
632;221;9
52;522;27
139;418;45
312;313;25
197;250;34
298;62;23
226;107;23
43;223;46
162;671;13
516;254;11
367;98;33
317;263;39
117;99;16
339;373;2
226;415;17
232;347;45
222;20;31
661;200;38
192;468;45
436;338;12
277;409;42
16;309;26
70;177;3
151;646;46
86;231;33
475;138;35
172;112;49
63;562;49
567;220;22
639;165;11
280;345;4
604;234;22
605;99;42
139;388;27
119;698;43
20;163;40
604;555;9
363;350;19
287;429;2
15;199;33
54;51;5
192;505;9
476;295;24
617;234;18
179;567;39
700;529;22
672;324;37
173;48;38
582;183;21
555;222;45
442;653;1
150;342;31
476;404;1
167;410;50
103;607;28
472;169;2
662;107;20
625;426;18
363;609;4
444;37;9
351;261;15
135;402;20
363;675;1
657;243;27
3;33;6
647;677;13
397;549;10
492;638;23
386;659;5
28;294;37
678;311;25
456;79;24
369;402;21
455;365;23
169;135;2
351;258;6
83;569;2
509;478;26
312;276;29
508;420;23
154;318;8
193;209;6
3;451;31
259;423;9
288;112;41
658;136;9
48;347;33
310;281;24
453;319;27
646;509;35
29;259;17
678;656;8
206;75;37
136;195;16
27;568;50
350;520;16
447;657;3
136;599;35
224;557;22
372;635;12
592;494;24
254;542;36
435;287;34
218;574;45
343;582;4
258;197;28
585;314;47
125;637;29
657;551;16
361;526;23
630;466;33
325;6;8
405;651;22
63;646;18
29;444;22
466;392;16
646;524;38
10;608;13
502;322;14
94;31;45
608;143;40
17;557;26
102;129;46
418;603;49
3;645;2
306;97;24
568;558;11
545;56;46
311;276;40
597;379;31
228;366;22
200;639;21
637;585;15
186;576;24
462;549;42
355;441;13
116;336;33
24;203;29
469;283;17
105;409;50
501;33;36
13;654;44
463;306;22
692;443;18
249;217;26
587;400;46
17;512;23
504;125;28
186;581;15
189;694;6
7;537;1
117;215;33
561;324;26
495;169;39
266;82;42
509;27;3
427;472;3
645;299;10
390;632;23
504;187;29
526;275;21
274;146;40
452;619;29
127;386;43
88;87;32
137;419;45
581;187;44
448;649;5
208;563;22
694;147;46
76;17;21
215;324;1
229;455;18
622;696;21
285;220;30
671;9;36
403;115;47
374;523;14
472;528;42
63;546;6
432;64;9
528;229;3
350;469;39
412;614;31
684;12;4
228;420;49
179;388;36
369;531;9
418;399;15
31;265;4
304;542;1
241;380;12
463;615;15
653;524;11
380;445;9
490;275;14
168;109;40
640;637;26
403;592;21
350;411;10
612;364;46
436;537;5
370;196;47
615;491;3
65;338;29
277;36;14
266;9;20
564;464;30
305;1;37
332;7;33
160;528;43
608;75;2
21;224;16
373;85;23
266;90;39
484;274;49
257;207;34
535;553;37
29;230;12
52;477;24
209;135;23
498;479;1
339;608;22
251;463;18
173;318;21
206;634;20
443;110;33
575;475;9
345;71;19
413;598;9
360;360;44
368;219;27
613;21;38
298;470;25
635;572;49
77;108;35
556;505;11
122;99;32
662;572;37
2;416;15
406;632;29
237;401;28
138;648;7
677;109;25
284;290;2
578;351;22
360;116;36
335;365;36
472;265;33
348;198;48
624;479;11
232;652;5
235;651;25
456;693;49
42;315;18
667;246;27
592;463;9
235;696;34
187;548;48
444;102;28
350;700;17
125;147;26
173;376;33
527;5;42
78;59;35
413;130;42
379;92;28
377;143;45
95;634;12
209;632;31
324;358;50
391;573;14
327;66;28
258;577;30
698;667;2
572;543;8
118;14;21
92;101;38
522;124;32
245;661;47
2;315;41
363;559;27
479;46;8
43;681;5
174;367;11
258;183;41
50;62;6
428;64;40
121;154;8
478;297;25
654;448;25
519;631;15
32;317;39
72;650;11
241;695;49
623;585;22
131;610;22
452;521;20
93;409;14
688;6;47
277;529;34
45;398;25
76;573;12
179;131;25
522;544;34
166;443;20
303;26;48
575;629;5
115;659;34
287;637;9
699;177;33
653;436;38
497;355;44
85;166;27
220;660;46
267;518;34
271;17;17
636;549;7
418;685;21
451;401;13
674;591;11
598;514;18
53;97;31
498;238;7
583;569;43
522;497;10
496;381;47
423;427;19
56;562;21
636;562;18
39;35;23
392;216;8
583;407;9
387;15;31
655;487;27
435;625;28
57;310;3
427;189;14
680;36;20
486;157;13
258;202;27
12;620;19
164;15;21
127;166;23
9;245;19
122;213;12
559;595;48
573;10;20
65;304;2
358;517;10
247;472;12
5;677;49
508;343;20
304;145;37
475;84;1
218;301;47
290;299;23
687;190;15
23;478;3
153;31;45
415;242;20
135;558;25
30;374;19
409;376;32
507;35;17
556;367;30
339;433;46
58;97;20
68;503;7
233;148;42
361;612;14
97;493;44
367;112;14
364;143;38
306;602;26
59;4;7
319;140;33
220;380;43
463;398;12
1;552;10
623;131;8
555;164;13
1;479;34
524;674;7
586;543;28
628;126;36
572;92;33
242;152;21
629;504;10
129;51;22
288;396;27
311;150;44
483;404;8
191;369;47
470;590;3
614;431;45
477;684;20
103;18;1
650;173;47
3;111;28
197;153;31
292;115;32
404;103;42
393;458;23
272;299;36
204;636;42
229;278;6
593;130;46
344;525;44
167;563;14
682;474;37
219;251;11
500;54;7
612;632;10
388;568;30
225;553;48
178;91;29
2;457;39
340;10;40
206;311;13
347;164;11
567;303;39
586;699;27
236;241;44
567;557;25
417;454;24
24;588;12
371;404;12
421;51;4
561;223;48
587;470;21
15;314;49
502;121;32
516;312;38
41;698;26
586;632;39
54;138;11
448;424;28
105;606;36
547;546;42
40;100;42
130;224;43
295;215;27
461;429;31
270;425;9
305;576;40
287;158;2
340;226;32
549;541;5
198;499;27
352;597;45
44;256;38
160;627;36
380;469;24
2;257;9
216;529;12
243;31;25
265;275;26
528;336;41
522;469;11
606;661;11
55;577;15
550;136;18
291;200;48
549;659;5
56;72;5
263;422;40
268;445;19
693;158;47
101;319;48
227;325;27
472;367;48
9;200;48
570;206;5
576;254;20
122;568;38
348;173;5
344;620;38
627;185;18
358;133;20
272;100;33
220;638;6
445;91;41
168;607;23
105;537;44
555;268;50
148;391;37
544;116;36
59;517;12
11;227;8
629;131;16
405;101;39
64;599;39
189;220;50
557;23;21
503;431;10
606;601;31
494;209;9
279;696;37
12;596;33
38;210;10
4;110;40
632;20;20
471;202;8
55;507;26
370;132;11
34;27;35
562;271;10
578;194;18
371;422;29
199;282;45
474;308;50
355;52;34
545;640;16
456;492;44
454;676;5
193;159;50
650;121;47
210;373;1
633;597;14
474;679;42
455;221;27
45;488;10
182;523;18
357;470;16
266;700;2
346;229;8
514;72;12
677;143;10
137;410;43
655;364;17
700;132;11
160;360;47
538;693;5
566;53;2
389;473;41
94;372;50
570;389;49
87;680;13
414;575;19
485;544;4
121;287;29
585;401;10
379;543;35
90;230;23
272;68;39
575;625;42
371;549;12
520;220;44
366;192;46
36;673;17
547;593;1
88;627;50
254;24;1
252;684;9
265;55;3
489;308;17
267;597;38
439;560;7
588;423;24
355;328;31
89;492;22
481;281;14
65;629;26
60;268;32
507;595;31
435;10;27
569;328;9
114;460;12
362;185;33
177;25;4
475;286;28
528;637;44
456;411;14
571;610;10
114;177;44
664;602;7
511;195;17
367;29;45
551;85;27
503;133;7
598;441;32
591;241;36
584;179;24
25;431;6
262;152;44
596;122;30
593;253;24
15;572;29
387;315;46
2;6;39
505;695;23
486;50;46
566;526;22
189;252;42
459;155;38
557;328;13
638;290;30
634;609;17
91;388;1
335;624;50
654;365;27
292;483;29
450;378;1
332;3;27
129;589;31
75;446;7
333;243;4
142;696;50
241;191;44
67;301;26
234;52;6
361;228;12
191;32;29
149;571;5
66;560;7
504;128;34
97;170;25
279;174;26
576;377;8
251;503;36
199;506;50
217;697;17
686;350;25
350;279;19
63;1;28
697;616;17
485;682;2
383;390;25
19;284;35
431;420;26
407;341;23
521;89;32
638;444;25
298;598;7
186;546;5
432;573;35
339;459;13
568;39;42
438;176;22
349;675;22
230;503;26
65;1;45
539;199;32
670;495;34
348;41;13
576;521;13
444;224;21
491;470;42
565;361;41
85;298;14
696;88;45
594;195;9
370;165;17
303;404;39
562;405;23
410;500;40
51;682;33
489;591;24
379;105;5
615;466;11
495;437;19
666;563;14
503;342;8
222;350;30
629;269;24
113;462;18
257;459;19
398;588;2
82;330;24
272;345;49
43;589;22
374;232;21
642;120;5
159;156;13
151;670;15
530;648;7
683;285;4
307;378;18
305;488;34
144;246;12
100;188;28
693;465;35
163;698;25
353;474;13
49;194;25
634;579;34
114;216;10
334;323;32
347;621;39
605;376;40
560;386;19
306;105;40
228;478;5
383;441;11
227;301;43
546;460;27
77;208;3
673;314;14
22;594;6
255;355;42
518;155;24
508;518;17
245;416;10
37;285;20
74;665;27
200;359;4
365;168;9
246;565;37
249;663;17
217;163;29
276;164;21
594;168;19
601;139;25
39;224;30
183;91;40
449;161;43
308;690;21
189;480;34
423;115;25
282;150;33
374;331;23
270;379;40
427;379;16
4;29;12
619;692;49
207;40;41
350;433;19
24;108;23
684;135;42
15;417;29
242;126;18
638;210;31
85;6;15
659;264;39
551;215;38
532;449;5
80;233;2
15;96;12
379;199;32
25;519;36
340;431;7
373;664;4
247;555;37
103;163;29
602;432;25
441;187;41
593;62;5
441;308;50
402;635;27
529;425;48
225;431;10
560;640;11
47;287;27
366;542;7
283;325;2
181;108;24
420;344;7
25;113;38
14;578;44
520;405;24
470;668;42
601;340;25
466;451;26
216;512;1
219;414;9
301;243;23
244;468;26
612;142;9
505;28;41
423;504;11
107;391;42
264;6;47
56;433;30
431;132;3
144;412;30
49;644;27
401;276;24
693;549;45
295;21;41
507;75;41
571;33;31
319;509;40
12;120;20
17;244;16
686;36;43
388;651;3
589;422;14
245;594;42
688;540;20
31;24;27
170;126;18
661;322;42
285;12;21
108;635;10
211;563;25
18;386;12
155;83;36
608;455;2
532;679;44
88;6;45
293;659;14
699;106;11
280;665;10
607;586;31
568;442;19
698;519;17
426;520;28
366;293;27
68;141;22
464;393;22
525;346;34
32;397;38
608;496;12
680;397;31
372;606;16
77;414;19
442;592;45
554;328;9
235;398;4
322;669;23
266;39;26
74;594;48
461;424;29
195;513;26
629;651;7
163;479;21
555;568;8
7;626;34
657;449;24
643;653;50
581;692;10
330;351;16
203;502;21
379;102;6
27;562;12
643;574;10
556;453;35
51;474;6
126;254;28
325;228;38
345;355;29
460;422;30
130;316;19
124;279;25
218;436;40
5;27;43
358;100;24
45;346;15
511;207;29
449;506;50
563;478;17
159;370;38
218;448;7
654;393;26
218;166;19
53;190;7
628;639;30
248;409;20
516;24;37
573;369;16
143;497;37
149;661;38
231;228;27
67;572;18
640;96;49
8;424;46
231;220;47
335;668;15
47;388;38
202;540;17
470;619;14
442;418;24
217;4;3
688;124;10
171;439;19
87;366;5
502;167;29
91;244;47
483;189;18
510;178;31
140;599;23
195;12;21
502;333;6
162;560;31
295;232;27
259;583;47
176;325;11
651;291;50
111;675;12
646;14;1
14;33;25
380;111;37
328;103;8
446;548;13
133;544;11
167;652;15
657;201;13
54;60;3
111;251;31
148;125;47
73;604;6
38;182;4
586;75;45
200;382;20
383;691;22
588;571;38
686;14;30
281;187;30
560;202;41
278;695;6
366;667;40
191;404;30
647;356;48
299;65;34
654;427;15
295;627;43
641;663;16
555;21;40
692;392;11
149;401;17
95;488;28
62;469;12
230;356;9
268;354;28
2;562;32
42;413;46
636;519;42
249;102;15
417;518;50
368;38;17
243;146;23
628;633;13
634;393;3
641;78;39
598;45;13
656;580;8
431;616;45
235;455;10
276;277;35
355;594;47
232;493;22
635;301;45
596;423;12
650;431;20
248;395;27
210;31;13
85;407;47
250;215;28
628;661;20
599;398;3
342;604;29
670;110;48
487;677;28
472;136;50
354;334;39
602;696;36
251;252;27
513;160;18
248;578;44
79;288;47
537;670;49
443;566;49
555;107;18
349;491;28
662;126;3
82;479;20
341;362;18
446;404;8
354;232;45
606;24;13
642;280;21
472;46;26
530;268;13
8;412;50
76;636;1
413;347;42
613;487;37
272;644;39
290;415;33
116;7;44
320;441;6
19;434;29
418;216;47
552;360;39
176;390;3
587;378;6
180;505;48
697;1;6
156;507;35
56;410;4
480;188;23
619;481;32
116;201;6
370;452;47
260;17;46
106;172;23
4;212;21
473;82;36
656;505;21
571;437;31
448;170;6
624;264;28
94;410;44
370;372;9
696;90;21
325;272;2
517;392;29
392;473;26
325;18;2
539;648;40
116;569;10
136;206;34
331;229;38
593;478;32
149;587;48
651;47;24
687;287;9
493;355;15
550;163;16
629;274;1
261;158;46
325;142;48
327;307;4
546;400;23
284;632;7
520;560;7
622;468;26
338;394;40
327;110;19
63;171;36
203;122;17
186;308;37
27;30;11
111;84;9
103;548;20
121;508;31
517;630;43
654;510;26
105;163;43
214;202;24
178;84;19
426;205;16
146;199;4
412;530;43
166;198;2
405;396;9
626;645;30
413;526;14
27;695;18
411;152;12
519;318;4
185;653;44
383;612;37
51;41;46
576;321;12
374;213;10
217;152;9
658;214;15
94;591;5
421;588;36
193;586;38
438;345;11
481;392;16
271;328;12
274;333;47
310;657;26
103;634;37
566;164;46
106;620;23
595;234;8
607;395;46
51;87;45
349;301;47
90;211;29
152;223;11
513;216;8
107;560;1
578;514;16
372;579;11
272;108;27
444;536;13
438;512;18
400;454;50
588;194;20
161;565;18
19;664;34
46;462;4
555;609;1
62;493;25
440;107;36
258;208;10
602;167;40
599;673;13
591;606;36
50;117;43
452;80;4
392;488;13
396;560;4
484;152;1
675;45;45
81;159;41
613;678;13
271;160;15
123;124;1
211;61;1
457;414;6
195;403;21
245;315;10
589;231;27
78;532;6
242;109;14
354;362;49
486;300;19
18;493;44
37;532;22
407;457;35
116;181;12
483;121;31
382;166;50
232;486;16
67;175;18
322;47;17
148;10;14
536;335;38
76;230;14
570;137;47
548;75;42
364;81;33
22;4;24
161;513;10
176;297;10
309;90;29
547;696;18
208;664;31
405;265;38
546;560;31
534;493;8
52;513;28
149;196;12
425;662;44
174;403;14
393;240;12
468;246;38
70;301;36
368;381;1
517;196;5
260;455;46
244;277;46
689;26;47
226;673;27
374;117;39
344;78;16
73;77;28
117;120;48
21;337;10
186;238;11
250;549;14
676;27;48
190;263;29
350;407;16
501;591;38
429;415;22
487;538;38
224;371;7
390;650;39
337;30;27
156;250;28
209;349;26
521;19;14
126;477;18
94;697;38
642;525;48
80;551;39
380;365;31
331;77;3
682;552;27
570;198;35
284;699;34
592;153;4
281;226;13
206;328;9
156;435;1
173;286;25
612;598;29
605;599;28
37;684;34
470;460;3
256;301;3
353;212;25
655;682;19
554;434;23
562;503;30
348;316;12
409;157;39
66;678;41
341;299;50
197;559;3
84;359;32
292;515;5
415;294;27
391;510;24
107;613;27
361;657;31
146;228;1
67;134;30
170;507;10
168;647;41
182;647;13
207;30;24
200;554;13
565;676;39
413;617;45
341;106;20
643;594;20
203;335;2
651;218;47
548;231;44
682;657;27
523;57;28
641;374;25
611;250;14
398;110;2
565;197;34
245;45;25
129;541;7
598;660;40
524;307;43
590;329;8
131;1;48
254;475;13
570;43;42
546;516;24
638;677;32
167;197;39
458;690;36
501;635;4
231;237;4
317;592;31
635;415;31
348;242;11
611;539;15
46;71;43
319;246;43
287;612;9
279;364;2
255;679;36
165;501;35
355;632;32
578;555;14
525;103;13
279;233;48
606;586;46
400;246;33
668;583;26
351;300;25
603;468;26
332;313;39
637;510;34
677;242;44
429;171;5
649;392;32
338;188;39
494;671;4
433;262;10
110;491;22
492;344;18
449;103;9
565;614;29
75;81;45
154;236;38
20;696;29
26;693;18
624;290;15
328;670;37
641;456;14
416;297;21
249;20;26
239;186;12
458;252;13
682;289;45
167;609;14
146;502;5
151;242;15
194;368;48
319;632;42
62;249;6
408;564;19
677;97;38
253;682;4
156;33;34
628;87;46
372;411;13
505;433;49
89;640;28
673;581;43
137;468;46
90;115;9
108;231;35
241;493;14
548;582;31
623;561;48
204;535;37
517;472;12
410;75;40
180;499;13
268;292;40
448;126;25
456;622;1
218;52;3
531;3;33
440;481;3
562;408;17
507;435;19
549;623;44
6;291;7
371;567;41
140;21;11
468;312;24
245;63;38
118;187;50
116;302;30
449;337;24
109;473;39
275;643;2
142;355;39
222;668;24
393;74;10
660;688;23
380;182;39
345;325;39
462;79;50
615;117;10
548;365;46
304;660;18
151;126;44
663;193;2
441;545;42
224;568;43
224;251;14
619;218;3
102;531;26
172;261;1
275;310;27
459;58;38
237;542;11
262;205;48
77;178;43
479;673;21
328;188;7
413;411;34
676;330;29
6;328;24
269;574;45
359;405;34
410;168;42
604;457;32
297;654;40
366;193;29
584;534;23
433;40;40
267;408;21
302;7;5
506;117;43
561;240;50
370;250;21
425;633;42
635;466;37
70;139;29
677;26;7
470;191;48
456;68;1
436;593;3
558;270;35
650;286;42
553;456;38
543;543;27
563;237;17
513;185;44
272;335;1
612;326;16
330;493;27
301;204;35
631;22;34
378;74;34
236;390;50
657;585;13
169;573;45
69;556;1
681;283;10
628;613;23
485;17;10
260;620;34
326;4;33
178;239;45
443;633;28
260;352;15
316;274;32
504;92;43
628;416;47
389;216;20
341;52;39
680;512;11
661;224;30
368;567;19
73;56;41
164;469;17
63;247;47
484;311;12
415;402;47
87;142;21
310;579;25
350;292;19
263;652;12
42;249;31
161;393;49
53;137;47
476;681;11
273;42;16
455;335;16
671;120;47
290;437;9
13;157;8
68;300;12
341;386;40
443;388;15
451;84;17
18;465;20
698;380;1
42;576;26
476;355;23
374;640;43
582;25;43
449;136;31
33;443;49
434;20;17
427;20;25
8;93;43
406;489;32
394;132;7
533;205;12
339;483;25
92;214;31
419;428;46
429;342;12
161;700;29
214;113;43
451;314;48
259;133;13
117;451;43
419;644;25
406;578;8
445;132;29
497;21;12
249;77;33
169;240;2
268;338;43
324;603;26
354;545;25
580;208;22
141;481;31
110;32;37
653;206;5
688;245;28
405;318;32
116;29;25
664;263;28
309;553;13
426;697;42
669;255;42
317;189;37
215;242;24
253;353;50
503;648;22
6;659;25
109;299;50
339;670;27
64;207;11
642;364;7
476;69;14
643;24;14
471;193;45
378;697;42
282;44;39
626;420;42
614;105;28
204;445;40
371;294;1
558;303;35
185;422;37
92;138;21
217;328;10
304;435;14
234;300;1
509;218;17
328;41;24
321;581;35
63;225;39
471;194;43
526;636;43
468;484;50
513;504;42
508;83;12
441;401;47
218;468;26
23;325;17
372;363;45
257;584;48
91;656;2
323;455;21
141;48;7
77;58;39
473;511;32
338;355;15
220;356;44
586;80;27
115;30;10
67;456;43
390;521;31
152;138;11
377;647;22
354;17;35
328;599;37
99;349;1
491;73;38
74;107;31
678;580;38
605;265;10
84;523;23
317;548;45
487;605;47
481;431;32
620;311;41
169;550;14
23;131;32
307;307;30
70;436;7
84;668;37
249;89;19
155;511;48
133;693;1
557;228;26
28;571;28
137;588;38
94;685;7
92;669;47
171;221;18
506;373;41
46;500;4
49;439;6
482;386;45
653;153;26
215;515;26
357;425;19
480;581;19
95;627;8
197;237;50
161;44;43
387;121;19
332;386;3
38;629;42
279;599;42
379;301;44
97;321;7
650;266;14
434;95;26
361;32;2
381;604;9
39;608;48
309;61;16
563;248;19
317;68;38
467;306;1
481;527;9
88;560;14
51;220;29
234;328;3
71;163;33
509;567;39
163;246;10
119;472;30
91;645;34
459;118;37
286;466;48
304;276;2
552;227;17
157;606;30
259;45;4
393;694;21
685;590;20
434;144;22
259;66;50
457;645;27
16;244;10
72;106;18
221;527;12
283;152;50
77;45;12
427;639;18
527;49;44
425;301;34
22;609;50
444;139;25
580;9;11
136;241;36
534;626;33
347;253;10
391;506;47
616;343;36
193;187;32
168;454;37
625;319;50
487;607;16
483;217;21
503;11;28
312;134;42
672;680;46
393;90;23
66;547;12
696;168;17
371;490;35
54;26;23
47;135;1
443;185;34
444;295;12
109;609;17
192;658;34
360;64;19
325;32;7
9;363;2
282;73;44
272;323;17
104;208;18
574;414;11
564;548;20
38;456;33
141;209;9
174;410;49
277;60;8
365;464;50
359;543;11
133;200;27
52;70;16
404;614;27
158;502;22
337;41;22
396;409;15
467;401;28
17;353;43
39;494;37
463;300;6
509;259;46
298;125;11
112;120;28
373;545;6
490;366;29
330;155;26
623;285;42
494;382;25
54;224;9
580;350;39
284;387;26
637;166;7
376;518;49
682;441;41
677;246;23
105;588;10
477;74;43
229;37;45
501;406;48
522;325;34
649;582;8
679;59;6
500;167;12
248;376;31
145;670;4
187;666;7
2;387;39
216;284;17
366;543;17
366;328;37
407;186;17
587;437;30
150;646;35
246;354;47
275;332;6
388;491;12
605;344;30
199;394;18
338;465;49
547;344;41
476;503;32
502;173;48
36;575;25
662;130;10
669;514;1
121;369;26
700;374;6
139;122;8
665;479;30
187;593;34
682;355;37
519;16;5
44;383;1
458;507;44
185;550;34
227;340;33
163;317;5
240;661;49
114;235;15
423;447;45
447;31;40
485;418;19
583;210;37
412;662;17
40;699;5
567;690;42
573;501;11
449;20;3
443;491;44
690;389;8
458;37;27
510;475;34
76;633;39
281;216;5
308;542;26
395;617;19
584;327;27
224;281;22
140;64;18
137;289;8
93;185;34
538;368;33
282;637;27
142;484;45
674;385;14
439;46;25
603;82;31
361;576;34
681;617;31
190;383;28
528;347;2
673;421;45
548;259;14
483;123;23
483;450;31
500;598;9
661;127;26
18;638;6
84;266;7
614;186;8
266;340;33
262;375;8
586;455;22
430;11;33
348;188;40
269;456;44
396;67;45
682;362;50
50;78;28
666;319;49
119;113;24
468;57;48
441;221;4
177;533;42
192;446;8
397;53;33
561;68;6
270;23;12
108;542;3
402;31;7
283;217;27
653;48;41
239;1;26
426;111;31
365;553;12
231;417;25
525;118;43
97;5;17
235;181;32
139;489;50
56;580;41
175;431;6
280;71;38
166;360;28
198;252;17
1;107;36
173;244;30
631;237;39
676;328;14
553;253;9
43;580;21
444;527;7
314;497;35
645;297;28
19;373;6
143;499;27
529;523;50
170;469;38
553;45;31
166;259;22
565;598;26
148;372;48
238;325;19
410;513;6
179;112;22
164;139;35
119;163;35
400;354;26
252;218;34
547;333;19
498;560;33
249;482;6
333;193;30
576;85;34
364;534;17
570;333;6
347;695;46
217;320;45
573;234;38
386;568;3
28;179;45
503;646;26
513;102;13
336;609;43
108;378;23
544;180;28
292;486;19
453;108;38
518;365;14
187;60;45
313;340;44
362;178;27
215;645;16
675;13;45
305;235;43
94;213;20
628;125;7
272;602;12
222;613;42
200;203;3
288;658;48
496;224;31
700;597;44
216;274;7
125;607;29
418;435;23
359;548;43
421;16;33
201;25;19
662;642;46
626;22;50
143;619;43
77;364;50
236;485;22
364;682;27
522;536;24
338;640;42
617;92;48
608;303;21
486;107;29
351;689;37
411;82;14
679;203;15
272;174;11
438;389;14
31;559;14
145;136;33
82;629;32
189;575;41
456;80;12
390;597;15
266;288;18
630;117;43
539;398;27
684;504;27
661;384;44
621;670;8
395;367;18
95;528;39
235;120;29
543;566;10
675;235;5
449;202;16
482;351;29
310;481;11
687;386;44
643;4;11
687;32;15
321;413;41
469;477;11
23;526;6
323;653;48
380;126;20
698;275;11
94;630;21
468;522;17
238;20;23
1;576;43
482;352;36
282;241;5
188;697;26
84;366;6
305;603;14
529;546;41
523;552;47
125;85;15
502;128;49
236;301;12
82;562;22
341;546;21
269;229;13
83;632;21
425;496;29
574;264;8
147;349;7
162;108;22
69;30;29
178;182;35
323;175;44
164;416;25
477;691;42
396;165;25
319;293;4
499;300;16
319;5;37
506;393;27
251;160;27
61;109;1
104;464;23
672;400;7
320;375;28
455;257;36
199;695;47
301;91;36
54;300;6
274;395;10
320;524;47
16;302;24
539;594;15
304;689;18
461;474;33
414;59;44
132;688;24
245;169;47
358;196;42
160;666;12
63;494;4
183;287;4
626;293;39
440;276;48
79;512;19
55;88;26
671;363;50
345;25;9
388;501;18
362;293;27
66;593;26
627;569;5
299;379;48
337;39;22
25;389;29
524;47;20
657;525;32
618;162;7
313;222;42
310;489;45
97;616;1
147;445;48
15;311;47
442;88;2
307;90;29
393;269;19
328;597;40
103;452;2
436;601;1
274;423;20
8;232;28
396;13;20
520;545;4
155;580;36
57;70;33
143;632;9
263;150;37
130;664;46
89;440;9
360;100;27
418;393;48
624;507;17
394;118;33
106;154;26
161;609;30
167;123;28
35;494;29
345;172;43
638;218;25
103;3;17
443;73;1
27;387;9
433;554;33
622;42;5
691;301;45
497;676;5
283;257;16
430;24;9
357;551;36
631;312;8
132;504;30
355;378;39
79;170;16
332;108;2
504;185;5
591;200;43
266;305;7
482;151;16
402;21;3
200;212;14
386;511;18
465;336;27
94;578;22
560;182;47
51;104;44
554;164;41
458;327;23
448;75;46
154;217;16
532;367;5
589;109;42
673;371;42
117;482;37
530;188;9
318;448;32
600;280;17
387;246;7
105;266;7
76;267;33
176;100;31
590;203;33
249;212;36
465;242;32
373;462;45
443;8;28
110;522;27
107;279;41
688;191;5
566;632;38
341;660;31
101;664;22
123;160;13
179;11;1
242;586;29
687;675;39
421;3;48
220;392;38
34;362;2
273;494;43
311;506;39
77;516;7
345;104;7
33;520;47
15;402;25
664;584;16
225;213;1
11;333;4
319;542;21
1;89;50
154;230;16
419;109;21
79;357;4
525;218;38
378;643;13
347;579;16
8;186;42
116;609;15
26;116;17
678;100;3
468;22;13
525;207;47
663;493;41
421;180;23
334;170;13
448;694;36
243;700;26
368;230;31
496;312;29
11;452;34
300;336;41
441;556;6
661;517;45
460;245;3
578;415;4
238;606;5
37;318;15
470;115;18
353;512;49
137;607;15
651;503;10
151;347;49
190;252;4
594;451;47
8;404;10
652;116;19
540;619;43
252;397;34
639;516;30
128;35;18
156;284;2
117;516;15
386;508;31
687;573;39
413;58;10
276;552;32
169;634;42
390;189;4
470;201;25
200;446;11
103;246;46
31;35;29
676;318;5
664;105;31
220;377;48
8;66;18
132;158;28
273;330;38
658;597;1
174;215;45
612;62;32
693;680;10
268;629;37
397;242;46
490;620;4
118;641;25
313;11;47
589;121;41
70;10;45
546;328;15
550;472;6
448;353;48
52;2;10
483;434;1
474;216;39
639;277;49
186;632;14
518;596;28
652;152;23
427;683;45
89;356;16
363;52;47
51;644;31
617;282;40
299;568;3
640;365;22
550;397;13
466;321;2
397;289;31
546;462;10
239;128;11
45;638;48
527;472;49
169;199;3
678;114;37
375;611;18
256;475;16
375;234;25
228;317;18
662;74;13
425;314;1
461;352;22
526;11;2
102;664;4
490;215;21
519;430;40
189;683;20
143;479;12
160;201;28
333;671;39
69;558;14
509;678;18
65;523;14
28;372;25
184;151;50
77;377;24
387;92;50
479;634;20
152;563;7
635;107;40
305;430;32
40;592;22
573;494;21
336;268;50
691;363;12
2;478;3
321;369;23
538;140;20
188;634;34
225;658;39
583;214;29
505;168;2
127;633;7
458;165;14
283;276;15
266;357;35
431;666;30
459;202;46
566;640;19
320;624;46
449;437;30
50;392;11
413;696;43
171;145;10
257;408;44
601;165;44
437;320;37
269;459;7
492;526;44
285;336;32
351;412;50
168;136;30
257;580;28
9;608;17
690;490;30
407;67;27
194;534;49
407;259;28
198;510;9
402;564;17
686;634;32
238;62;48
223;137;28
548;597;43
605;491;9
586;638;37
511;253;42
176;378;37
397;304;42
124;608;44
397;350;8
272;309;18
153;205;49
114;650;6
143;638;26
393;672;48
324;402;39
204;128;16
79;588;43
456;437;17
511;496;43
374;562;14
459;68;47
238;397;23
167;161;11
97;600;2
322;42;11
111;253;31
334;495;22
305;231;4
460;512;13
477;670;18
597;82;45
405;542;31
598;387;21
409;247;18
644;578;22
415;505;19
342;435;31
436;125;20
530;172;22
159;449;8
86;407;30
319;638;21
48;81;19
490;503;5
7;407;37
565;284;11
353;478;17
143;599;9
26;492;48
233;374;3
176;500;12
201;69;21

