1000
25206
6000
56;77
83;31
61;6
54;20
89;97
68;65
81;16
62;93
6;84
71;76
57;62
67;81
18;64
44;81
6;83
1;30
58;97
33;27
17;10
20;72
47;9
72;2
81;21
82;25
82;37
64;74
55;53
75;36
30;7
55;79
32;91
47;24
1;39
7;32
22;43
2;60
94;25
16;82
99;13
32;26
59;95
99;28
64;29
36;6
97;88
93;57
6;12
60;66
55;66
28;87
4;42
39;84
15;45
60;52
74;67
10;81
95;50
15;33
7;77
87;14
23;88
97;25
44;14
76;2
85;79
8;76
46;27
61;61
32;50
1;45
83;41
21;60
41;39
8;66
64;4
100;52
4;47
39;40
85;76
15;78
12;9
92;38
28;2
78;37
78;99
10;37
41;98
56;5
9;78
75;78
77;48
99;20
92;8
32;25
17;24
1;45
78;21
54;78
87;55
83;14
5;60
43;75
65;97
85;27
83;77
99;15
76;79
27;54
12;43
35;2
9;4
49;3
69;89
69;19
19;66
39;71
65;70
8;80
50;3
34;30
19;47
28;26
17;62
65;46
22;21
44;84
65;41
65;56
87;88
18;2
3;23
92;12
90;33
50;32
1;85
64;94
70;61
51;86
97;97
49;77
3;53
43;91
4;8
39;20
22;39
34;67
67;49
80;61
88;87
8;14
34;61
35;64
34;77
82;65
15;68
31;18
39;35
97;98
23;71
47;87
17;97
82;86
13;26
84;66
96;14
74;99
32;28
15;26
48;54
23;72
84;23
6;65
22;60
13;46
73;83
31;70
11;27
62;94
46;36
4;72
32;86
89;43
59;86
99;26
56;81
42;82
24;10
23;82
85;79
39;6
55;20
41;36
2;20
8;52
9;56
88;33
13;18
76;21
4;31
45;67
98;5
77;28
94;5
62;21
46;33
40;3
12;22
86;57
85;8
78;55
71;11
35;11
40;14
79;70
59;63
23;13
54;67
18;62
98;80
87;14
26;97
35;65
9;89
98;89
76;8
7;52
79;31
42;9
11;27
15;74
71;13
5;20
93;38
52;92
81;70
86;86
54;19
48;24
25;20
81;32
54;71
15;71
86;21
41;67
31;40
94;96
20;71
49;64
13;58
32;1
71;37
62;32
48;40
47;79
37;17
94;22
89;18
87;27
39;25
20;34
45;62
74;77
79;88
17;53
71;48
20;69
19;67
84;32
30;7
93;23
52;14
18;88
84;60
97;97
100;26
31;28
7;24
87;13
56;83
2;40
92;31
2;30
14;33
72;18
42;5
49;35
91;97
45;92
51;21
8;5
41;62
89;63
87;66
83;87
90;81
36;60
78;20
82;6
19;80
2;74
2;97
19;80
13;28
59;56
74;50
9;31
43;88
7;41
95;65
52;68
62;31
55;73
46;46
70;42
14;14
41;60
68;28
31;22
7;56
44;51
73;10
94;38
81;19
65;40
13;32
81;32
55;31
42;83
25;50
40;37
77;96
95;93
74;81
26;92
5;17
67;77
24;38
10;14
92;1
79;23
32;36
11;2
50;70
31;14
57;70
11;48
41;62
6;11
35;4
87;87
74;31
5;59
83;13
57;37
20;12
36;47
99;36
36;79
2;32
88;2
32;89
84;79
77;51
43;8
86;42
51;55
27;54
50;79
98;47
68;53
92;50
98;82
24;56
86;78
100;65
54;60
25;36
33;89
87;73
53;39
73;70
88;71
55;30
78;31
49;41
53;74
25;57
3;97
38;69
53;5
35;5
12;43
39;85
80;59
51;71
50;36
23;60
20;40
50;95
84;62
100;99
66;50
6;66
47;49
68;10
59;41
12;87
19;38
84;76
29;1
38;80
64;15
87;33
2;54
21;84
62;20
7;27
71;43
63;33
20;69
64;56
18;25
51;77
16;23
54;56
30;30
59;82
40;37
99;37
55;12
68;83
42;9
18;31
59;97
14;58
96;37
33;38
29;79
23;25
81;34
19;69
73;3
71;47
74;100
14;82
98;55
50;34
97;93
77;91
1;90
76;81
8;25
39;12
21;92
16;69
46;45
42;56
89;84
26;36
69;94
96;79
39;15
48;95
78;48
85;94
36;39
88;5
12;93
98;79
32;51
95;55
33;69
46;96
22;100
91;26
82;94
49;97
70;7
37;4
51;83
4;52
25;47
35;24
32;6
98;83
32;62
96;92
48;71
57;69
97;76
98;99
10;44
13;86
56;24
42;22
34;37
31;10
70;88
68;100
100;31
10;86
36;82
54;28
72;50
10;56
77;87
40;16
46;100
24;33
39;34
15;13
92;1
46;35
90;39
93;3
79;35
72;74
53;50
17;31
29;30
5;60
74;23
57;93
77;67
38;19
34;8
74;89
100;37
34;27
5;56
6;67
82;52
63;55
86;60
54;57
19;67
46;6
5;30
20;53
74;59
3;47
94;43
90;82
96;49
1;39
28;90
80;73
65;89
7;72
11;81
29;2
77;77
37;85
32;52
46;10
92;2
23;14
53;3
73;4
54;91
93;63
70;50
70;90
67;63
64;49
8;48
89;90
40;25
42;98
33;38
74;99
24;79
6;15
10;79
43;11
95;12
12;77
7;56
9;8
38;76
99;99
78;74
67;9
100;21
1;68
80;24
9;91
38;66
72;74
17;48
81;14
87;69
96;31
48;83
17;48
100;22
38;9
48;27
78;22
53;55
78;87
91;22
86;88
85;39
9;84
27;2
87;11
10;9
75;73
23;60
61;17
2;75
50;51
14;54
7;83
82;62
57;40
20;7
98;52
90;34
5;4
87;88
76;76
15;4
75;58
19;38
69;69
56;69
27;62
93;64
17;30
69;86
66;6
91;56
88;4
54;7
48;63
85;7
40;11
15;38
62;14
33;38
59;87
9;99
73;42
39;81
9;12
40;39
49;37
86;16
77;88
51;87
54;80
21;78
89;82
46;83
98;38
42;4
56;95
70;17
12;41
30;84
19;74
24;25
18;86
75;92
29;56
77;69
4;96
84;70
60;66
16;60
5;41
63;20
78;68
99;4
81;49
10;71
30;6
44;97
57;21
97;24
62;32
54;69
16;9
93;71
3;55
49;55
57;24
36;69
73;51
56;86
50;78
5;27
50;5
2;97
2;69
84;100
11;72
20;7
67;26
36;9
90;85
24;34
53;10
67;83
4;89
69;21
52;91
65;51
48;47
64;3
25;42
33;27
58;80
80;7
18;24
58;91
52;8
98;84
16;3
78;80
48;48
9;28
8;44
45;21
4;31
79;54
39;92
79;18
35;100
18;13
11;61
5;94
78;64
7;9
72;8
16;6
52;21
86;51
56;54
26;13
61;35
59;2
6;88
10;68
99;23
77;46
43;21
31;89
47;8
35;41
88;64
61;58
25;16
94;94
69;24
95;28
47;66
31;44
83;78
34;6
10;75
79;1
67;91
40;37
36;90
97;85
24;4
78;63
63;65
29;17
44;31
28;94
67;7
53;46
55;81
32;32
35;2
54;46
29;71
42;6
93;16
66;35
60;11
77;86
48;36
77;25
15;30
65;51
29;52
55;98
96;1
79;77
71;53
15;73
83;86
23;80
37;48
14;33
56;77
33;91
91;97
40;84
36;85
75;50
56;15
46;70
99;86
39;54
37;60
82;82
11;95
39;46
36;64
57;26
35;87
27;97
82;3
47;92
93;37
100;36
97;45
89;60
57;93
21;75
18;52
54;73
27;94
44;44
3;53
51;38
91;96
77;65
81;20
74;40
56;65
63;53
7;67
6;15
16;2
32;75
53;75
100;75
93;88
4;12
70;31
11;81
35;17
2;91
61;22
17;16
64;46
41;12
79;71
71;60
46;44
64;79
7;2
12;82
59;61
70;60
76;34
14;35
47;73
62;34
30;39
35;32
80;27
8;58
44;78
21;61
65;27
1;87
99;36
54;68
76;23
98;5
97;94
80;56
27;64
58;43
87;9
58;88
10;24
75;26
31;59
84;20
43;20
48;6
62;15
22;28
67;100
85;46
30;31
89;25
4;11
80;22
73;93
52;77
5;38
82;18
35;84
63;31
98;30
24;57
87;50
79;74
46;56
46;88
15;25
24;45
40;97
22;94
63;99
45;58
4;100
17;96
97;52
24;96
84;1
1;96
43;68
27;74
16;90
97;43
63;64
7;48
40;99
16;48
41;51
31;78
61;79
81;16
1;75
5;10
16;50
72;94
90;47
96;37
33;46
99;62
43;19
92;66
16;64
49;44
1;81
60;75
39;34
41;71
70;96
39;61
29;20
99;80
83;89
46;45
48;69
46;78
94;48
79;15
40;69
68;45
72;65
66;5
62;57
82;17
88;84
10;54
97;28
72;14
34;3
31;92
15;42
60;99
49;13
14;91
16;84
84;56
40;31
98;10
22;25
39;22
76;32
13;23
3;25
47;47
84;14
37;41
17;58
89;80
15;91
3;55
93;20
26;49
77;50
59;31
98;42
27;77
70;86
41;94
890;395;50
560;409;34
245;564;12
228;607;42
641;98;46
74;829;10
816;679;27
416;816;23
132;726;13
414;377;15
282;834;26
839;959;39
224;658;29
741;662;28
276;361;30
139;307;26
869;653;7
603;536;3
12;147;3
507;766;5
533;267;6
226;564;23
462;957;23
331;463;47
813;227;47
168;867;50
296;585;8
930;861;29
307;857;6
849;35;7
772;226;19
218;743;23
790;607;17
481;373;33
320;638;15
48;873;10
675;885;27
985;914;21
17;720;40
712;464;19
828;83;12
860;799;2
750;784;18
379;14;4
388;783;31
878;488;26
473;816;41
272;144;12
758;959;28
985;833;3
311;397;24
301;101;6
604;741;39
452;464;25
128;616;43
409;936;24
596;386;3
794;823;50
298;175;39
583;206;11
205;552;13
131;821;26
55;35;49
896;628;48
16;168;21
650;301;46
383;391;49
262;327;16
210;565;37
340;551;24
536;44;34
377;190;16
150;195;18
49;27;29
553;957;36
456;348;5
863;847;44
890;853;17
989;634;42
718;391;21
732;85;13
765;51;12
285;365;41
350;549;27
61;80;12
1000;866;6
894;867;8
973;958;18
26;114;46
145;158;18
433;217;28
19;653;43
340;921;44
312;185;4
881;541;13
709;863;21
452;497;27
33;252;34
694;948;29
962;541;29
168;932;22
192;537;36
288;910;32
927;766;7
60;171;49
898;209;42
255;868;28
578;134;45
509;71;48
917;666;10
199;938;45
272;930;44
289;521;44
141;977;8
609;534;50
731;221;7
76;490;12
963;78;12
907;180;38
348;156;2
620;312;3
955;494;13
689;420;34
513;60;21
340;22;7
873;394;6
517;618;30
435;310;30
982;95;32
593;789;9
241;945;31
199;944;9
242;887;35
40;683;17
30;12;32
775;412;33
76;14;12
283;693;15
636;625;20
20;327;13
434;514;31
732;930;48
769;963;8
682;279;32
891;215;46
299;664;17
878;84;35
544;142;4
348;334;17
104;345;30
852;309;6
939;246;15
509;488;11
443;289;10
302;899;12
302;258;5
953;813;34
412;116;14
640;135;33
536;659;30
907;462;9
733;949;47
20;112;45
42;564;4
316;547;40
105;825;42
133;208;16
956;693;8
305;33;19
32;811;33
260;321;15
547;747;8
50;532;1
842;105;38
367;691;6
497;393;14
198;925;37
157;644;8
98;700;41
344;543;7
98;400;48
347;133;13
93;131;29
125;407;8
65;989;29
212;4;49
876;771;21
69;665;23
614;977;1
413;819;8
541;64;45
303;772;43
22;553;15
914;648;29
732;727;15
167;324;32
81;683;36
686;463;5
185;239;7
665;147;1
263;976;9
565;190;46
883;535;18
970;135;13
40;417;6
412;155;46
574;332;30
431;971;35
172;261;50
749;841;17
823;738;5
312;754;17
914;485;11
553;496;17
97;763;49
501;893;28
997;420;48
955;155;36
559;703;25
772;445;36
241;31;14
22;667;33
633;72;18
860;388;22
579;541;21
84;297;26
163;930;49
441;349;47
967;162;32
972;730;14
776;445;41
116;75;21
251;606;26
374;699;20
453;552;35
486;655;20
361;622;32
564;69;14
274;683;22
658;875;26
43;892;44
712;610;30
875;704;50
92;299;8
944;47;21
421;310;49
540;903;16
841;931;37
75;273;7
828;865;20
715;507;14
141;139;12
508;689;33
446;793;46
223;237;32
3;430;36
502;181;47
159;453;1
62;964;1
973;538;36
608;903;34
158;749;25
692;630;32
424;690;33
632;544;11
263;310;24
486;95;29
611;430;32
561;757;3
337;842;1
958;981;28
444;108;39
126;253;33
194;68;6
721;988;42
535;311;49
903;300;5
92;825;48
971;652;22
989;213;4
450;39;32
284;187;13
244;284;9
356;118;29
411;917;34
334;824;16
940;938;14
705;744;42
836;414;22
967;376;4
49;289;28
334;560;21
689;99;35
960;804;1
305;190;25
538;658;42
138;122;49
75;667;32
386;721;7
764;529;29
316;828;17
365;862;44
102;972;31
307;898;31
986;301;43
79;307;35
61;714;7
654;890;15
117;15;1
281;935;11
746;774;20
939;735;4
603;75;43
997;917;45
398;533;7
398;820;31
724;365;21
444;565;19
315;354;24
48;773;8
856;868;36
184;30;38
184;206;43
546;578;12
861;635;8
679;124;15
780;73;35
68;313;24
430;335;23
128;629;18
198;673;15
526;275;29
45;293;34
36;238;42
679;845;29
682;176;45
273;128;37
827;379;47
914;269;25
533;735;50
204;652;47
112;676;50
60;672;7
41;277;46
828;465;45
828;11;3
413;187;35
87;798;12
561;719;8
235;210;12
185;907;2
590;913;21
838;723;48
438;531;7
112;406;46
995;821;29
850;644;25
766;712;38
760;299;6
108;361;30
918;516;22
184;873;49
892;859;13
245;361;29
394;662;38
210;580;6
405;20;10
702;396;38
313;265;45
978;392;14
318;777;7
151;722;26
393;671;35
670;866;41
422;352;35
137;123;21
879;469;16
580;609;11
654;721;21
691;26;10
72;374;45
552;309;6
785;759;43
278;864;17
475;758;1
645;682;50
507;742;43
821;868;40
226;648;6
593;332;20
122;32;22
188;744;28
552;861;25
80;171;27
849;588;10
188;694;9
789;970;17
868;87;40
699;852;34
137;913;23
789;261;39
87;261;42
876;3;20
57;344;4
295;108;29
711;807;24
163;313;41
185;125;11
203;842;39
571;10;45
499;708;7
53;196;22
715;910;8
431;794;47
312;747;18
20;118;30
778;594;14
976;537;7
510;921;32
421;444;41
962;637;34
669;116;23
430;251;45
338;456;24
624;213;15
301;671;40
761;311;21
64;879;28
219;974;14
862;664;28
438;739;29
393;299;2
50;591;41
48;871;2
104;326;45
766;965;37
252;687;41
149;110;36
632;262;47
996;711;37
689;460;36
460;964;39
393;758;30
274;615;32
366;12;27
98;163;4
642;427;27
164;463;44
167;818;27
61;762;48
462;547;1
175;153;15
878;182;4
110;157;6
934;402;32
337;631;16
720;705;23
793;153;45
488;241;44
365;896;47
735;804;26
355;581;11
729;244;21
888;630;50
515;85;33
415;650;21
206;263;21
196;12;19
842;197;25
542;179;17
240;173;35
622;125;45
247;392;46
594;329;23
116;486;48
685;168;4
127;770;41
991;150;22
402;307;16
994;255;23
735;251;15
350;146;12
509;721;34
647;661;46
937;79;36
910;74;19
929;287;50
494;303;38
110;469;26
497;44;16
283;325;8
966;820;29
823;466;1
71;472;21
225;978;36
916;886;4
124;89;10
122;794;37
770;113;28
284;210;49
502;641;26
750;531;47
80;448;48
515;483;45
664;570;33
859;333;44
441;853;38
787;218;6
136;902;42
18;478;36
260;31;1
66;298;36
764;265;23
129;668;45
689;518;6
896;479;32
553;909;10
660;327;36
809;871;15
491;902;9
973;36;39
649;61;35
724;631;28
496;759;25
493;146;26
63;800;46
937;43;35
592;87;7
873;151;30
563;370;38
600;280;8
893;282;19
67;879;27
296;465;23
803;492;2
216;837;47
224;390;16
89;854;35
546;137;33
832;521;20
502;827;27
949;399;28
565;859;9
265;676;11
316;71;46
744;837;49
412;214;34
783;529;25
848;890;38
273;41;9
971;47;16
517;295;3
306;923;41
908;256;34
504;260;50
367;518;25
6;834;49
806;14;50
478;681;33
152;949;32
631;149;35
519;255;48
580;649;33
593;401;14
183;763;50
264;465;22
366;686;30
927;871;37
380;839;22
698;302;16
116;574;27
256;675;7
293;125;13
839;326;13
89;451;5
474;417;47
107;714;1
72;762;36
836;726;24
567;911;19
411;252;49
707;331;6
586;713;31
721;517;27
375;550;33
560;281;32
92;551;44
574;365;48
501;989;6
56;248;40
676;793;29
713;404;43
113;516;50
114;653;46
266;815;36
381;458;10
820;985;8
427;712;17
36;56;2
862;550;36
655;978;2
48;986;25
716;319;41
982;794;7
825;560;42
377;646;18
995;891;3
729;237;35
523;902;33
149;77;27
875;514;24
501;335;11
413;934;45
342;793;17
154;586;16
394;582;32
315;176;12
128;523;28
242;117;33
162;711;14
424;520;25
34;345;27
261;959;32
597;864;19
531;227;6
960;560;48
750;615;4
988;674;12
663;309;23
20;80;16
914;63;40
584;748;34
477;523;23
560;446;48
972;968;17
591;154;24
125;608;7
633;635;29
744;366;19
858;932;2
586;22;17
611;666;27
567;53;26
829;746;5
628;819;41
44;439;48
417;966;44
316;77;10
335;862;24
287;52;37
576;337;20
695;64;41
633;405;42
367;301;34
768;615;9
74;941;6
585;684;45
621;348;6
68;140;4
468;844;47
420;516;16
751;623;2
419;839;1
657;782;38
130;261;24
102;614;25
858;646;18
694;880;16
342;130;23
563;737;43
331;386;20
561;202;7
859;56;34
966;887;39
314;643;4
667;622;41
994;66;21
612;906;37
376;361;11
11;381;36
304;108;32
915;782;37
816;215;15
912;894;11
533;201;42
68;233;1
903;317;10
899;95;2
904;956;44
573;700;37
880;770;32
910;757;9
479;840;43
753;521;14
292;667;32
405;976;31
635;925;6
814;469;7
960;580;29
656;239;15
680;376;4
474;461;31
297;705;5
258;899;14
546;965;13
602;118;37
130;560;32
642;639;33
196;900;22
127;349;46
462;998;42
35;916;10
835;981;37
894;454;45
392;292;42
170;946;38
480;321;3
268;680;33
654;117;19
28;555;15
515;519;27
60;965;41
174;750;20
553;9;28
307;903;43
413;48;10
561;441;39
625;535;20
803;711;26
628;944;25
20;63;8
465;932;49
575;552;42
746;178;7
237;440;1
674;579;14
540;452;35
866;396;2
930;601;21
527;184;3
438;982;30
811;556;35
444;195;23
825;877;20
731;982;28
470;831;16
290;139;6
233;298;43
94;840;20
523;270;47
538;955;37
193;275;43
951;744;36
981;803;26
818;187;15
367;987;25
142;60;14
504;258;21
669;244;48
351;581;36
814;678;27
403;843;26
344;154;15
764;691;41
990;61;7
560;301;6
140;948;1
668;831;24
4;311;41
828;149;5
597;786;25
461;646;45
876;125;27
732;972;8
665;627;16
112;892;7
821;578;49
893;359;18
36;801;40
144;210;20
370;194;40
454;720;19
207;514;1
830;892;29
566;956;4
86;418;20
969;6;2
685;199;28
10;427;24
597;138;10
461;615;10
581;319;19
729;79;18
521;954;26
842;753;29
630;223;19
827;195;29
231;360;25
593;367;4
84;793;34
614;26;28
274;180;44
161;286;43
929;500;40
601;628;25
892;767;45
550;145;20
307;813;26
51;647;29
320;392;31
272;57;11
748;837;29
937;699;25
433;656;20
32;520;11
224;882;5
774;118;28
841;326;18
29;394;22
494;882;13
859;329;13
313;837;50
956;352;7
102;714;50
407;989;4
145;417;7
989;9;19
507;412;47
632;326;48
203;593;18
97;158;42
974;454;39
223;211;29
114;295;9
905;161;16
679;639;26
578;326;4
818;68;3
146;386;1
216;188;39
363;470;10
707;183;25
300;687;45
288;624;16
999;607;8
958;964;45
402;776;5
225;770;44
970;443;41
612;890;34
875;75;9
47;784;24
263;416;27
615;957;7
406;113;4
278;936;34
476;277;7
830;99;41
948;685;39
294;863;16
370;778;22
649;411;48
839;189;40
190;194;13
994;164;40
702;928;8
425;784;34
338;258;41
835;385;4
879;92;49
175;107;14
546;757;39
417;350;37
362;904;48
739;376;28
657;142;11
1000;43;3
139;8;12
104;829;2
207;670;3
375;391;44
457;971;46
519;726;33
564;692;49
872;270;34
291;512;49
792;495;1
889;463;23
652;43;26
749;173;25
797;977;16
76;868;13
364;908;26
373;507;10
872;760;32
520;106;7
203;209;24
939;716;7
269;718;34
679;466;10
552;489;13
825;101;21
985;534;22
454;36;3
575;473;13
865;606;11
88;448;33
187;668;13
160;361;44
156;22;18
606;324;30
109;755;26
328;182;24
941;341;21
94;806;23
656;138;4
507;78;40
962;170;13
414;390;22
331;273;38
700;467;11
539;643;28
139;530;40
169;790;38
428;807;19
137;195;50
400;754;42
321;560;7
510;871;23
757;367;19
336;175;48
522;970;16
868;200;41
628;385;8
269;336;19
350;925;24
915;580;47
979;870;15
361;945;29
866;742;48
322;799;19
532;500;38
482;145;23
15;294;50
441;643;50
732;227;41
682;296;24
256;735;37
996;163;23
847;581;49
515;866;12
409;236;19
263;888;9
834;425;27
825;308;38
216;689;12
980;918;15
963;153;37
226;393;42
395;850;17
248;402;40
728;228;36
752;984;14
47;727;3
773;75;16
603;639;28
199;901;21
688;996;45
488;762;34
822;908;46
609;137;13
913;519;46
195;656;4
39;573;21
77;193;4
529;609;48
910;330;37
874;611;39
304;383;2
856;207;13
535;876;27
358;527;15
708;983;31
5;370;49
521;407;24
839;138;2
717;906;7
326;363;31
537;335;49
535;633;26
554;632;15
484;426;33
476;334;21
952;49;7
440;244;24
393;965;8
117;295;8
906;904;2
134;917;47
499;945;8
260;188;49
340;588;17
725;571;25
791;136;36
410;150;27
742;782;44
919;618;37
219;745;44
371;943;41
509;871;23
251;829;22
375;674;6
580;27;31
612;241;34
533;337;42
718;955;17
878;340;43
602;776;11
127;269;43
359;950;7
112;773;31
5;866;44
295;862;4
166;678;25
289;544;12
748;272;18
852;927;5
360;455;9
469;202;43
994;608;31
710;500;40
198;850;42
331;866;19
366;781;7
585;663;23
962;3;21
568;49;26
774;604;1
822;691;36
229;186;48
555;804;37
875;781;38
598;30;46
106;298;48
389;622;34
520;92;10
964;932;4
275;777;45
739;225;8
156;298;25
158;822;47
705;229;4
386;283;7
631;876;45
88;816;36
395;671;29
239;749;5
496;455;4
222;585;44
148;175;19
682;608;40
892;77;17
851;125;31
935;596;20
885;497;19
427;368;37
338;622;27
375;486;44
598;892;18
44;849;33
657;634;10
487;930;46
949;94;23
904;669;34
677;453;23
314;65;48
275;378;47
868;252;11
990;46;14
363;661;5
354;310;11
655;653;41
240;727;5
845;257;28
882;902;3
443;131;49
395;966;32
957;997;32
334;534;5
832;933;43
337;424;18
908;755;21
786;78;35
572;798;12
913;308;17
921;473;3
199;855;25
174;674;42
420;5;35
755;235;16
359;931;30
682;768;43
900;41;36
926;100;28
863;104;1
38;193;40
763;367;5
67;537;36
829;253;9
562;372;33
472;565;20
123;651;20
750;342;5
839;541;39
657;767;15
245;103;28
259;435;38
54;161;22
517;642;17
458;611;31
937;838;48
680;191;16
9;248;23
171;111;1
915;841;29
813;262;10
941;182;19
617;174;16
870;206;47
821;414;23
75;40;24
394;1000;15
135;336;26
444;629;3
939;830;4
893;637;25
291;888;4
315;55;12
765;647;19
499;864;39
732;291;40
993;106;38
604;852;5
877;918;17
157;654;35
64;757;32
188;495;11
830;42;6
626;492;46
363;523;10
392;490;10
6;102;7
686;240;34
68;937;14
668;652;46
902;112;32
432;644;13
908;232;8
353;525;46
962;334;20
372;922;19
35;432;23
762;770;23
744;536;24
803;489;4
95;411;50
802;796;33
808;537;49
791;744;38
34;419;8
559;402;27
612;601;33
886;62;37
891;696;31
24;879;33
215;930;3
81;411;3
14;617;21
550;382;17
107;758;24
218;159;4
62;69;10
82;368;23
491;481;37
447;441;43
160;965;7
172;520;46
912;376;47
78;51;13
188;945;18
547;246;41
392;814;33
334;201;14
316;893;11
749;536;5
169;455;50
862;313;31
102;960;24
45;934;18
155;907;45
69;300;42
926;520;5
940;764;15
603;848;9
527;820;23
4;683;25
446;705;5
901;853;41
376;519;1
461;237;45
571;54;35
194;455;16
623;608;3
949;99;36
494;738;13
479;386;46
273;364;50
576;945;27
501;594;13
639;645;50
904;354;44
26;734;18
118;581;2
943;874;8
215;829;36
916;305;43
658;725;1
128;385;45
396;909;48
470;862;11
456;794;50
858;224;27
490;586;14
293;354;44
129;192;17
756;466;7
521;16;27
201;472;10
428;488;34
889;761;14
92;198;33
657;550;44
702;443;29
597;649;30
374;985;41
289;937;17
368;531;3
861;947;3
112;991;41
361;17;45
676;3;17
581;498;8
826;590;5
185;801;43
294;687;4
844;269;20
13;51;43
831;70;25
371;958;3
226;530;17
490;399;48
475;674;44
864;811;18
178;52;28
947;117;8
169;198;19
242;426;42
35;121;15
19;534;9
214;137;18
661;895;46
865;443;41
674;46;31
54;48;36
988;634;46
825;760;18
378;608;3
889;810;12
44;911;12
698;368;1
272;404;4
477;664;5
565;529;45
175;995;48
913;650;31
662;423;10
511;134;26
898;188;8
483;127;24
449;155;23
125;206;44
339;303;34
628;909;17
184;464;4
464;636;32
158;330;2
994;32;49
520;911;4
962;247;44
420;547;9
214;163;19
926;635;33
149;994;44
248;142;31
70;993;8
192;446;22
185;719;32
178;89;40
536;424;40
191;140;26
303;169;15
601;878;35
941;216;38
713;754;42
964;880;15
737;724;40
289;723;6
692;172;17
269;80;40
597;275;34
852;357;23
919;809;12
739;994;6
15;186;16
957;458;50
642;460;29
252;731;23
779;167;29
412;472;15
981;17;21
830;458;50
770;35;30
288;610;5
541;698;42
977;661;1
666;111;39
700;44;30
211;372;47
984;189;39
532;55;44
435;782;48
855;961;2
227;455;31
414;89;8
811;263;19
873;148;27
44;339;25
303;362;12
716;11;4
600;636;32
540;759;4
729;973;42
126;784;26
3;6;17
434;813;49
729;377;24
425;43;48
316;666;9
328;595;20
715;383;4
676;369;36
404;385;32
730;809;7
546;197;3
645;55;5
649;34;6
27;404;10
532;698;22
400;443;9
939;143;8
390;800;27
954;597;50
175;116;24
614;351;35
790;636;16
141;973;33
54;917;17
154;585;26
314;87;5
668;695;8
913;192;20
405;683;30
625;472;15
123;72;23
99;606;24
882;397;3
958;100;40
991;415;41
372;227;21
82;582;11
952;744;2
916;445;10
392;238;14
601;107;37
49;781;34
168;501;26
615;63;31
627;270;47
817;947;18
209;834;18
998;506;48
252;450;21
198;269;43
89;10;34
89;944;17
175;856;35
275;812;41
3;709;26
402;373;21
974;622;2
930;480;31
790;513;10
185;741;10
624;516;44
687;784;15
126;917;50
617;497;45
384;683;9
314;722;39
947;184;49
571;86;18
770;428;37
417;254;26
210;678;6
155;148;10
407;849;41
632;844;50
247;591;15
693;621;35
729;540;50
686;342;13
933;172;6
626;996;39
363;785;6
629;384;15
61;575;21
716;181;41
295;353;24
902;147;47
315;37;28
282;373;21
290;718;25
479;872;41
31;491;50
986;407;34
533;165;10
146;266;7
871;75;50
18;757;33
753;931;21
379;436;25
913;200;33
906;32;36
421;104;45
781;121;28
655;398;5
616;632;48
244;2;31
402;754;7
37;567;19
1000;133;36
23;358;19
286;193;4
844;916;24
480;926;6
562;537;10
303;412;19
922;177;19
845;304;45
546;487;32
699;293;49
569;131;36
708;319;39
955;261;22
46;294;24
419;409;18
311;552;42
623;928;50
454;809;30
88;412;18
699;672;11
498;586;43
357;501;49
95;380;42
92;918;36
586;725;18
57;80;10
629;68;42
475;639;11
893;962;46
100;50;31
54;707;10
544;426;6
133;352;43
787;189;20
91;676;16
878;709;2
184;166;43
619;533;35
511;596;4
899;716;21
278;6;28
561;841;43
978;295;30
427;984;33
930;548;6
456;423;24
901;182;19
114;795;31
967;835;34
543;924;46
456;980;13
589;611;15
827;674;18
295;334;50
149;907;2
378;897;37
723;846;42
275;697;6
644;716;29
728;582;13
683;897;3
329;667;31
59;580;41
129;370;14
399;615;36
909;620;3
865;354;41
851;370;16
867;601;45
973;389;25
838;533;43
766;301;25
563;946;14
608;780;3
210;187;14
904;538;19
465;278;15
464;89;8
399;60;48
67;520;17
369;306;28
127;936;46
237;975;3
927;266;12
338;543;9
639;556;32
674;35;35
700;782;16
476;400;44
865;493;43
842;870;35
831;626;7
40;178;8
408;806;16
250;538;50
933;596;23
993;466;21
158;53;47
716;884;5
38;427;2
965;354;5
653;239;44
359;663;6
152;246;36
903;149;42
753;519;5
254;525;49
316;351;15
20;873;33
16;612;41
498;695;34
846;788;2
969;644;11
813;444;9
86;2;1
917;596;5
718;295;50
225;665;4
582;75;17
41;338;29
233;295;46
240;575;19
164;4;6
76;216;21
881;114;5
860;15;13
367;892;26
153;538;36
301;413;12
227;67;28
33;349;7
97;429;35
409;828;3
676;646;24
469;807;46
445;122;47
597;259;13
288;639;7
795;19;21
453;532;35
58;217;26
196;954;43
97;714;35
238;107;21
361;668;34
323;484;42
735;188;2
305;268;1
210;350;50
33;9;6
581;549;37
856;807;37
366;823;14
27;244;43
716;51;41
619;235;47
578;892;33
786;442;42
119;27;28
265;25;1
577;148;8
207;387;13
333;458;47
570;691;30
740;740;12
161;718;38
365;864;2
248;375;6
273;80;44
930;304;38
613;286;23
893;925;36
997;281;23
712;249;25
912;513;44
519;417;14
671;805;6
719;51;38
147;728;43
616;591;32
515;89;47
45;328;12
708;647;16
995;378;44
568;196;29
246;839;7
143;671;22
856;56;30
791;885;46
703;683;34
237;165;1
928;637;42
560;580;37
174;393;49
938;39;29
683;689;11
906;269;16
886;747;31
58;998;18
38;632;41
399;664;38
642;557;23
192;981;5
602;101;10
442;565;26
184;588;1
524;352;14
231;562;49
638;389;6
885;822;21
360;881;35
479;880;44
597;964;23
863;11;45
70;637;12
62;343;20
217;426;50
166;974;48
721;235;31
879;482;44
35;1000;37
548;839;31
413;757;7
58;226;42
406;631;50
357;872;37
469;304;4
217;4;41
270;740;23
513;330;31
576;261;34
858;848;1
755;943;14
596;107;1
848;171;33
206;744;5
396;491;41
55;351;36
392;964;5
487;178;50
802;495;13
799;945;2
512;708;22
728;411;20
915;114;30
300;116;37
696;585;25
710;530;6
911;781;44
13;394;30
949;981;13
668;765;10
386;314;5
320;232;22
236;431;22
748;83;2
375;394;6
358;821;12
130;608;46
809;7;5
262;484;24
324;893;10
300;298;21
841;220;12
209;193;14
724;814;29
145;51;28
527;602;22
592;172;20
682;622;48
609;256;10
414;317;9
776;535;33
787;391;27
289;741;5
353;501;5
202;256;14
888;753;13
957;9;27
975;831;7
157;569;10
681;954;8
689;55;36
604;518;1
218;286;29
702;788;13
5;824;49
577;918;28
232;978;6
79;595;3
268;220;21
718;158;1
171;178;37
803;594;2
369;712;41
766;281;50
878;986;5
279;961;43
70;274;42
88;144;26
234;150;13
621;198;5
266;640;10
461;39;10
666;153;39
420;397;47
549;343;11
916;393;14
533;73;30
295;701;39
97;160;34
556;58;49
471;682;6
806;488;16
32;734;30
361;640;29
365;201;28
81;494;35
789;363;35
958;534;30
235;537;11
99;295;21
145;288;40
867;46;31
932;362;1
796;196;11
692;531;46
206;649;18
701;271;2
168;657;17
317;604;23
580;654;50
726;21;19
403;569;20
855;345;47
443;539;18
182;688;16
807;390;44
961;472;10
935;868;5
834;234;46
4;204;3
561;427;30
9;838;28
50;933;31
134;745;33
421;350;45
944;848;25
32;303;20
918;818;38
415;588;25
927;262;49
902;708;27
591;317;40
452;408;43
518;331;18
411;615;1
961;39;45
856;856;12
596;617;15
106;402;10
355;594;22
672;540;30
201;87;6
815;36;34
34;909;15
637;702;42
505;375;33
591;722;7
790;304;1
121;418;34
213;601;18
618;558;2
508;10;29
905;205;49
659;489;21
488;444;43
159;408;18
510;514;22
285;161;14
182;859;48
680;733;22
816;423;10
615;100;13
4;224;3
750;377;37
208;560;38
209;543;47
684;789;45
703;511;42
162;250;3
597;613;42
625;896;22
277;231;12
645;920;25
218;735;40
794;240;45
28;621;37
799;235;24
62;461;37
712;58;35
687;261;9
193;898;41
593;949;30
340;922;26
579;819;10
859;106;23
478;741;44
431;132;48
964;987;44
909;575;28
388;400;4
908;753;26
709;225;5
787;689;2
819;298;43
505;927;6
812;702;10
299;771;49
170;329;4
997;897;25
338;905;4
797;205;20
28;273;48
766;726;38
784;637;45
126;130;46
483;395;43
802;460;5
822;709;30
826;796;46
124;690;15
768;620;6
6;761;41
221;476;37
377;890;44
858;441;8
221;387;44
741;990;14
93;280;18
209;650;24
762;443;22
31;905;26
338;287;43
230;414;44
719;716;19
860;453;16
302;69;17
809;87;16
941;753;14
143;670;31
108;946;20
992;535;22
790;71;33
77;574;33
446;41;13
373;854;35
754;992;18
712;359;4
175;6;50
20;373;19
555;601;4
953;374;28
535;562;25
904;900;47
701;833;36
961;739;39
336;343;28
809;968;11
478;927;4
195;462;10
61;484;40
764;656;7
348;287;41
473;828;42
849;157;38
95;734;35
164;425;6
592;383;30
845;817;7
704;178;32
886;405;19
897;949;46
226;216;28
466;18;8
638;463;32
591;847;2
351;305;35
595;797;10
759;619;7
231;347;23
556;647;14
985;29;48
592;892;18
908;786;45
525;558;23
882;89;31
441;997;34
745;109;38
565;994;15
625;738;20
152;300;38
561;446;1
315;963;22
710;513;12
541;676;25
798;75;30
348;452;23
301;235;40
610;644;37
915;410;46
139;838;10
674;312;24
550;68;48
754;318;28
910;278;31
175;732;38
350;166;22
921;428;2
450;480;44
217;867;21
279;985;3
629;386;33
685;44;4
586;942;48
140;626;44
215;540;4
116;686;42
232;693;13
984;540;4
890;595;45
625;220;32
571;560;22
608;471;13
766;82;8
851;8;13
92;838;36
864;428;40
718;463;41
729;645;15
1;513;35
135;975;44
13;572;12
764;341;9
965;75;29
896;94;34
511;145;48
225;545;43
277;250;1
254;823;10
795;840;36
840;577;6
558;164;38
36;718;13
854;547;7
380;315;38
675;303;41
752;372;35
563;5;47
695;224;31
995;232;17
132;77;34
6;874;2
362;810;8
808;861;9
968;544;37
463;812;20
70;433;33
618;305;14
957;57;19
139;21;31
122;28;4
491;60;45
793;188;5
654;259;26
721;677;19
500;365;21
892;392;48
581;748;17
407;780;30
228;245;16
508;196;30
15;959;12
264;286;44
858;89;38
130;919;13
787;12;3
893;222;22
200;867;43
153;119;25
908;312;40
236;464;10
568;855;44
391;267;33
105;528;1
843;806;41
996;365;25
371;757;39
633;504;20
906;764;23
317;127;29
818;767;2
611;128;9
778;310;28
486;441;47
375;327;40
251;563;39
949;17;42
554;672;46
222;78;18
136;748;46
275;486;14
952;209;1
292;187;27
674;423;44
630;41;31
431;399;44
205;749;19
120;584;34
275;585;3
533;424;46
466;990;28
727;467;1
6;43;30
170;309;32
110;892;32
55;944;35
249;743;1
746;884;21
70;593;25
351;466;1
329;243;6
56;732;42
122;810;5
40;684;18
973;6;39
383;685;7
875;949;7
279;192;27
388;372;15
731;713;33
201;324;19
195;428;21
10;384;18
124;571;12
440;727;36
783;370;12
718;608;16
371;234;6
537;783;30
281;731;8
659;57;1
117;82;32
24;117;41
272;465;29
58;851;13
605;247;26
126;770;13
612;31;43
480;423;5
23;967;8
843;776;6
462;110;12
553;244;12
232;323;33
745;662;14
416;606;30
697;713;18
954;50;40
17;825;44
175;237;20
538;300;30
523;939;5
123;854;43
652;792;34
135;417;12
61;45;17
143;677;35
778;509;49
901;173;50
273;277;18
817;991;4
746;290;3
65;738;17
357;835;28
494;897;39
66;901;49
626;381;10
806;81;22
233;554;8
523;344;47
355;11;33
111;201;2
873;71;41
169;775;37
109;306;34
368;130;3
298;734;26
21;801;50
880;138;3
386;294;48
477;767;33
686;56;32
780;548;42
151;635;3
935;511;40
526;829;40
960;898;40
895;381;15
530;23;3
609;892;38
533;110;26
853;933;17
523;179;1
823;385;8
672;807;36
585;184;18
152;285;23
2;77;9
99;157;38
520;862;11
676;792;19
994;216;2
952;998;25
958;702;24
538;968;5
749;651;3
673;392;50
524;570;20
394;783;34
213;225;37
902;590;24
901;772;48
396;708;10
601;195;44
292;287;27
226;605;30
600;668;47
189;102;10
223;410;22
398;654;38
231;299;7
453;635;39
940;982;18
924;917;44
913;805;9
196;330;46
325;829;4
101;214;43
603;661;16
83;995;49
490;728;23
487;139;27
219;991;23
348;281;10
176;956;2
88;242;17
378;777;28
238;76;11
770;836;18
392;354;23
646;93;14
987;659;29
641;520;1
173;504;40
610;11;11
228;195;29
88;643;39
640;373;13
204;241;16
525;720;45
32;795;46
165;548;17
281;5;28
676;590;10
957;792;7
497;627;16
800;65;12
589;531;23
500;719;3
589;240;12
754;86;28
642;988;14
458;616;44
295;468;9
826;364;38
925;26;15
242;154;15
536;449;37
37;174;49
183;184;6
218;329;28
128;900;16
672;244;32
978;842;46
842;637;12
335;487;47
450;856;20
546;861;25
939;323;8
981;918;49
973;658;11
130;334;41
416;929;9
506;187;36
293;655;5
762;201;20
196;610;44
488;696;8
412;957;25
599;880;2
688;441;1
124;217;33
593;474;45
274;404;46
911;722;30
429;140;23
277;332;22
417;669;1
616;972;32
411;591;50
664;42;11
20;513;12
111;66;27
113;100;30
493;415;24
32;163;43
528;609;37
78;147;16
504;167;35
167;571;6
825;323;15
822;108;49
512;435;9
840;813;16
923;505;7
911;8;29
630;23;36
242;832;5
909;783;46
14;155;12
265;3;13
940;444;46
822;369;46
447;256;49
813;223;14
712;215;13
861;627;34
164;641;32
447;944;46
621;166;18
927;349;40
125;840;14
295;665;46
810;188;5
587;997;27
38;592;29
297;331;42
256;1;25
701;687;25
688;50;21
480;597;6
320;418;42
222;735;2
478;781;26
841;647;30
428;831;43
965;751;36
896;13;34
841;520;43
385;462;1
589;291;46
341;62;5
539;968;42
921;251;43
298;720;31
714;406;3
63;985;16
320;861;35
376;764;40
822;367;36
19;457;34
938;386;39
546;769;9
525;845;17
84;701;34
740;770;9
336;684;13
757;385;39
918;739;34
527;671;40
15;349;17
233;214;24
854;203;36
810;515;38
756;307;48
456;251;39
137;686;20
891;592;35
393;902;25
395;857;47
982;873;17
563;94;13
758;64;16
922;770;7
575;965;18
793;688;13
2;866;32
988;574;44
637;213;27
69;836;16
372;980;50
392;347;34
998;862;13
469;677;46
726;624;29
656;472;2
973;542;13
189;614;13
270;734;23
813;302;11
647;34;44
48;30;35
897;779;21
597;899;17
158;907;44
324;114;4
477;803;2
345;818;47
60;978;11
66;660;3
426;286;9
667;323;38
846;575;40
684;558;29
918;775;39
44;780;47
122;594;19
111;915;45
331;296;47
242;218;49
278;112;47
112;587;21
447;2;15
16;280;20
983;318;19
68;40;46
6;129;6
952;521;3
955;43;11
695;370;46
343;965;23
307;916;9
467;432;37
15;619;46
401;523;44
433;652;25
633;899;25
674;912;50
488;426;34
723;786;5
250;504;39
827;13;28
401;131;10
853;962;14
648;24;7
890;764;50
383;544;3
633;350;14
542;971;40
161;689;31
865;614;27
454;33;19
649;40;12
580;301;36
769;870;47
167;690;41
176;54;21
9;606;23
682;61;15
712;356;22
504;186;22
558;568;29
414;100;35
251;496;6
303;88;11
544;298;39
803;586;44
680;703;37
666;431;23
271;703;7
961;318;20
818;23;41
678;972;40
55;247;23
465;721;3
334;968;43
936;56;19
723;409;18
764;953;19
758;386;34
105;93;32
555;96;47
399;457;47
676;374;19
873;331;19
181;456;14
463;892;4
825;720;32
350;688;42
848;907;48
366;721;9
973;901;44
594;686;28
172;204;19
769;176;49
801;189;21
31;975;5
6;855;34
484;547;4
895;359;43
7;819;35
424;339;7
148;201;26
826;684;40
29;673;47
541;758;26
719;781;2
793;890;44
730;779;21
482;388;42
35;348;14
432;55;44
28;179;15
385;435;13
505;843;48
759;215;41
386;43;45
768;86;12
189;7;37
795;683;37
613;587;43
39;660;22
21;519;50
786;343;23
115;83;45
111;483;21
130;29;23
833;624;14
878;280;11
398;55;15
615;843;19
153;215;15
892;763;11
351;250;13
340;184;24
152;565;15
330;60;1
936;903;49
142;530;42
19;124;3
338;293;17
292;311;10
510;909;21
905;175;27
598;234;40
839;70;31
124;490;32
563;302;5
904;110;13
984;539;15
231;477;2
599;665;33
384;249;4
672;395;27
123;237;7
796;560;47
817;165;30
834;897;16
695;135;7
254;948;39
905;551;37
684;53;30
200;460;21
99;996;26
635;91;9
835;486;9
983;463;23
158;535;32
762;856;27
835;716;49
770;876;36
880;10;21
548;298;32
587;983;48
715;282;48
182;22;5
737;214;26
8;254;32
947;202;24
637;113;30
367;327;12
57;661;45
417;320;5
866;165;35
564;158;43
25;462;22
44;54;35
262;946;37
167;16;24
433;762;18
594;217;30
510;285;17
515;426;23
492;189;40
828;708;35
216;331;22
361;903;39
221;235;29
351;105;40
961;941;41
81;586;17
731;371;38
1000;991;14
451;872;16
245;782;16
21;655;7
228;229;21
956;168;12
226;681;12
121;189;1
843;789;23
25;234;17
924;313;14
967;822;27
399;685;16
193;572;15
237;359;11
652;480;35
973;98;27
801;472;11
305;257;49
188;800;29
865;466;45
433;203;14
998;398;48
597;286;28
363;475;45
66;47;22
625;132;21
438;931;21
850;637;48
44;135;7
620;784;10
209;122;2
456;949;19
790;340;50
62;916;4
645;370;3
509;74;7
206;425;30
703;425;11
250;118;20
818;210;20
871;810;39
581;375;14
198;874;1
326;784;24
173;293;50
602;123;17
772;773;4
252;425;19
557;331;18
445;568;40
692;8;44
783;222;29
241;123;24
403;751;41
509;714;28
892;819;46
415;500;36
401;450;40
103;30;23
715;390;4
897;12;1
672;401;5
613;731;28
953;523;29
672;442;14
965;392;26
327;200;17
605;691;7
67;709;42
979;689;15
132;689;7
372;101;33
140;382;28
590;548;40
823;825;14
676;900;4
258;489;28
790;478;42
344;45;7
242;127;19
49;532;47
261;125;19
963;513;46
641;280;48
62;281;1
614;417;35
477;835;8
120;172;12
319;422;21
484;680;27
970;402;19
477;992;17
680;479;46
218;465;43
923;345;31
860;460;28
201;388;32
549;640;50
893;21;32
319;409;19
971;188;31
308;417;28
725;23;3
896;61;27
10;726;32
696;862;5
646;431;21
786;871;37
165;768;27
557;788;25
540;879;26
225;935;33
354;463;31
516;811;22
739;232;47
962;132;34
685;58;49
411;523;6
385;797;21
459;248;36
927;386;46
60;169;4
977;73;16
335;88;23
67;770;46
702;369;40
297;238;7
349;868;41
836;863;27
106;591;3
82;709;47
30;599;1
76;893;43
269;414;16
374;404;16
258;400;33
550;774;12
526;674;37
800;232;8
622;983;7
563;63;8
348;698;16
613;655;43
652;571;44
570;985;40
606;213;39
913;41;26
887;911;25
753;232;38
887;174;2
387;772;38
65;908;1
810;140;6
325;859;32
994;961;15
915;489;38
575;859;11
623;631;2
872;624;48
992;39;38
918;55;46
600;760;25
820;772;17
303;345;11
968;961;15
954;427;38
22;820;49
788;817;11
179;481;30
139;460;29
834;774;20
130;277;16
16;377;47
414;787;34
175;977;44
135;904;47
543;869;33
879;840;9
497;615;22
59;652;9
488;585;21
950;399;4
794;507;7
982;52;48
988;984;17
917;800;22
743;390;42
6;320;4
592;460;11
633;302;25
735;617;45
666;450;8
441;263;44
882;272;46
773;807;44
318;701;1
651;45;37
80;412;29
214;762;2
875;292;15
917;12;19
884;392;42
775;264;17
482;167;33
800;617;16
143;611;28
469;400;28
694;466;8
285;144;44
546;384;2
271;694;43
963;656;32
172;752;16
658;683;17
696;400;38
655;517;21
65;545;23
719;341;3
6;875;17
259;585;36
345;659;22
713;466;19
511;30;12
646;703;14
387;44;4
142;83;50
739;706;18
526;884;2
539;870;10
259;414;11
5;412;39
812;173;21
424;187;11
365;441;4
370;375;1
915;793;14
982;741;37
500;150;36
779;18;9
541;725;22
966;822;18
269;809;45
975;482;48
867;23;29
554;513;40
201;741;48
90;797;10
78;201;37
709;852;33
959;798;13
745;236;41
471;615;12
816;155;36
826;768;20
847;531;6
256;963;23
336;138;35
743;892;20
673;904;48
20;397;40
754;495;38
406;660;25
620;604;21
386;712;13
881;833;15
898;44;15
881;321;26
161;462;11
479;592;42
272;305;31
391;370;41
545;158;28
192;91;50
754;734;36
70;585;21
790;116;28
182;153;3
167;362;48
635;472;3
377;606;14
429;45;9
384;734;38
46;438;43
486;942;46
711;312;13
824;427;40
681;388;47
820;514;30
986;988;24
16;73;2
771;733;11
180;849;29
926;555;41
773;346;16
370;760;45
745;505;20
251;347;36
319;181;33
638;490;42
312;139;2
135;575;15
472;95;26
34;931;24
156;607;11
710;242;7
791;941;7
870;964;29
505;371;35
259;546;27
583;205;7
791;843;50
315;190;26
452;143;49
488;603;16
848;700;13
731;51;13
555;351;7
312;103;1
529;525;13
462;569;49
207;159;21
206;172;20
676;349;27
90;767;21
344;504;49
653;692;4
561;130;33
933;956;12
274;564;47
744;16;28
863;797;3
275;715;11
722;740;43
671;556;9
538;99;40
572;557;20
757;528;40
14;168;21
532;737;21
968;329;24
183;674;12
125;722;26
171;851;9
937;199;29
15;159;26
345;583;22
82;99;26
139;610;12
79;930;28
109;80;37
276;458;39
42;794;41
506;287;7
589;26;45
202;877;14
177;160;4
263;770;48
817;743;28
653;359;47
346;69;18
475;193;31
513;120;35
135;798;50
535;923;41
556;469;26
82;637;41
371;860;7
100;45;30
264;936;4
572;796;24
540;563;19
599;602;17
780;396;18
334;317;50
451;396;12
85;899;2
936;744;48
24;967;27
146;974;35
178;710;7
433;527;18
84;707;6
725;951;4
165;499;9
695;167;16
706;671;27
472;833;11
269;131;39
966;971;34
165;30;27
299;123;48
44;968;15
729;150;29
606;795;41
50;866;6
279;383;2
200;381;31
36;141;47
384;91;26
1000;721;1
923;655;12
859;295;35
881;177;25
359;819;11
941;938;15
146;315;26
108;992;15
197;703;38
273;614;14
235;825;44
971;515;43
691;257;34
232;563;15
961;88;4
25;182;8
667;788;35
399;694;26
818;948;35
524;314;28
920;1000;5
926;445;32
687;858;34
152;449;30
624;159;30
722;211;34
899;532;46
481;754;4
675;375;26
801;136;33
286;596;47
660;671;4
762;809;25
405;966;15
419;576;34
50;955;30
499;878;17
23;726;9
653;569;6
739;544;50
730;280;48
464;138;11
369;537;33
347;807;12
186;436;32
478;68;34
708;640;15
292;984;31
545;258;44
856;36;48
916;794;2
232;41;1
354;622;3
247;216;11
476;144;9
57;316;32
476;903;43
947;173;1
1000;784;20
214;800;47
49;442;21
910;594;32
480;123;16
172;561;15
114;714;4
664;284;19
90;810;33
160;507;6
726;790;35
855;204;49
911;797;42
509;169;22
41;367;22
57;269;30
575;809;37
510;467;46
434;236;49
257;523;3
609;221;8
569;670;26
133;508;46
995;638;42
970;936;35
741;421;26
616;712;15
453;684;8
262;65;44
291;989;45
562;147;11
131;348;21
860;347;32
821;78;17
294;167;39
358;792;23
987;588;46
725;13;6
613;981;50
354;811;43
570;730;46
45;182;11
274;144;15
129;305;29
461;954;4
286;653;26
648;431;49
448;252;23
59;846;27
287;854;28
582;837;13
637;643;1
508;601;47
76;338;22
76;655;42
179;589;46
24;753;37
849;482;15
606;186;5
43;940;41
114;225;20
914;248;22
245;702;43
696;894;9
659;96;41
304;775;34
229;19;36
21;109;49
914;347;26
154;301;49
370;678;8
822;7;38
769;627;44
557;191;43
260;49;46
98;48;25
291;612;45
866;426;8
210;660;15
617;11;42
880;787;13
59;769;8
460;676;27
871;232;37
890;465;18
801;490;18
33;431;43
948;672;50
434;977;44
414;163;46
991;976;8
189;28;11
932;387;1
690;953;4
953;365;34
260;885;11
849;516;13
164;529;11
507;51;15
592;477;46
178;492;2
15;815;33
682;875;16
738;627;24
865;130;25
590;523;29
312;771;12
669;461;17
75;822;31
53;955;4
307;700;12
992;806;36
970;396;28
22;491;3
494;667;31
74;942;23
79;217;20
93;705;41
976;975;10
193;97;1
820;901;7
152;980;41
848;414;28
144;841;40
287;181;47
303;548;18
771;812;28
692;214;41
362;50;33
228;37;6
612;945;31
899;525;46
255;602;26
1000;309;41
579;574;13
609;708;35
280;346;20
178;837;40
881;932;39
263;692;25
748;870;38
667;964;31
328;673;9
112;848;8
13;790;48
259;101;44
177;400;7
690;58;28
838;334;36
794;674;6
909;52;50
512;694;19
66;816;44
485;114;9
141;241;10
144;926;34
792;369;15
718;542;43
933;886;46
284;53;37
474;327;36
381;417;39
140;195;24
169;536;47
644;411;16
689;917;16
384;756;37
214;615;5
664;72;18
453;706;8
205;351;24
547;65;21
216;590;25
801;712;35
348;968;17
327;870;48
605;884;49
559;62;10
696;598;47
548;295;41
548;66;36
398;315;46
245;865;40
371;945;25
912;551;11
375;225;4
50;19;36
55;751;40
946;485;27
281;769;35
813;368;20
696;133;34
333;94;50
603;593;5
927;340;26
734;938;14
773;865;45
590;786;33
677;808;37
54;85;14
397;21;45
294;632;19
469;793;29
763;932;31
666;389;18
11;548;5
767;652;26
982;179;17
150;960;10
985;441;23
124;161;19
964;689;36
628;766;17
418;355;47
975;710;11
778;997;20
522;820;32
122;602;9
691;177;7
50;195;1
270;930;45
583;542;36
380;244;24
903;507;24
186;720;49
144;672;27
198;255;37
459;47;21
583;287;31
174;109;1
632;107;43
772;803;11
985;108;21
762;55;31
602;434;46
970;790;19
866;786;40
118;334;28
84;446;36
419;919;46
710;269;3
565;517;33
555;49;40
336;473;40
51;798;32
296;971;33
404;495;1
844;464;20
107;281;36
160;734;42
59;456;37
288;966;15
661;20;23
716;836;31
812;411;4
261;763;35
260;780;5
174;516;28
270;272;43
373;954;35
520;549;14
592;89;50
966;497;41
342;120;17
850;685;29
909;552;49
641;949;36
533;535;34
700;62;2
662;559;38
19;921;10
907;360;29
444;199;37
683;326;27
940;757;19
590;207;34
401;886;44
395;434;45
611;448;18
951;240;11
255;228;5
121;596;34
98;216;9
883;703;11
125;421;27
683;906;16
264;393;7
40;397;30
671;610;40
538;140;16
525;376;16
319;638;35
974;709;16
57;135;45
127;148;16
568;407;45
388;73;7
179;126;12
867;521;20
967;332;36
517;643;20
772;997;45
327;993;5
521;471;29
127;841;37
722;384;25
684;281;50
611;876;39
314;294;8
850;872;47
57;740;44
87;593;41
771;511;27
306;743;15
322;607;32
243;290;23
915;477;14
839;985;3
615;889;20
721;715;30
125;136;22
252;747;44
176;446;10
133;94;8
853;884;29
813;641;25
342;992;12
750;68;48
564;835;13
359;103;35
300;730;44
300;481;37
273;222;20
28;226;35
700;801;39
138;807;26
298;625;17
783;943;24
302;392;15
713;515;29
161;547;50
1;785;28
643;848;14
137;294;11
506;215;5
664;73;30
440;225;11
349;12;33
929;882;49
643;999;24
253;824;21
506;496;7
185;665;49
179;502;3
156;30;45
475;440;43
512;110;8
279;459;48
847;538;6
484;604;12
30;767;37
669;750;16
154;916;30
129;130;42
13;843;7
426;930;44
334;574;40
538;420;28
683;642;35
390;128;5
623;96;17
454;122;5
978;776;3
838;865;37
317;343;6
961;620;35
26;374;17
174;592;14
63;306;37
795;15;10
405;94;25
626;694;8
902;186;24
944;209;38
601;625;25
168;319;22
797;404;45
93;151;13
594;134;46
861;491;19
541;70;5
677;371;7
750;993;1
730;456;34
558;978;21
544;251;2
651;781;6
218;587;11
202;523;41
741;819;22
948;504;43
234;318;49
955;323;28
797;260;31
898;498;15
284;363;30
596;93;46
99;598;28
213;482;39
864;943;17
996;45;3
595;649;46
530;821;9
913;771;19
414;898;22
678;1;13
63;588;37
73;613;41
46;4;17
960;407;47
850;481;38
962;971;32
206;798;37
118;332;40
200;549;21
297;216;35
502;874;14
647;184;19
106;1;22
840;160;2
546;293;8
902;640;28
650;839;37
119;549;17
421;110;24
578;621;22
420;269;41
359;205;47
954;559;38
634;41;30
432;286;27
219;91;23
187;1000;17
128;596;28
212;885;28
932;402;41
506;516;24
865;421;19
167;62;36
930;841;47
292;241;34
918;532;11
97;371;11
665;945;11
29;384;34
419;35;50
967;223;19
759;466;6
150;167;35
593;309;22
883;547;43
527;996;43
3;798;48
962;670;13
113;460;18
801;122;29
937;837;12
769;9;45
628;781;27
162;185;30
748;433;14
59;128;8
343;862;33
787;630;41
263;445;31
534;622;25
160;624;37
888;686;15
516;980;48
5;56;11
879;875;16
702;769;46
210;65;15
389;538;44
653;519;34
88;558;13
934;408;35
639;878;11
800;884;20
343;354;46
737;980;40
2;6;12
612;934;20
853;436;21
945;733;38
444;418;38
492;321;2
957;871;16
116;4;4
630;812;22
302;245;16
602;83;11
727;614;26
74;128;7
325;854;38
754;782;33
844;354;34
145;817;29
817;578;21
719;557;25
169;543;32
141;863;1
969;88;8
313;7;25
389;31;15
696;357;31
257;666;6
801;9;10
405;41;47
455;998;22
775;527;35
493;597;18
132;302;20
887;431;44
680;831;24
580;859;34
153;811;16
250;143;16
776;412;38
583;466;10
810;255;29
533;66;32
31;681;26
484;513;37
533;106;41
738;373;23
800;762;5
207;255;1
679;497;4
766;403;5
835;249;31
6;617;37
6;641;21
310;46;33
483;272;48
367;322;35
920;750;18
691;937;43
865;391;13
58;309;46
390;783;30
598;705;7
24;404;20
310;702;40
210;914;43
306;244;49
163;90;18
106;799;16
597;167;6
117;378;34
321;247;36
986;87;18
230;162;29
507;951;29
50;327;36
690;621;14
972;321;20
968;722;20
746;455;26
291;955;19
612;999;49
47;439;50
882;463;46
640;23;25
757;348;10
692;216;48
527;599;18
733;331;32
600;923;18
2;322;9
538;788;27
549;293;29
125;919;33
193;995;49
103;111;40
693;665;36
784;34;12
361;377;48
218;530;43
737;250;14
258;2;27
28;502;38
619;352;37
690;704;39
356;441;4
211;119;15
195;297;34
137;828;3
926;712;33
31;579;23
696;79;10
940;280;31
670;368;46
898;32;9
523;600;28
867;411;18
915;135;28
674;993;42
217;481;39
295;864;6
80;155;39
41;188;15
543;531;23
967;566;47
94;644;45
12;488;34
879;812;50
367;218;40
570;411;5
614;458;34
112;612;44
966;881;34
573;42;36
513;88;37
194;995;47
396;339;37
569;928;49
633;566;49
935;724;29
709;882;20
617;979;38
684;749;17
405;200;27
334;265;41
633;793;1
394;460;37
825;18;2
498;400;19
669;843;15
381;590;3
175;202;3
328;948;29
349;168;9
821;475;24
260;512;15
692;572;33
725;843;12
683;458;31
989;239;32
199;774;37
483;833;12
687;292;11
609;100;37
653;312;48
280;538;39
665;963;43
897;90;32
499;564;34
33;746;19
457;984;32
401;315;38
722;187;3
455;972;31
715;436;42
943;389;2
323;3;7
835;451;46
779;486;41
1000;846;26
960;907;3
493;918;39
632;707;33
707;494;39
44;731;45
923;583;39
176;123;24
598;168;30
392;658;16
350;943;20
57;48;29
517;13;41
698;160;47
87;912;26
151;681;16
457;541;36
130;179;9
369;367;13
55;508;38
982;882;42
963;333;10
135;421;8
559;657;6
21;403;20
316;451;11
534;162;30
368;195;29
384;282;1
546;808;43
621;93;29
209;890;8
589;883;35
595;736;38
817;212;24
89;483;28
250;418;37
1000;466;39
69;852;7
672;552;5
504;255;6
287;270;37
69;140;24
939;860;28
723;328;19
211;996;36
723;276;32
427;142;4
821;164;1
105;805;25
882;684;13
296;134;43
994;792;30
161;364;45
792;51;34
879;78;8
279;696;40
79;661;50
473;214;35
822;383;10
997;387;19
252;838;11
814;978;24
288;603;46
83;963;29
357;515;23
579;848;36
642;115;20
904;592;11
487;476;12
391;458;37
744;487;9
454;897;22
788;426;22
710;223;17
324;626;4
50;486;16
302;327;45
139;640;34
93;311;1
224;757;12
430;292;12
953;782;13
456;126;40
436;407;41
248;948;3
103;561;6
662;625;49
132;349;40
598;270;50
27;198;11
74;387;22
442;173;18
71;976;33
823;198;39
405;239;40
630;259;33
659;728;15
921;798;13
399;102;8
705;902;33
677;893;41
798;983;48
116;338;6
572;505;36
45;795;41
157;171;33
481;431;46
647;378;17
424;372;18
282;514;36
443;593;40
974;555;10
781;986;35
808;96;35
42;128;4
775;498;19
677;145;38
169;476;2
127;95;42
719;799;24
839;874;37
690;366;34
351;172;43
571;202;16
191;115;47
359;436;7
98;689;13
530;823;46
266;570;12
61;570;36
397;881;20
160;383;47
751;730;42
366;910;39
89;878;41
22;788;23
508;124;8
127;429;36
934;942;36
702;408;6
524;759;17
764;780;17
559;150;39
564;3;4
145;723;28
653;6;38
267;231;14
406;680;22
539;880;32
313;766;42
862;756;12
564;618;5
205;636;29
121;385;39
634;549;12
427;792;5
174;706;5
903;90;44
229;469;27
868;458;27
732;718;38
13;722;43
664;607;36
170;935;41
184;13;22
810;410;38
57;767;26
961;925;26
519;195;40
494;824;1
134;92;8
291;133;42
838;412;32
598;564;11
231;436;39
141;504;11
224;917;27
467;957;19
823;471;32
606;954;39
583;652;33
172;412;17
591;253;50
312;721;29
779;562;19
628;267;13
823;115;36
903;10;13
443;649;45
318;250;24
937;967;21
639;673;2
494;976;11
132;15;45
420;213;14
747;627;33
965;556;50
538;426;30
129;777;34
912;426;42
183;568;29
375;285;38
745;683;47
83;864;24
324;324;19
982;173;16
957;359;49
692;890;40
789;496;14
866;573;24
907;781;3
228;969;15
726;202;46
310;276;46
878;9;40
734;566;24
702;632;38
433;857;35
355;476;48
143;156;45
678;753;50
754;603;29
199;775;21
260;612;35
501;55;21
812;614;28
287;117;36
969;195;37
384;781;32
958;409;18
760;20;44
420;782;41
311;922;11
682;884;44
238;448;23
70;686;10
521;9;37
512;822;4
704;212;15
859;935;24
17;859;12
399;637;35
705;590;36
846;227;18
898;892;19
911;494;29
26;302;35
194;693;41
269;485;43
573;596;17
355;578;16
928;8;48
531;316;4
580;189;24
617;937;25
881;94;19
862;733;19
605;655;49
938;619;22
321;252;3
161;100;18
955;425;2
604;258;47
320;203;11
128;865;49
790;102;22
180;646;50
724;938;45
826;832;1
626;36;10
491;35;33
463;744;19
330;11;14
994;2;45
219;191;7
986;367;30
972;549;2
471;248;12
248;707;20
44;427;5
804;566;38
927;519;41
162;80;15
642;728;22
578;397;30
796;849;2
512;219;21
107;753;8
906;390;6
234;795;37
55;679;34
856;237;44
903;176;6
788;207;31
736;414;32
574;741;2
871;434;13
605;182;46
784;867;24
280;441;35
570;171;28
86;874;12
97;511;12
53;729;49
187;764;14
897;480;24
166;478;31
675;384;5
945;851;48
856;500;24
477;341;24
190;499;45
983;806;23
722;663;19
446;539;39
632;856;37
343;673;48
828;379;47
464;985;23
589;258;10
636;29;38
633;423;26
219;615;26
162;705;6
974;278;2
206;77;36
648;341;32
651;999;44
225;896;38
587;912;37
845;978;24
423;358;37
166;455;47
314;379;18
942;717;32
41;958;37
50;393;24
350;821;18
486;614;16
557;802;4
805;80;2
280;856;28
564;776;39
349;258;14
922;585;24
355;303;41
201;718;38
846;676;34
805;236;28
338;39;30
485;206;31
530;957;22
338;358;1
67;23;44
986;598;6
596;301;39
809;410;34
651;321;34
617;578;34
355;38;10
520;56;37
502;194;31
689;520;34
716;309;24
985;871;26
192;141;11
39;496;46
615;330;15
482;998;9
845;298;41
487;435;41
53;522;28
155;26;29
354;830;18
777;783;25
708;12;17
761;868;47
702;12;11
976;980;50
552;857;50
672;753;2
81;969;23
60;343;46
352;734;11
903;830;33
639;374;37
496;801;19
237;352;11
232;597;14
806;514;25
385;638;16
666;749;47
904;133;22
630;119;27
211;90;48
872;761;9
886;98;38
766;837;16
811;426;29
15;63;32
60;486;47
989;418;20
814;459;31
63;59;46
922;540;33
712;567;17
817;989;20
952;546;10
142;146;25
406;331;11
676;250;6
317;894;14
925;685;29
432;111;11
417;328;28
471;617;36
255;440;49
520;546;23
93;281;8
166;84;10
258;455;1
651;345;4
635;619;12
753;355;50
357;352;31
601;573;5
113;218;34
390;544;29
248;336;41
577;184;48
441;426;20
933;337;7
765;442;46
883;261;4
909;969;22
198;337;4
788;52;23
630;643;5
407;33;17
611;775;12
48;996;43
241;782;6
979;84;22
352;526;2
898;608;4
629;939;45
2;872;49
134;825;44
856;402;13
15;702;5
765;35;9
647;601;37
940;889;36
628;490;33
844;577;17
747;558;4
91;348;7
646;764;8
857;248;41
752;882;4
116;804;13
645;277;44
208;632;41
556;789;19
158;450;47
725;768;41
892;182;25
293;988;30
910;449;37
497;747;1
150;296;6
616;910;31
731;18;47
995;425;19
220;420;14
148;76;50
215;143;2
271;2;32
896;540;24
765;672;37
761;418;38
189;267;48
196;653;16
442;817;47
950;162;3
879;619;5
850;828;40
436;800;24
281;546;29
712;456;17
553;60;40
323;323;5
969;207;38
130;417;27
372;703;8
78;200;12
522;19;6
827;877;31
492;719;41
375;302;42
117;835;4
621;489;20
917;320;17
345;542;2
273;681;33
967;743;38
670;86;22
176;878;10
299;607;7
437;722;5
697;974;29
403;701;45
210;113;40
191;327;29
306;627;7
208;73;37
588;389;40
970;926;18
604;86;9
300;14;41
21;106;42
569;887;47
230;521;18
518;305;7
654;738;4
798;792;18
245;458;15
359;82;37
787;302;27
347;856;37
8;504;5
349;333;39
677;621;28
300;532;17
752;357;36
191;369;38
76;977;41
761;806;34
624;970;14
212;422;50
333;844;31
453;90;31
14;885;31
422;463;13
594;442;41
564;710;11
690;975;43
394;78;27
23;550;45
715;458;13
369;738;40
311;296;40
184;520;40
579;124;35
115;319;7
951;996;36
107;199;21
359;541;21
531;829;45
724;934;14
502;790;34
668;517;42
115;757;44
444;564;29
190;523;48
711;767;44
953;929;33
288;189;49
733;468;43
234;105;43
402;877;41
687;88;32
70;179;32
344;172;26
753;333;5
448;680;31
711;369;3
39;203;41
245;630;38
381;2;4
83;743;16
213;259;26
501;369;27
899;801;38
146;623;8
107;903;33
368;193;7
46;823;40
14;345;4
830;837;20
829;637;10
162;488;7
180;27;2
28;170;1
396;176;49
109;932;29
397;961;32
330;806;37
311;134;10
953;672;6
270;282;17
412;771;13
713;817;33
462;971;15
851;772;12
526;273;48
258;713;2
973;688;18
964;254;40
495;287;25
540;994;29
95;821;48
746;284;17
37;302;47
988;142;23
93;911;24
530;648;28
138;167;34
896;59;9
273;360;32
412;860;16
686;406;32
866;71;47
665;662;20
167;309;18
550;250;29
695;551;39
669;873;23
420;385;40
562;788;32
71;183;21
399;369;45
716;865;25
340;305;34
657;811;27
391;665;46
280;715;30
851;420;3
754;500;42
937;820;28
173;687;9
983;812;43
370;566;28
735;210;33
136;818;29
950;798;47
884;798;16
56;792;49
157;312;1
837;488;3
760;185;20
947;978;25
543;154;25
179;395;50
534;343;14
397;398;29
860;552;3
215;587;41
630;166;46
872;432;3
65;501;20
349;921;27
27;377;32
651;973;30
933;573;31
213;622;18
264;116;14
843;890;37
656;547;39
472;55;45
308;255;30
931;495;34
637;56;42
366;902;3
417;61;16
598;984;4
423;693;27
618;759;42
718;442;5
136;326;42
954;822;40
560;730;32
404;584;47
369;920;25
532;312;13
810;658;18
574;184;27
562;479;21
84;78;37
270;24;36
76;634;21
908;830;38
644;135;34
884;397;45
37;984;43
12;187;37
581;402;26
997;40;8
977;946;42
442;830;47
510;105;31
413;372;49
232;755;45
481;372;35
600;627;44
706;717;43
641;145;14
120;231;19
409;974;23
429;640;13
617;194;19
830;997;47
491;624;8
965;980;8
527;634;15
172;386;39
825;534;46
147;840;31
81;610;21
620;556;37
278;341;36
745;130;38
590;859;38
71;482;10
641;950;36
877;114;18
913;504;24
868;553;34
873;183;48
434;241;15
301;634;1
652;764;38
24;931;34
534;817;18
826;94;39
18;415;6
312;243;19
414;690;6
300;354;41
320;991;23
215;909;33
805;207;14
163;333;12
580;48;47
72;130;25
373;27;45
268;116;35
144;68;11
776;510;28
85;923;17
946;217;8
824;452;44
738;192;49
753;809;22
535;581;19
304;881;29
729;754;13
736;984;42
546;522;26
957;657;3
96;142;46
634;1000;11
254;857;24
988;141;37
813;41;7
528;900;11
852;300;17
70;586;27
157;883;37
42;525;26
333;392;46
440;280;39
695;989;2
597;37;49
116;8;43
236;252;42
494;673;19
786;26;17
708;527;48
676;417;31
755;916;27
844;826;45
857;673;6
774;484;23
316;621;12
117;747;12
728;341;28
306;425;10
839;158;18
827;98;34
986;232;46
586;128;27
780;329;20
686;841;41
902;825;14
139;910;26
403;458;47
542;169;21
322;993;1
745;52;50
543;312;24
400;255;20
602;672;22
958;359;29
443;590;25
590;971;3
947;486;19
116;97;18
879;587;20
380;897;31
436;118;44
329;737;40
184;279;9
933;117;29
769;134;11
81;107;37
282;374;25
421;608;37
516;481;49
319;12;18
210;392;46
464;186;36
626;798;49
469;189;9
20;670;43
135;819;40
254;258;33
2;363;30
70;657;9
923;562;33
285;296;16
995;96;44
224;691;50
875;473;6
567;978;3
586;129;23
129;289;24
448;923;43
110;575;41
123;508;39
111;72;17
673;195;28
941;805;13
805;685;29
578;227;42
177;379;17
471;881;35
941;884;1
749;439;37
420;869;38
529;346;9
733;757;2
739;909;46
689;569;17
22;157;40
715;509;4
866;102;40
818;469;33
359;378;16
686;285;50
358;844;33
208;242;48
756;564;34
147;958;1
805;973;38
371;81;12
226;677;30
934;936;48
82;67;35
189;473;32
826;416;42
187;576;12
73;238;46
62;323;27
603;881;23
379;341;50
942;578;15
123;4;15
973;352;30
636;190;12
402;348;34
959;591;11
346;692;19
265;898;1
756;239;16
853;949;14
786;2;5
425;508;10
32;909;47
53;657;26
450;213;32
530;914;36
222;777;14
306;133;50
89;600;19
541;914;45
129;665;18
972;795;40
184;863;1
93;825;48
667;145;11
649;737;31
653;453;23
433;560;21
274;746;48
32;100;23
931;567;50
169;692;28
113;944;40
31;239;44
984;229;42
212;378;37
77;970;32
387;560;37
444;145;22
975;965;42
322;476;21
637;40;30
514;1;38
705;53;32
170;392;13
297;661;46
389;448;14
811;36;10
594;892;33
211;22;21
105;705;37
301;7;29
426;500;2
684;379;33
845;635;3
308;798;12
209;830;39
489;865;2
239;825;1
245;87;19
539;322;48
344;873;36
72;336;50
694;425;16
649;198;31
548;749;41
71;294;48
2;445;50
186;190;39
786;303;6
458;99;31
322;287;48
103;950;31
217;422;26
160;84;26
974;867;46
429;68;43
452;229;50
53;920;20
671;647;26
737;858;16
856;371;27
639;569;35
601;49;7
13;853;32
363;30;21
510;668;10
817;225;18
744;933;15
947;289;25
147;342;47
895;90;25
122;777;20
487;429;17
862;140;14
145;473;20
517;526;27
909;156;46
763;462;38
508;792;26
568;876;29
440;745;38
926;680;10
247;436;4
934;421;36
821;908;46
523;933;37
412;283;28
578;82;13
315;218;49
63;911;50
111;956;15
18;274;19
711;812;6
565;285;21
292;901;1
544;139;33
776;367;48
247;27;48
706;233;10
519;793;16
567;147;31
444;678;18
899;837;19
547;30;32
319;987;48
374;164;28
696;290;45
311;486;24
514;28;5
152;719;16
315;221;2
707;796;27
57;456;30
533;910;28
54;311;39
729;137;45
52;182;6
822;598;23
217;268;1
603;707;2
841;22;26
906;370;39
347;922;7
737;21;23
96;467;24
757;400;45
80;878;46
118;899;9
476;984;45
553;509;15
832;661;22
216;792;6
848;658;4
705;929;6
182;819;45
921;495;37
261;367;8
262;375;24
10;991;23
473;679;40
517;728;32
494;258;21
668;623;27
288;315;4
156;528;19
920;215;45
417;96;25
931;216;39
849;876;18
300;346;21
388;784;37
789;78;39
653;942;18
55;526;44
506;464;10
687;736;40
380;920;18
270;355;21
475;812;48
676;280;13
840;140;23
141;352;1
755;383;13
294;803;39
462;773;4
899;721;34
560;198;8
406;860;9
465;713;9
254;434;42
510;632;13
460;420;38
979;934;25
798;81;19
174;881;2
404;998;49
483;461;24
767;426;9
244;73;17
337;784;6
800;304;21
288;693;42
967;796;45
626;157;36
84;932;13
138;475;2
68;440;36
877;992;11
92;243;4
382;15;48
803;717;27
692;810;35
100;353;45
223;919;45
114;917;8
218;980;7
192;562;32
688;434;17
402;24;18
663;827;45
779;4;3
801;541;26
653;81;42
929;788;45
318;404;24
968;89;33
174;147;22
287;482;45
675;368;2
323;548;18
868;364;29
18;75;30
627;895;42
567;126;2
963;625;21
411;921;22
607;861;9
892;161;39
559;814;47
706;476;15
13;492;48
619;756;4
990;101;49
356;956;20
195;766;10
531;20;7
138;967;23
76;322;37
257;872;29
203;985;16
736;975;31
778;810;7
800;825;50
961;26;15
952;787;12
402;655;25
458;1000;14
833;773;12
344;142;36
188;11;14
734;667;6
992;966;27
143;104;22
10;913;5
466;269;11
176;874;30
388;503;39
231;801;22
284;128;35
318;63;19
833;558;40
706;959;23
510;657;24
679;979;10
352;763;37
194;1;25
676;457;44
689;384;7
760;87;45
13;660;44
957;832;44
580;944;49
868;621;25
961;258;36
691;676;37
593;385;10
304;725;11
276;9;41
535;520;46
922;999;28
864;354;40
559;963;5
669;449;27
553;922;43
975;71;23
405;86;24
256;354;29
653;827;48
546;873;24
522;880;14
11;367;25
526;303;25
239;789;13
200;833;37
565;895;40
706;32;39
485;849;45
492;236;47
544;700;37
55;923;9
873;944;43
254;275;4
160;931;31
530;615;42
477;638;41
102;755;20
820;361;45
561;948;27
209;128;12
480;896;33
770;461;28
177;501;23
51;95;37
388;492;7
681;548;14
200;582;40
999;990;35
770;26;3
91;87;46
975;28;20
699;369;33
842;440;15
49;333;22
612;351;26
152;92;23
223;996;11
88;285;12
745;588;14
501;728;36
825;250;31
715;972;15
384;919;13
844;123;34
839;875;49
210;822;21
606;663;38
324;675;44
766;496;17
760;83;41
217;379;10
126;943;26
698;716;3
987;505;14
503;18;29
668;970;44
359;672;40
267;593;24
989;401;25
316;502;16
883;9;4
133;440;21
649;485;11
27;209;38
179;389;5
497;604;11
244;551;25
717;198;31
240;275;14
791;271;15
336;894;45
345;538;47
693;960;23
120;916;14
506;720;9
50;121;47
926;182;31
815;485;25
332;82;13
497;509;14
824;600;16
152;837;17
490;951;18
71;171;45
472;881;33
217;736;24
671;413;33
407;418;4
930;155;23
397;332;18
467;546;35
784;568;12
680;980;38
968;411;21
435;566;47
104;51;22
355;627;16
131;816;20
909;153;45
748;41;43
562;832;40
176;35;4
742;805;24
861;93;22
78;186;38
825;41;33
459;590;4
966;616;35
927;683;48
451;164;41
457;133;40
145;399;45
670;559;40
64;283;34
761;467;27
839;382;13
582;530;8
89;974;1
635;754;42
902;664;1
80;919;19
210;770;21
861;736;6
196;829;26
687;61;16
961;324;9
69;988;16
590;413;34
460;886;49
425;891;50
809;947;30
36;688;7
809;779;38
400;867;39
844;446;30
849;340;45
796;278;34
390;813;14
154;939;21
301;173;40
441;54;2
647;890;16
678;318;28
613;456;7
756;304;8
57;428;36
99;53;17
601;475;19
823;655;45
736;133;3
112;963;43
47;873;16
958;782;13
848;501;24
883;999;42
91;579;28
782;640;15
295;972;47
150;496;43
960;977;15
102;809;33
472;383;20
943;61;30
238;860;34
432;862;20
290;289;37
34;505;26
580;640;41
392;523;17
371;472;44
109;960;41
805;177;8
508;607;23
654;790;43
713;200;30
24;784;49
423;822;19
471;965;45
972;497;21
838;15;38
923;803;25
422;949;37
322;525;35
188;789;37
672;165;11
707;723;11
242;279;41
83;929;41
489;944;2
952;714;36
453;1;20
854;485;9
604;280;39
660;522;25
593;942;12
34;1;38
684;129;16
692;258;36
125;903;49
813;970;33
85;153;27
813;971;26
506;873;49
580;311;31
971;550;7
132;914;9
653;971;15
944;784;30
343;100;32
559;225;36
604;566;32
666;122;31
783;214;36
558;675;9
764;367;37
770;129;47
681;149;49
746;218;41
556;735;46
400;500;48
588;886;43
846;703;32
345;162;41
369;903;18
531;213;49
626;638;27
389;76;9
410;448;22
871;111;18
29;292;20
966;248;12
947;489;43
128;558;45
179;166;8
776;707;25
418;358;48
872;37;8
989;823;21
743;341;34
208;811;14
916;714;37
239;589;46
948;624;2
808;988;37
600;563;31
267;488;7
258;282;29
43;265;24
822;961;30
875;329;30
893;454;29
449;180;14
331;856;33
276;515;50
408;144;38
217;578;36
566;744;18
326;177;36
240;805;30
626;932;3
621;142;26
817;876;34
481;536;49
137;544;13
414;171;15
986;334;36
148;698;23
994;872;24
439;702;23
468;896;18
778;314;38
44;789;39
219;373;44
490;109;37
705;763;18
652;400;20
682;478;35
857;289;36
961;667;19
979;974;41
908;92;31
434;416;19
891;743;48
546;460;25
926;410;46
565;238;42
740;651;5
464;950;40
724;653;43
861;596;44
140;40;41
691;345;10
500;93;1
689;557;41
285;99;10
835;23;8
583;488;8
385;10;41
713;914;15
613;447;13
981;651;41
425;797;29
192;11;41
360;729;42
654;781;36
86;257;27
577;556;26
602;27;27
756;522;27
203;54;25
950;31;30
598;730;32
334;363;23
631;426;19
49;976;8
181;957;35
169;295;29
678;129;23
813;293;40
934;346;18
256;760;48
657;773;17
447;290;36
363;819;12
195;916;10
692;177;49
66;543;37
674;499;3
396;71;8
867;728;36
626;480;45
388;730;42
740;921;45
378;884;41
56;896;33
54;617;17
301;466;33
39;824;46
292;522;36
354;222;50
273;191;33
693;783;23
504;981;37
633;136;37
408;815;44
310;686;14
528;850;49
152;534;26
8;382;33
293;669;49
807;309;33
500;41;10
461;717;44
255;780;34
405;244;31
675;834;7
833;845;40
517;66;41
60;232;4
688;70;22
69;39;24
743;159;41
410;62;37
234;893;6
102;593;27
951;561;24
968;497;32
506;785;49
811;102;33
161;907;35
480;616;10
192;788;14
27;835;12
611;898;14
861;702;19
9;186;8
165;586;26
534;202;15
84;315;9
519;213;43
839;533;37
895;374;23
824;269;39
333;351;40
536;232;5
155;454;24
850;860;5
933;777;38
362;187;34
471;185;11
39;592;25
48;650;29
664;92;34
737;219;35
556;752;20
882;771;2
94;509;12
45;992;43
924;177;36
680;583;8
454;311;48
511;951;13
34;736;16
263;311;22
694;10;1
649;146;14
361;949;37
881;467;49
152;712;19
968;290;2
224;237;12
198;76;50
947;574;25
457;616;31
2;676;47
174;223;40
885;950;8
906;126;9
707;300;16
543;396;19
938;803;11
359;373;23
591;77;39
624;275;49
431;994;44
99;201;44
157;866;46
192;391;42
432;282;23
201;527;8
80;965;10
283;372;20
352;232;3
637;999;1
173;431;38
34;884;23
311;970;11
410;612;15
336;143;49
822;64;35
366;821;41
946;249;49
232;101;49
410;617;12
39;549;22
669;702;19
219;299;5
682;773;14
408;561;29
871;977;16
724;145;34
822;265;34
258;337;1
904;267;13
289;422;14
727;989;24
388;731;19
256;240;23
96;151;37
888;283;35
69;216;41
424;784;11
568;207;28
886;397;12
336;631;25
870;569;32
120;960;12
185;717;5
940;44;38
822;391;32
564;372;14
851;534;50
928;163;27
401;488;1
70;55;37
999;944;6
312;78;30
454;17;6
287;814;17
196;295;40
175;329;2
768;15;34
592;661;34
969;1;18
802;496;6
886;412;35
2;743;50
740;658;6
141;175;3
314;933;12
207;646;44
315;182;23
870;360;23
857;22;9
362;393;36
516;194;45
491;227;16
568;34;46
530;101;48
536;264;23
778;926;27
807;506;13
575;364;44
571;205;26
292;620;15
39;488;28
806;698;49
439;777;3
286;466;8
655;711;44
943;70;25
335;179;33
813;140;37
43;234;26
720;172;47
384;446;32
924;79;42
502;711;29
69;873;13
801;516;38
404;113;34
718;647;49
967;168;27
628;660;49
784;491;18
149;20;30
919;857;34
334;12;48
371;159;31
376;622;40
501;897;22
281;94;25
623;133;12
319;963;42
178;587;43
193;448;23
949;376;42
261;442;34
30;998;5
412;492;36
907;302;31
161;723;20
150;808;2
35;441;36
365;838;24
51;614;34
766;263;12
461;124;47
676;578;5
682;141;8
183;232;7
12;814;34
77;964;23
761;856;26
246;505;27
806;45;30
313;21;31
881;688;18
39;29;3
875;776;41
921;185;40
118;174;22
542;884;22
993;630;2
290;574;43
25;502;1
722;826;27
860;12;45
575;242;22
170;702;2
273;311;38
866;944;45
922;72;22
881;272;14
525;53;11
932;593;4
393;222;25
296;634;28
686;201;39
277;701;22
511;684;5
484;137;2
727;270;40
106;99;29
70;773;32
751;108;5
689;448;38
654;641;38
386;453;17
420;605;34
460;283;48
536;257;24
960;750;20
784;378;37
718;894;41
778;862;35
373;32;39
890;608;25
171;791;11
447;347;4
771;435;26
775;872;46
114;556;4
569;514;37
85;411;21
116;347;1
160;283;40
429;243;9
571;88;28
65;225;47
374;551;17
661;571;17
689;272;38
311;144;41
655;752;46
50;637;3
154;787;25
366;919;34
253;717;40
723;461;18
378;969;44
661;946;18
329;137;33
117;855;47
185;947;20
87;727;28
154;95;27
95;886;35
66;924;31
807;670;11
429;683;10
146;610;39
242;491;48
311;823;21
179;135;45
427;233;3
678;215;6
291;389;28
642;503;45
349;511;44
101;311;19
221;912;16
474;250;24
647;705;24
508;356;50
117;576;42
408;598;10
526;827;27
697;908;50
255;205;23
295;118;2
152;355;38
166;405;27
104;59;9
362;507;42
262;117;11
23;571;2
991;171;39
199;492;19
148;397;1
966;935;11
356;507;1
591;843;20
63;843;35
867;381;17
896;639;2
721;310;11
67;89;7
849;409;21
593;809;3
861;726;44
879;9;18
898;630;18
792;27;32
356;48;1
94;11;34
813;100;44
473;62;23
421;789;25
692;75;33
614;813;46
462;410;37
411;768;43
947;927;37
859;131;37
929;397;15
835;421;39
152;87;4
270;177;41
52;896;46
810;9;13
213;829;15
917;444;44
943;812;15
763;209;8
813;772;44
423;860;24
773;316;25
23;75;32
966;582;38
10;60;21
635;124;30
502;563;49
544;302;16
527;698;22
62;695;38
779;547;30
264;861;19
582;413;30
536;125;5
923;154;11
720;256;50
621;538;2
718;287;7
550;831;37
971;586;20
227;699;44
927;867;43
150;897;35
379;338;45
90;396;18
7;273;13
750;171;29
764;255;2
42;365;11
335;147;38
661;368;42
861;126;41
258;10;10
514;242;11
753;812;4
245;324;28
508;105;21
865;562;44
202;393;3
952;104;13
548;878;49
256;151;48
631;818;13
924;842;23
662;970;15
974;424;43
773;254;50
803;655;25
399;961;15
419;63;38
14;197;32
140;467;32
947;666;36
803;866;15
109;871;48
690;218;10
942;90;41
224;137;8
635;459;27
341;373;38
969;569;22
380;812;23
861;356;21
407;573;16
547;845;34
212;728;3
358;46;25
102;758;20
386;45;40
201;967;4
460;870;25
23;154;10
196;301;48
536;817;19
617;752;11
268;847;9
127;968;13
202;979;40
807;858;15
452;624;48
593;675;42
910;347;17
735;582;12
416;412;24
764;942;19
107;348;41
184;838;10
838;814;19
370;37;46
939;460;31
576;801;10
902;313;9
506;612;38
929;872;41
777;643;50
169;6;34
636;305;35
155;185;19
954;225;10
113;469;10
391;123;9
867;502;39
599;641;44
659;301;36
132;192;6
672;229;40
232;417;15
200;105;48
646;564;42
315;735;10
515;279;31
91;160;27
177;716;21
780;783;2
541;526;8
677;817;11
964;474;20
363;151;6
915;249;38
532;512;17
652;491;32
891;912;17
424;665;43
313;944;41
94;667;35
905;107;11
412;465;50
752;229;35
346;778;10
98;545;11
497;353;45
458;750;11
903;184;11
43;579;42
466;623;19
454;789;18
399;971;1
539;783;14
65;242;9
750;132;12
999;953;30
252;832;10
276;865;41
941;781;20
3;137;47
752;585;23
476;257;30
205;116;19
708;946;25
158;574;26
563;45;30
207;965;18
23;255;26
340;919;16
841;990;5
619;677;37
252;290;29
39;730;43
626;866;50
191;382;23
271;852;19
606;611;20
647;361;50
711;23;30
269;883;7
630;91;25
340;590;31
177;395;46
774;978;34
408;950;38
128;642;41
808;348;27
170;3;35
830;549;6
157;825;18
531;588;22
822;307;29
696;491;30
926;995;7
323;420;20
218;997;22
595;788;48
571;928;6
151;644;13
811;821;13
613;693;32
209;596;31
382;692;6
464;695;5
400;707;6
851;789;42
81;60;19
770;396;30
832;31;4
539;733;48
789;672;41
393;674;13
626;452;6
238;418;40
172;171;9
961;611;44
156;473;45
115;200;35
361;850;33
734;781;15
104;434;17
21;850;31
709;23;47
571;346;44
739;857;23
385;600;50
503;308;21
454;471;17
529;16;49
274;511;22
458;922;17
397;66;29
433;918;26
216;32;11
841;79;5
216;718;50
683;20;35
610;783;2
615;269;33
249;568;36
846;446;43
526;520;14
774;190;4
874;925;27
841;774;34
624;467;33
612;293;31
309;826;29
357;347;28
703;967;26
921;874;23
686;775;16
609;513;37
895;178;21
959;620;2
177;511;42
200;68;27
461;329;13
593;149;46
663;782;33
824;641;19
938;240;39
213;386;12
385;355;28
363;920;17
185;122;12
121;357;34
609;921;41
810;714;44
986;152;35
258;662;13
990;356;17
110;414;38
210;77;34
285;974;34
954;289;48
297;350;4
88;843;22
990;929;18
665;342;27
210;353;28
334;511;30
253;766;50
625;431;35
94;581;1
33;400;14
640;990;35
640;786;33
850;227;39
134;477;36
667;141;8
823;346;6
726;431;35
754;861;22
356;337;1
985;928;40
860;731;39
597;136;27
882;942;3
48;327;34
727;990;47
356;267;44
381;82;42
188;278;49
823;886;37
904;66;27
825;427;41
25;864;41
960;344;27
508;377;14
932;367;45
531;760;1
654;879;16
87;898;18
722;15;24
357;842;40
393;588;37
457;26;4
885;69;17
788;379;30
288;286;27
510;765;11
652;880;2
970;100;26
966;859;20
357;546;6
262;792;28
680;413;45
16;854;29
976;396;14
498;43;11
296;580;45
455;359;27
743;526;19
13;325;3
997;98;14
717;444;47
707;279;30
368;234;12
308;130;1
666;489;39
133;676;13
515;285;14
141;665;18
971;507;48
769;284;8
885;951;18
204;877;26
355;559;16
766;455;21
502;239;35
209;76;18
599;733;22
178;495;9
806;673;34
100;304;22
147;594;49
231;951;9
151;293;6
485;119;5
165;760;30
355;597;21
450;233;27
929;744;5
134;197;34
611;839;46
261;830;49
52;707;18
173;481;13
414;802;9
609;943;37
126;865;43
780;922;50
354;212;5
895;114;22
558;810;43
283;909;33
918;298;21
18;510;11
144;485;22
489;787;49
629;924;24
504;537;29
421;570;6
833;694;12
602;461;31
642;251;8
830;251;30
417;30;45
221;959;23
554;451;49
131;328;7
134;293;40
834;243;1
475;397;38
31;954;45
124;52;20
89;679;42
924;926;27
472;318;22
595;615;49
118;857;17
510;165;28
517;523;8
412;100;11
551;25;48
93;942;33
809;951;18
313;644;12
925;547;5
595;557;27
527;114;28
618;307;37
488;986;35
727;133;3
297;214;28
332;490;17
786;472;37
236;339;36
833;894;13
813;126;28
135;995;14
238;971;27
258;147;2
116;972;41
879;850;13
39;22;41
404;997;41
780;356;43
265;846;25
919;886;11
763;926;34

