1000
24890
6000
100;15
24;16
99;45
83;71
94;24
49;66
7;25
58;47
14;67
11;61
78;7
17;89
9;9
34;72
41;59
7;22
43;26
67;77
78;55
89;8
92;3
31;31
38;78
67;4
77;11
15;29
46;37
4;20
34;47
18;56
38;72
12;18
36;5
67;16
31;45
10;6
9;80
90;91
62;85
51;83
60;37
64;71
28;72
27;39
96;79
9;40
23;93
13;62
98;8
43;79
51;27
37;2
17;85
54;44
28;45
43;69
11;65
40;17
56;30
15;5
27;10
4;88
3;9
81;78
87;78
68;28
88;62
35;15
16;75
40;88
7;83
67;25
34;99
54;29
71;71
32;90
39;32
49;60
55;33
22;99
25;85
76;30
30;29
44;78
78;58
94;25
72;73
50;100
49;15
17;1
72;9
45;51
92;93
6;96
41;16
32;1
33;63
21;8
75;28
7;39
15;33
98;61
38;45
41;37
72;80
60;100
75;14
11;12
38;100
81;52
36;58
81;67
35;64
57;40
30;92
17;52
55;14
47;39
85;50
32;65
22;84
40;42
85;74
2;84
52;35
64;76
73;43
39;94
43;86
46;9
16;8
45;16
73;3
61;62
82;13
34;96
89;64
18;34
74;7
69;52
80;24
50;49
54;100
90;5
41;87
23;39
11;20
84;37
7;5
16;20
97;37
16;49
79;87
99;38
16;31
57;87
100;23
28;69
31;24
19;68
77;89
60;53
71;28
82;71
7;44
32;72
32;6
42;80
65;68
2;93
97;29
70;38
50;46
80;45
87;55
94;25
59;29
6;69
87;17
75;79
83;3
74;13
5;36
15;46
83;58
42;35
65;73
71;28
72;55
52;25
66;10
87;10
14;34
19;38
23;50
74;37
33;35
24;33
76;64
32;23
17;58
98;8
15;56
77;98
95;12
14;10
41;32
5;95
100;95
69;44
20;15
52;4
62;44
20;63
100;93
85;34
35;68
35;68
55;17
72;15
95;31
96;74
51;1
41;17
83;63
82;55
69;61
20;13
94;30
1;55
1;83
29;76
9;44
6;87
6;68
79;40
12;36
45;26
76;89
91;79
96;55
28;55
62;23
19;67
53;53
71;21
44;87
45;76
47;85
36;5
7;1
99;97
66;85
13;7
57;1
86;46
52;27
70;52
20;37
97;34
23;28
38;29
8;27
21;42
53;68
95;14
19;49
4;41
33;80
25;79
90;96
11;45
9;98
17;70
34;47
89;28
96;73
99;71
17;41
72;68
90;21
37;58
1;7
53;56
13;14
71;87
33;42
57;77
96;54
99;81
29;54
4;34
99;25
56;98
32;41
31;59
88;44
21;61
1;59
11;95
41;39
77;8
45;11
34;30
89;45
34;61
68;5
6;39
38;3
43;8
25;57
85;78
93;53
75;55
40;86
25;62
31;27
54;100
15;4
60;39
8;20
20;42
56;20
31;44
87;98
59;60
38;39
83;2
67;3
20;16
65;19
85;96
77;1
26;73
33;12
99;25
9;91
71;77
84;67
86;72
16;65
76;39
14;47
21;6
68;63
26;24
73;42
16;5
45;54
25;30
14;11
60;95
87;41
78;56
28;67
11;41
11;73
18;55
14;95
63;4
97;5
35;32
75;55
9;98
81;54
87;42
91;42
51;61
92;28
5;96
49;55
72;95
61;66
34;29
56;85
96;8
26;77
1;34
39;87
90;71
58;17
92;99
71;28
67;88
34;10
29;21
82;11
75;7
26;56
6;33
87;100
5;75
63;82
98;67
30;9
24;71
80;75
73;27
23;73
38;72
75;19
40;16
27;56
100;76
42;74
12;87
92;72
41;80
84;70
73;67
16;9
18;47
35;15
53;60
58;89
93;8
1;17
64;19
89;13
81;59
65;57
59;87
6;82
65;52
89;99
83;63
91;60
82;98
99;58
8;93
48;25
59;13
61;51
20;95
64;86
72;80
55;25
23;86
90;61
61;47
61;89
38;77
89;97
13;77
88;16
74;62
2;12
50;14
71;20
8;53
78;56
33;38
92;6
68;86
15;85
52;96
26;82
92;15
34;100
82;39
21;25
3;62
51;55
51;32
59;17
100;67
14;37
50;45
43;64
62;12
17;86
31;76
46;40
19;87
25;73
91;37
72;72
23;71
72;100
97;23
37;25
76;71
41;51
5;55
6;50
29;28
65;69
70;50
63;13
53;62
50;37
85;70
79;90
3;68
100;97
1;69
9;18
41;95
49;74
6;13
51;21
94;31
14;29
29;2
83;78
53;73
58;59
79;19
4;39
74;13
31;37
7;49
99;42
81;77
22;84
58;61
88;33
8;3
25;62
19;30
67;70
35;50
76;55
46;60
93;31
35;74
74;33
6;17
43;50
46;63
58;91
89;23
83;94
87;42
93;21
68;55
51;12
28;83
4;77
18;32
31;10
44;7
36;15
87;33
16;42
75;31
100;78
11;66
69;39
11;26
58;77
58;4
23;99
2;35
67;26
43;91
22;39
25;40
54;1
74;22
40;86
36;15
41;42
3;15
74;85
32;77
97;18
91;6
83;80
23;53
64;37
72;50
26;7
52;45
67;50
74;52
81;30
33;93
59;33
26;33
6;84
22;13
54;52
91;4
11;91
62;67
52;3
29;13
47;18
26;38
27;95
44;90
68;45
58;68
66;21
96;61
73;16
54;84
19;96
88;83
71;32
42;96
6;18
72;55
29;4
12;99
11;79
32;61
5;76
64;83
32;66
48;75
31;33
67;48
86;85
64;78
10;10
2;83
83;4
95;73
88;92
65;28
7;98
73;56
53;43
34;72
48;66
11;82
39;86
92;91
31;43
11;83
6;18
27;46
2;24
50;54
64;79
21;69
9;64
16;43
58;73
24;18
19;11
72;18
35;68
3;35
73;95
99;82
5;60
54;8
19;39
91;66
100;49
84;62
3;6
17;100
100;88
2;45
87;16
100;8
6;63
52;26
28;79
22;60
61;52
100;73
35;100
52;35
58;66
78;76
21;59
47;20
29;94
100;32
32;46
7;31
7;83
13;83
4;45
32;9
8;37
8;64
93;7
17;30
88;62
71;69
70;87
11;18
84;4
30;21
65;87
65;16
47;16
51;50
35;25
19;24
47;33
17;39
58;4
92;30
43;88
96;70
34;35
1;79
45;57
48;43
94;9
73;15
38;33
35;86
26;65
33;45
2;58
2;61
73;48
23;65
15;61
76;39
62;74
64;42
7;7
39;98
56;11
76;75
13;31
96;97
35;47
22;41
89;69
32;6
22;5
2;27
89;29
98;13
13;72
65;5
56;72
2;2
26;10
21;93
90;86
14;86
93;7
91;84
28;49
60;78
10;82
67;61
39;84
4;50
39;9
60;48
2;97
93;67
52;81
37;100
30;73
61;89
37;51
80;17
43;84
71;13
76;24
64;18
25;90
54;51
93;66
92;80
74;34
36;77
3;68
28;36
16;14
65;30
86;85
85;9
62;52
59;23
64;13
37;95
1;10
78;1
58;6
94;48
16;67
87;32
50;59
5;71
2;75
83;1
81;52
57;67
48;62
26;96
3;8
63;88
14;37
49;30
87;41
29;49
92;31
3;36
66;35
34;34
7;65
97;46
29;16
81;24
15;82
43;88
89;57
2;76
96;99
40;76
59;71
30;11
50;59
74;13
50;63
8;20
42;68
65;53
38;94
36;23
25;79
98;55
45;1
66;75
34;92
46;41
11;29
17;97
94;71
18;51
63;83
2;34
41;71
2;34
81;33
80;9
44;55
56;90
71;74
42;18
65;47
43;59
66;86
74;3
56;55
26;95
64;40
86;71
2;95
4;89
85;89
26;89
42;80
79;95
76;35
39;1
38;37
79;4
12;62
72;74
88;70
18;55
33;88
88;89
51;9
7;66
94;42
93;96
32;79
41;55
47;61
77;19
59;98
82;62
54;58
56;14
1;62
70;56
47;17
2;100
14;38
55;1
33;21
87;5
54;71
52;10
48;38
55;1
9;98
45;95
27;25
65;6
9;93
78;22
13;35
38;25
4;25
33;6
18;17
9;25
56;2
98;69
16;61
78;46
52;72
2;17
36;75
64;79
46;20
99;90
27;20
96;99
13;80
100;93
75;55
10;44
30;34
10;10
82;34
89;14
36;14
67;7
88;68
41;48
69;66
91;2
58;94
62;63
37;21
19;82
71;33
52;57
64;28
53;98
31;82
65;99
65;58
15;37
39;89
24;86
39;65
20;99
58;44
22;21
92;14
24;10
35;61
72;48
73;40
85;26
46;39
38;11
3;97
14;94
90;97
12;16
34;7
13;22
25;39
60;12
13;51
66;19
41;34
65;54
99;94
40;16
91;83
100;66
34;66
72;20
72;85
42;59
3;13
86;13
78;82
30;5
50;86
66;90
49;9
93;87
24;85
72;57
71;34
54;1
85;79
86;66
34;47
97;70
94;51
64;97
6;1
42;19
89;41
38;56
33;36
97;18
62;354;45
746;945;24
648;163;32
686;666;44
791;693;8
954;215;44
425;143;37
536;728;2
680;381;26
467;788;15
8;40;3
85;256;11
998;673;40
225;567;48
558;702;13
98;53;13
277;6;43
557;489;13
950;175;37
510;111;42
671;732;13
244;608;36
571;256;21
915;160;16
169;977;23
552;163;37
385;612;24
271;244;21
930;19;40
34;386;36
718;96;6
703;550;13
689;232;49
513;823;8
549;599;15
316;451;14
690;90;33
749;341;10
470;738;29
592;316;4
493;55;14
829;139;6
812;328;32
953;604;34
59;940;46
176;901;47
868;300;25
813;659;23
541;488;44
391;751;36
629;676;45
894;534;31
747;78;8
848;183;17
890;334;21
492;404;28
110;180;36
654;103;49
688;318;47
953;63;20
770;849;19
636;100;48
261;450;6
826;244;10
900;627;43
864;998;42
791;919;38
464;367;40
228;125;15
821;892;17
381;70;48
62;856;8
248;855;44
274;810;24
877;479;27
204;115;14
717;143;32
727;354;15
138;638;5
330;712;22
354;317;5
102;446;1
401;371;36
960;447;25
139;124;14
742;741;32
856;963;40
274;350;45
334;916;2
884;409;28
922;453;30
233;514;8
702;252;7
115;500;47
498;879;38
244;335;46
922;741;34
170;74;31
859;407;31
364;413;26
17;513;6
781;392;18
457;175;32
462;7;34
429;626;20
677;703;16
535;768;20
196;970;33
177;743;38
601;36;39
637;208;14
388;920;8
216;936;48
375;959;40
429;7;18
506;759;28
659;226;25
691;383;45
57;155;1
352;754;22
375;957;32
30;639;34
203;940;44
323;435;49
913;475;26
155;807;30
346;802;1
409;587;9
903;555;16
940;417;44
805;595;20
310;823;48
940;859;34
874;997;2
798;457;41
374;847;5
712;972;9
258;340;21
214;841;35
347;764;18
266;343;12
427;270;17
576;423;6
448;511;45
147;68;4
572;313;22
756;709;44
814;754;16
96;243;49
667;591;43
233;971;26
787;92;15
780;395;33
225;194;16
991;768;25
75;862;6
536;744;8
234;367;37
720;511;10
982;788;27
735;105;11
649;620;32
377;206;38
264;193;1
346;831;7
736;32;47
537;521;41
439;618;9
285;681;35
149;30;30
102;140;25
671;246;42
549;243;44
249;149;24
1000;518;6
545;400;33
151;847;49
763;294;37
531;129;38
674;291;37
942;908;32
546;747;6
302;478;36
591;280;4
409;387;30
184;713;27
10;982;23
509;781;46
390;855;47
27;114;29
248;667;18
510;213;1
295;884;43
493;970;7
827;534;43
56;727;8
503;864;3
635;20;25
846;442;2
591;78;4
313;861;30
971;496;8
570;254;40
779;35;23
22;889;10
71;139;28
808;361;45
868;849;9
889;964;32
343;315;14
831;118;45
928;606;41
489;176;17
836;110;13
369;408;4
911;722;2
74;231;41
839;262;39
127;96;44
485;663;13
584;629;18
737;275;26
223;209;23
86;556;8
89;702;5
324;69;31
166;181;5
784;118;40
751;50;49
111;165;18
79;64;4
210;677;5
535;925;10
943;63;44
592;995;36
474;447;37
32;162;22
409;206;13
884;724;49
620;853;10
211;263;10
173;716;38
834;562;3
702;96;9
396;668;38
20;636;46
664;221;42
591;102;46
51;908;47
539;630;27
148;746;36
695;117;26
722;822;30
833;390;8
544;693;15
914;899;14
395;732;23
394;122;41
992;647;49
510;90;36
101;442;5
447;807;36
290;552;43
268;916;25
50;99;47
893;423;8
730;39;32
866;895;49
913;764;1
858;96;33
825;404;29
662;839;30
483;892;6
183;972;26
249;783;46
678;292;23
220;259;35
584;321;20
582;458;37
804;151;2
696;654;4
991;836;23
435;98;22
40;989;1
79;445;27
111;472;29
439;875;9
445;344;21
320;659;11
804;613;39
108;282;21
861;981;26
349;891;13
152;142;43
747;669;9
55;71;47
608;788;14
858;195;9
958;541;44
838;263;32
834;307;49
151;31;40
234;508;18
101;693;1
356;119;43
387;40;1
680;114;24
758;414;36
653;538;46
538;193;33
1000;610;4
58;219;18
342;402;28
183;566;10
690;442;12
730;691;45
221;542;2
462;707;35
233;648;30
20;253;29
116;893;41
829;745;35
421;72;44
272;589;26
637;11;28
70;270;21
709;795;18
194;682;42
77;700;49
224;72;49
806;778;12
986;337;4
194;379;36
524;318;38
580;129;21
406;321;20
810;836;25
60;267;48
595;519;9
785;931;27
186;580;35
150;609;32
929;113;41
460;700;36
368;90;17
231;341;35
147;135;36
482;202;43
397;78;32
619;181;48
2;111;27
538;983;19
83;608;19
938;539;4
344;103;16
93;566;20
463;667;49
981;44;25
452;782;42
871;937;20
403;936;23
526;866;7
695;354;31
489;275;47
459;678;42
685;313;39
306;405;10
357;832;2
929;727;43
679;498;46
590;657;50
746;342;12
728;886;47
66;843;39
46;28;33
415;975;43
778;67;23
20;808;45
691;965;35
565;318;29
686;521;43
955;728;16
516;588;31
172;826;24
649;406;48
109;374;6
58;200;41
207;147;17
391;489;12
368;410;44
421;307;15
66;703;37
71;786;21
421;676;13
837;489;35
577;529;36
137;235;25
37;661;35
688;806;21
236;974;34
830;348;48
271;321;46
364;190;37
471;212;31
346;931;42
920;325;8
601;78;7
38;321;4
712;842;27
305;217;11
686;448;21
565;619;5
442;410;42
551;290;13
725;652;50
221;771;40
99;477;50
548;543;28
277;602;42
801;960;42
435;721;34
548;686;22
811;245;41
768;106;25
862;88;50
923;779;18
77;114;6
981;342;12
674;764;20
450;876;2
651;151;8
258;295;25
507;943;45
688;284;9
11;464;15
795;72;3
669;288;10
869;770;31
41;379;19
542;860;11
774;625;21
723;965;20
128;427;22
143;982;26
661;102;22
94;30;11
169;162;9
898;83;49
547;791;14
163;210;14
238;808;22
489;106;18
957;734;23
557;195;24
282;488;3
357;157;28
459;452;43
952;459;15
985;526;20
816;981;37
446;212;48
566;909;4
705;919;50
766;988;21
422;550;6
349;556;22
282;38;1
61;896;3
981;774;35
240;287;2
282;845;22
224;342;30
556;519;41
53;731;23
208;755;7
13;792;45
323;137;50
99;426;35
366;881;26
31;658;11
620;123;31
889;101;4
754;964;1
961;781;5
343;77;20
567;361;44
628;171;13
10;292;35
33;735;20
997;846;28
169;637;22
392;115;34
422;512;33
478;883;17
550;634;13
546;119;46
862;340;28
112;989;26
656;243;38
694;16;17
820;773;20
970;119;3
295;384;16
987;963;49
354;380;32
969;652;38
426;645;20
604;940;41
489;277;40
959;896;8
358;632;5
658;153;26
581;621;1
298;910;7
792;275;41
957;161;21
126;705;11
38;363;48
857;649;44
775;610;6
345;932;44
551;704;27
41;249;40
725;146;25
749;52;13
958;117;45
364;708;3
739;28;31
683;457;40
766;513;2
712;683;36
507;332;40
837;884;41
635;102;14
328;440;42
114;70;12
360;208;8
359;258;45
515;104;36
126;808;36
901;312;50
386;1;39
525;124;26
352;143;16
801;173;49
805;183;16
991;706;32
91;927;35
61;193;19
930;994;26
281;996;21
894;516;33
128;21;25
330;772;19
309;563;15
404;765;22
793;724;47
219;247;39
831;552;40
757;855;31
273;138;19
652;794;12
960;8;49
64;327;21
734;685;31
64;792;6
826;875;36
712;273;38
795;926;47
693;696;45
861;73;47
257;390;46
875;492;24
975;680;45
704;424;43
605;770;25
172;134;28
909;363;34
971;581;16
975;410;22
313;187;33
935;186;32
80;182;29
836;276;45
313;31;2
641;816;12
561;425;4
41;656;30
276;388;45
135;478;16
260;932;32
124;253;21
701;507;13
351;877;40
147;368;18
187;518;42
553;662;14
685;890;12
593;980;14
683;978;43
5;923;12
798;980;32
110;795;30
263;874;4
790;327;3
643;113;14
338;418;30
342;701;44
819;333;19
144;864;18
968;393;13
727;471;45
542;666;39
873;56;3
73;716;21
555;208;24
608;366;6
58;846;2
417;374;43
735;440;3
155;441;24
657;133;29
807;906;9
989;424;12
121;183;47
65;558;16
93;319;36
590;716;47
338;402;21
164;239;39
871;774;2
679;412;45
596;243;12
373;56;38
64;66;42
108;145;50
780;876;13
681;985;5
464;516;13
141;195;9
889;118;35
976;600;9
666;993;36
693;681;33
448;673;47
661;447;44
273;906;39
97;994;22
10;646;38
143;3;39
681;391;36
419;457;45
82;437;1
122;648;35
235;912;36
251;597;50
916;260;13
479;336;9
74;896;37
6;925;13
527;101;37
619;747;42
107;23;37
406;826;29
4;154;31
943;361;34
569;315;17
46;342;46
871;7;3
293;755;39
374;596;38
944;594;46
106;228;9
107;24;47
77;754;27
397;341;1
618;143;23
895;723;46
387;372;37
497;656;42
106;506;7
341;667;45
189;151;31
665;342;4
596;582;44
729;547;16
797;504;18
313;640;38
23;723;20
93;360;27
382;999;43
438;142;39
842;419;38
398;250;45
951;249;2
917;266;44
231;891;32
889;658;24
228;114;31
831;398;18
4;253;3
772;59;42
23;980;39
394;613;15
907;540;50
91;108;16
869;55;45
932;391;43
249;269;17
729;833;29
996;206;24
295;597;36
316;167;42
400;521;33
658;99;40
780;204;42
95;679;18
255;635;8
240;15;45
989;126;45
8;955;14
974;411;38
733;641;8
771;435;29
224;400;36
672;313;48
527;713;39
777;135;32
795;778;5
845;769;20
692;281;27
779;108;20
558;864;49
969;117;3
471;833;40
719;880;40
95;634;22
709;343;32
150;204;3
342;545;46
817;632;17
786;268;26
271;379;24
423;77;3
501;664;5
477;779;30
594;197;29
497;942;40
821;244;28
474;635;20
753;929;44
194;465;8
857;670;40
992;282;49
443;969;38
105;111;34
485;689;3
717;307;36
777;315;26
85;700;23
715;229;16
720;64;29
383;550;2
208;69;17
347;654;49
297;678;1
475;247;43
563;407;46
26;177;29
606;526;26
940;222;23
383;866;22
454;293;35
235;464;50
961;745;3
221;99;30
575;147;31
14;723;18
434;148;45
819;409;50
43;25;10
229;103;29
219;170;13
37;383;40
89;528;25
406;44;28
269;820;23
91;983;50
773;456;39
890;556;36
406;532;10
917;455;5
827;766;48
318;428;13
56;637;6
600;189;41
229;314;30
671;505;50
999;738;48
339;6;23
312;486;46
432;965;41
803;817;48
106;732;41
444;446;11
674;281;43
789;747;4
182;797;3
256;889;24
599;934;13
854;410;39
704;880;10
660;794;30
253;28;42
355;814;30
48;458;5
713;247;14
403;508;45
845;789;8
702;662;17
820;683;39
402;465;15
628;38;42
509;875;43
88;337;24
986;169;10
819;577;16
567;727;22
785;999;39
391;514;45
990;198;46
121;49;11
870;549;43
208;416;46
759;871;40
468;180;3
126;577;17
475;332;8
488;612;10
653;694;31
924;673;29
822;71;19
675;27;2
138;848;28
126;492;18
245;997;6
141;65;10
513;359;38
919;373;12
180;517;23
200;552;50
942;305;18
405;501;42
978;468;32
263;69;4
841;332;32
845;188;39
690;986;32
108;6;45
482;968;2
851;692;48
22;453;43
669;958;43
363;580;50
854;633;50
481;907;3
876;14;17
688;69;3
105;129;27
272;332;36
878;961;15
85;466;29
501;821;41
62;452;16
867;331;37
925;940;6
667;882;10
338;222;19
148;542;35
179;795;33
614;623;34
726;748;46
922;762;29
455;331;43
493;778;40
125;156;27
346;767;12
333;238;22
510;777;40
177;173;24
870;761;3
365;291;43
447;746;41
279;119;45
431;328;25
796;195;45
519;599;32
817;825;4
919;570;13
892;779;47
217;899;18
176;61;40
410;543;9
188;117;30
49;658;19
915;719;31
339;207;5
110;345;50
360;136;34
175;315;44
516;187;26
825;264;32
330;768;27
203;381;46
343;950;47
852;353;45
400;822;4
231;26;18
34;255;46
702;157;35
88;852;8
682;940;48
247;365;26
572;244;44
176;534;29
255;523;41
321;983;45
856;90;20
954;907;41
323;544;23
842;70;24
778;683;30
914;705;48
628;180;8
464;440;35
326;467;31
539;387;23
200;309;25
176;642;35
993;826;21
913;2;2
840;921;32
754;994;1
865;252;25
696;141;20
816;227;16
324;897;32
809;319;9
57;86;25
573;604;24
714;409;5
687;909;17
918;330;46
195;980;24
922;63;11
202;888;5
131;501;11
425;6;37
654;310;24
651;637;16
237;160;30
802;825;13
290;558;36
926;89;47
703;152;32
882;523;10
757;649;7
765;408;39
640;277;48
786;234;42
60;617;15
898;596;7
537;364;36
530;915;37
554;497;4
447;258;2
211;985;14
849;140;48
163;766;4
884;920;23
590;524;33
554;357;13
431;952;4
476;362;37
460;327;15
30;24;7
747;810;27
12;843;18
548;362;21
49;538;23
971;442;34
41;960;32
331;811;46
412;899;34
827;511;28
669;720;11
246;949;24
14;792;1
205;534;46
118;600;3
867;508;47
54;25;44
397;207;24
644;259;46
998;738;12
480;589;40
599;722;38
533;693;14
999;482;12
778;170;36
705;241;37
166;568;45
521;14;25
43;505;23
92;1;29
57;496;22
998;535;18
81;526;9
966;866;16
933;680;49
815;144;2
60;565;34
195;280;45
78;391;17
872;456;38
883;369;32
450;788;21
243;613;31
913;147;43
418;719;13
899;3;38
558;159;11
616;492;39
526;816;27
77;209;9
196;778;22
338;696;31
102;516;26
741;178;14
601;563;47
456;26;9
151;306;20
571;599;14
998;876;40
183;71;5
571;932;34
694;121;36
970;283;8
497;509;1
430;224;8
655;108;39
155;300;12
327;598;25
286;202;48
11;922;45
687;982;46
233;418;40
549;550;38
145;553;32
619;251;21
61;406;25
445;738;32
779;803;33
296;25;30
99;912;19
551;577;23
426;330;10
125;221;7
26;747;10
153;803;13
945;277;6
957;231;48
227;605;47
244;663;41
987;315;7
350;816;12
628;331;5
239;211;1
568;50;21
931;7;35
912;6;25
530;3;25
834;939;47
807;186;43
826;269;46
217;270;15
94;389;33
519;9;7
705;390;20
228;535;14
366;635;43
675;63;22
949;66;7
448;271;26
938;300;10
784;562;11
808;660;32
741;145;9
550;902;7
660;305;24
705;734;9
573;566;22
287;8;12
215;564;8
131;953;15
244;311;19
990;370;43
267;623;29
683;982;20
465;505;5
887;777;23
505;640;44
711;822;38
745;579;50
187;108;50
216;647;37
874;826;34
707;220;4
81;733;48
994;957;13
260;768;49
437;792;30
435;389;24
404;212;24
487;835;34
393;82;14
748;257;34
866;710;2
108;662;21
700;459;37
335;922;36
789;938;21
437;581;3
709;441;32
90;452;25
202;296;3
364;848;25
397;732;24
929;623;5
273;141;27
49;548;48
984;290;37
63;930;3
350;194;29
146;736;45
623;124;7
174;530;20
400;287;2
636;474;3
672;712;4
167;806;40
924;548;23
134;579;4
940;973;39
405;116;6
461;343;31
677;326;10
764;429;15
732;269;15
370;257;4
314;184;23
328;69;5
615;89;27
892;155;38
952;612;20
509;777;35
527;576;33
26;742;40
947;270;32
729;739;47
390;350;43
651;503;42
650;90;10
325;419;39
939;33;45
280;169;30
790;553;18
368;73;33
215;537;34
548;164;44
35;775;18
555;678;44
557;68;39
801;539;6
340;756;14
621;73;19
129;979;17
976;436;22
372;53;7
540;302;16
967;742;47
596;607;37
887;854;3
357;425;40
756;640;36
4;649;17
511;439;4
41;161;4
817;839;35
116;866;21
555;632;12
558;616;10
323;908;16
582;545;26
378;699;34
254;887;24
471;802;48
370;937;43
118;300;46
39;111;6
858;854;45
927;429;24
213;575;1
912;739;33
543;386;38
245;815;43
353;759;10
516;265;28
145;15;22
298;446;41
840;270;35
669;440;3
816;158;45
525;372;23
349;646;22
518;628;30
169;586;22
978;503;34
606;443;1
446;221;14
781;317;27
466;55;42
840;506;6
294;359;6
282;220;28
94;726;28
741;410;12
695;890;23
184;937;40
640;334;9
710;934;25
362;562;30
76;404;7
582;44;31
364;509;49
52;753;11
784;486;42
301;466;30
617;599;12
756;337;17
363;867;20
14;761;43
988;500;4
252;255;43
788;658;19
344;573;3
210;266;1
129;370;23
9;875;35
441;354;23
376;874;22
752;761;45
286;893;31
330;355;32
542;504;23
550;963;37
281;491;28
390;619;20
846;357;2
11;401;36
722;81;15
790;5;30
795;331;26
259;438;43
543;312;25
413;693;39
285;837;18
850;967;10
813;962;1
484;585;26
41;697;18
915;197;12
794;35;47
1;258;17
757;555;48
36;672;29
894;262;30
400;196;22
426;278;21
121;567;18
450;776;48
358;573;37
875;778;23
530;282;16
697;69;42
942;593;10
978;285;36
194;529;11
59;812;19
475;659;42
291;688;38
206;974;28
400;632;6
561;80;9
112;303;35
592;190;28
936;973;47
280;669;23
484;588;18
510;510;39
89;892;7
661;873;34
900;896;39
75;521;47
617;612;34
407;597;19
55;15;17
161;974;31
483;934;20
347;366;28
159;928;11
785;598;27
199;772;34
813;117;48
281;366;17
416;483;4
497;23;45
692;429;36
135;254;5
54;693;34
899;403;42
912;355;34
494;189;11
757;671;16
854;880;33
92;428;19
177;845;19
435;344;21
139;615;45
714;640;15
516;652;5
261;332;36
392;190;10
294;956;1
30;73;18
194;56;16
582;345;27
435;341;21
270;964;39
976;869;14
295;998;31
725;632;1
383;634;31
206;940;30
4;388;1
137;101;12
783;98;50
358;633;21
227;872;14
791;835;46
625;678;46
110;763;4
575;45;42
827;574;34
531;273;1
547;24;16
874;79;33
90;70;43
995;354;31
337;550;4
781;283;29
135;457;15
371;323;15
643;484;19
951;549;11
83;992;36
835;32;16
594;479;46
508;615;8
458;502;34
678;175;32
229;209;3
621;506;12
552;804;5
69;192;30
220;885;42
572;931;30
871;986;2
185;442;12
658;846;32
707;717;7
980;15;48
765;371;6
446;70;48
186;845;25
205;937;25
712;145;15
492;595;19
901;711;12
337;680;41
392;537;12
639;100;48
608;716;1
973;141;36
243;187;24
730;186;16
610;550;37
214;271;36
528;217;15
49;906;5
774;257;22
296;261;40
370;619;27
314;95;15
577;198;40
233;159;11
390;464;20
656;637;31
493;350;45
531;303;45
458;634;7
101;712;6
740;712;31
437;181;36
806;102;14
98;900;6
775;904;7
517;416;43
351;256;41
565;350;26
149;981;30
68;559;4
750;775;17
359;104;45
193;303;5
158;551;24
601;818;42
897;11;10
84;587;14
780;351;9
832;247;46
937;661;7
490;131;14
472;574;45
488;539;31
85;298;40
776;765;49
77;118;14
284;244;50
396;159;47
498;359;16
24;121;11
151;599;16
5;530;28
826;214;8
912;289;44
776;214;14
733;223;41
741;670;18
645;890;13
506;724;22
846;45;10
695;872;16
1;696;13
150;356;34
605;111;47
63;291;36
232;707;7
561;377;44
74;369;38
386;594;38
439;863;40
567;531;41
419;354;23
215;788;43
858;909;24
842;758;4
165;653;19
295;3;42
205;32;20
780;273;2
671;501;25
300;515;41
93;387;13
517;417;4
930;187;5
575;279;27
399;197;24
213;604;1
228;437;19
882;719;8
686;219;22
581;282;7
387;331;35
575;165;1
203;32;9
576;342;15
278;864;23
107;543;9
806;163;5
888;875;37
127;835;42
219;238;38
298;620;42
183;802;5
589;921;23
265;556;50
404;925;23
220;880;5
270;624;9
195;748;1
820;282;27
830;501;15
592;353;50
864;834;45
413;76;19
490;984;32
496;514;26
392;163;31
456;824;7
460;558;32
859;855;22
615;56;35
742;359;46
797;298;49
977;491;9
702;460;4
618;562;7
880;872;26
394;591;13
215;588;41
541;284;27
249;354;33
288;111;15
723;574;10
875;715;42
61;420;3
180;533;40
425;753;12
556;701;30
151;843;44
188;404;15
461;675;50
246;707;2
749;592;43
777;625;17
19;98;49
702;829;24
247;867;2
759;913;5
102;434;35
334;490;22
456;955;1
741;963;38
290;204;33
400;434;46
443;410;22
524;977;10
994;263;26
57;466;34
12;262;31
563;160;38
943;753;46
450;124;7
209;276;33
849;48;18
382;485;35
496;24;4
52;829;6
219;329;4
276;48;19
716;66;25
960;939;39
757;787;35
793;174;35
942;210;50
13;237;45
814;513;12
663;654;18
642;362;36
864;126;43
475;763;21
533;150;35
557;568;24
523;701;38
382;310;16
596;848;47
146;233;5
989;246;49
262;529;11
14;212;13
749;470;50
79;334;36
967;485;24
46;903;37
97;293;14
163;644;36
12;521;28
104;977;25
5;975;21
586;643;24
376;361;15
334;772;34
793;329;11
826;348;14
173;586;16
100;263;30
376;153;4
273;370;21
387;932;27
336;434;24
615;688;48
66;270;13
481;947;8
770;516;47
209;566;33
754;121;23
665;899;18
652;576;31
910;503;25
774;880;22
102;175;38
878;526;50
408;264;34
300;410;14
744;388;44
185;957;22
757;629;14
444;542;50
128;784;16
662;349;5
908;523;32
634;32;33
742;626;29
18;794;5
847;365;18
18;403;26
199;581;35
176;476;8
112;237;43
367;177;41
588;910;42
964;835;40
191;145;32
432;782;46
133;135;37
943;672;25
151;240;42
249;379;26
84;254;36
860;895;1
72;503;23
691;166;49
286;270;42
902;848;34
824;93;40
41;383;6
244;825;45
252;484;37
28;7;16
543;262;48
183;327;32
898;196;48
331;424;34
839;314;30
881;295;21
365;637;18
34;570;15
155;643;34
120;656;50
347;152;3
907;98;26
265;399;39
933;964;10
125;717;25
54;531;7
239;754;11
58;545;3
346;735;5
258;737;1
436;534;30
690;140;37
257;938;6
126;367;10
263;347;11
74;684;27
834;904;34
481;432;41
152;241;40
822;135;19
890;251;36
256;639;20
392;569;29
221;340;24
66;524;1
614;500;28
503;139;33
813;101;41
251;362;46
22;484;10
57;304;43
867;55;47
944;694;12
340;851;44
244;232;8
258;873;39
607;787;40
186;640;34
554;670;3
661;454;14
110;699;41
215;413;3
95;648;31
351;560;20
214;364;35
914;771;8
119;268;5
503;259;19
71;129;15
565;590;39
990;492;3
905;354;18
808;220;17
126;506;35
60;722;47
207;321;13
505;440;5
367;193;19
372;935;4
94;215;42
655;749;39
646;927;35
329;543;31
77;62;20
451;188;29
399;941;32
349;919;11
24;553;36
263;530;12
101;22;23
598;463;17
121;354;14
95;481;28
736;850;30
742;571;15
671;7;11
808;658;30
425;837;37
566;203;42
49;608;45
567;582;46
146;531;13
335;163;12
203;431;31
241;11;18
938;690;46
614;174;43
569;403;14
987;500;13
476;940;16
459;308;27
408;281;41
254;961;48
911;863;2
62;555;11
489;745;12
376;621;25
896;947;39
310;658;21
385;625;24
201;277;3
244;312;29
486;552;38
499;498;25
513;638;41
827;130;39
436;436;41
975;988;45
659;231;22
495;42;45
392;174;29
891;55;26
328;669;23
899;786;27
95;107;14
119;41;35
899;941;20
759;909;5
291;431;18
6;830;6
700;524;1
792;312;19
200;36;7
551;408;18
771;794;49
5;721;43
797;80;34
924;939;18
195;173;11
892;218;30
284;75;4
490;261;49
449;993;8
563;387;9
534;213;20
798;872;40
56;868;24
931;82;45
767;718;25
193;804;1
26;720;43
896;367;42
586;360;20
857;148;48
941;545;39
300;832;30
914;600;43
480;420;48
240;822;5
386;350;20
534;595;38
346;974;38
768;44;32
647;26;46
583;332;11
56;551;32
883;293;10
363;144;32
25;282;20
489;890;16
377;575;49
598;462;26
410;671;28
135;951;47
618;625;49
686;785;13
59;339;32
615;136;2
296;792;45
469;373;13
849;111;29
170;842;27
730;864;21
464;911;13
279;630;25
432;323;17
986;446;49
498;553;37
100;174;13
660;445;5
236;977;4
287;1000;19
395;6;36
187;975;1
540;944;39
950;542;26
492;992;4
429;43;39
234;654;39
975;200;34
878;998;14
181;368;39
477;905;32
938;811;42
766;465;45
940;502;47
25;930;28
592;432;37
88;413;37
210;288;47
702;455;45
212;864;10
208;25;34
630;642;7
623;468;2
890;462;31
852;595;17
740;432;32
899;591;48
744;280;9
217;393;48
6;840;33
524;610;38
242;586;10
399;322;49
282;28;21
762;140;36
688;599;21
795;212;10
979;143;19
428;792;37
339;909;27
193;431;49
899;323;45
498;374;30
997;788;4
787;511;9
646;67;38
642;975;5
887;738;9
809;231;9
754;171;7
389;675;14
44;927;9
78;89;24
745;313;30
644;631;47
907;768;14
316;243;29
296;831;7
653;250;35
114;402;41
52;44;29
242;759;50
868;334;24
615;637;19
118;253;50
261;723;38
640;620;5
481;570;42
464;947;21
790;919;10
60;495;26
4;99;24
701;569;12
968;133;26
198;794;43
954;398;9
973;187;33
167;404;20
208;541;16
789;541;47
227;245;2
115;828;26
153;610;3
209;261;13
720;35;19
831;474;37
726;670;22
855;225;13
859;450;48
385;684;42
242;490;42
549;715;14
139;388;50
140;209;22
592;457;10
321;342;22
266;530;17
144;79;29
369;892;25
485;579;23
31;882;21
506;688;40
319;408;37
997;174;5
879;920;25
424;859;45
949;689;21
781;580;26
415;770;5
589;644;36
232;128;18
262;532;37
370;596;17
298;593;33
814;750;15
704;735;21
730;226;8
589;554;36
113;180;43
569;101;11
374;605;19
90;10;50
48;259;12
644;286;15
56;469;47
328;351;38
915;318;16
837;306;3
49;365;41
534;507;33
553;368;6
697;957;35
131;997;37
396;358;27
160;23;34
372;691;36
290;745;38
638;801;44
729;431;10
18;435;36
423;208;17
986;224;7
37;339;41
104;875;35
352;63;48
939;476;21
192;5;24
100;313;14
544;228;21
413;796;36
216;142;32
895;993;44
736;871;14
232;823;46
482;169;6
651;64;3
881;779;49
593;487;39
90;202;32
551;140;12
839;323;29
28;604;34
509;340;13
200;597;38
330;448;34
686;923;35
221;319;11
867;364;16
290;423;12
582;123;48
791;728;27
846;295;11
447;40;36
763;211;15
109;930;41
685;95;2
828;170;39
993;947;42
579;810;35
105;822;49
886;11;16
716;196;39
608;760;21
811;56;33
14;268;42
270;837;16
436;368;49
990;884;35
232;393;42
933;628;17
904;240;44
451;191;42
343;615;39
13;863;12
927;356;39
631;455;33
734;638;25
181;997;20
951;525;15
111;55;13
860;503;39
261;773;15
860;728;42
460;83;26
164;120;40
117;618;2
481;290;21
602;834;43
103;746;32
888;136;10
12;264;28
963;291;1
632;612;49
559;391;28
845;341;3
538;766;42
355;929;6
745;978;24
146;932;48
98;744;23
594;349;4
967;739;17
803;429;20
157;122;8
165;53;14
670;30;21
653;132;6
768;246;27
188;901;1
630;472;4
325;892;26
164;383;12
107;699;45
247;651;15
187;179;36
224;876;21
970;122;18
490;112;41
136;878;20
811;610;50
943;282;41
573;64;2
461;949;11
647;883;21
802;19;15
584;304;36
2;265;12
72;383;38
876;984;46
165;568;31
561;937;19
658;117;30
995;9;8
155;519;18
444;860;2
288;78;2
853;481;50
955;574;42
354;104;45
697;183;5
665;183;17
299;695;42
337;761;6
430;656;18
956;873;18
679;72;13
848;613;6
535;174;45
109;211;44
88;881;41
916;692;38
596;841;28
391;918;44
156;479;47
812;876;48
832;516;8
560;451;8
85;972;23
284;753;24
768;551;49
227;167;10
188;148;11
291;587;19
818;674;16
127;449;32
566;669;12
234;250;25
233;128;45
117;680;6
615;851;12
657;277;26
261;830;42
471;529;42
546;430;4
560;455;19
24;190;9
434;548;41
258;538;32
7;714;47
868;709;47
681;790;4
914;674;16
26;445;6
560;581;35
276;762;19
720;657;39
476;416;21
906;792;20
453;337;16
256;366;36
471;849;37
175;882;46
743;154;23
261;738;32
846;190;20
382;257;46
138;891;18
258;640;5
567;682;3
548;533;3
326;525;3
6;729;5
592;765;17
161;718;23
363;326;11
421;146;49
845;187;11
455;254;45
161;113;27
867;979;18
548;990;30
723;92;34
282;873;29
459;806;36
997;135;30
989;873;18
977;483;38
214;282;34
961;663;9
874;195;6
423;329;32
878;746;25
718;724;49
969;973;31
33;915;47
722;134;15
853;135;48
635;151;42
552;369;7
52;700;20
64;761;48
701;271;18
150;325;14
941;268;5
323;581;35
919;900;33
585;996;17
554;566;25
949;257;12
55;274;40
310;619;21
135;537;35
603;405;23
512;591;7
116;422;25
385;994;12
10;150;28
565;50;37
691;996;15
865;174;4
80;412;34
51;194;11
948;13;38
142;439;32
970;938;20
575;1000;16
916;656;11
900;672;33
933;121;27
24;710;24
336;163;50
207;172;1
120;578;46
983;743;49
412;297;15
621;851;27
180;389;24
195;367;11
676;260;50
836;80;29
4;910;9
865;646;48
873;668;43
344;324;48
91;258;34
790;689;33
965;389;46
477;418;5
789;17;40
782;152;32
179;283;1
729;953;44
517;351;33
381;178;22
235;373;15
782;551;7
693;804;10
705;840;34
871;366;27
326;335;19
140;780;30
442;801;11
92;355;43
55;831;32
609;98;9
17;544;30
161;230;9
687;776;12
570;390;30
950;80;20
461;648;34
690;291;41
488;534;32
222;359;21
953;701;41
342;405;17
498;49;8
184;223;50
906;305;15
936;479;4
547;415;39
912;158;49
816;168;41
800;900;7
882;580;43
316;302;12
232;819;30
344;79;30
342;788;49
404;845;20
914;517;15
459;1;23
387;185;9
966;10;5
16;421;36
873;188;24
868;200;22
727;945;36
284;278;50
359;447;7
286;763;16
725;789;10
69;186;4
12;391;35
253;264;15
969;88;22
158;789;49
326;574;39
455;863;37
986;361;19
508;61;49
12;587;32
506;424;32
708;986;1
410;111;37
405;902;1
172;379;12
847;140;18
18;484;47
870;782;19
478;555;11
915;729;46
17;82;27
345;705;15
308;339;18
289;276;11
392;294;13
89;8;41
126;721;20
996;520;47
315;103;35
771;500;7
803;71;18
846;35;48
488;814;2
615;8;28
712;526;48
575;710;50
950;776;32
565;669;12
796;455;38
728;642;44
664;22;4
835;148;7
438;314;17
981;746;30
749;460;20
19;60;36
605;192;18
880;200;1
868;621;26
746;577;8
578;469;4
827;894;14
497;399;34
59;244;50
173;389;29
501;44;48
799;90;14
722;789;43
914;695;41
813;367;23
937;491;31
942;322;46
759;272;15
964;213;34
178;759;44
935;523;44
940;743;28
723;202;24
149;883;8
294;436;30
734;654;42
549;375;7
369;247;6
346;845;9
817;265;48
464;928;39
237;211;10
790;698;21
249;767;39
357;31;46
379;305;9
304;834;6
501;374;48
375;82;7
53;513;9
118;22;9
824;252;40
143;172;27
314;612;37
282;345;20
932;400;1
445;35;41
858;472;47
948;990;45
852;192;19
610;535;31
166;297;30
599;882;1
317;92;20
522;707;44
917;280;38
605;383;30
97;352;49
223;715;12
76;429;33
356;162;44
145;935;28
841;793;37
934;272;34
91;971;49
198;372;40
433;693;29
699;637;33
78;999;37
395;75;23
107;47;2
793;77;18
84;595;45
818;172;13
35;691;2
204;200;6
883;30;14
257;688;23
177;857;26
43;320;26
506;443;20
79;740;26
606;726;47
256;281;3
165;803;15
184;723;4
344;412;6
779;524;16
510;972;18
498;833;13
993;507;21
855;944;26
91;185;10
988;511;19
428;676;37
399;418;31
256;924;25
480;260;32
158;858;20
353;806;42
101;794;11
65;717;10
587;958;15
815;57;28
622;842;37
762;803;28
882;602;19
788;457;41
316;27;36
998;201;8
299;767;20
61;480;49
571;686;30
734;91;35
747;65;7
744;95;1
840;97;47
884;452;38
910;949;17
787;356;18
535;633;1
575;446;20
629;425;31
910;638;31
530;788;36
916;484;38
392;432;30
672;6;45
933;146;18
893;987;10
45;225;29
107;302;8
14;143;46
49;495;6
479;403;36
291;102;41
970;343;21
872;689;47
83;896;31
521;721;5
355;750;37
129;461;22
723;467;23
288;695;27
13;241;12
418;170;24
822;544;1
689;764;6
294;917;48
691;802;17
496;566;17
625;431;34
973;468;4
863;378;1
611;827;39
372;813;21
515;630;41
865;891;4
560;548;18
788;636;2
982;99;44
367;685;41
359;511;50
771;716;17
701;514;19
213;821;35
330;472;19
914;656;39
989;934;7
193;141;4
881;301;23
581;27;15
105;773;24
383;210;21
447;934;18
581;174;43
743;54;20
272;987;10
498;508;8
312;599;18
23;550;6
220;212;31
912;700;42
95;988;32
831;253;11
225;642;40
525;65;31
325;213;34
378;971;24
134;712;41
194;76;40
33;728;44
558;834;39
273;495;7
520;473;40
224;262;4
3;623;7
826;708;28
146;599;28
480;611;37
961;418;18
250;628;30
673;67;1
668;604;8
635;750;50
204;546;20
314;466;44
351;241;48
575;830;30
534;113;10
506;425;30
449;843;39
775;518;8
243;916;17
794;739;39
435;656;16
577;290;25
776;362;2
87;151;17
839;337;41
786;791;28
625;127;40
665;251;26
177;69;34
633;11;9
744;197;12
811;793;9
747;15;1
351;394;30
739;241;14
578;677;18
89;331;4
692;719;46
247;361;8
623;232;20
968;270;23
940;468;43
244;611;30
304;76;4
76;636;5
64;583;38
701;897;16
60;796;36
854;852;24
697;938;5
332;584;35
715;895;18
808;822;50
567;111;4
513;719;25
692;289;50
198;997;30
335;309;37
894;412;42
665;255;23
697;720;36
603;179;38
144;794;13
358;245;22
146;299;21
947;615;48
875;263;10
895;365;3
304;163;49
392;186;43
211;497;12
399;542;10
432;127;13
361;778;15
139;568;23
541;103;7
95;699;47
166;437;34
628;790;5
666;607;46
710;438;6
418;335;5
444;467;4
710;411;23
137;204;43
173;455;12
40;549;22
641;899;42
133;94;34
510;811;19
191;211;6
326;521;42
829;85;32
728;5;35
669;363;10
75;687;16
720;7;3
515;921;47
584;753;14
563;444;40
907;545;47
883;910;44
923;743;11
437;67;1
797;546;48
269;286;38
173;885;6
246;416;18
988;513;29
477;995;35
877;381;26
641;536;18
962;182;1
765;927;26
877;368;39
176;12;45
340;908;45
903;534;48
888;199;12
626;986;17
496;895;8
227;443;44
297;249;15
837;80;2
385;496;40
764;213;21
490;171;21
294;773;19
634;973;40
420;230;23
750;717;7
180;790;49
852;575;5
407;999;25
395;888;49
540;514;32
213;700;3
373;730;39
63;141;42
846;667;32
150;299;14
681;93;16
605;265;3
749;50;24
800;295;6
414;807;32
197;117;2
11;542;25
371;539;37
577;745;43
478;113;29
811;80;38
900;124;14
505;27;35
153;416;1
953;270;45
761;133;31
131;808;23
844;950;38
13;474;23
571;700;28
801;88;34
175;293;38
366;982;9
896;834;16
722;866;13
150;568;5
937;47;45
684;96;39
533;484;19
388;246;40
33;187;34
298;765;8
694;927;8
824;87;40
537;849;8
203;213;25
883;659;3
639;148;32
469;732;2
211;205;45
623;131;5
190;841;23
528;995;47
684;961;7
909;541;15
282;781;19
487;600;2
593;823;37
217;482;1
494;145;7
698;146;36
488;829;20
143;181;14
912;199;36
59;777;26
540;893;17
375;650;13
873;10;14
912;55;17
804;538;22
136;94;2
383;643;25
219;182;47
709;947;21
608;750;41
649;123;10
746;393;24
680;685;25
685;886;21
647;763;14
81;331;31
73;973;39
189;720;49
315;952;2
564;630;48
908;91;18
170;158;30
904;493;36
577;633;12
717;643;30
458;69;31
309;960;41
242;10;24
172;974;25
450;47;30
918;742;42
673;675;33
282;790;34
17;884;43
968;74;24
485;764;31
852;94;39
802;941;36
735;352;28
401;669;42
441;768;1
923;406;15
709;808;3
4;639;2
138;937;45
843;878;8
561;973;39
644;950;20
247;120;1
672;837;46
770;92;40
364;349;37
377;13;49
637;418;1
839;602;15
277;14;10
961;269;27
722;79;7
101;494;16
769;276;7
323;834;11
853;659;47
764;54;26
459;703;16
959;655;21
334;475;42
614;157;10
483;756;17
989;361;37
536;589;41
485;705;29
606;671;24
947;498;45
451;26;45
944;386;39
819;397;38
534;992;6
15;974;39
657;782;44
393;626;24
10;827;49
818;230;18
743;937;48
820;468;29
279;755;9
905;597;32
267;265;25
638;171;18
56;681;10
765;676;24
337;160;30
363;46;47
962;773;39
421;861;46
806;954;21
566;834;6
575;365;39
761;932;22
440;798;23
848;730;13
533;806;29
150;842;12
782;434;1
215;734;30
775;107;4
692;566;40
85;390;2
227;665;28
359;755;37
517;441;28
44;649;10
660;635;3
38;71;4
192;765;17
637;338;50
88;255;7
912;90;21
459;515;25
817;791;38
169;859;40
32;66;37
231;87;15
358;1;19
227;498;10
540;99;4
917;17;40
632;624;34
716;616;20
566;884;42
581;74;8
857;451;17
494;409;17
392;169;15
655;960;48
151;231;27
158;278;15
897;584;7
122;855;27
897;888;36
15;758;20
849;208;18
914;821;15
685;260;19
1;597;8
766;331;31
398;57;36
881;676;24
827;987;19
682;725;3
15;480;45
507;894;5
553;387;17
555;149;9
428;116;21
760;590;17
823;742;44
86;689;20
353;523;6
94;75;46
43;956;5
727;87;33
1000;57;13
903;5;22
241;576;13
744;407;5
112;930;5
650;531;43
585;301;33
373;500;42
642;184;30
207;971;9
492;584;48
441;722;4
417;260;31
559;546;32
229;19;12
560;954;18
945;835;32
102;227;4
226;571;31
529;424;32
760;191;26
671;44;3
330;919;2
982;126;22
408;376;16
210;715;29
97;718;36
219;554;8
327;175;2
28;319;16
966;363;28
704;820;28
701;406;1
219;74;27
7;656;17
68;466;25
740;734;21
565;253;3
811;117;15
807;829;9
190;709;13
572;251;48
70;19;2
890;877;47
879;699;15
376;127;30
82;370;21
991;559;24
699;73;27
874;129;31
505;931;37
568;455;41
2;558;45
488;347;49
840;218;16
654;377;48
64;622;14
393;218;5
678;516;9
975;331;11
424;345;13
375;984;32
338;113;28
604;893;19
32;4;48
644;790;3
170;502;7
749;424;28
64;71;9
219;158;40
441;410;43
730;773;26
43;987;27
748;61;39
505;899;17
49;5;38
816;46;19
828;359;8
159;517;28
758;63;28
577;798;2
46;37;37
684;903;47
819;135;25
66;584;43
442;193;46
775;473;2
669;26;30
822;923;37
665;58;19
401;885;33
263;894;29
195;828;11
706;274;17
746;561;50
766;503;20
917;984;13
188;892;22
448;543;47
121;453;30
39;544;32
968;235;32
14;266;21
780;89;48
389;485;44
907;845;30
304;101;5
841;879;42
319;425;1
565;854;45
253;825;17
371;614;29
400;951;40
377;361;8
351;299;38
15;531;46
540;928;19
393;544;13
108;560;34
192;500;46
823;114;1
77;973;3
392;966;39
422;489;29
297;390;22
81;193;40
618;920;15
307;109;47
560;741;35
144;97;31
291;6;43
12;387;33
326;438;36
192;648;12
526;263;34
855;13;3
713;712;45
124;310;32
33;716;5
710;774;9
480;24;13
144;144;31
186;618;46
688;207;9
106;639;13
205;481;48
341;315;3
271;375;49
827;19;24
570;102;49
107;682;40
123;252;32
287;143;26
762;23;25
885;210;17
529;911;24
217;977;35
792;297;18
726;714;50
40;917;21
357;383;36
996;808;20
679;758;32
713;832;10
304;710;15
240;49;9
125;741;18
961;196;35
161;839;1
852;885;44
838;907;23
509;494;28
40;55;22
746;465;11
633;411;10
650;624;44
789;435;31
775;626;1
603;219;44
840;80;21
347;893;31
823;950;24
598;44;41
537;166;18
603;55;17
684;629;40
253;716;27
339;925;19
44;42;24
491;62;24
67;810;7
479;169;27
64;955;29
523;294;32
722;94;14
244;976;8
714;682;48
778;354;49
791;354;1
732;604;7
538;127;20
902;61;36
932;328;44
506;364;6
267;498;33
734;205;36
790;809;20
981;43;33
659;126;35
850;712;45
141;200;12
597;553;4
393;699;33
862;179;17
211;418;22
720;958;17
829;269;1
806;755;34
475;570;22
328;846;44
641;718;22
318;892;2
380;189;7
101;102;47
173;964;2
698;614;39
70;959;14
906;773;44
207;87;3
212;455;43
25;968;22
405;79;27
873;547;7
471;211;21
126;566;22
295;363;34
764;493;48
360;360;41
990;112;39
77;813;16
906;340;34
140;782;32
31;565;7
386;990;21
281;815;37
690;891;1
453;335;48
387;503;5
51;630;2
629;260;11
757;648;46
189;414;28
514;319;44
598;927;15
877;878;50
94;712;23
80;406;5
548;13;38
792;894;38
70;901;14
412;865;16
281;172;23
574;747;8
416;913;19
440;967;12
195;234;5
786;98;14
314;47;44
328;91;11
68;950;11
147;643;38
814;9;15
244;90;8
846;480;1
220;158;6
564;947;39
566;638;38
727;337;18
288;416;43
965;735;50
903;917;10
973;564;11
237;848;42
846;73;32
611;834;16
237;547;26
186;219;23
838;826;9
981;262;8
222;470;20
636;768;5
908;539;47
261;420;40
597;902;21
635;568;34
681;272;24
237;424;2
966;623;2
890;862;33
71;725;27
322;194;45
518;147;49
276;87;16
300;613;10
767;243;48
31;124;44
161;295;23
990;93;44
93;739;28
729;977;19
737;80;28
772;240;7
655;774;4
57;241;6
904;319;34
93;300;20
241;203;8
697;84;34
40;517;14
289;530;23
744;544;8
668;902;29
174;695;17
644;636;20
900;855;35
515;35;45
324;263;46
258;249;28
243;118;14
347;160;21
921;783;26
639;492;43
226;364;13
122;248;28
139;251;3
318;100;47
265;323;29
706;100;23
333;351;15
809;876;40
260;30;48
378;693;17
426;542;30
941;694;3
662;396;20
658;162;18
760;578;25
664;470;16
421;470;10
234;755;12
498;818;44
213;239;18
217;576;9
745;41;28
632;34;23
760;124;44
363;884;17
698;776;4
973;217;25
413;454;6
478;74;26
176;410;32
268;148;11
698;654;31
629;51;10
355;818;37
287;968;41
36;656;45
929;803;47
947;714;26
4;557;9
935;188;19
980;590;1
826;441;17
685;495;32
631;176;22
231;691;34
55;492;32
379;775;24
643;838;7
725;94;50
573;903;35
983;439;44
896;383;3
787;289;15
394;729;35
910;395;21
187;50;40
500;66;12
500;674;8
264;971;12
592;212;48
333;71;28
351;882;10
549;293;33
624;517;29
690;573;9
746;512;18
531;968;45
263;915;32
210;656;4
80;547;34
167;972;34
266;190;44
62;44;30
154;56;42
343;366;33
231;481;17
874;906;16
370;25;32
841;279;33
134;897;6
501;54;39
843;238;34
115;965;24
974;29;32
275;885;9
29;691;50
518;554;37
178;705;43
837;811;36
829;990;21
505;1;5
841;535;11
58;234;34
578;451;21
695;759;37
460;403;13
652;158;17
955;918;46
101;623;5
18;946;31
97;845;37
580;525;21
83;246;31
351;904;16
69;836;13
304;751;23
965;782;15
75;428;30
489;196;32
640;149;46
102;311;35
582;690;43
26;699;25
130;452;13
881;399;24
153;708;49
528;759;7
206;980;40
461;971;20
456;972;29
937;573;18
762;287;34
843;206;8
219;161;30
506;143;44
782;346;6
86;151;13
507;677;48
745;555;17
738;66;18
599;216;7
193;984;49
666;671;19
444;611;7
355;898;19
801;828;2
149;2;13
679;106;1
739;852;36
46;918;24
144;566;44
669;812;34
687;570;15
239;12;2
398;842;22
45;332;47
262;74;6
974;480;49
660;539;33
913;366;1
918;451;42
633;712;18
668;946;5
478;307;41
764;16;39
873;536;39
584;161;42
599;609;12
335;928;34
160;199;35
85;358;17
572;406;24
886;488;45
559;578;22
713;849;12
868;617;48
740;641;25
13;112;31
562;450;28
827;637;41
693;675;28
139;905;2
748;419;12
957;11;23
479;300;31
260;556;21
567;141;44
705;722;11
271;323;5
834;662;24
836;46;5
625;199;25
149;581;7
490;201;19
650;719;44
702;420;43
270;561;9
345;696;11
409;596;37
569;325;11
741;631;33
816;773;22
530;580;20
52;350;1
7;379;7
954;75;10
793;368;32
176;411;12
337;473;29
543;750;14
592;440;3
320;683;48
503;553;46
808;860;42
393;808;7
356;36;11
258;522;34
658;279;1
984;761;15
976;164;34
958;843;27
455;729;15
3;60;33
995;857;12
335;117;16
167;156;9
287;801;28
740;606;8
102;46;4
134;60;44
313;333;11
807;563;40
693;487;46
463;202;35
93;58;47
303;391;23
932;517;2
517;911;44
86;16;22
580;997;5
750;316;3
722;443;20
76;680;45
899;849;45
252;232;28
248;800;8
755;409;37
349;381;31
637;367;43
844;559;11
69;307;36
120;404;41
144;849;2
858;422;25
302;384;7
419;946;34
895;320;41
627;627;34
168;499;27
510;254;15
992;426;44
611;560;21
363;352;24
967;894;24
498;620;6
911;580;21
75;986;35
623;421;1
650;849;11
108;947;13
190;219;40
203;996;1
744;825;13
394;483;49
848;326;15
983;466;49
730;445;47
822;43;9
981;953;46
189;289;37
388;599;8
679;697;3
82;973;15
293;239;17
353;495;20
1000;504;12
209;71;36
461;605;34
449;825;24
275;707;32
808;144;12
496;664;10
896;339;36
326;433;47
516;904;2
379;522;33
881;882;20
903;998;14
735;354;37
218;524;35
421;189;12
835;675;22
267;728;8
698;698;20
938;337;8
428;778;30
754;670;32
801;499;27
899;132;3
504;713;8
708;924;4
824;428;7
465;294;10
590;385;25
508;629;29
201;744;39
877;795;14
851;131;17
759;516;28
564;615;12
482;764;35
898;711;18
818;550;22
708;303;44
378;283;48
466;106;28
96;394;35
79;987;10
893;638;13
257;619;48
229;500;49
444;783;42
912;27;50
406;457;31
129;25;14
181;821;46
108;540;17
333;660;48
307;768;28
629;825;40
81;365;17
787;583;23
738;98;14
426;281;36
70;627;40
957;221;5
626;556;7
695;223;30
745;932;28
269;548;33
341;930;41
774;125;34
413;749;13
308;271;42
104;657;15
858;759;48
363;992;23
554;153;29
73;477;37
618;170;31
490;992;18
265;518;30
375;451;47
321;320;28
833;827;4
198;810;26
943;536;5
648;671;29
5;236;10
661;756;16
947;77;8
706;735;29
29;971;39
975;677;47
766;616;14
539;51;13
242;635;47
123;947;37
739;63;20
173;47;6
212;286;49
671;682;17
724;700;31
128;121;37
936;768;17
113;297;49
999;359;42
420;11;49
45;22;24
743;330;2
475;125;31
349;933;2
829;722;19
655;538;13
137;836;41
315;63;33
184;461;2
700;160;34
358;199;38
268;836;24
267;152;14
278;987;15
613;605;30
927;875;34
872;720;9
444;300;27
769;936;48
343;8;29
695;173;12
601;857;18
233;941;8
610;353;21
794;318;28
400;723;48
637;303;14
444;923;38
357;820;32
854;895;33
421;96;12
724;906;17
700;792;41
746;264;17
250;502;16
257;48;2
102;971;37
716;398;3
309;197;37
665;262;39
111;562;36
791;935;18
92;247;15
111;702;14
795;842;26
916;435;50
403;556;6
249;585;45
190;639;15
254;781;25
615;48;19
850;189;7
328;60;39
931;285;8
247;953;26
569;839;9
989;143;47
901;346;15
828;761;33
678;871;7
843;732;32
933;236;31
39;134;30
941;354;44
20;211;33
297;976;8
122;803;15
779;673;40
267;624;26
858;4;5
447;419;14
945;743;40
482;982;4
397;146;9
518;306;7
56;296;8
537;512;24
316;1;28
627;608;9
66;277;46
651;757;37
536;918;39
628;307;21
841;389;14
98;942;6
581;777;16
273;687;32
824;614;50
419;422;40
330;564;8
516;165;40
571;50;2
532;365;28
308;182;36
208;862;15
93;629;27
49;530;49
566;957;45
23;474;50
605;723;38
157;149;15
495;674;13
276;337;9
613;183;22
661;46;50
560;294;45
432;14;8
392;414;3
264;452;12
728;537;31
192;483;29
23;347;46
931;660;48
750;459;21
220;485;16
855;804;38
793;325;48
963;539;22
339;261;19
553;818;18
534;982;46
634;412;43
314;351;20
951;686;35
220;204;33
437;840;29
4;907;48
886;296;20
895;754;36
133;796;47
236;38;43
686;162;38
642;302;35
486;763;2
47;437;21
282;810;10
908;701;2
444;830;36
373;749;43
838;852;41
821;219;33
678;184;6
14;626;7
779;598;31
178;187;41
654;343;9
338;578;34
281;502;32
464;254;48
154;158;14
225;421;21
977;775;8
300;819;8
610;95;26
554;372;6
989;810;18
192;715;19
174;526;11
672;666;38
590;559;31
722;670;30
332;89;33
855;556;14
776;10;35
182;423;8
435;434;47
220;608;1
205;963;36
651;191;22
863;886;47
555;429;38
283;135;34
259;538;37
1;560;45
98;72;5
716;187;21
252;804;26
226;727;48
283;158;35
434;56;36
3;70;28
716;134;11
664;635;41
540;792;19
552;394;49
614;129;28
240;262;18
921;487;19
324;399;30
426;20;40
943;583;30
239;165;46
846;611;41
636;255;5
42;286;47
999;560;20
900;443;36
586;909;7
255;633;24
48;559;10
175;593;4
27;428;35
980;457;33
325;466;27
687;515;10
493;102;44
463;106;8
653;134;49
861;475;34
423;998;42
915;894;5
974;581;17
615;263;42
103;918;49
811;565;1
174;434;18
141;598;47
729;757;1
407;75;17
887;379;22
987;12;30
997;54;49
109;557;11
878;375;12
279;539;48
636;458;44
370;89;50
479;791;26
361;136;32
567;959;45
541;610;7
896;483;1
66;631;27
716;369;50
933;902;42
719;601;35
300;883;7
486;423;3
857;300;6
689;187;23
825;572;6
592;225;25
894;612;42
298;953;24
376;550;27
102;180;2
519;757;32
171;737;13
465;963;42
944;15;34
405;630;2
124;648;19
801;366;12
20;855;18
870;809;47
191;426;24
785;701;44
550;431;32
90;866;31
349;276;30
791;772;6
561;632;20
369;48;3
545;243;42
671;828;45
305;718;17
150;281;3
647;198;49
569;405;42
501;281;10
286;421;13
828;916;38
490;115;11
295;182;42
281;657;26
801;799;9
565;43;29
118;671;25
319;545;2
199;894;24
894;900;26
988;106;37
388;173;16
908;65;43
857;869;31
567;151;39
54;647;29
104;930;2
455;586;12
943;604;14
405;577;24
231;857;4
645;471;15
128;886;13
894;341;50
848;603;30
160;223;46
294;142;4
797;413;2
908;303;38
921;326;14
373;238;7
182;841;44
410;271;12
889;777;48
92;343;17
296;47;18
447;174;44
72;903;43
894;577;29
166;254;21
403;435;30
801;760;40
929;246;26
322;827;24
733;409;5
898;235;44
482;674;47
647;197;49
264;488;24
539;902;6
198;947;30
26;212;30
775;285;31
636;358;20
220;2;23
989;213;33
492;363;45
659;862;30
174;243;3
697;57;46
110;924;16
809;652;43
647;263;40
727;604;42
391;151;13
320;806;9
767;891;18
322;954;38
517;375;42
636;460;8
347;125;45
492;267;47
313;820;47
379;326;15
847;331;15
650;832;18
618;697;46
410;797;29
14;423;42
374;270;4
5;427;32
397;639;11
281;131;35
744;737;43
46;377;39
738;748;34
763;749;28
169;27;12
831;462;13
355;310;25
966;992;24
125;330;32
65;760;41
351;277;50
791;23;28
859;999;37
480;146;10
708;639;4
629;871;34
235;43;21
616;965;21
747;734;18
567;319;38
796;101;25
92;215;32
1000;915;11
500;246;28
129;639;8
247;831;19
805;463;23
188;130;20
46;744;48
884;534;19
842;178;38
588;497;14
779;930;13
47;410;12
331;181;34
304;358;21
909;196;17
318;520;36
581;434;50
658;33;41
197;402;31
538;710;22
766;483;46
167;163;8
463;65;36
479;420;15
953;415;35
425;525;5
360;64;14
523;334;25
891;888;33
168;885;35
756;16;4
906;768;2
421;138;27
938;852;50
970;356;17
399;477;11
559;798;22
474;414;36
525;597;32
191;885;4
749;387;7
576;53;6
359;202;36
993;637;44
928;591;3
903;516;15
350;678;37
309;631;34
429;434;44
254;959;17
485;955;20
154;828;33
829;607;23
951;244;31
161;336;35
234;643;12
361;499;6
956;20;9
155;628;40
271;504;20
25;840;27
102;888;4
614;666;25
646;911;47
534;896;36
857;68;35
919;537;38
20;668;21
51;976;22
565;57;7
907;605;1
123;117;50
62;795;26
251;69;50
370;246;37
897;824;19
421;549;30
529;998;16
345;187;5
222;913;39
789;319;3
979;972;13
173;756;45
696;570;12
340;662;43
919;677;40
795;250;35
380;711;25
692;163;14
435;845;14
3;545;38
702;71;37
359;608;33
604;513;29
47;680;33
820;837;6
659;210;31
242;301;16
857;774;39
19;84;6
940;234;4
229;417;36
848;413;6
644;640;12
687;662;12
915;186;7
344;954;30
325;179;43
976;208;2
293;580;3
205;411;35
540;301;5
430;979;27
370;723;38
89;253;47
571;952;39
447;15;25
251;270;7
424;155;49
91;513;24
480;187;37
411;71;25
380;212;19
651;22;1
64;890;22
523;694;29
839;802;41
915;266;40
437;542;50
224;880;48
831;757;15
300;466;24
551;701;30
8;774;3
203;618;3
656;389;17
23;601;33
713;351;42
644;102;32
112;628;47
356;52;9
701;729;3
535;495;5
498;344;14
365;717;29
878;426;4
335;544;19
327;961;9
74;890;1
130;524;18
751;798;20
389;307;31
917;171;21
492;463;1
534;532;18
422;260;14
54;48;35
551;752;4
484;608;40
726;689;45
916;128;48
167;870;47
786;952;47
74;110;36
550;806;18
246;373;30
55;909;2
123;733;46
585;385;13
744;67;30
413;999;16
4;831;25
307;616;30
497;408;39
669;286;27
566;614;42
711;515;3
154;170;10
30;148;22
257;632;32
302;854;18
618;736;5
959;564;49
167;762;20
832;331;39
768;203;42
284;630;27
946;736;5
510;448;48
359;820;37
823;433;3
306;159;50
905;28;22
512;977;10
994;450;37
71;696;6
286;749;6
427;109;38
683;18;13
909;717;5
233;346;21
699;770;50
699;276;27
903;834;19
419;412;26
984;638;2
60;628;22
828;354;24
497;9;24
62;552;32
806;44;38
254;820;33
115;416;7
315;526;8
69;936;48
801;490;31
461;480;27
919;252;22
665;722;27
312;509;43
789;18;4
204;931;41
874;904;50
235;503;47
186;567;11
381;779;29
712;42;20
644;373;3
254;795;38
868;494;9
428;41;29
553;632;32
112;616;42
380;163;43
870;857;26
339;936;31
761;224;50
654;436;6
115;367;35
604;621;49
16;34;44
775;829;36
329;790;36
415;883;40
284;653;13
295;474;15
97;28;35
160;608;16
630;666;50
493;388;24
289;282;15
661;115;5
800;811;13
255;799;18
844;146;14
388;684;48
398;193;8
574;707;31
808;73;28
227;179;38
96;811;25
774;493;37
355;612;15
494;655;10
649;34;41
724;153;6
746;592;8
728;952;39
144;975;19
614;466;3
89;683;19
784;121;19
466;47;32
357;758;4
958;655;23
742;82;26
690;274;48
273;939;29
104;687;9
231;221;37
440;502;19
160;163;36
195;479;27
435;806;4
179;990;44
65;865;44
361;169;41
874;279;13
190;324;48
14;973;29
918;510;1
401;976;31
621;781;32
435;417;13
131;207;29
33;738;13
693;439;1
315;550;1
506;7;6
20;562;9
602;889;11
466;561;28
272;519;41
438;482;2
802;312;33
948;455;28
649;119;41
372;466;8
568;401;31
681;393;35
372;845;49
196;48;5
322;137;37
255;588;21
601;488;20
878;11;31
827;763;7
901;588;2
712;662;25
529;332;38
54;624;37
547;929;26
188;62;49
964;938;46
49;132;22
721;74;23
795;717;47
685;122;34
972;327;49
774;991;46
811;551;5
656;464;43
67;281;34
620;799;4
724;185;46
668;684;33
3;479;27
954;540;9
236;842;32
692;331;30
900;275;7
672;301;39
601;727;8
171;555;27
586;608;39
189;447;37
494;285;1
450;98;35
280;691;50
540;8;12
502;392;36
548;261;26
587;774;33
533;720;6
278;674;43
737;432;45
968;799;39
247;477;32
474;143;22
231;182;46
339;807;5
946;387;12
775;510;17
157;854;11
796;77;30
194;285;20
16;425;33
835;616;21
270;96;41
391;444;26
735;821;42
779;484;11
638;211;16
842;730;31
162;237;32
819;566;49
462;492;35
201;691;33
416;120;22
27;608;9
548;230;16
963;904;49
151;418;7
834;739;18
307;517;47
967;872;14
283;152;39
774;219;33
941;528;44
719;732;40
324;557;35
552;622;1
10;601;29
217;526;43
13;328;6
710;841;28
489;337;35
173;151;21
781;464;4
611;600;24
425;583;20
355;875;32
924;688;14
201;856;4
164;215;9
915;546;5
196;548;45
319;235;28
568;752;37
632;636;14
393;845;13
423;543;39
562;575;1
822;769;50
319;33;9
815;995;38
768;903;46
383;572;2
286;707;19
768;151;31
107;202;20
605;859;32
125;521;36
395;31;1
14;570;45
289;837;11
960;204;45
271;380;20
527;49;39
330;15;30
39;713;31
680;776;37
384;192;49
841;244;37
749;182;9
834;380;3
81;555;13
329;615;2
210;881;44
605;697;19
620;511;28
222;529;36
640;749;6
894;602;32
176;832;9
610;727;33
839;537;27
208;521;2
272;137;33
980;151;23
618;521;48
142;994;4
654;142;14
39;536;14
188;565;1
836;206;40
597;19;7
5;483;11
588;979;49
9;818;25
917;890;14
18;376;25
734;155;41
575;166;46
543;123;46
439;132;3
706;802;9
849;905;2
88;319;8
16;502;4
805;989;27
697;987;50
90;879;32
962;696;8
963;532;9
765;707;22
86;7;10
716;578;16
487;521;25
925;727;1
53;674;28
361;817;42
618;651;40
179;595;22
941;281;46
175;903;20
255;827;17
382;633;40
121;796;7
96;764;34
544;467;19
547;135;4
33;500;29
851;297;30
186;638;35
442;390;35
1000;917;40
126;957;48
140;632;18
1;567;22
651;636;49
714;232;31
566;666;37
344;993;20
527;433;5
386;125;27
388;66;40
570;486;23
643;891;42
322;36;4
938;366;9
148;899;29
416;349;4
402;627;26
621;769;9
207;551;38
650;472;27
161;46;4
649;398;25
849;645;14
644;481;33
513;806;35
794;116;30
410;969;45
4;416;30
615;756;20
372;85;35
664;533;38
69;782;2
349;857;5
397;16;11
495;867;24
252;348;20
787;914;40
46;929;13
402;69;38
447;402;30
954;176;47
228;872;19
14;603;12
92;61;9
801;62;32
384;505;48
726;278;31
15;180;9
32;752;12
712;206;23
483;425;30
117;922;42
369;715;4
113;986;7
478;286;24
313;322;5
937;85;36
253;365;6
627;674;14
170;562;13
635;188;40
314;175;2
953;475;9
169;657;36
935;633;21
687;200;20
498;468;44
640;721;3
239;85;14
641;537;16
557;211;44
727;673;3
808;876;21
724;522;32
734;498;17
338;881;9
432;400;16
917;735;48
759;657;33
925;842;11
217;324;31
251;120;46
574;44;35
759;234;9
369;490;47
45;293;7
146;440;21
957;546;4
173;327;15
566;316;23
811;817;46
237;428;35
961;90;6
260;656;6
189;775;29
596;892;40
141;484;25
544;855;41
961;662;24
362;466;22
311;970;23
216;207;3
40;748;35
970;849;37
984;719;21
608;516;20
861;564;14
422;335;28
941;269;23
839;402;48
614;49;38
911;426;45
611;546;31
820;387;47
935;223;31
340;883;32
975;920;26
553;788;19
395;931;28
224;66;20
257;573;4
536;58;7
416;826;47
718;918;41
675;337;28
73;251;25
702;222;24
169;119;9
723;215;36
597;204;23
836;588;19
676;761;8
114;964;48
700;574;47
55;915;35
26;152;40
711;579;19
587;244;17
727;935;2
918;115;24
836;570;34
649;461;24
203;358;5
35;645;3
496;673;33
874;444;15
158;705;39
342;56;2
897;227;35
934;146;3
912;350;17
385;475;18
335;162;40
334;185;31
272;347;22
822;399;24
701;245;27
200;61;7
453;140;2
4;638;48
531;506;41
758;692;41
619;844;29
907;686;2
851;939;21
877;693;25
931;904;42
536;86;41
522;477;13
896;870;33
550;440;21
729;610;6
305;324;26
433;554;16
371;460;11
756;34;50
75;655;12
676;425;26
75;815;40
553;696;31
657;789;43
495;441;11
615;514;23
690;54;1
696;274;4
737;898;46
760;712;14
244;406;10
932;369;13
94;296;32
604;385;32
52;907;6
950;991;17
309;896;13
146;541;6
912;310;33
88;489;37
399;733;41
547;335;34
920;876;39
432;490;44
557;596;24
704;116;40
903;867;31
482;604;39
884;587;1
404;999;3
43;123;15
56;105;30
879;768;15
783;746;12
414;298;13
5;606;21
289;909;34
834;419;45
527;481;7
15;932;32
230;985;25
177;936;4
202;298;38
586;356;46
262;722;45
610;465;5
16;164;36
761;309;20
613;350;20
565;993;39
939;158;17
54;484;15
113;392;43
68;344;32
354;623;39
714;192;7
160;439;48
402;992;36
172;935;49
584;16;18
606;961;14
257;114;39
843;862;28
908;795;44
409;519;46
212;757;4
111;411;50
417;170;22
909;467;49
917;192;45
231;126;26
392;259;46
671;560;48
404;953;23
891;777;26
929;815;38
43;24;34
691;924;3
872;394;16
648;449;25
48;339;19
465;27;11
139;865;36
766;521;7
292;583;47
538;605;43
516;644;29
63;298;50
728;483;2
162;91;21
151;421;48
995;737;1
400;116;12
768;479;1
562;665;36
301;545;36
240;221;49
761;183;18
593;567;20
611;699;29
35;568;32
591;744;32
941;154;44
354;466;46
238;396;22
110;597;17
347;308;8
870;836;5
890;250;26
594;712;50
264;576;43
771;652;25
839;696;14
7;256;33
609;235;7
515;717;31
860;193;16
917;457;47
377;864;40
341;305;13
436;367;3
710;802;18
363;190;9
734;135;49
539;918;48
223;592;47
895;623;17
39;817;49
639;662;6
881;137;36
169;118;12
690;605;45
409;261;47
82;771;47
580;573;3
938;291;41
779;439;23
820;675;40
830;98;16
775;197;7
12;787;21
912;794;30
245;869;28
467;893;9
471;227;11
782;679;42
692;272;39
155;920;41
382;223;29
197;641;32
86;944;15
436;944;27
53;850;26
536;895;45
524;438;2
471;101;35
947;183;45
846;369;32
971;709;3
155;812;39
793;630;41
229;565;23
299;939;35
747;358;6
121;511;19
729;227;46
819;851;12
961;454;49
865;351;13
832;966;49
120;805;40
861;312;11
73;328;42
746;211;29
27;831;27
987;458;12
518;142;44
621;824;35
532;45;22
36;602;48
98;308;49
245;851;17
822;586;45
443;484;7
993;341;44
586;973;35
144;738;28
96;478;25
873;223;24
652;978;36
149;1000;44
714;378;41
150;811;19
442;303;17
298;626;11
581;583;25
80;536;44
711;232;45
90;100;32
852;237;34
643;701;24
125;540;23
623;745;50
177;747;29
842;381;16
335;982;48
672;607;36
840;294;38
18;571;34
760;632;38
354;841;43
972;307;19
605;834;44
682;901;34
325;661;5
575;280;31
374;467;30
978;571;37
284;37;45
940;328;32
194;846;26
983;293;2
204;425;2
330;745;22
194;109;31
43;244;10
76;824;39
795;696;44
17;796;17
120;423;7
212;192;15
729;633;31
942;156;9
707;258;36
214;590;32
13;965;35
467;302;25
288;183;22
209;671;1
392;307;27
428;694;5
914;235;50
8;800;26
664;762;46
180;324;21
751;464;32
155;551;12
173;12;5
664;242;11
472;339;50
179;573;31
581;459;12
6;800;1
838;79;48
650;966;45
288;321;35
16;146;3
760;165;4
505;279;32
550;661;32
962;910;49
952;665;16
458;747;45
257;528;6
714;230;43
684;73;27
691;162;9
713;5;39
796;988;17
493;660;48
19;451;41
648;92;33
659;672;32
43;823;45
234;995;25
524;272;33
905;694;3
511;377;48
790;497;26
943;294;13
218;879;13
933;175;26
953;394;40
612;544;48
946;632;7
167;643;11
928;665;29
426;884;22
72;650;26
12;601;13
795;109;32
733;591;23
159;529;46
31;102;12
406;746;23
829;465;40
969;865;48
211;622;29
859;544;15
799;414;44
687;67;29
756;35;36
514;466;4
31;214;8
944;742;37
857;156;46
167;574;37
448;938;25
308;336;48
93;121;37
709;459;23
763;228;15
821;460;9
581;864;18
916;257;47
884;625;16
563;695;12
75;379;32
165;194;37
243;382;39
89;868;8
160;81;32
230;110;48
486;380;46
160;758;46
432;119;18
735;595;37
732;433;37
503;579;8
631;538;45
624;803;39
612;870;46
997;334;47
753;515;16
604;119;27
997;774;43
92;518;48
127;439;1
439;57;44
655;378;40
922;826;9
316;104;19
287;207;10
608;142;45
678;47;33
439;269;42
442;11;2
762;471;7
812;977;50
195;434;9
540;519;1
927;404;34
71;173;28
162;981;26
306;382;47
695;229;45
209;696;42
224;965;16
25;629;43
73;77;5
49;321;48
427;672;42
989;303;28
62;304;10
369;562;19
424;368;40
222;552;4
492;433;32
186;668;26
168;626;24
846;824;14
870;587;1
406;280;35
577;413;31
535;393;41
649;81;34
40;67;36
344;426;17
701;356;15
538;733;12
147;834;21
796;253;33
136;973;6
108;234;11
420;955;8
166;927;17
788;367;14
174;190;49
838;12;44
403;990;36
994;559;1
482;534;26
540;427;21
22;144;41
504;921;29
968;250;24
285;271;30
628;998;23
313;66;21
870;317;43
481;403;6
480;392;48
488;170;3
595;366;16
942;537;11
171;372;10
484;10;24
503;796;7
988;3;39
386;656;3
705;776;7
338;445;15
72;871;42
6;728;4
116;292;47
31;346;42
367;588;29
358;831;45
758;626;25
267;335;14
934;302;19
478;86;1
865;101;27
871;606;27
45;425;48
567;938;33
678;564;28
607;132;28
308;76;6
810;359;50
48;332;12
581;948;42
917;676;39
881;803;5
242;811;31
254;504;32
192;98;13
348;37;7
347;748;26
624;830;34
774;300;34
990;747;16
290;411;35
46;311;38
93;181;28
866;939;9
469;438;7
241;964;16
769;481;6
142;896;35
76;854;40
700;811;30
395;959;4
842;942;18
115;930;16
499;846;26
203;196;33
580;273;7
573;719;31
888;266;15
649;538;50
979;991;1
884;853;48
834;485;38
697;186;8
6;854;49
30;681;32
980;265;30
260;348;48
913;255;45
26;187;39
782;694;42
314;777;25
164;833;28
489;707;41
451;781;2
621;242;46
624;202;32
72;381;3
713;976;33
142;104;34
402;918;44
213;68;13
992;464;42
606;430;16
723;178;12
58;736;17
473;513;15
225;449;49
784;724;33
800;17;36
584;461;12
403;281;1
874;92;10
56;161;17
202;773;17
986;257;29
207;374;2
116;650;15
684;63;8
903;707;13
6;647;36
798;541;12
448;558;6
139;268;22
741;137;47
294;818;11
603;498;11
804;436;38
560;574;40
179;742;48
244;210;2
358;397;36
2;568;35
631;474;25
919;809;33
935;545;28
705;258;21
12;212;2
371;790;48
987;735;12
899;325;13
349;337;45
680;330;48
303;218;26
840;390;19
743;789;16
73;140;46
1;182;24
540;259;24
710;576;6
722;112;12
220;688;27
803;461;4
163;478;23
542;38;11
187;9;3
848;663;10
730;242;11
824;927;14
276;615;18
515;701;4
914;383;13
651;650;31
692;944;30
166;353;12
549;475;21
144;795;3
49;907;18
451;600;17
728;185;6
420;412;18
555;549;5
589;41;30
836;699;38
604;310;17
173;334;13
1;390;35
794;514;38
575;984;35
248;262;15
591;372;15
700;35;2
406;463;21
599;55;24
842;804;9
279;686;32
426;550;47
5;871;7
40;789;6
591;685;14
810;804;27
267;714;50
479;385;7
155;215;44
775;451;14
846;907;33
207;212;3
415;431;2
279;122;26
542;693;28
901;172;31
408;980;46
378;848;19
746;466;28
178;323;30
137;135;29
868;680;37
712;247;27
335;200;44
156;780;8
592;43;13
753;371;28
916;892;3
948;830;34
13;688;3
426;970;36
157;241;34
574;691;32
24;584;1
293;138;3
577;685;41
623;408;23
974;86;42
350;969;48
152;549;32
1;241;23
692;699;28
266;497;13
943;277;42
271;161;18
246;775;46
930;794;38
434;20;14
984;865;41
600;12;41
46;18;2
549;789;35
704;792;8
116;196;44
774;331;22
353;801;47
241;894;20
688;210;33
674;849;29
631;88;50
392;438;2
755;206;35
489;327;29
395;543;33
595;887;38
181;153;6
936;653;18
943;4;27
416;878;29
360;448;9
233;769;23
169;661;10
737;507;18
383;373;20
947;823;7
315;864;1
371;877;11
801;96;19
945;765;8
791;755;25
533;92;11
890;861;22
203;384;21
204;388;31
5;362;16
679;503;38
969;693;4
849;828;41
30;654;6
452;914;46
919;293;5
68;156;1
982;806;42
795;509;27
490;977;47
221;619;37
99;591;48
420;573;13
41;93;11
829;590;46
157;107;25
668;807;46
183;580;35
671;454;14
214;703;32
75;109;1
670;816;8
847;48;13
734;903;18
445;89;50
46;44;4
583;790;50
691;737;36
172;263;33
931;729;40
210;916;22
444;961;10
594;28;22
742;481;25
195;949;15
807;887;45
551;197;12
818;699;7
110;916;22
808;650;3
11;690;19
31;700;10
298;639;31
177;791;19
424;145;25
636;206;5
417;582;25
786;804;9
749;846;14
526;752;44
148;451;14
69;915;43
611;447;2
13;545;23
343;242;30
651;516;37
574;645;31
430;155;22
614;840;24
45;627;5
859;559;48
380;928;3
170;648;7
370;562;43
992;936;42
657;667;13
739;432;50
279;884;23
492;40;32
505;895;26
923;156;29
236;551;40
556;617;43
365;676;16
491;9;21
210;331;13
247;199;5
790;459;45
109;242;12
746;204;39
159;818;41
88;896;50
71;352;8
521;857;9
741;463;36
222;606;41
247;450;6
328;656;17
656;337;30
597;340;6
1;501;2
887;72;38
849;223;30
273;346;13
569;741;12
809;193;13
358;183;12
205;96;34
454;954;42
258;642;45
393;376;43
335;676;32
653;407;6
125;488;43
477;821;41
448;693;5
166;900;34
562;911;2
477;804;35
201;417;13
86;940;13
555;312;47
760;462;31
738;16;35
489;985;32
487;847;46
908;17;5
797;251;3
827;932;46
296;534;45
814;120;30
951;132;50
115;505;18
351;282;40
524;572;10
263;227;29
372;631;15
238;689;50
552;36;10
775;67;50
919;6;36
798;862;45
98;991;28
664;879;24
937;570;46
510;105;47
232;978;16
748;748;18
70;909;1
100;519;5
652;189;48
107;412;8
441;633;35
544;523;43
314;311;42
96;276;11
904;651;21
979;79;31
893;497;34
228;299;27
895;323;34
838;930;37
549;551;33
200;104;12
144;753;39
846;990;33
255;627;18
273;79;40
941;90;7
78;806;9
881;940;36
436;535;3
259;248;35
700;290;23
305;75;22
617;563;30
972;657;45
325;247;25
561;693;39
828;492;16
480;814;22
404;327;15
585;116;15
360;703;36
888;93;24
773;601;23
562;480;22
280;329;3
928;286;11
82;531;46
873;27;11
775;853;44
320;625;21
288;674;13
363;331;41
941;503;36
190;14;13
755;617;11
33;858;46
163;181;21
886;66;17
285;442;45
133;701;9
546;531;12
403;814;43
669;725;41
680;328;25
629;110;11
566;338;24
221;72;13
999;405;18
855;19;18
169;278;3
227;879;30
712;971;26
598;687;28
627;478;16
964;391;6
482;240;36
241;379;4
559;654;5
974;84;5
281;518;2
837;364;18
821;209;21
501;570;19
629;978;20
569;350;9
996;762;23
410;113;10
43;986;7
681;119;44
610;528;31
868;549;12
957;118;46
464;473;47
970;82;47
769;945;1
177;140;22
131;118;34
24;574;18
57;822;4
199;48;35
143;800;14
933;737;35
871;824;50
434;684;16
623;41;7
1000;417;33
190;41;13
428;221;5
682;458;45
346;109;11
549;645;29
413;289;28
394;94;49
309;259;49
185;831;34
729;484;10
384;185;7
338;767;36
344;438;36
547;330;32
859;307;32
685;125;16
653;988;36
602;501;42
503;731;17
862;708;1
815;508;42
494;568;30
370;410;21
510;955;24
493;254;20
871;188;39
763;373;45
115;921;16
444;705;46
51;199;32
748;702;7
696;628;9
544;365;20
601;549;35
95;552;40
653;379;46
895;419;14
127;494;35
502;366;3
16;320;21
650;275;12
260;14;42
570;863;11
375;29;49
463;521;14
299;539;38
246;8;39
386;744;44
114;75;5
950;449;42
245;110;21
816;626;9
266;411;1
811;537;20
294;46;5
293;954;11
111;525;14
869;984;22
248;283;12
637;55;12
601;229;39
97;715;24
793;731;49
753;363;8
819;679;37
419;159;27
425;639;7
685;580;35
877;524;28
244;781;2
467;172;13
617;516;33
180;582;43
678;820;18
318;840;50
941;909;47
855;284;35
711;771;13
710;310;29
559;104;33
85;125;13
662;199;17
340;544;22
926;627;6
850;988;27
98;63;8
474;662;20
252;240;10
957;270;46
996;437;2
609;161;28
850;41;37
785;403;42
593;908;15
719;10;19
923;773;15
678;823;28
484;9;41
252;490;12
162;330;10
620;39;39
633;600;20
761;363;16
744;832;28
772;23;44
229;283;46
965;508;49
100;367;21
466;782;40
962;881;21
548;586;12
286;846;8
883;20;13
390;241;34
573;10;2
815;192;38
47;988;10
819;434;35
408;108;20
96;107;39
348;828;37
530;185;40
705;330;6
235;584;34
769;46;30
525;374;13
189;954;33
655;522;25
573;643;10
311;890;31
338;675;46
383;986;3
433;649;19
478;202;31
699;82;45
80;388;25
213;225;46
414;588;23
818;906;7
313;784;14
474;733;47
321;128;13
294;192;34
573;364;41
274;953;29
81;979;7
889;61;31
103;134;29
213;570;34
947;638;15
454;419;2
668;253;35
6;193;15
539;453;15
120;670;17
278;577;47
509;547;28
647;98;23
877;913;43
832;226;31
759;792;37
562;808;26
617;99;19
547;429;49
688;870;5
479;555;31
463;445;7
28;315;1
489;530;38
39;69;46
1;139;30
8;108;3
573;939;10
320;293;20
593;324;42
765;536;48
325;547;5
746;816;20
800;518;23
406;845;36
412;859;45
48;914;30
491;10;27
963;908;24
245;633;10
193;807;32
381;384;39
307;214;26
145;841;50
586;994;14
270;263;31
23;652;10
350;245;16
945;991;26
371;797;29
540;988;31
42;274;43
567;885;47
71;207;50
884;446;9
349;145;19
538;611;25
271;812;4
586;486;15
797;39;45
405;380;3
803;508;35
673;820;43
667;2;41
990;365;31
816;975;28
248;14;36
275;353;20
331;756;40
674;340;8
812;767;13
778;606;4
217;371;3
774;977;14
194;600;14
793;26;50
841;947;16
725;977;38
983;100;47
214;726;12
952;357;5
748;389;30
342;306;27
322;666;2
27;201;39
664;506;34
597;891;4
885;43;11
244;74;8
791;836;26
644;675;22
847;462;30
101;313;26
545;429;3
556;108;39
896;619;17
383;918;30
317;789;38
96;365;12
928;544;35
542;358;7
360;407;50
835;849;50
665;996;32
909;951;32
415;269;35
550;291;7
80;932;43
928;87;2
181;905;50
476;263;27
12;974;37
667;788;5
880;752;36
84;228;32
157;312;44
78;797;19
566;659;42
529;13;49
510;500;21
105;413;19
948;372;30
34;862;17
150;34;40
651;88;20
455;795;40
298;475;32
721;986;39
938;87;9
323;116;21
771;701;10
709;236;18
792;126;38
72;198;47
500;973;17
327;975;15
770;901;4
28;689;33
236;194;50
939;330;18
764;68;24
811;556;21
314;471;9
203;666;16
213;505;35
283;609;39
743;913;15
556;196;50
372;815;33
774;328;6
931;495;39
325;977;43
412;427;6
223;236;12
432;337;12
644;590;9
760;770;12
863;583;11
425;874;46
500;331;43
486;967;27
325;514;13
646;154;19
922;703;40
487;965;45
187;817;32
550;994;42
300;434;28
66;648;36
679;306;41
710;321;19
441;902;49
74;654;42
69;322;44
799;662;36
804;303;29
625;893;17
526;762;45
108;394;20
698;394;27
126;456;13
271;383;34
97;193;50
684;874;50
162;666;40
808;721;48
255;69;2
707;118;49
776;798;26
287;427;15
909;609;21
583;631;3
410;234;46
9;297;7
769;813;50
306;437;45
688;279;1
389;800;14
164;314;43
903;290;35
891;487;26
293;814;12
917;819;18
849;191;46
191;435;36
241;34;47
244;741;20
27;604;13
206;455;33
442;286;33
527;934;30
667;155;21
746;371;42
280;560;32
131;470;41
346;332;18
602;567;44
393;760;43
32;796;34
436;396;7
613;139;37
847;27;27
607;136;1
8;927;10
899;282;42
228;398;15
892;637;28
424;34;42
981;758;11
829;74;31
494;745;22
724;233;14
840;283;49
987;213;29
867;637;33
630;894;37
859;428;26
799;316;3
85;130;50
695;67;28
178;486;14
30;417;19
132;4;43
937;579;7
773;502;31
180;425;15
387;651;37
815;37;34
269;509;37
951;466;24
492;588;20
792;797;11
705;467;32
821;854;26
754;646;30
662;378;6
945;876;27
481;538;8
850;554;6
59;560;48
54;503;50
899;959;16
863;818;8
521;931;29
788;980;2
293;180;42
976;931;9
290;421;11
942;341;36
587;743;4
39;174;8
982;606;10
812;285;17
811;175;37
824;624;31
313;374;36
699;709;2
131;223;49
771;162;30
623;993;31
57;838;35
608;9;4
294;795;6
679;271;21
499;815;41
442;669;33
963;298;50
517;46;12
654;183;4
502;956;4
299;624;17
563;118;41
454;814;36
300;293;31
845;579;8
151;896;49
374;862;23
967;611;27
862;926;13
351;379;2
822;823;2
964;849;34
941;420;7
536;467;39

