800
20313
4800
38;58
16;5
56;33
96;43
22;59
91;75
99;54
74;14
70;79
76;79
96;98
36;21
37;77
78;33
61;92
59;76
57;1
20;3
31;87
41;44
82;61
50;19
4;9
39;34
21;13
42;99
92;3
66;40
86;13
68;84
47;53
85;13
65;20
82;94
5;5
71;7
37;69
44;11
16;85
91;78
16;71
32;85
93;50
43;28
96;30
66;26
7;45
87;32
80;97
9;52
97;90
32;12
75;67
32;24
100;81
90;13
55;61
45;8
46;35
51;15
14;67
53;55
28;20
11;92
89;8
33;93
20;96
18;28
43;76
22;98
27;3
51;51
70;57
73;9
48;34
84;3
26;33
4;47
94;53
11;21
35;56
7;67
90;57
86;33
23;44
74;12
25;73
99;76
17;41
53;8
6;23
68;43
15;71
63;33
86;66
8;11
64;69
13;52
74;51
36;53
94;5
69;31
68;33
42;80
36;41
72;60
97;74
49;75
89;29
46;38
75;5
45;74
35;88
50;84
88;80
71;26
48;62
58;79
13;61
7;87
55;36
50;26
96;39
88;84
99;28
14;41
18;48
32;19
39;24
27;49
81;69
81;22
1;96
94;67
51;15
16;86
59;54
64;86
80;1
92;48
83;12
6;83
11;57
87;36
50;5
98;12
5;34
100;12
52;69
43;96
36;53
31;28
82;4
85;59
24;90
8;61
56;27
34;12
5;61
23;55
55;40
10;48
51;23
45;76
27;24
63;50
32;92
1;5
49;45
41;14
69;32
87;6
58;63
11;88
33;96
28;63
50;72
23;63
43;76
67;11
81;38
21;76
44;68
18;45
9;65
12;3
18;41
22;86
25;20
15;38
54;50
30;84
43;54
49;82
15;45
100;35
82;2
42;3
7;93
77;12
24;77
11;25
72;23
65;28
89;5
4;50
96;31
76;34
22;13
21;53
80;54
6;90
58;93
20;47
62;79
35;46
27;24
5;93
83;35
95;69
74;98
66;38
77;51
31;34
50;26
26;27
52;58
66;83
25;74
73;91
1;37
4;68
51;27
58;26
46;65
22;26
60;32
7;20
66;13
47;82
49;96
24;81
51;35
96;90
64;41
25;84
83;17
4;76
30;57
26;13
17;85
68;68
95;6
93;89
74;75
92;56
78;39
60;6
44;39
67;79
97;87
46;81
28;89
23;56
58;71
22;86
65;15
50;34
72;72
60;44
46;7
13;19
49;16
89;48
56;31
41;62
5;71
58;16
85;95
48;83
69;20
21;21
46;75
92;75
9;91
38;6
69;91
56;95
22;26
83;100
79;28
24;64
96;58
32;26
70;93
64;41
61;64
43;45
15;20
69;53
47;51
1;51
37;97
11;4
66;97
91;5
23;60
9;7
62;55
85;34
74;36
67;22
33;64
97;75
65;68
15;92
86;30
20;10
78;66
23;71
75;94
95;17
19;16
91;37
35;23
95;58
58;92
17;3
48;35
62;14
87;74
76;86
58;70
35;72
45;14
71;42
50;57
69;5
41;96
88;89
40;28
60;63
9;18
62;50
92;66
2;27
37;41
92;84
76;71
51;25
69;33
77;19
7;73
29;80
45;36
22;3
39;33
56;96
71;12
61;53
76;100
82;66
45;58
97;7
70;8
91;100
11;83
7;13
74;26
17;63
36;99
38;47
29;67
57;7
62;70
71;39
7;61
36;87
28;69
54;94
1;29
11;70
99;8
78;47
91;20
19;74
38;7
84;14
75;28
61;61
44;78
24;100
87;38
58;61
89;79
78;1
78;19
55;39
48;68
6;8
27;44
90;49
90;51
27;38
43;36
99;89
37;11
32;64
91;10
40;32
18;82
22;56
15;93
84;42
11;22
74;13
4;46
3;7
52;66
93;41
31;50
27;9
42;36
78;44
23;18
80;62
55;39
5;75
82;48
17;80
87;92
96;39
59;8
20;68
94;93
68;30
97;46
98;66
94;63
83;90
91;57
40;57
57;17
21;91
21;7
3;21
84;72
62;39
81;85
51;34
77;85
5;97
71;45
47;23
94;50
15;8
18;99
75;30
7;82
8;78
58;22
24;84
99;68
29;88
4;30
60;19
79;56
16;6
23;74
74;61
49;3
58;21
30;57
10;96
10;57
67;54
47;6
14;34
8;82
68;78
34;97
53;40
72;23
28;29
83;9
96;64
100;84
88;25
2;46
31;68
50;65
70;74
90;30
40;75
66;31
49;93
5;22
4;60
11;62
86;87
81;51
72;88
19;14
60;72
62;75
92;98
42;16
93;42
1;59
51;86
66;15
54;45
38;80
72;88
65;73
43;66
63;3
14;4
25;37
95;22
98;47
73;49
54;60
4;82
82;40
89;56
67;50
12;74
94;27
26;36
85;80
76;12
84;6
86;8
86;13
25;40
42;30
88;34
27;86
22;19
16;85
72;88
22;68
7;9
32;71
48;31
12;35
76;88
91;35
97;86
32;94
98;44
2;45
91;17
93;95
32;47
6;55
40;23
83;85
35;1
3;70
64;78
42;57
61;46
86;19
70;92
44;19
33;56
46;19
93;89
7;5
66;100
30;81
7;81
41;64
63;61
57;1
42;37
14;88
61;46
84;93
93;86
68;90
92;15
79;97
18;7
38;49
39;85
91;8
7;54
60;23
72;87
32;26
92;47
4;94
90;69
52;49
86;42
16;62
41;77
79;90
67;55
93;35
73;6
53;51
19;81
45;12
46;15
2;20
44;65
53;89
28;61
92;52
70;58
7;78
37;30
91;19
27;68
77;62
34;31
48;34
83;51
35;61
9;27
58;92
21;7
100;59
97;60
3;65
28;30
26;67
59;59
11;90
54;31
77;96
47;20
75;6
76;67
51;28
52;52
20;17
59;80
90;25
87;69
45;37
92;4
12;74
5;2
27;70
13;96
34;100
63;22
80;7
53;2
17;66
57;83
43;75
39;1
87;71
83;28
6;91
55;50
10;53
25;33
12;60
67;2
27;21
84;63
66;83
46;16
20;68
58;59
25;31
40;41
70;81
53;85
10;47
12;4
59;5
92;67
68;35
40;90
9;41
12;9
41;12
96;53
53;88
59;76
77;93
62;98
92;63
57;53
13;18
35;20
92;82
49;44
20;60
80;63
11;22
100;79
41;58
34;64
55;27
38;94
59;39
34;98
96;69
94;82
55;55
68;68
21;68
34;56
21;65
88;71
74;69
84;65
6;80
88;90
23;32
33;13
39;87
27;37
11;22
22;98
8;19
8;20
29;31
1;11
89;41
47;72
18;54
48;79
100;94
50;54
76;49
50;33
1;93
1;52
60;16
91;80
56;45
2;25
64;58
99;34
22;97
25;98
86;34
31;74
67;81
17;33
82;57
39;51
33;56
72;55
35;82
9;80
83;85
98;67
15;23
56;32
90;92
18;50
18;27
26;12
15;84
84;39
51;47
24;38
7;36
41;78
42;79
98;50
61;92
37;10
62;57
76;96
47;23
79;60
11;65
61;67
29;15
19;51
37;77
35;86
63;26
62;12
11;48
92;50
10;77
10;77
96;67
34;24
31;89
27;60
49;82
64;86
87;7
90;46
44;85
70;7
105;65;22
518;518;48
388;621;34
625;413;27
613;674;35
775;628;18
490;481;15
565;330;29
274;656;18
476;757;23
750;9;5
70;238;27
596;595;22
289;430;21
58;562;44
675;375;6
784;611;37
172;197;21
409;744;18
364;134;48
115;83;43
772;747;14
392;408;28
788;642;18
500;479;40
359;283;24
306;715;3
551;495;26
605;444;43
319;679;49
675;195;25
672;293;13
399;611;19
489;347;35
443;669;11
146;292;15
715;610;14
652;482;26
748;682;22
632;333;29
342;711;9
217;44;12
231;786;37
100;83;22
765;722;49
140;698;43
568;207;45
137;152;5
350;733;17
486;696;33
154;299;17
141;764;39
175;339;48
173;593;46
621;222;3
182;440;21
609;51;3
298;778;45
171;366;17
24;528;45
5;71;50
678;461;47
1;108;16
33;142;27
760;430;46
554;15;43
739;721;7
169;404;24
193;553;25
728;308;46
671;411;39
1;657;20
543;398;3
146;726;35
475;430;22
95;444;15
40;496;29
718;653;11
67;83;7
779;6;50
565;175;34
667;592;15
642;14;19
593;336;46
258;617;13
573;578;13
377;392;20
76;454;36
537;4;14
584;465;26
117;418;43
627;523;10
599;95;1
739;769;7
34;729;33
267;219;40
463;637;12
259;686;24
134;676;23
338;632;17
243;565;27
201;758;39
624;366;32
235;707;15
697;353;25
483;701;47
726;377;37
210;276;35
2;361;4
36;211;35
262;280;28
773;140;30
191;211;34
616;409;23
699;624;27
725;495;17
694;337;32
494;745;37
729;755;46
721;343;48
521;335;34
507;636;11
28;258;34
758;556;35
285;512;8
625;365;6
466;454;49
380;343;17
736;205;8
81;387;37
465;530;43
680;381;33
76;65;5
635;53;48
682;64;31
722;48;41
17;603;25
40;238;13
68;685;38
410;200;34
696;57;30
265;121;5
717;91;13
628;472;29
234;486;14
487;286;31
339;555;13
757;485;18
663;616;47
255;467;31
729;571;10
609;153;43
91;560;6
800;790;46
716;554;3
123;30;27
36;327;27
748;799;13
253;399;6
592;78;49
727;217;15
528;380;19
464;248;3
72;558;42
729;553;49
105;572;41
698;429;32
178;610;19
18;89;9
732;501;31
241;41;50
627;419;4
20;156;9
377;106;28
549;216;7
755;533;29
769;387;30
373;429;43
405;795;13
236;477;29
51;616;16
169;522;14
388;668;32
248;663;20
349;258;23
691;653;32
433;215;22
734;461;48
664;558;38
208;546;49
269;271;26
673;235;11
1;126;42
156;99;14
335;785;20
749;215;33
614;169;47
783;759;11
267;465;5
7;582;40
648;279;38
189;702;49
681;230;22
760;18;35
194;111;35
657;786;43
570;235;9
158;623;20
496;135;25
750;688;24
493;348;5
279;163;29
532;79;2
522;92;3
198;18;2
18;765;18
763;514;11
720;587;37
55;69;24
188;486;50
516;83;49
186;483;29
625;708;48
461;636;2
585;152;5
81;517;14
251;154;7
501;518;38
127;734;17
330;563;21
106;520;26
110;73;5
671;16;28
549;117;39
249;66;46
422;608;43
48;301;24
620;125;47
663;144;2
17;113;2
452;366;2
398;435;36
454;171;33
50;356;34
711;344;14
670;725;6
781;249;3
236;759;22
351;652;35
371;317;35
779;686;5
177;341;39
214;81;34
710;556;49
275;424;33
526;492;24
219;259;47
555;429;23
62;494;2
186;229;33
367;322;43
533;603;24
611;686;1
65;405;20
68;705;23
370;261;11
235;792;14
57;314;24
328;242;38
167;792;11
233;675;35
392;745;1
104;115;40
272;228;7
526;195;13
152;44;34
792;159;6
320;319;39
290;525;33
289;753;31
535;315;27
440;142;39
407;560;41
473;133;36
408;452;1
111;331;31
703;697;19
642;775;10
36;378;50
485;265;31
389;10;41
664;224;46
739;787;7
557;283;48
1;510;2
478;504;50
738;262;8
574;635;44
780;741;19
524;587;4
279;346;3
701;718;33
315;32;4
544;34;18
584;19;28
722;781;6
48;513;32
294;710;24
691;608;6
268;776;48
339;618;22
460;247;50
110;300;36
155;236;5
552;775;6
687;770;23
343;552;36
17;43;32
98;721;16
708;729;14
47;378;29
221;707;35
413;41;30
300;260;13
743;652;27
525;63;24
80;118;39
704;540;20
294;26;40
550;451;35
40;356;48
700;224;46
201;737;12
202;396;15
762;259;40
211;360;50
401;41;35
334;155;50
792;480;23
695;799;34
643;632;33
158;123;22
236;395;41
363;469;44
657;123;32
408;289;5
362;142;46
560;729;43
639;505;33
360;665;15
7;781;43
464;654;16
8;766;22
430;456;12
592;295;17
402;188;15
423;617;21
177;788;32
221;752;42
419;431;45
26;634;30
550;136;35
76;530;23
485;164;8
265;132;31
459;348;46
401;455;3
543;519;45
78;787;38
578;314;6
402;765;44
360;2;10
597;481;48
339;708;31
536;654;27
442;695;23
715;291;10
42;282;42
522;769;19
631;502;17
507;468;3
785;480;19
27;649;2
706;754;10
795;227;14
787;644;21
747;1;20
102;757;12
463;518;7
758;773;27
148;298;4
547;539;44
76;290;3
26;152;8
194;106;29
130;580;10
325;413;45
763;524;22
557;522;9
607;171;14
587;139;16
104;118;48
170;307;35
757;252;38
309;601;37
711;400;17
100;205;32
755;617;44
232;577;36
15;739;48
466;701;26
481;452;48
312;275;44
328;588;43
266;513;42
407;785;17
565;165;3
169;482;24
763;722;50
195;219;38
202;703;14
407;638;50
160;190;49
156;686;21
679;557;31
30;637;50
215;392;46
688;204;39
775;10;30
631;520;35
57;326;3
303;672;2
244;13;8
702;795;41
300;382;10
314;56;18
207;187;39
693;330;21
635;325;28
691;503;22
756;625;40
545;391;31
143;285;8
362;176;1
162;500;35
232;41;43
63;561;30
682;471;2
353;223;9
749;784;3
202;215;35
710;25;10
421;721;15
720;172;47
621;73;23
779;19;11
600;600;13
398;740;47
632;489;18
619;647;46
700;102;3
58;218;17
290;89;39
587;178;43
502;54;26
638;116;20
388;283;41
658;418;40
270;3;5
313;222;2
426;754;19
23;493;27
572;110;41
701;596;34
430;669;50
430;613;46
677;722;7
397;580;28
7;757;27
150;432;20
235;494;13
89;248;38
646;523;42
42;667;45
332;726;2
638;666;36
296;296;41
235;117;17
617;95;19
390;56;6
591;328;19
654;257;39
528;45;22
352;720;29
595;317;34
207;685;31
316;706;13
357;686;27
286;741;36
730;136;50
32;493;47
48;280;37
605;240;32
570;792;36
42;149;49
768;212;19
217;122;40
744;496;28
205;41;30
756;744;23
77;776;50
761;168;4
768;430;43
106;71;44
793;426;8
620;782;39
715;332;8
701;84;49
733;149;2
343;34;18
232;637;2
322;391;6
393;34;4
598;167;45
334;795;9
646;277;4
473;751;41
600;509;31
50;557;49
335;725;26
358;729;42
749;788;17
335;310;14
533;357;36
159;155;24
120;258;16
557;98;22
708;19;48
541;271;34
53;284;37
613;374;23
440;385;38
669;520;38
590;363;45
715;282;47
764;137;6
785;529;7
72;606;7
301;142;26
392;486;34
55;653;2
589;357;29
321;367;46
701;379;22
531;530;16
671;229;20
228;396;4
615;21;25
671;427;40
160;334;5
100;306;37
728;436;19
40;338;47
137;594;7
264;408;10
36;16;48
540;399;19
109;632;16
462;48;8
550;543;28
71;633;21
592;758;11
410;691;31
117;155;46
517;751;30
274;485;50
696;591;50
459;617;25
184;539;32
90;342;29
735;632;40
795;541;1
195;171;9
457;650;13
766;145;38
213;673;30
311;788;42
484;38;6
348;509;15
224;413;4
18;141;11
709;396;21
415;174;37
156;761;46
112;748;10
647;175;32
790;177;8
442;5;28
33;616;49
693;102;43
667;28;47
66;451;25
769;659;7
630;298;42
472;222;44
776;35;18
622;155;19
255;66;49
51;553;21
754;500;15
444;5;16
797;450;13
13;294;27
242;708;4
300;77;5
293;444;14
397;446;50
36;645;24
675;101;35
66;247;6
706;713;50
748;248;8
254;337;2
226;68;30
782;573;14
470;462;46
74;676;30
166;278;26
327;540;28
659;49;20
506;66;45
396;473;44
671;290;2
179;714;39
89;58;49
771;547;13
779;17;44
428;260;24
743;614;20
306;78;41
265;388;40
431;694;16
264;778;13
590;496;7
483;661;47
74;327;13
63;110;25
478;425;27
441;659;13
583;19;36
737;513;13
468;323;44
420;299;7
392;626;30
622;83;42
499;192;30
413;122;34
644;288;39
66;149;21
608;692;41
261;725;23
713;703;33
306;696;28
495;59;14
422;93;1
471;65;35
730;393;44
754;589;30
799;490;31
350;618;25
697;269;43
392;630;13
229;91;45
93;795;46
295;390;15
456;201;40
109;703;36
735;563;8
71;521;24
369;284;3
783;491;15
762;438;33
31;226;27
24;535;6
749;481;48
559;151;8
175;334;20
85;365;40
345;770;8
161;442;20
709;380;44
178;501;20
189;24;35
602;347;34
85;712;34
24;250;21
93;746;8
105;276;35
431;412;22
512;405;1
159;68;25
409;546;2
211;493;45
124;516;20
147;682;49
247;335;24
583;662;37
456;764;4
470;738;40
684;146;28
561;412;34
57;417;26
601;132;47
762;187;37
264;294;41
328;94;6
520;550;11
413;692;43
652;192;12
674;119;22
429;464;42
232;458;27
285;244;48
791;164;35
27;1;2
66;722;36
624;268;45
773;32;10
686;228;14
548;366;37
774;48;8
425;519;50
440;763;2
666;663;11
639;192;48
74;485;35
288;687;42
347;445;42
307;309;36
490;306;11
683;153;19
749;786;45
8;513;43
402;36;37
197;631;20
257;46;44
583;521;46
224;517;30
610;247;26
79;596;50
497;259;6
184;107;5
101;737;27
182;282;32
535;121;43
492;77;2
234;109;34
92;558;23
591;546;17
401;378;8
520;520;42
774;381;21
521;544;24
584;398;23
22;268;16
59;789;31
777;578;50
142;166;44
87;260;42
515;242;38
311;448;44
265;698;43
312;480;13
638;479;23
185;757;28
472;785;26
607;483;17
395;731;15
522;166;13
477;439;12
422;174;15
704;547;23
363;149;36
689;563;6
590;273;8
488;183;36
255;648;15
557;29;23
56;790;41
388;253;21
189;548;7
601;629;24
276;626;25
553;459;46
774;713;12
154;54;35
741;561;30
283;745;37
606;113;38
5;657;40
772;197;36
140;250;43
767;690;37
706;478;40
681;755;2
636;131;49
208;693;1
71;148;7
305;66;29
694;685;2
668;377;10
635;417;42
354;137;32
236;174;33
518;48;29
139;156;11
690;795;26
56;685;45
354;156;19
373;320;44
367;698;33
663;587;1
743;687;38
119;443;39
640;638;13
522;133;26
552;710;1
187;300;20
304;40;7
179;61;11
361;136;41
681;467;28
659;751;46
178;769;5
150;231;20
17;170;17
10;302;14
131;76;6
344;635;10
155;281;3
553;593;29
317;210;47
232;382;36
22;14;45
768;163;5
80;608;37
749;337;26
673;595;45
383;701;20
739;360;7
298;402;18
353;385;38
252;148;24
112;386;37
184;735;24
584;378;45
695;455;33
454;182;3
795;339;38
742;252;6
580;556;3
130;543;40
599;739;5
440;537;3
721;606;3
337;435;42
138;796;48
785;363;15
230;174;37
206;262;4
573;420;3
401;428;7
658;75;24
28;628;50
604;787;25
233;683;45
557;55;11
71;453;8
205;596;45
48;610;2
129;592;45
645;627;22
485;517;50
493;141;15
394;576;48
588;432;31
605;624;27
489;765;31
517;394;39
535;748;2
746;493;24
152;593;41
13;89;5
65;155;35
628;93;32
108;45;42
521;334;1
293;699;46
614;108;4
384;748;44
266;110;25
313;91;44
332;332;10
260;217;41
312;590;31
558;544;16
131;689;23
273;580;12
757;772;6
110;585;40
593;277;14
530;631;18
354;723;22
794;411;14
253;498;1
244;207;4
615;346;41
6;608;47
577;158;26
277;431;6
118;194;21
666;593;21
99;399;10
205;472;7
439;619;49
174;667;6
491;84;45
579;157;37
455;602;38
138;774;34
54;276;26
215;346;11
418;649;50
33;57;23
145;46;7
560;236;47
776;51;9
753;449;20
745;662;22
265;68;21
612;739;23
384;473;31
262;688;24
356;348;16
592;384;3
605;268;30
63;627;2
499;532;38
253;63;26
794;95;29
337;261;23
392;62;29
791;524;30
362;178;8
81;662;39
704;124;32
334;638;8
68;557;50
168;418;6
569;51;33
439;95;47
444;704;10
166;303;40
213;545;27
345;765;11
33;651;46
759;232;34
49;81;33
333;57;4
639;709;11
26;253;28
270;375;16
773;593;48
90;224;19
87;737;36
195;543;9
694;244;27
44;498;47
664;423;6
518;71;10
249;73;13
325;663;9
24;800;4
766;148;11
51;228;42
261;27;34
192;413;4
366;330;32
573;559;24
512;540;30
121;708;5
168;637;31
38;473;24
630;660;42
610;666;27
724;204;4
605;549;32
533;317;33
682;789;15
131;501;44
659;26;28
117;342;21
289;131;43
188;618;28
166;11;50
535;618;11
753;132;34
170;554;11
385;106;38
578;153;1
530;327;19
392;437;38
39;470;17
194;246;3
355;301;32
435;543;42
183;230;25
6;695;33
636;512;10
435;781;10
17;600;8
157;341;37
359;631;19
205;357;2
479;355;35
534;752;19
374;560;18
304;487;39
600;670;22
378;764;43
183;176;46
546;546;25
199;403;40
367;97;16
172;611;4
495;233;40
721;459;37
467;644;11
416;404;34
757;491;41
123;447;9
666;620;46
699;466;22
438;745;13
466;353;22
429;775;50
637;518;8
195;586;43
237;13;28
169;212;9
209;540;43
74;594;28
790;151;16
120;2;1
256;501;31
197;281;17
527;314;23
374;318;1
526;365;48
391;415;19
567;226;11
587;243;29
714;279;11
747;677;4
308;575;36
297;722;50
102;538;16
674;639;18
147;527;25
555;633;47
687;367;6
736;557;32
690;527;42
754;88;6
62;705;50
172;464;23
680;582;25
563;265;16
75;449;9
419;469;4
457;348;47
331;300;38
400;228;44
568;583;36
396;529;47
176;475;13
203;772;40
288;697;41
692;235;37
726;590;9
243;384;44
326;143;18
293;462;21
526;484;46
56;330;11
454;187;32
191;52;26
795;35;21
241;88;38
55;402;30
250;53;34
138;367;21
743;155;43
594;85;50
388;105;21
454;626;3
229;693;31
563;577;16
160;689;31
465;688;14
294;47;17
740;284;38
259;156;33
726;621;21
417;208;9
98;644;50
501;174;38
610;421;35
282;753;36
672;638;33
522;291;11
315;14;9
656;501;44
688;640;27
387;25;36
592;116;48
583;382;31
745;131;42
749;725;47
151;410;21
506;610;17
618;304;22
573;580;45
670;466;44
263;515;7
677;302;21
493;618;46
417;96;50
94;325;8
256;430;2
223;257;9
482;56;29
656;418;10
61;60;3
212;256;3
350;58;33
760;98;46
545;74;40
144;355;48
419;430;26
496;558;37
26;418;5
437;401;45
7;233;14
443;11;17
355;688;49
706;481;13
379;548;17
275;11;46
42;370;11
783;703;16
230;636;42
471;646;1
601;774;47
303;211;21
407;306;39
507;240;9
697;310;50
521;745;17
346;456;9
51;588;8
282;746;12
28;307;37
242;797;42
69;357;30
185;754;41
278;179;36
527;47;37
146;261;27
225;118;14
728;222;12
478;564;18
457;454;27
91;708;36
625;227;39
167;540;21
48;461;23
777;382;15
541;49;35
220;78;13
312;286;43
20;5;9
705;351;41
661;484;26
69;114;8
46;526;13
556;269;31
512;268;10
158;781;31
25;296;1
20;784;50
156;101;40
31;21;34
751;207;28
499;20;35
558;443;33
449;548;4
356;793;45
134;706;18
565;201;5
555;453;29
430;738;12
202;746;33
800;722;33
287;420;42
270;446;14
250;67;39
487;546;37
363;168;43
623;547;7
464;789;10
286;623;31
242;548;19
403;664;50
766;512;36
686;526;9
703;530;20
213;134;12
721;574;29
325;156;16
142;136;34
50;577;41
554;204;42
693;692;35
415;236;7
297;571;26
225;559;21
290;174;50
96;75;17
554;750;45
704;474;9
92;579;36
638;687;6
628;12;2
65;307;41
84;131;12
112;406;24
383;525;37
236;542;44
499;568;11
679;679;45
736;284;13
696;698;4
430;66;24
222;327;4
755;678;25
740;112;29
158;151;34
66;689;39
764;361;28
665;499;45
307;670;15
198;620;49
494;61;19
711;73;45
560;496;38
463;414;1
85;265;26
34;240;19
121;466;2
319;38;28
792;461;28
288;516;42
272;378;10
168;367;21
254;623;36
633;518;9
103;613;36
22;711;46
410;300;26
323;767;27
632;281;6
513;279;3
10;326;17
80;235;26
440;645;40
182;213;39
289;300;1
13;153;48
49;539;16
746;476;29
621;243;43
65;535;48
182;270;47
259;453;13
123;311;40
7;274;14
89;213;25
682;23;36
127;597;4
81;772;18
192;355;31
312;449;36
761;529;7
354;623;7
637;745;18
388;560;50
633;359;10
719;526;44
581;466;31
111;771;8
587;793;49
379;84;12
160;642;42
341;643;49
503;571;27
660;436;12
743;435;25
152;216;11
72;646;19
54;712;40
115;756;45
434;575;36
117;640;37
708;54;25
313;168;20
351;639;15
228;332;1
773;245;17
571;480;39
717;34;11
755;699;14
682;661;31
162;733;29
393;232;44
473;247;39
386;101;20
48;236;25
623;94;50
689;528;33
446;375;16
537;775;25
438;374;23
95;589;17
751;231;49
56;590;11
510;280;2
372;89;27
1;545;30
423;8;28
671;606;33
628;719;12
60;521;2
528;609;49
663;548;41
352;524;23
254;476;33
393;456;12
504;198;33
150;376;23
447;316;16
548;12;37
243;459;7
188;632;22
42;401;18
620;123;25
557;711;5
68;443;34
59;628;31
275;576;10
37;423;46
786;743;43
355;526;12
431;800;35
263;556;42
130;71;38
189;517;2
461;601;19
25;225;48
493;27;49
563;447;46
165;255;13
135;177;4
562;484;13
761;679;47
469;411;28
693;538;30
217;147;36
428;630;25
657;777;9
72;134;34
316;438;33
144;20;12
543;469;17
570;32;48
327;422;2
108;708;26
521;91;36
800;682;21
551;184;15
395;70;32
307;161;4
738;180;34
552;582;37
281;638;39
276;569;1
62;337;25
190;97;37
255;634;49
617;736;13
353;587;31
749;317;26
580;409;49
237;437;42
108;447;6
77;353;35
522;80;39
780;672;42
423;715;13
558;786;2
425;559;45
510;617;9
365;683;5
386;67;8
275;393;15
664;216;31
603;202;9
256;579;46
268;440;49
582;119;48
703;93;45
589;427;11
12;199;22
381;329;41
1;147;44
702;555;1
316;627;40
340;366;6
312;145;41
737;760;44
402;369;13
442;30;4
148;674;7
162;380;3
690;731;22
522;679;6
203;338;28
689;321;11
43;654;2
226;332;5
170;707;50
41;324;6
786;499;38
539;354;18
546;705;17
500;219;5
5;166;27
699;657;36
117;696;20
115;778;23
199;635;44
238;172;13
612;108;10
66;112;21
604;165;36
283;214;43
127;464;33
769;144;34
713;665;19
186;27;2
240;728;10
54;103;34
403;376;26
586;528;11
747;369;16
86;754;46
761;594;16
520;303;22
414;472;18
458;33;28
792;366;6
676;729;48
250;783;17
567;357;4
450;782;47
181;113;16
579;340;43
735;217;8
610;24;46
724;90;43
386;723;22
236;311;10
280;313;26
526;246;25
77;259;10
627;98;40
757;266;50
730;260;46
215;598;37
349;19;6
507;61;17
338;220;43
225;594;30
713;651;50
220;377;41
487;465;22
293;516;42
86;157;44
468;73;35
532;618;42
3;284;22
389;125;30
716;604;24
28;518;49
690;411;13
772;785;22
213;109;20
567;339;19
365;208;35
366;410;14
358;267;34
111;786;29
63;746;21
246;486;39
316;700;2
113;82;11
52;399;40
619;606;5
404;579;28
167;238;5
486;306;28
253;656;38
431;297;17
586;173;4
297;43;5
519;704;25
202;417;32
219;797;3
668;232;11
205;600;16
383;556;50
602;276;4
565;553;17
77;16;24
69;99;21
215;556;49
143;658;20
283;132;2
520;251;33
238;226;21
250;97;48
685;697;33
653;299;6
792;434;20
391;6;28
638;372;41
430;114;9
164;409;46
247;442;3
150;704;31
309;540;40
140;208;18
648;112;18
623;737;11
800;524;33
459;169;50
771;335;45
794;513;24
121;316;29
628;17;4
461;681;24
489;126;18
343;615;2
613;393;25
688;333;50
590;407;6
61;496;4
162;9;1
173;736;12
74;794;36
22;581;47
582;603;35
40;659;3
232;84;28
307;196;43
283;88;28
248;566;12
304;187;10
171;38;25
339;298;46
177;497;34
128;675;37
788;225;50
55;583;50
728;218;41
701;611;11
651;719;18
707;366;27
556;42;13
241;395;2
709;629;35
412;616;1
147;370;21
756;142;37
343;583;23
290;549;19
720;307;31
693;654;19
434;559;17
103;505;31
103;339;33
411;432;45
796;373;32
234;794;1
434;210;27
268;708;19
52;65;8
452;96;6
171;196;47
279;409;21
621;132;36
649;192;21
287;96;12
214;356;22
77;445;47
530;398;23
659;639;37
756;627;2
138;128;46
446;182;17
382;40;11
341;378;18
457;729;7
587;176;44
443;33;49
764;695;32
540;484;45
753;263;7
414;524;30
212;662;32
186;500;16
250;160;9
245;729;16
262;315;9
756;714;9
68;8;21
108;687;47
608;484;15
319;476;47
577;201;26
243;153;17
530;663;16
155;212;16
771;702;39
156;574;49
267;578;4
789;265;28
288;236;24
124;74;18
679;606;7
214;630;2
564;617;29
227;308;50
430;593;10
465;430;10
266;564;12
65;579;18
352;129;21
688;405;49
610;250;19
319;179;37
596;383;3
225;465;17
277;424;17
510;284;31
778;776;2
413;58;10
279;602;50
569;515;1
718;11;13
792;423;34
758;304;43
571;267;8
131;215;21
307;206;3
253;110;34
140;253;48
794;196;25
460;649;29
58;185;15
139;739;35
785;702;21
57;757;28
590;466;1
366;730;37
321;281;3
685;324;16
706;152;49
761;346;11
743;648;46
672;775;10
719;303;3
242;557;34
26;182;33
54;387;32
305;331;21
537;658;19
656;630;21
97;23;8
688;302;23
668;534;39
789;92;19
329;559;35
661;181;3
528;247;39
209;86;1
179;368;11
684;153;47
771;382;3
733;317;42
134;489;41
226;538;35
758;351;26
138;685;31
336;474;18
549;703;33
751;759;10
22;572;18
111;299;33
796;128;38
84;233;26
116;46;15
276;149;43
235;685;46
796;126;37
254;142;7
43;365;34
781;528;42
423;257;10
291;33;50
126;666;4
373;342;49
341;347;31
111;476;50
640;317;1
393;372;24
668;56;9
611;606;15
142;448;44
516;525;48
762;319;24
218;384;35
312;325;46
688;344;44
722;559;38
669;79;43
69;435;28
550;646;9
60;579;4
557;452;8
733;743;11
522;681;30
92;748;29
626;82;49
361;254;43
143;633;44
668;462;19
510;739;18
683;473;38
605;481;37
29;341;44
543;609;48
256;416;41
625;174;34
121;215;31
72;526;24
272;442;32
267;107;46
84;793;44
496;281;22
99;756;14
319;636;33
783;536;48
142;410;15
639;575;43
430;335;13
774;721;17
549;701;14
395;340;36
513;763;21
641;380;25
387;19;8
297;63;12
606;701;50
701;448;44
587;222;45
375;479;8
736;312;37
350;490;43
283;639;18
362;210;43
649;719;3
252;351;36
785;581;18
654;374;36
154;138;25
335;504;13
303;316;6
293;210;42
235;362;3
192;85;19
37;24;2
739;507;5
637;49;49
86;561;35
86;517;3
427;731;36
436;283;8
130;93;12
571;628;1
465;469;33
585;698;10
47;689;17
429;396;50
436;268;8
710;57;17
369;324;19
39;722;40
511;619;40
627;312;25
689;228;42
304;671;44
323;101;15
628;40;24
507;681;46
318;645;19
251;165;40
637;395;8
620;76;7
607;517;3
645;328;5
741;690;27
68;316;43
602;408;18
641;270;31
255;283;8
459;696;45
731;544;36
721;185;5
336;782;43
395;576;43
788;499;23
404;245;8
386;156;6
467;782;49
166;716;7
264;638;42
63;316;27
331;298;47
424;630;1
130;648;14
288;299;35
321;515;20
135;317;40
372;96;1
557;326;16
406;257;31
724;251;4
483;280;5
455;525;7
493;510;49
677;196;49
75;553;39
615;159;28
26;476;18
378;791;27
217;185;43
659;758;7
300;793;22
392;393;13
428;772;9
335;422;37
447;7;21
26;151;39
336;160;27
471;702;3
168;224;19
732;112;49
383;673;36
309;98;14
485;254;39
58;326;41
94;195;18
757;396;46
169;209;23
141;119;46
760;238;38
221;166;2
137;337;48
383;260;33
738;61;15
34;686;45
494;442;36
620;245;16
436;448;38
701;205;12
672;671;5
689;686;39
199;7;33
772;252;35
83;287;22
586;571;7
249;520;19
189;734;13
664;508;39
731;188;39
161;129;44
596;571;5
107;690;47
185;53;16
344;543;37
693;103;26
381;204;6
681;637;3
397;168;43
477;119;41
102;378;41
654;488;3
12;92;2
147;260;7
592;646;18
169;763;38
340;414;45
219;71;11
107;558;46
322;724;9
731;601;37
242;536;40
720;627;27
364;412;43
711;582;43
606;588;38
700;151;1
498;658;33
37;369;1
276;589;37
578;189;8
35;293;3
165;560;45
536;497;13
682;534;20
460;582;9
779;775;12
142;193;38
578;55;40
205;131;20
708;73;8
275;491;8
694;205;3
363;757;48
472;636;27
552;653;26
160;701;42
117;744;27
607;310;15
63;643;11
657;798;6
444;768;14
403;156;50
680;323;37
469;27;46
501;608;35
493;447;5
133;76;7
732;203;27
278;173;34
115;636;27
143;420;14
188;407;1
18;344;14
118;792;23
394;745;19
730;687;17
729;193;28
610;158;31
692;487;38
464;146;17
632;191;8
214;93;12
429;688;39
528;736;15
530;677;14
59;618;20
524;592;39
143;198;19
577;422;9
216;310;36
358;104;33
294;173;14
44;372;12
68;186;48
667;104;29
589;578;37
253;467;48
104;779;11
292;64;22
255;741;17
756;668;5
195;719;17
340;198;31
265;421;13
467;656;42
510;229;49
23;60;9
155;668;11
486;39;47
523;779;17
31;584;3
331;137;41
191;16;24
272;564;32
138;350;24
284;472;29
358;266;41
312;701;16
227;273;27
51;550;2
244;164;44
94;646;50
589;31;41
414;394;32
616;638;44
62;166;40
519;510;20
75;695;24
505;4;49
33;479;33
306;783;21
105;262;21
212;203;42
173;504;31
374;453;27
134;538;17
72;146;39
496;434;47
299;89;7
109;356;31
133;480;2
15;249;42
60;182;50
579;621;49
779;445;28
343;451;17
366;740;48
709;442;42
357;471;34
136;575;21
518;539;23
713;594;16
189;251;34
353;684;5
370;175;23
311;292;27
563;309;24
531;50;40
135;186;15
746;173;33
687;620;5
366;469;39
271;114;46
560;221;18
670;550;27
10;237;1
430;657;8
483;225;26
1;157;22
635;379;44
387;355;27
619;228;3
72;547;45
125;221;46
337;631;43
250;279;50
358;161;50
544;586;12
584;653;8
170;696;50
741;559;22
408;161;41
550;576;29
349;471;9
417;119;13
651;708;8
160;505;13
474;541;34
154;148;24
640;330;9
518;760;15
712;206;34
618;714;41
777;440;21
202;615;12
753;693;16
703;73;16
373;761;42
457;101;9
382;39;48
298;202;6
316;556;18
10;84;6
274;680;38
701;430;19
143;292;33
204;712;44
397;338;45
92;695;45
68;277;35
134;181;31
454;157;21
273;108;17
36;465;45
111;60;28
108;449;3
747;341;7
345;154;37
196;313;33
387;351;19
744;440;36
799;57;16
176;563;1
479;71;19
54;151;14
750;309;17
590;9;31
40;26;11
738;688;41
137;359;40
626;126;35
625;56;22
527;600;35
15;274;39
398;170;5
765;252;50
16;507;3
131;88;12
185;5;10
23;620;41
633;379;12
418;495;21
434;88;49
790;598;24
406;171;49
424;474;6
747;362;16
467;348;11
326;369;38
743;731;16
234;555;38
239;376;16
458;253;50
78;781;14
465;553;19
13;419;28
767;49;36
538;792;24
422;437;32
655;25;14
276;599;40
36;69;46
629;760;23
153;31;34
29;384;44
175;121;40
345;704;2
744;493;7
588;231;18
212;710;18
770;201;9
566;431;39
105;746;27
212;517;29
570;18;42
213;237;42
704;521;3
545;679;10
648;38;2
396;19;50
576;549;1
177;466;46
446;556;33
569;180;19
268;64;6
360;305;47
598;403;27
524;272;23
81;212;49
457;684;6
63;5;27
101;317;17
32;441;38
482;158;35
382;143;10
466;778;14
286;480;10
633;460;44
376;722;50
720;646;42
702;398;49
734;251;50
469;594;42
5;552;19
216;351;37
631;546;29
39;544;26
127;784;37
186;384;37
618;38;36
209;366;26
20;212;48
772;143;3
690;588;31
11;566;20
798;478;42
153;475;46
426;497;24
138;432;42
57;216;49
505;59;2
87;797;31
741;119;50
515;498;34
563;372;14
157;318;49
314;286;39
600;67;11
127;403;17
233;536;45
119;604;34
561;563;14
178;556;12
158;289;7
318;505;38
191;706;27
466;502;39
710;339;16
392;573;21
177;331;10
240;13;32
351;642;16
787;188;49
167;265;49
605;107;34
423;245;18
190;71;31
217;193;31
766;650;34
718;633;16
409;282;13
304;520;10
161;674;44
223;536;25
195;421;28
423;484;42
184;546;16
595;656;26
660;194;2
263;567;3
780;118;23
250;552;20
418;347;46
549;225;26
658;253;45
750;134;3
7;93;34
706;75;49
387;460;5
62;99;5
72;708;28
230;392;18
720;492;23
700;487;4
24;172;30
705;798;9
12;600;46
3;602;40
134;492;21
358;587;5
529;149;10
144;685;11
493;428;16
22;326;18
350;137;34
487;365;25
525;480;40
348;1;48
606;610;5
120;246;16
763;273;36
498;740;5
649;73;19
516;585;10
682;507;33
749;541;48
460;564;9
158;696;33
584;301;47
471;189;49
251;287;48
242;723;36
539;661;11
739;25;44
29;769;2
462;348;16
733;577;18
35;710;25
156;769;50
678;683;35
738;520;12
285;665;49
240;209;3
186;199;50
396;80;36
388;322;4
527;603;10
763;682;26
303;401;47
43;587;31
124;575;4
115;87;1
240;543;35
251;474;38
49;646;45
779;196;4
284;557;19
301;647;37
498;88;31
494;6;8
719;245;48
634;388;2
88;786;36
275;581;29
171;637;50
503;560;27
799;315;35
32;422;34
441;316;4
391;94;24
20;734;7
723;406;38
328;323;8
208;624;36
6;249;44
195;642;15
425;767;12
663;434;42
272;90;8
332;792;47
588;323;34
79;350;14
520;723;40
720;609;36
673;75;6
692;403;40
624;492;34
225;39;22
598;579;13
798;217;10
798;799;17
323;389;26
81;559;9
409;29;49
50;41;38
471;567;24
114;236;36
664;556;44
188;739;15
283;422;19
592;668;38
433;343;32
272;632;15
341;312;3
405;232;36
75;363;41
111;633;19
248;90;18
607;358;40
284;499;27
59;404;14
358;212;22
669;227;49
151;52;15
798;362;36
507;208;11
460;738;23
586;427;46
255;263;35
18;622;3
212;234;16
749;14;19
43;628;5
746;463;10
715;775;13
638;292;2
741;15;50
297;771;24
781;175;21
529;427;16
18;388;17
778;217;18
765;237;11
365;270;12
715;509;5
442;619;18
68;67;49
249;392;29
775;317;27
739;557;28
268;561;1
637;352;41
748;530;10
596;600;24
672;475;1
397;42;22
762;528;16
673;447;13
779;688;27
647;735;13
637;130;11
396;341;30
51;269;24
134;641;1
342;322;39
558;192;33
761;616;40
438;598;28
396;145;38
599;39;33
663;273;26
303;71;18
348;266;11
793;315;24
509;699;35
743;254;13
226;505;9
587;557;11
145;1;37
775;385;20
650;401;9
594;21;13
362;204;21
647;22;25
448;290;42
3;450;9
401;185;11
670;188;1
505;561;43
364;299;10
731;448;26
313;682;31
612;777;12
569;600;19
142;88;10
692;591;18
409;759;30
635;438;4
343;415;2
365;623;50
676;571;6
171;701;40
781;190;46
349;542;36
214;481;30
724;488;26
589;81;10
139;771;17
464;375;17
87;345;27
217;717;1
385;723;2
757;385;18
561;750;48
279;355;34
135;624;16
147;432;26
255;173;50
555;73;21
21;134;45
86;25;43
394;687;14
761;768;14
266;297;38
369;489;24
711;628;5
578;152;11
771;693;14
273;125;46
765;458;12
737;408;7
752;138;18
297;88;42
530;99;29
10;579;16
520;746;30
60;149;1
200;27;50
359;797;4
645;90;45
530;356;45
681;363;14
407;51;2
81;26;9
482;537;23
170;726;20
301;609;1
551;651;32
320;71;33
20;277;43
362;53;42
382;227;7
300;756;9
359;456;38
607;538;17
488;663;33
575;430;16
703;227;31
266;248;45
576;781;22
91;546;24
97;187;45
403;575;12
41;419;2
662;692;45
472;724;42
138;74;4
156;488;1
138;658;24
448;273;13
136;393;9
1;350;28
580;587;26
44;191;19
552;736;11
38;403;26
431;197;30
235;615;20
425;115;48
180;673;20
133;500;41
334;534;1
394;267;46
710;177;25
217;398;7
589;594;42
426;315;38
573;400;33
12;515;25
304;163;37
258;612;19
215;692;37
498;625;35
466;99;36
648;31;26
294;662;45
360;412;31
488;589;25
170;98;13
452;693;9
221;4;40
616;326;21
428;610;10
299;620;44
418;249;36
525;178;40
359;734;35
554;120;48
87;530;26
63;573;29
295;773;25
731;433;4
91;131;4
312;652;8
360;55;34
345;523;47
504;179;19
554;232;22
310;111;8
663;593;40
305;244;3
677;431;36
391;360;50
403;166;45
146;630;7
414;486;4
657;512;44
282;188;12
271;744;21
677;788;28
108;107;50
431;408;30
268;725;19
719;147;16
175;159;19
615;505;30
472;318;6
777;133;43
214;554;36
51;117;12
291;611;3
774;85;7
705;702;26
383;115;42
256;99;37
418;236;26
198;719;12
553;199;27
511;513;44
288;213;1
653;558;35
521;579;6
276;625;24
65;670;14
503;92;1
236;171;15
623;670;10
184;61;49
458;575;16
314;66;8
248;269;11
33;295;21
414;600;29
505;219;47
589;490;35
25;531;26
720;248;5
153;385;37
129;67;30
304;312;3
296;186;5
593;75;36
377;440;4
643;649;42
497;628;21
719;8;23
749;29;1
366;689;35
637;526;8
55;299;32
768;734;10
550;729;24
346;61;10
617;91;18
486;42;18
140;282;42
573;305;7
781;66;46
217;531;6
421;392;16
338;754;22
722;120;27
62;570;25
549;81;16
122;755;44
737;593;25
757;421;16
56;706;40
219;246;7
787;224;4
11;12;37
138;559;44
391;347;16
773;241;38
412;713;13
456;463;22
692;38;47
459;400;10
520;759;48
186;125;31
30;399;35
695;658;35
692;24;41
533;716;48
305;84;18
696;703;25
385;405;12
481;384;26
523;321;5
150;787;12
262;125;8
174;768;44
358;357;42
244;199;37
768;192;36
96;559;39
348;794;4
777;533;6
367;624;45
444;418;48
491;697;29
740;224;3
293;125;36
214;595;8
1;640;17
419;282;44
287;178;16
417;347;19
218;329;10
151;552;42
381;24;25
154;582;17
76;432;49
511;41;36
309;46;16
441;520;48
492;520;1
134;413;23
139;426;25
381;469;30
370;36;4
771;552;49
197;729;36
27;406;13
736;5;21
276;414;35
707;534;48
780;702;15
265;460;39
96;1;14
243;273;35
312;196;17
629;582;23
335;14;22
426;6;4
746;307;25
489;631;40
558;95;50
502;351;50
569;229;2
44;653;30
780;82;1
216;529;24
728;150;26
236;170;34
531;207;1
471;664;11
387;380;38
328;21;45
653;398;5
727;23;9
175;796;19
15;38;13
412;672;39
592;279;37
565;63;22
366;468;22
381;45;10
290;97;10
259;779;42
463;165;34
33;483;26
462;195;23
487;565;12
677;665;44
679;772;7
545;60;14
493;699;20
388;12;50
687;717;26
428;665;39
599;206;43
198;121;47
6;670;32
688;218;17
619;600;25
721;783;24
549;305;6
783;277;41
431;310;32
552;577;10
176;694;20
658;769;36
717;676;27
221;293;6
466;19;9
24;520;32
698;622;2
232;415;23
138;159;18
387;544;4
217;256;11
425;69;16
42;98;34
678;1;43
327;559;12
164;677;9
712;500;9
311;408;8
24;618;49
703;652;22
469;567;48
661;738;36
7;8;35
66;329;42
563;59;50
286;28;16
596;535;29
531;246;37
427;502;3
537;542;40
14;647;32
596;479;50
675;261;37
770;176;37
88;665;9
738;611;23
630;234;34
767;60;4
48;144;47
276;160;40
486;362;49
102;746;47
756;794;48
213;596;12
212;747;23
433;723;36
390;290;3
230;454;20
152;80;9
584;789;10
119;734;12
765;300;41
787;26;39
657;172;20
552;88;41
28;206;50
137;356;4
767;393;48
115;419;39
662;400;20
724;770;48
60;612;28
113;292;11
428;182;50
796;222;14
92;277;30
253;450;10
679;584;4
650;439;37
583;744;20
254;244;14
282;61;24
291;224;12
714;502;25
203;14;36
319;92;37
569;761;22
388;407;32
47;528;23
19;38;38
580;661;28
400;189;45
52;755;7
376;312;19
791;785;25
60;452;22
165;409;44
622;53;45
55;565;8
685;46;32
436;407;11
118;713;44
430;241;35
404;82;33
579;169;21
204;752;29
550;286;49
314;92;4
295;699;25
360;606;9
153;183;3
779;247;27
782;24;1
696;705;20
204;155;2
714;238;23
10;409;8
644;73;5
195;105;47
90;347;9
302;52;8
678;591;13
343;479;38
716;638;23
637;678;31
13;796;30
204;24;27
49;630;28
459;230;30
790;265;38
135;137;17
582;21;49
580;16;44
111;396;33
68;288;37
767;117;42
561;755;6
753;476;46
269;481;12
377;625;26
162;96;37
416;562;32
302;709;29
649;566;17
621;375;10
41;664;48
270;728;2
643;288;15
509;183;46
128;6;46
191;54;29
367;424;28
47;74;17
764;591;16
606;650;33
662;546;23
637;755;18
120;675;43
318;108;8
717;461;22
678;445;46
144;662;1
645;94;23
708;779;6
654;778;1
93;135;22
258;138;50
471;793;47
647;605;32
662;419;39
318;291;31
534;480;44
282;12;35
333;624;4
247;541;27
154;433;28
7;173;12
458;366;13
244;563;47
719;214;46
656;100;10
623;640;41
250;92;43
417;492;36
477;110;10
368;113;43
740;210;16
588;439;32
513;469;27
117;378;8
504;648;34
556;310;8
258;506;19
183;361;50
542;270;20
485;605;40
382;768;13
156;548;33
724;588;33
600;585;38
657;130;48
440;787;20
773;512;32
716;789;50
188;796;29
9;580;30
703;220;5
125;595;24
40;310;39
534;720;8
331;328;30
75;702;19
400;443;9
685;227;28
542;504;12
298;307;35
261;93;16
222;66;35
22;115;11
425;328;47
692;202;35
64;301;11
456;265;26
553;636;35
491;151;19
679;237;46
734;407;2
229;213;49
129;687;28
168;528;48
582;321;43
736;177;21
603;736;8
50;727;17
685;179;46
535;284;36
211;523;23
529;633;39
274;414;15
108;72;14
507;47;42
202;489;2
286;691;22
628;34;46
392;312;23
341;315;29
409;678;16
51;497;31
451;460;11
383;137;36
489;320;27
66;587;39
437;360;47
89;138;34
673;12;45
460;177;41
221;558;50
688;371;7
670;769;26
513;179;39
796;790;34
388;390;26
329;766;32
368;82;31
33;507;39
770;346;29
435;545;31
331;406;12
770;700;23
764;477;28
260;701;36
654;50;16
193;261;47
506;335;42
421;336;38
709;697;36
165;659;41
659;280;45
83;712;49
250;637;17
140;79;13
457;653;42
599;183;12
464;311;34
791;71;6
304;657;47
18;645;23
244;280;34
769;95;35
525;556;20
268;487;12
342;260;37
666;437;16
79;572;28
381;693;21
287;236;8
722;495;27
189;625;18
400;57;5
374;537;40
169;55;5
576;382;40
235;509;29
727;529;6
714;90;24
474;786;49
530;120;9
407;665;48
128;676;12
267;495;9
113;701;47
576;577;31
584;771;44
483;154;27
288;712;41
620;101;16
174;61;27
753;152;41
41;142;43
297;408;1
700;55;34
751;673;43
494;648;6
272;356;21
276;269;18
656;534;17
718;579;25
43;53;32
102;400;12
271;502;37
367;15;45
106;476;36
709;552;25
701;534;20
542;683;48
617;56;42
443;111;49
751;214;17
475;466;6
777;375;48
420;558;48
106;695;3
504;364;31
240;258;1
224;351;9
532;722;7
168;27;13
39;159;10
106;391;44
545;492;21
29;264;1
599;217;22
718;439;44
31;334;19
401;337;8
616;579;8
638;103;45
6;409;23
111;90;45
446;706;42
620;279;33
455;573;16
19;181;6
666;785;16
188;715;31
151;241;12
53;632;2
434;454;7
313;233;19
32;519;23
588;290;38
597;634;4
623;569;17
46;127;1
693;625;42
326;206;29
416;64;28
313;643;39
219;395;7
123;593;14
215;322;18
124;794;38
729;175;11
442;679;16
514;635;17
24;574;47
163;31;46
696;493;49
132;641;20
781;16;30
460;149;2
439;511;31
112;130;1
64;114;31
585;7;9
34;131;3
58;92;1
650;381;35
282;672;31
655;615;6
303;773;44
458;240;24
49;741;33
664;493;2
332;193;21
593;529;41
212;776;29
223;48;41
275;450;11
173;376;32
678;757;18
133;583;38
129;73;19
349;302;35
554;479;3
591;719;16
389;639;1
344;124;41
687;494;4
349;45;12
563;311;9
387;711;28
560;527;39
335;441;36
573;619;24
53;482;23
155;449;5
542;319;8
43;280;41
625;579;44
347;767;43
26;72;41
169;608;21
72;799;10
663;631;32
398;190;44
134;131;5
623;345;9
129;206;14
406;84;44
645;258;14
780;509;36
339;501;39
610;45;45
468;120;41
417;755;42
124;500;31
241;316;6
418;735;28
763;54;26
354;666;3
499;561;9
181;516;16
738;588;24
264;519;28
704;751;9
261;535;45
215;126;1
361;49;47
475;762;32
232;497;27
449;754;46
594;436;13
564;84;29
437;351;3
425;211;15
371;727;41
107;58;16
325;612;26
7;605;12
200;199;32
483;538;43
594;350;36
720;262;19
684;782;35
476;588;47
451;693;44
155;203;21
669;378;50
422;54;29
635;695;41
487;126;1
694;387;17
439;516;20
166;136;8
160;214;33
721;594;45
37;490;4
105;94;7
680;794;1
417;325;50
598;383;10
237;499;23
539;435;36
497;759;5
92;478;20
559;476;49
244;342;1
547;773;43
134;674;6
783;126;32
180;243;48
240;52;21
249;7;32
156;103;41
617;293;48
736;695;30
421;481;8
672;577;7
115;607;41
622;629;9
444;2;16
406;619;20
170;119;4
738;144;42
5;436;24
716;330;32
452;313;8
534;216;31
638;324;45
603;371;11
672;742;31
424;418;9
346;565;25
596;416;24
755;573;30
460;730;12
625;33;33
258;284;29
602;500;12
387;632;28
649;658;21
786;267;50
266;391;34
338;260;2
612;132;12
712;110;48
58;596;21
476;241;15
116;195;36
591;139;19
32;602;38
689;61;25
230;189;18
407;288;39
179;259;18
44;719;44
688;187;46
287;781;2
549;235;40
578;20;49
577;499;14
699;419;32
484;641;44
253;223;25
44;641;1
23;468;45
692;307;11
241;708;40
440;700;20
65;768;10
436;111;44
621;504;45
494;684;5
270;33;4
147;77;20
283;591;41
680;97;42
283;348;4
182;624;22
299;282;18
187;646;35
60;141;17
112;52;6
272;357;21
681;347;16
27;438;50
165;10;28
118;370;44
430;490;4
638;460;10
708;38;17
211;60;48
685;409;36
564;646;43
391;514;6
705;627;49
94;486;12
689;619;29
114;612;16
406;23;6
798;216;12
317;543;9
77;452;36
210;412;13
795;761;8
115;497;46
262;625;15
415;611;49
419;42;27
109;652;40
783;569;7
127;792;9
688;790;31
422;257;3
729;623;22
614;116;31
762;48;41
737;501;46
19;15;4
304;568;42
225;641;22
749;276;23
683;742;35
629;171;33
798;512;46
434;58;3
262;245;46
513;57;13
301;590;37
558;225;43
422;189;26
775;177;37
353;321;3
448;693;1
128;701;24
253;579;22
300;229;31
367;696;12
608;383;42
555;123;11
465;651;32
43;730;47
163;89;26
4;166;21
784;193;37
793;513;46
184;695;30
159;327;33
21;360;26
757;473;17
315;255;28
583;29;38
326;620;42
568;160;26
22;501;5
693;508;44
240;470;13
322;569;1
381;198;27
423;718;15
53;453;50
217;435;44
174;264;28
498;525;47
443;707;33
440;797;15
11;295;2
570;358;39
732;251;24
396;496;41
540;355;4
298;53;36
366;144;5
352;321;48
173;189;17
262;224;29
182;720;5
704;10;34
136;665;29
294;538;7
662;527;16
67;605;34
215;358;31
325;670;22
633;632;19
395;524;7
546;33;27
255;205;49
735;6;43
655;127;33
136;736;5
672;588;9
753;792;3
768;59;14
5;467;10
96;646;40
746;586;47
112;308;30
40;397;47
661;451;33
584;232;11
407;215;38
118;362;12
329;683;36
662;261;20
536;414;13
424;657;49
306;291;7
704;593;11
73;793;40
645;224;6
602;145;16
376;189;21
549;79;5
439;214;3
565;560;17
81;21;28
170;470;47
478;536;35
455;187;23
293;394;1
451;144;40
249;722;8
446;338;16
141;503;32
360;106;48
32;250;31
329;354;46
52;53;29
244;541;15
474;758;42
331;471;6
27;616;25
171;254;10
691;442;39
6;630;47
543;493;23
529;736;1
530;106;37
7;336;4
510;105;2
716;569;19
239;144;48
636;186;50
255;119;35
703;424;16
426;129;9
695;449;44
279;181;3
106;734;17
574;58;27
677;163;35
432;84;20
778;482;48
540;730;13
183;416;11
173;2;6
402;439;7
284;547;18
372;247;48
113;30;4
235;417;8
661;601;25
738;501;25
454;639;5
727;270;32
277;799;27
88;47;30
770;297;22
389;472;39
308;113;44
138;280;23
716;406;39
408;46;42
362;171;7
439;54;5
356;37;33
66;763;30
360;284;31
154;503;29
393;202;9
447;103;13
524;111;1
659;393;3
253;57;25
665;386;18
22;704;7
26;782;11
428;152;36
607;264;7
416;478;48
296;661;5
754;200;6
106;678;9
466;746;50
553;653;4
674;792;31
244;323;50
26;244;41
266;284;38
75;719;15
542;643;15
66;181;3
35;374;16
606;28;37
390;141;18
483;405;48
137;433;16
20;708;18
74;757;40
543;323;16
507;605;38
691;110;4
421;444;13
564;787;7
591;792;45
599;86;1
300;347;25
436;577;28
737;231;40
309;565;9
140;328;24
153;711;46
511;296;48
515;754;5
331;152;28
285;293;30
220;268;8
188;464;19
416;107;29
399;662;10
663;42;39
297;795;23
377;462;9
553;177;40
495;630;6
322;407;40
305;705;25
615;268;7
205;759;29
634;431;33
467;417;36
506;113;4
310;608;5
768;575;47
567;745;45
609;770;6
148;734;19
298;615;6
574;507;22
384;120;38
424;152;22
533;566;19
692;771;44
370;90;43
663;28;9
657;150;42
202;675;23
418;549;26
694;221;47
416;737;18
247;721;39
544;416;50
155;547;42
645;360;15
114;516;19
214;450;12
41;642;40
738;36;44
405;759;49
737;170;1
224;692;13
130;131;41
89;77;14
452;258;34
263;299;28
254;185;6
49;315;29
800;344;24
382;294;32
771;136;3
717;460;17
584;737;38
653;428;41
281;597;35
756;742;4
568;51;2
459;701;28
6;785;1
261;754;47
685;294;16
372;45;21
698;41;38
20;705;45
408;272;41
722;340;10
237;371;4
773;723;12
371;355;10
270;393;32
427;733;31
431;250;6
734;269;1
796;565;8
440;124;49
248;483;49
395;530;27
617;778;19
631;790;34
591;221;47
476;145;46
618;764;16
525;468;12
659;475;12
598;633;35
266;111;48
458;336;5
647;732;1
663;238;24
87;344;27
400;95;3
215;530;40
682;421;17
529;40;40
341;611;19
147;360;1
675;449;16
56;713;36
332;151;27
782;677;40
782;689;4
602;117;45
41;480;37
795;86;42
94;420;6
169;725;8
235;720;9
185;382;41
632;362;20
215;467;7
782;603;19
578;168;46
18;459;50
788;8;13
461;595;23
696;731;32
539;751;33
407;706;15
713;497;14
538;199;5
603;123;36
60;367;10
422;254;31
10;441;10
94;491;15
369;17;12
14;495;30
426;271;49
718;466;21
169;615;25
113;519;12
520;658;20
455;424;46
83;407;19
239;13;31
323;334;30
640;395;23
336;608;2
188;514;50
658;407;27
620;717;15
362;130;33
669;59;42
276;33;41
228;224;1
279;34;31
664;36;39
29;597;39
202;7;25
503;593;7
781;666;5
487;135;8
561;34;14
719;117;29
43;363;4
91;748;50
769;541;23
489;200;25
293;693;5
579;208;31
704;254;6
433;261;40
362;257;3
21;301;3
306;401;14
565;106;33
155;35;49
518;287;43
9;378;29
161;95;43
735;121;9
241;252;17
384;702;38
382;669;35
346;484;49
266;457;16
362;567;10
77;498;30
484;655;46
300;719;35
305;443;11
365;649;49
381;770;32
196;596;17
128;271;34
206;687;38
479;174;28
618;693;21
791;633;2
147;113;29
287;666;13
684;695;37
516;106;13
68;156;32
765;466;40
503;183;19
541;665;24
314;461;44
259;292;49
145;29;35
60;664;14
590;799;29
402;582;6
513;132;36
646;760;7
260;673;14
466;239;20
753;42;38
747;720;46
519;600;34
100;425;2
150;602;35
645;644;5
502;349;40
648;747;37
691;543;10
147;331;24
451;599;43
500;331;22
421;304;46
248;81;2
132;605;2
602;375;24
513;538;40
284;68;43
330;787;15
188;652;35
799;183;1
774;211;2
759;103;21
662;743;36
290;689;19
411;728;41
692;49;38
80;417;40
345;666;27
318;799;5
488;12;25
648;607;15
389;180;28
365;72;28
716;444;20
384;303;49
5;704;32
637;238;48
67;229;35
657;118;23
503;686;40
475;275;24
143;620;1
659;686;42
541;712;50
328;603;36
614;214;29
464;309;38
552;259;10
183;605;26
170;771;9
45;583;46
313;683;20
556;673;23
255;13;30
348;469;46
714;530;50
155;715;17
799;650;14
660;29;15
675;671;6
402;322;8
390;549;2
563;82;15
751;69;8
161;726;14
605;683;12
748;490;48
465;308;50
177;151;29
602;322;7
119;88;17
34;627;34
308;648;45
251;323;50
607;283;20
769;35;17
354;600;9
765;62;6
335;78;17
79;450;38
591;519;3
780;656;14
463;529;7
204;113;43
318;187;43
783;59;2
277;667;22
280;61;42
122;6;42
246;567;19
704;327;22
49;195;2
237;191;26
297;301;24
421;352;28
685;372;50
657;259;6
22;556;42
309;531;24
476;257;25
43;624;43
223;284;12
95;120;16
260;633;43
575;772;9
742;567;25
695;324;42
66;374;9
230;383;26
670;384;36
289;214;12
385;126;42
197;219;31
535;595;47
623;100;29
129;558;14
255;365;48
237;227;49
109;681;2
14;793;4
593;482;49
597;171;27
39;341;10
643;375;35
229;575;37
558;387;10
522;314;48
98;65;10
392;702;3
776;60;43
461;183;16
602;417;17
734;778;33
508;46;22
91;362;11
765;47;38
413;190;16
528;310;15
689;223;49
324;543;47
94;487;26
493;293;29
234;696;25
489;287;38
343;220;3
360;539;29
163;384;48
359;356;37
110;222;10
64;216;34
377;621;34
592;761;6
482;63;43
246;132;15
181;455;4
231;318;50
591;435;43
459;763;17
140;792;25
401;740;12
271;519;27
288;146;12
104;256;48
405;130;37
77;454;49
376;396;6
649;3;19
152;530;3
215;395;22
440;360;7
421;330;26
374;44;48
328;443;35
758;303;3
579;591;48
499;229;38
283;213;34
279;737;1
219;544;35
24;716;46
598;525;18
698;579;23
373;451;44
547;328;21
761;800;27
665;79;11
260;288;16
42;265;11
790;544;25
517;773;26
506;591;47
679;474;6
634;640;43
321;331;27
637;660;10
527;750;24
352;472;16
580;415;36
382;667;37
117;611;30
378;252;34
288;227;38
408;490;14
490;76;36
722;280;4
747;443;42
4;339;17
782;716;28
505;387;18
217;557;38
745;177;22
571;615;17
197;359;18
702;328;44
502;426;44
437;314;25
156;82;44
363;45;38
248;297;22
378;466;1
694;676;33
203;211;28
686;510;25
459;289;13
454;125;17
546;45;5
353;251;36
637;212;44
162;267;45
74;559;1
153;277;30
166;745;37
481;661;4
498;759;48
531;381;38
655;678;43
73;559;19
797;431;42
726;577;10
602;589;6
307;291;9
539;791;1
748;42;5
441;179;40
47;671;12
367;455;49
693;571;44
275;568;43
554;265;45
614;250;2
638;620;40
251;248;48
23;548;19
376;752;45
57;618;47
440;615;50
114;230;37
70;338;24
558;85;5
50;290;21
679;608;17
310;449;4
215;253;24
136;394;44
25;529;43
22;369;21
337;96;8
659;52;16
712;719;19
212;119;27
405;299;9
382;515;36
467;571;41
448;234;18
717;755;37
557;767;3
259;201;26
486;110;42
300;56;30
495;486;28
784;400;4
338;308;11
799;543;33
490;520;11
677;60;27
521;614;23
103;594;31
361;728;3
488;598;16
201;71;11
783;701;43
204;742;46
285;276;15
130;526;24
597;785;18
400;395;12
649;125;9
126;113;6
755;322;42
153;310;15
526;350;6
621;622;15
180;91;26
194;553;42
97;595;10
634;233;34
20;405;39
13;766;19
61;167;10
519;541;27
36;49;30
122;548;34
714;294;10
548;572;4
353;366;27
141;231;22
314;577;42
580;623;38
699;609;24
244;264;8
392;695;26
721;110;48
71;171;16
367;547;13
404;438;36
136;100;18
329;491;29
560;479;9
518;200;17
775;618;14
169;731;3
490;285;32
773;785;41
682;677;25
505;768;48
431;40;27
540;221;44
220;614;27
233;419;14
474;413;8
498;319;6
338;100;41
399;389;45
660;383;50
299;700;35
571;321;10
798;470;48
186;67;4
519;559;23
124;159;28
426;174;35
740;314;33
798;142;40
320;326;16
765;508;10
9;136;18
382;786;26
147;380;37
738;132;13
550;489;37
361;605;24
343;488;42
371;589;2
358;643;27
375;764;14
184;653;44
297;447;38
37;692;18
12;148;7
290;230;44
199;788;3
85;544;4
127;674;47
249;267;38
236;205;1
777;575;24
176;387;41
112;40;7
476;205;21
568;329;30
524;122;21
475;221;41
721;426;17
706;232;35
199;600;32
295;607;34
523;199;27
247;256;4
30;415;10
593;530;40
378;294;2
30;613;27
463;776;30
571;264;24
588;3;50
250;386;5
158;11;9
451;385;20
159;4;7
399;489;33
46;741;28
469;743;40
524;435;28
458;292;10
97;379;46
456;558;6
150;342;14
775;639;1
726;37;19
558;622;35
439;573;31
468;472;48
677;79;15
653;262;43
462;66;37
283;460;36
96;194;9
722;598;26
622;471;2
230;711;12
433;552;34
781;608;7
493;608;35
324;368;23
435;181;44
127;484;40
144;553;49
529;503;7
567;137;46
87;509;29
504;250;25
250;484;8
733;666;27
356;356;12
404;558;8
614;389;41
692;472;14
172;104;44
330;235;3
184;475;22
280;528;12
194;463;30
363;691;47
665;586;40
366;346;15
158;245;22
314;321;35
91;259;36
69;119;46
398;552;42
33;279;49
545;664;30
339;763;4
626;644;47
761;380;32
580;548;31
754;145;21
270;569;6
731;715;12
439;285;40
799;164;4
672;254;32
432;557;14
498;511;3
790;769;48
600;505;48
25;688;34
51;158;46
180;131;3
367;117;21
676;441;18
265;207;23
754;48;42
632;711;23
500;412;26
339;187;3
610;71;3
122;199;40
52;84;4
526;138;47
113;419;41
711;335;7
416;629;37
469;528;5
224;194;33
142;538;18
439;326;44
457;63;23
199;103;35
437;419;38
632;81;46
336;582;19
554;447;2
130;618;14
194;376;24
84;70;26
96;513;32
409;645;28
31;428;5
797;233;23
542;466;4
287;619;17
229;248;6
641;271;33
218;402;36
239;450;32
687;41;23
127;417;25
621;119;18
374;774;1
64;220;27
288;723;8
392;712;31
295;700;19
620;43;22
692;425;9
780;253;9
390;139;37
416;444;13
686;355;35
127;93;43
23;147;38
417;623;18
711;124;33
449;701;4
363;541;5
760;746;4
275;500;4
614;634;32
558;409;9
790;138;29
651;245;46
517;730;28
536;558;20
186;144;37
544;347;2
279;396;30
630;19;50
791;270;26
223;22;39
611;289;16
60;548;26
604;277;8
46;370;18
638;46;50
82;472;24
436;228;18
266;158;36
312;169;32
736;375;33
277;279;33
420;113;6
216;581;19
352;49;27
285;370;26
95;337;15
369;531;38
326;337;13
254;177;19
48;438;45
662;638;15
150;663;31
450;789;46
314;21;32
785;362;31
587;493;5
370;629;22
235;287;18
665;241;32
647;473;15
410;135;3
255;368;14
553;322;13
420;697;36
15;369;1
568;396;40
148;639;47
126;501;35
313;56;20
736;619;41
350;155;44
354;533;25
403;108;25
4;190;46
782;182;42
767;763;35
472;567;5
342;307;31
327;541;28
336;786;15
321;297;34
70;379;28
93;10;39
780;333;10
273;41;17
133;595;46
492;477;5
467;725;42
602;194;43
479;264;12
460;796;5
541;546;48
321;463;33
316;475;12
777;53;18
168;434;40
421;332;17
730;13;19
87;246;7
197;543;20
5;707;7
625;669;43
778;78;40
552;370;38
40;120;43
779;533;16
778;523;17
466;349;5
126;442;37
7;492;49
717;536;33
741;430;27
684;462;43
242;524;25
167;538;44
204;198;6
462;321;2
682;220;41
419;367;50
333;529;44
222;659;26
152;512;43
29;235;28
340;504;48
345;259;34
496;741;41
528;503;47
164;410;22
297;131;16
79;642;8
677;226;36
390;256;6
216;480;43
679;191;18
269;89;18
318;693;25
52;355;1
602;226;49
85;323;29
668;502;23
685;297;20
752;672;36
225;782;37
13;125;50
655;439;16
31;490;10
434;46;25
454;667;12
483;604;42
451;573;17
276;462;29
649;612;45
304;341;47
728;184;10
136;649;34
111;734;38
408;376;40
650;259;21
662;542;36
297;208;35
370;517;28
313;714;46
615;684;50
659;160;47
739;9;1
494;471;48
386;737;49
668;306;24
394;757;48
418;57;19
509;328;50
326;725;14
412;559;33
607;480;31
526;80;30
378;519;32
305;310;7
571;721;8
707;560;3
462;734;43
694;130;7
37;472;45
777;465;18
742;147;23
552;480;17
181;128;13
751;542;14
48;674;28
4;53;19
632;458;46
495;401;50
675;21;45
642;405;32
221;483;23
628;515;36
28;200;30
73;552;9
6;631;42
800;535;47
254;336;49
230;161;36
502;651;7
173;108;19
684;798;27
158;515;30
412;496;15
636;325;31
717;168;43
618;538;9
610;347;35
179;255;45
421;80;44
618;442;29
252;282;48
40;311;12
147;740;36
601;480;13
152;40;31
291;29;10
19;172;35
328;682;25
390;393;24
200;449;27
698;203;15
207;92;35
173;281;26
346;480;36
560;774;37
37;505;25
723;358;41
771;83;24
534;712;25
504;675;49
398;773;11
505;221;44
797;366;30
32;184;34
275;41;10
675;183;26
711;647;15
662;402;39
770;792;33
2;386;3
325;540;11
329;418;38
309;800;2
371;656;39
693;118;4
440;146;13
76;175;5
25;279;42
383;613;6
580;605;15
798;519;1
448;668;17
660;581;27
68;628;35
677;504;1
388;256;3
395;196;50
771;503;29
462;303;7
696;81;38
640;711;15
495;757;38
325;115;10
236;376;21
688;425;32
513;184;18
239;546;36
321;15;2
96;186;17
537;564;1
58;22;40
714;591;29
129;470;41
683;247;22
310;250;14
679;660;2
657;211;28
652;256;36
284;42;1
527;280;28
706;683;48
378;273;23
66;478;48
238;14;2
142;154;26
130;748;19
510;350;37
105;590;17
271;671;49
502;223;21
140;526;50
154;535;19
85;20;20
663;513;2
210;376;19
523;310;12
664;338;32
34;9;1
459;707;41
729;12;44
117;109;23
354;603;48
233;566;15
144;148;23
380;49;49
795;395;50
124;784;39
102;554;9
431;671;6
694;646;14
728;336;3
318;784;26
271;623;35
534;307;6
443;35;45
291;19;25
601;778;31
574;289;17
309;88;45
6;274;8
86;268;15
261;481;14
488;292;32
701;135;40
790;220;17
448;636;32
791;507;39
225;70;46
166;656;7
465;582;23
452;660;6
395;779;19
224;201;40
666;602;45
26;31;21
179;537;14
104;687;21
736;647;18
690;14;11
781;69;25
639;594;31
646;367;42
794;101;23
714;250;50
344;581;8
655;600;6
151;616;18
368;798;42
752;32;40
727;771;38
755;39;19
382;90;31
354;186;29
24;66;20
571;81;25
359;256;29
479;584;47
732;398;25
136;539;48
81;397;43
100;222;48
524;670;14
102;435;12
466;310;47
461;264;46
91;507;48
154;77;9
719;104;10
464;12;19
663;664;38
644;464;4
281;528;9
236;7;35
214;742;48
460;710;49
461;770;16
647;234;2
65;589;26
258;264;13
560;285;16
735;408;1
360;542;37
70;426;34
717;468;15
352;678;15
650;109;45
48;752;23
691;271;35
764;22;21
295;132;6
304;308;29
151;505;11
96;441;25
332;155;1
797;282;31
10;795;19
650;7;35
578;75;12
243;155;12
255;686;23
767;293;10
220;585;46
30;627;24
5;151;2
515;668;23
611;631;28
381;303;46
100;371;38
266;761;39
104;349;6
584;542;30
447;315;26
435;590;19
749;798;11
110;10;24
156;43;47
152;15;18
146;509;14
574;545;36
248;705;18
158;779;26
187;323;4
622;404;11
676;91;2
464;105;48
469;295;27
176;6;20
289;451;38
780;438;2
563;582;36
65;663;17
227;278;7
523;390;4
172;401;41
301;551;36
527;300;2
234;46;29
662;156;10
716;763;23
76;143;9
703;117;21
724;232;9
634;773;2
568;317;1
579;240;5
409;503;3
351;232;25
738;486;21
30;244;9
398;340;22
355;161;8
159;132;30
315;653;21
214;68;25
372;714;21
542;291;10
306;53;26
601;277;30
447;705;29
158;342;34
52;137;28
70;522;13
295;186;34
127;573;19
57;8;34
270;267;46
61;690;20
134;183;50
325;776;6
127;420;43
355;288;40
436;545;44
797;709;19
441;483;7
772;190;9
625;154;22
346;28;26
286;722;25
568;455;22
655;657;31
671;124;36
766;381;21
156;760;30
76;115;43
612;297;19
88;363;24
207;555;34
790;448;10
467;762;44
334;573;48

