1000
26081
6000
66;93
91;69
97;61
37;62
87;1
8;60
56;94
93;33
41;76
89;72
91;15
17;74
59;59
8;1
78;38
7;62
37;10
72;37
36;49
44;6
77;83
72;31
36;98
51;48
25;49
67;77
46;25
41;58
56;98
34;93
81;21
9;54
60;15
35;7
16;29
10;72
70;64
42;85
83;73
42;83
79;25
12;21
9;2
11;55
51;65
29;22
84;28
73;48
33;50
47;27
26;47
9;81
24;26
70;82
44;25
53;41
57;87
8;82
71;18
66;65
52;100
12;9
92;20
40;71
98;89
52;22
89;66
22;28
25;50
33;38
20;85
97;67
29;4
43;71
84;33
84;51
14;14
43;44
53;8
54;48
37;69
74;22
70;15
92;46
94;100
17;74
66;86
1;100
13;100
13;83
61;64
22;58
91;73
38;12
5;92
74;22
7;30
65;72
24;68
41;51
47;88
52;36
42;54
70;84
94;67
14;72
77;58
75;5
53;99
82;33
66;80
25;62
100;76
90;44
3;87
38;93
92;82
81;45
1;100
96;17
12;93
47;4
60;35
93;29
62;25
17;100
88;37
51;8
100;62
12;22
32;100
70;75
21;53
44;17
50;16
99;56
23;41
7;33
15;83
37;25
60;10
73;47
26;46
63;51
83;38
54;86
10;29
75;55
54;86
85;89
2;70
2;72
51;40
98;50
10;55
30;58
44;88
61;47
40;39
42;43
41;70
10;80
94;24
30;37
66;89
81;79
28;59
6;38
44;22
32;27
20;2
85;11
86;97
85;97
75;32
92;13
62;30
92;33
11;24
90;62
75;85
42;68
64;14
38;93
25;87
49;11
1;28
18;1
62;54
49;75
42;98
36;93
29;100
18;91
57;42
37;90
55;40
30;45
35;60
91;31
64;38
9;20
81;90
40;91
84;11
33;51
98;28
15;98
36;50
41;23
65;65
76;8
16;96
52;20
88;15
5;44
64;68
29;49
45;83
17;70
100;55
73;59
82;34
41;37
1;81
18;90
46;37
58;17
52;50
72;23
32;25
72;29
88;61
23;6
21;51
94;21
42;48
50;65
26;97
37;61
66;37
68;62
33;6
28;20
60;89
54;100
46;66
99;13
9;33
53;83
96;42
46;53
30;32
87;15
47;100
48;91
37;98
67;81
29;44
58;78
40;67
2;61
87;72
82;61
83;52
66;96
38;89
87;42
43;64
56;15
100;47
21;42
55;15
91;45
2;40
15;54
88;94
57;57
22;57
47;9
43;37
50;1
96;87
97;19
43;87
53;95
18;94
18;27
76;98
92;60
97;21
96;93
40;11
74;71
95;96
96;52
27;97
34;94
45;84
42;12
44;43
10;53
8;46
44;53
56;89
66;48
29;80
9;50
60;82
12;97
99;1
66;86
35;92
88;75
77;89
8;54
11;22
87;40
34;62
62;33
63;84
18;23
15;39
29;58
68;11
61;58
1;13
8;44
49;30
34;60
85;81
71;37
97;41
61;15
69;34
66;78
89;5
46;31
78;40
77;40
20;97
64;85
29;27
15;78
40;38
7;89
80;72
29;12
96;28
79;48
64;35
45;61
86;42
48;58
70;83
93;13
71;93
42;76
36;55
27;39
96;38
10;46
51;98
40;72
49;74
16;98
96;16
63;89
13;29
31;50
100;62
80;29
99;15
9;2
94;94
79;20
80;64
34;79
29;4
40;56
20;89
98;13
92;93
7;95
40;68
51;33
7;59
35;75
62;99
35;27
29;46
32;32
58;57
72;56
26;93
83;85
52;35
73;44
60;78
78;71
25;35
53;82
96;69
98;87
97;57
62;46
92;5
46;76
8;100
41;98
79;81
39;34
67;1
3;57
69;40
83;92
93;60
27;61
82;81
8;90
80;92
52;41
64;71
36;83
3;63
50;91
71;32
8;24
32;15
57;51
23;26
27;10
53;53
3;69
14;53
2;48
63;5
96;71
87;98
63;86
72;20
77;20
63;11
71;58
74;96
64;46
28;44
50;15
31;27
20;60
91;95
87;84
10;52
59;60
56;16
71;92
33;88
96;34
46;97
84;17
67;89
79;18
26;75
71;92
80;22
50;17
41;74
1;22
93;5
79;28
12;88
47;10
51;62
6;27
9;7
11;52
1;42
2;51
1;30
76;51
92;6
1;4
45;95
90;88
4;63
5;75
98;27
80;24
86;28
15;76
71;23
59;4
89;15
5;37
52;49
50;68
19;34
29;9
74;5
90;83
43;59
90;57
91;71
6;57
41;48
68;54
76;47
53;97
3;40
32;92
55;40
80;26
80;43
14;40
16;68
58;21
77;25
17;50
62;62
76;57
18;39
91;79
25;78
41;14
39;92
83;72
31;56
28;82
49;53
41;85
88;60
22;46
4;93
86;70
27;56
31;97
20;29
78;37
37;1
70;59
21;92
83;61
99;64
75;31
93;40
29;80
50;86
14;41
62;19
89;85
51;27
2;57
94;34
88;22
24;79
77;33
33;88
35;55
39;12
52;2
79;75
74;73
32;73
37;31
33;30
34;68
45;85
94;76
58;89
77;80
87;60
89;64
83;36
11;55
92;24
88;30
48;100
12;92
20;81
60;92
79;95
10;49
46;17
19;30
30;83
61;85
10;92
63;87
51;68
15;63
74;41
27;32
1;37
3;1
26;42
98;18
53;78
7;25
45;36
57;40
55;52
4;95
56;40
63;91
68;31
95;16
63;66
28;56
88;7
11;4
81;9
12;84
63;11
79;36
79;12
51;78
1;88
79;80
37;31
49;51
80;98
23;78
65;23
92;16
26;89
69;57
73;41
2;84
69;89
45;62
82;83
50;35
80;75
60;82
41;85
76;83
85;17
28;86
52;85
47;31
75;57
95;76
43;98
28;26
51;45
5;12
97;45
29;28
36;72
1;48
41;26
25;49
21;55
40;30
55;67
28;67
71;89
35;65
34;77
97;79
33;11
75;44
45;12
54;4
33;20
69;90
1;43
43;6
58;26
85;91
58;33
64;56
30;38
60;45
91;37
58;23
42;19
100;100
16;74
22;4
35;71
32;23
11;55
51;37
5;100
62;50
2;32
3;7
15;40
86;22
21;82
50;97
32;25
38;66
6;6
56;7
2;21
6;33
46;2
81;92
26;66
91;93
2;18
4;48
56;54
2;97
100;48
2;29
69;16
51;51
14;33
62;46
25;45
83;59
19;77
12;39
89;60
64;29
3;81
56;66
8;18
22;3
41;8
2;25
47;77
42;40
68;41
5;97
10;44
96;21
20;83
45;67
14;9
10;67
48;97
15;54
38;30
44;94
15;57
93;26
16;44
39;3
97;68
36;94
27;46
40;7
21;40
80;39
84;83
11;45
25;32
24;91
59;83
78;23
67;75
16;78
41;81
18;54
4;97
92;64
93;63
2;49
24;4
21;16
53;4
41;29
39;88
8;10
52;44
34;91
100;91
67;45
18;32
83;87
73;17
97;89
25;7
92;70
16;48
43;6
76;37
43;2
89;76
86;34
67;71
91;16
54;96
93;38
11;36
87;32
21;23
34;89
21;53
10;8
2;51
82;4
24;77
37;79
100;45
8;84
33;30
2;12
94;6
23;78
68;98
93;40
60;27
77;29
10;82
42;14
24;41
40;2
86;50
63;70
43;49
80;27
82;50
97;73
39;61
57;56
97;46
96;66
24;73
23;9
100;94
37;93
50;59
7;93
51;30
14;5
2;94
86;12
22;27
22;97
74;82
75;29
22;43
30;4
55;46
67;100
70;17
4;91
63;28
59;33
65;78
92;14
2;88
67;90
60;20
19;42
30;24
36;17
46;11
18;5
57;53
39;95
70;82
42;89
83;20
66;53
77;22
3;64
74;29
51;66
94;95
50;70
48;15
84;30
47;36
85;8
89;78
63;45
15;55
87;15
99;51
14;38
23;18
42;7
63;79
70;95
55;98
46;44
74;64
24;11
23;35
49;55
91;29
25;47
36;62
63;65
10;26
63;51
27;69
93;90
52;81
87;10
82;50
19;95
35;90
36;34
44;24
20;45
60;43
79;32
39;31
18;79
4;44
55;61
53;4
88;67
13;72
67;87
45;99
94;49
36;9
52;87
76;26
88;2
91;95
69;48
34;8
40;21
78;57
95;79
60;23
83;65
23;30
5;93
42;56
41;69
39;89
91;7
16;51
67;74
17;57
49;49
63;23
98;4
91;61
62;10
38;98
19;68
18;17
98;76
98;38
98;15
80;7
2;46
24;89
20;33
25;62
65;73
36;42
47;66
76;61
70;33
14;44
22;56
40;8
58;86
41;85
75;62
54;2
97;87
80;97
44;19
23;21
17;32
90;47
51;12
80;80
56;65
95;54
34;93
3;8
45;88
27;93
62;88
29;78
63;51
12;98
1;32
20;46
11;79
45;86
26;87
100;99
40;5
62;40
82;39
35;28
26;96
96;26
66;28
50;7
57;1
96;62
80;12
55;70
85;49
609;485;12
217;659;32
145;206;12
438;618;8
75;476;3
274;624;29
384;274;16
970;779;18
416;659;30
179;621;29
43;435;33
246;589;45
629;97;44
384;59;30
662;686;19
360;884;29
347;625;32
422;476;46
324;905;7
734;10;1
949;743;8
105;723;24
498;322;37
593;264;38
4;373;13
807;824;19
489;390;49
832;254;2
272;772;19
994;663;19
212;870;45
738;170;38
198;197;47
588;372;43
819;180;7
946;351;47
129;102;37
276;13;26
770;588;1
246;637;29
254;801;14
518;164;4
571;590;41
499;808;25
272;848;5
911;896;15
820;656;14
279;695;40
581;413;20
974;607;2
349;466;30
42;538;39
107;965;22
718;626;45
322;201;20
142;816;7
474;84;49
920;380;12
256;661;37
674;187;50
648;355;41
383;729;40
599;327;17
38;714;8
619;846;39
804;656;27
75;907;41
497;498;12
127;34;4
664;588;20
472;812;8
206;681;21
724;52;43
456;493;22
960;477;37
84;247;3
258;436;36
315;702;23
299;412;47
60;26;35
781;287;9
720;66;45
404;577;13
157;758;7
263;699;28
564;176;35
203;589;50
332;855;43
470;317;29
687;105;1
635;911;50
911;507;26
612;399;27
830;58;27
49;976;22
743;256;22
213;173;17
980;250;1
23;110;31
493;398;19
552;93;21
962;178;31
499;470;30
725;705;14
917;446;26
862;659;23
960;308;25
943;255;21
415;673;24
120;257;5
904;997;30
356;881;11
655;140;12
137;523;48
907;532;16
21;793;4
133;262;25
125;459;32
160;289;25
623;216;7
91;140;44
671;112;49
670;789;16
122;850;19
248;513;31
268;334;8
567;156;17
409;31;48
350;508;8
856;615;20
505;667;25
387;16;7
953;611;22
470;41;7
441;63;5
351;90;37
45;980;12
923;483;42
277;534;32
247;851;33
386;188;28
922;901;2
718;247;44
803;656;49
111;329;1
715;276;31
392;917;7
989;400;32
584;153;21
222;814;38
174;194;19
532;160;13
245;389;8
940;688;15
741;558;31
225;819;30
177;824;30
645;194;43
436;943;2
815;828;7
204;24;25
580;171;19
126;12;39
104;818;27
702;959;13
311;63;34
885;258;3
746;633;39
464;467;16
820;641;9
749;832;18
623;896;15
528;913;6
37;319;12
193;62;4
547;571;35
337;936;11
229;481;17
765;521;36
881;142;37
661;905;28
802;270;27
8;466;35
942;371;25
360;660;10
587;99;18
948;453;6
679;650;13
291;893;30
868;400;14
924;838;40
246;100;40
626;382;33
469;161;35
186;389;40
262;91;13
10;845;20
522;22;10
188;491;11
327;144;31
930;973;35
275;217;34
538;630;45
13;697;40
437;763;27
924;538;44
886;343;20
947;710;45
786;694;39
592;495;42
687;219;38
917;904;20
80;473;19
583;549;3
2;999;50
402;517;10
265;861;11
199;782;29
799;333;39
879;124;36
490;935;48
951;270;19
668;444;42
913;993;24
244;288;35
990;503;41
633;620;22
362;188;43
970;467;36
539;292;9
241;703;15
493;36;19
448;152;11
502;134;40
265;596;6
852;642;5
748;207;31
957;897;35
160;21;41
493;236;40
52;216;32
562;882;43
234;177;17
940;800;30
652;886;2
159;648;22
249;964;34
796;586;6
842;500;45
604;564;1
601;787;11
927;180;6
737;216;24
656;319;47
168;909;31
277;536;38
318;291;33
188;14;20
799;523;31
121;115;44
330;18;9
22;612;45
545;369;47
37;545;9
476;727;47
393;757;39
982;909;11
71;456;23
682;360;32
18;994;27
75;332;44
837;35;46
69;696;7
734;430;28
138;29;8
516;189;23
662;916;31
503;356;24
384;934;22
423;598;36
505;461;47
974;667;31
344;51;50
690;878;28
821;804;16
180;807;42
498;357;9
269;37;39
52;428;28
681;357;13
576;456;22
61;636;17
997;600;49
966;475;10
615;21;47
910;11;39
492;349;40
158;201;14
77;718;6
780;126;48
43;618;50
983;832;41
116;425;25
936;469;21
728;116;20
80;702;12
259;916;19
216;312;12
42;470;14
819;396;15
524;40;11
847;349;6
569;700;15
442;204;41
574;145;38
412;191;7
545;640;20
742;282;35
953;729;22
598;692;26
131;29;25
459;574;33
728;501;19
20;874;20
40;817;46
560;107;45
287;175;7
409;909;5
963;672;1
35;983;22
210;267;25
758;273;4
314;835;47
794;600;9
47;151;19
530;920;15
521;558;14
788;671;8
576;130;12
356;399;16
92;712;45
711;36;4
704;758;30
817;923;26
78;21;32
19;246;27
993;584;18
929;378;47
274;224;17
860;245;31
894;908;20
363;1;30
302;52;34
429;638;23
515;478;16
680;929;32
7;728;28
32;306;8
190;340;3
717;997;6
917;547;31
267;379;34
401;504;34
633;724;3
916;716;4
349;764;10
846;306;7
670;142;30
964;844;4
935;997;37
527;275;50
572;454;21
887;791;22
486;504;15
760;380;38
769;364;31
956;997;24
605;187;48
115;845;48
61;308;48
556;407;5
640;50;20
135;666;12
49;95;42
536;732;34
580;544;37
524;553;16
599;206;43
93;722;34
834;810;26
631;671;7
868;150;16
574;217;18
562;361;15
574;121;2
633;827;39
613;660;35
461;34;16
832;886;50
601;348;46
278;112;17
108;555;8
99;914;41
788;792;24
103;647;9
885;756;23
585;519;13
50;763;31
424;94;32
77;624;28
705;996;10
148;768;37
579;561;5
591;231;13
231;600;18
291;284;44
239;928;23
546;113;24
689;656;15
555;532;50
631;443;6
930;641;23
247;580;17
522;259;4
35;216;7
717;948;12
716;609;18
850;843;36
264;693;42
406;581;36
910;368;18
854;406;31
425;832;44
327;390;44
31;380;3
80;217;39
658;131;25
240;277;36
951;834;35
81;438;41
388;597;27
461;544;32
447;953;6
705;963;5
42;147;4
861;223;27
947;9;18
502;43;49
679;110;27
381;285;28
748;624;41
522;751;26
369;357;12
899;626;46
121;120;3
956;290;16
566;435;37
639;432;24
609;973;45
192;847;31
490;371;15
996;1;14
206;427;32
754;872;27
187;407;12
749;265;2
368;605;4
821;294;8
633;264;22
355;173;3
60;849;39
177;775;44
286;14;5
363;424;18
921;848;31
98;888;22
341;65;9
693;286;8
286;937;45
622;983;46
818;192;12
136;583;34
491;37;13
534;220;41
830;367;30
258;777;21
201;486;41
309;277;38
653;309;9
316;187;26
887;529;10
847;828;46
791;563;22
363;962;38
395;851;27
24;382;8
183;152;11
17;402;23
115;337;3
941;74;41
211;337;42
282;842;48
542;48;10
663;99;8
417;350;17
11;236;37
467;556;1
810;819;14
114;350;10
909;944;8
509;916;32
654;917;42
781;188;40
592;612;8
16;419;17
421;198;1
115;939;24
707;675;45
596;186;13
818;489;19
699;124;44
185;823;41
252;417;24
27;941;46
594;56;44
686;404;6
482;485;49
157;284;48
617;281;42
623;514;24
594;452;48
493;105;28
530;914;28
296;743;40
537;300;39
110;670;9
24;807;24
551;247;5
705;450;34
438;457;23
259;247;36
359;321;27
491;239;36
994;490;6
549;781;36
208;424;47
792;549;9
26;18;1
724;821;22
722;938;23
277;976;15
79;642;31
436;779;6
849;233;44
602;777;46
984;662;50
744;55;39
154;835;32
102;12;35
236;222;49
285;197;20
932;872;40
562;169;19
665;840;45
667;977;40
938;688;2
448;672;11
883;956;11
114;342;49
733;70;5
998;310;25
280;997;9
805;495;25
648;942;43
532;861;38
599;368;31
341;471;38
756;270;28
663;488;20
808;387;30
876;450;28
834;60;21
553;981;27
463;516;21
636;86;48
904;852;32
206;60;35
898;692;14
860;276;21
403;900;28
916;476;38
874;311;50
824;152;2
730;414;32
135;365;3
517;139;1
546;255;39
548;537;48
87;56;28
849;81;13
712;16;35
721;165;36
168;460;22
117;396;8
363;67;43
476;777;26
157;74;14
281;892;28
49;53;25
344;931;12
537;896;44
69;878;8
152;638;7
609;732;35
483;4;19
455;627;41
936;657;10
762;749;15
372;655;31
445;754;13
564;746;8
356;970;24
471;697;14
602;29;33
516;917;23
799;353;16
5;324;32
878;468;45
146;883;27
698;111;34
315;113;50
173;729;6
335;7;18
701;351;25
201;303;11
361;264;19
186;694;10
118;704;8
361;459;8
395;338;38
245;909;20
361;315;39
322;641;35
956;790;22
924;732;45
249;14;5
991;489;39
658;3;29
554;952;26
60;416;28
224;758;38
829;613;19
202;669;18
27;896;44
619;312;14
673;522;12
935;410;33
543;500;43
416;994;32
126;497;23
816;6;48
751;564;26
999;150;18
922;816;30
380;81;9
871;241;2
567;548;29
560;184;45
590;381;24
955;318;31
205;658;13
530;694;44
421;274;4
402;97;47
950;127;31
913;199;17
627;168;18
662;222;21
458;376;42
204;312;27
184;991;46
344;256;13
150;260;17
791;816;16
330;122;15
474;492;3
533;60;1
258;100;22
604;386;23
692;765;9
947;90;22
618;30;31
824;479;8
688;518;26
952;323;4
629;842;49
714;896;7
82;215;23
60;719;50
574;846;28
738;355;50
839;399;1
444;678;32
345;828;40
438;432;44
287;114;11
296;669;37
632;142;27
898;663;47
750;488;3
951;790;31
779;501;27
69;986;38
885;722;25
297;423;50
653;768;26
289;109;42
486;522;37
496;457;1
282;437;2
735;737;44
540;909;23
4;241;10
998;686;23
901;624;32
633;112;16
240;292;42
442;730;33
829;402;21
642;668;46
421;468;2
991;710;18
907;413;2
678;791;25
562;464;50
596;799;39
34;835;42
653;722;18
246;56;31
316;630;38
12;221;28
91;152;21
107;142;46
968;976;10
197;749;47
348;90;50
447;617;15
660;472;31
643;729;33
490;956;7
425;956;35
77;962;46
692;507;47
426;315;27
645;35;16
967;37;3
196;205;12
478;54;38
478;326;34
932;630;47
97;849;32
484;453;41
318;823;46
792;676;50
941;294;37
44;875;37
900;550;40
961;397;3
87;791;19
519;740;12
778;932;33
395;44;37
7;837;25
675;771;5
129;253;38
122;803;43
908;740;39
771;643;5
875;615;7
928;252;37
308;131;44
116;911;41
979;543;42
78;959;18
175;916;35
643;281;50
644;108;33
527;616;1
512;291;37
267;300;41
132;324;21
663;920;8
162;539;33
355;702;29
675;659;48
675;509;3
355;267;42
348;805;36
421;738;24
505;760;10
264;376;24
601;13;15
74;773;6
896;763;3
764;132;38
264;900;39
845;941;1
362;996;31
686;931;1
229;90;50
536;725;48
390;257;39
247;574;41
870;440;49
402;776;23
105;792;4
132;696;24
578;868;20
11;192;47
932;194;10
902;613;13
435;430;44
574;178;8
600;757;42
196;650;13
43;378;49
736;205;50
45;741;12
762;520;46
747;403;40
522;147;21
611;398;43
497;322;8
599;257;42
992;150;2
215;823;38
658;917;49
158;607;44
292;340;10
927;173;31
128;678;16
910;739;20
820;990;30
720;530;50
913;503;16
469;650;22
787;307;48
219;665;49
40;731;39
459;871;29
623;442;20
216;936;3
194;416;8
235;545;49
984;517;44
571;714;5
716;748;48
608;974;14
993;433;50
67;271;13
406;928;15
965;104;6
406;938;6
369;177;10
558;481;36
62;579;8
49;773;5
900;813;27
619;693;40
891;760;33
945;213;40
770;411;13
444;409;16
243;553;37
985;1000;48
299;459;35
733;745;8
637;33;4
586;786;46
512;686;28
374;473;38
522;799;28
909;23;22
785;709;34
280;968;37
351;319;35
103;376;43
91;249;6
724;724;7
127;822;1
554;243;11
23;855;50
130;927;6
382;504;20
165;821;49
303;710;36
859;857;25
281;288;50
881;516;16
587;552;45
780;79;25
665;635;34
73;221;36
274;250;15
200;305;36
959;25;28
748;69;12
932;905;48
512;649;7
498;825;9
841;323;38
643;466;31
578;254;25
243;224;26
871;843;18
529;325;45
931;392;44
363;230;23
247;199;14
669;39;12
714;654;11
795;661;21
151;646;39
287;417;2
827;706;39
506;375;4
356;127;16
458;769;44
653;918;49
340;203;48
612;287;17
136;84;42
768;584;15
845;188;48
903;319;15
329;758;46
175;104;4
974;926;32
681;610;14
189;647;29
286;234;3
551;518;1
558;666;50
441;843;14
984;670;28
107;189;6
938;730;16
886;53;24
544;221;4
330;121;27
946;582;48
340;728;35
457;557;48
656;120;20
571;520;12
405;826;26
541;557;48
764;570;44
167;412;42
213;743;8
454;420;27
859;73;39
190;420;8
679;438;30
517;603;10
371;984;5
856;807;49
171;347;40
53;19;46
204;766;4
220;690;11
204;922;12
106;577;16
537;53;15
197;121;11
893;316;6
340;565;20
325;51;9
849;351;16
706;536;5
186;970;12
57;108;50
375;882;9
628;296;41
429;367;43
171;155;19
748;579;33
95;734;30
107;899;17
161;451;20
728;937;37
357;713;34
460;623;36
947;902;47
147;357;10
869;178;42
724;589;40
871;209;1
775;625;18
949;997;1
110;590;8
550;291;15
691;517;24
265;377;46
68;624;50
417;78;28
484;664;50
418;791;27
278;150;24
258;744;13
491;803;32
926;83;13
885;771;44
687;918;2
275;330;24
843;335;48
631;937;31
492;756;12
295;768;45
170;761;43
13;456;28
373;961;5
294;46;18
58;259;44
479;918;47
863;928;23
980;723;33
836;434;11
220;293;13
392;186;13
683;528;2
150;422;50
55;233;1
956;71;10
240;309;6
335;183;19
372;653;48
782;796;5
585;988;40
991;217;23
184;489;8
776;175;17
844;217;18
392;550;22
215;739;49
448;654;40
610;140;27
309;577;19
544;519;15
480;614;28
539;364;39
605;522;12
251;588;50
442;32;26
211;129;37
108;597;35
899;988;7
309;278;19
921;925;33
615;797;47
631;775;11
200;508;21
312;279;13
314;973;11
291;45;50
601;395;9
293;413;37
184;967;32
989;183;3
9;95;43
65;812;40
702;749;25
977;841;41
790;561;14
344;630;37
684;828;13
350;38;3
326;510;13
184;361;35
649;777;22
330;536;15
476;55;3
269;23;38
82;283;35
105;339;46
330;979;22
624;438;17
727;959;30
812;13;42
3;382;50
152;540;11
346;650;21
540;75;2
274;134;5
432;192;16
429;233;37
327;859;39
443;491;36
824;721;6
439;708;33
986;442;41
453;188;9
951;77;6
675;776;12
813;154;33
154;89;41
181;831;50
221;971;7
36;362;26
515;947;4
143;940;22
609;898;21
226;338;20
973;353;15
995;372;8
98;439;40
993;193;16
865;948;43
642;592;32
301;526;27
501;596;21
323;795;15
397;830;5
872;230;5
135;110;12
322;857;22
528;349;8
419;148;47
806;47;18
824;90;9
219;350;3
296;162;30
480;666;46
158;182;21
440;785;37
538;454;36
782;327;15
622;61;14
70;967;50
704;887;48
102;802;20
494;256;20
755;82;50
339;946;7
611;262;28
605;361;18
279;7;19
684;363;1
800;722;30
724;97;19
197;141;12
84;110;23
130;527;21
155;464;1
621;940;17
22;149;35
516;506;41
557;427;36
724;515;18
424;179;34
612;876;39
922;302;42
508;639;6
593;806;30
507;900;49
313;785;30
239;540;28
239;172;30
506;165;8
1000;511;15
359;251;23
896;740;48
808;274;17
88;346;4
857;328;46
402;84;46
489;883;14
280;466;6
455;917;33
106;570;35
474;282;28
430;438;34
644;799;21
942;156;41
280;463;35
485;722;1
906;772;13
408;98;13
662;429;33
399;655;6
607;431;9
216;611;29
405;823;23
151;289;46
630;249;29
868;964;20
70;410;3
617;441;13
145;796;1
110;916;41
444;120;5
682;108;33
236;766;8
42;68;27
798;582;15
287;899;36
620;312;15
195;268;17
633;451;19
956;882;30
342;665;38
409;881;6
130;878;18
211;869;25
92;139;9
169;898;21
457;435;30
734;509;27
545;977;43
313;289;19
274;129;50
226;417;43
758;563;26
31;94;1
742;403;36
337;960;11
269;398;27
989;943;30
783;26;2
243;963;38
786;580;42
836;4;20
513;379;14
609;959;2
176;556;1
882;230;49
548;114;26
607;473;31
249;183;41
736;254;33
46;603;32
548;931;14
336;232;22
205;251;21
654;977;24
144;428;50
800;958;43
264;678;46
243;205;13
930;429;24
567;680;19
774;79;3
68;276;10
372;550;19
588;212;3
402;194;42
842;294;47
837;262;39
972;781;9
882;468;9
384;679;45
226;834;8
877;936;10
963;766;22
291;99;12
321;102;14
273;986;18
355;796;21
525;291;50
659;967;14
164;161;12
271;510;37
980;30;32
308;722;19
504;429;5
585;581;40
448;327;25
689;478;27
437;386;31
960;538;28
874;490;39
77;797;13
286;204;10
931;160;48
1000;9;29
289;280;50
518;310;46
643;217;15
277;393;40
735;561;1
721;856;2
293;526;19
94;333;23
339;770;10
182;603;13
321;63;30
832;348;38
14;955;20
378;804;1
74;442;3
550;420;39
463;738;13
592;66;42
354;577;42
31;2;7
631;115;5
236;268;50
290;563;31
221;188;21
384;544;41
166;572;41
627;684;33
288;637;29
611;818;38
3;1;47
516;455;6
889;309;38
420;318;47
479;797;1
400;641;33
436;699;22
139;547;33
655;299;18
834;401;1
309;64;8
393;600;18
522;59;41
33;532;37
299;641;49
108;107;38
311;644;20
611;741;19
107;824;7
424;677;31
353;270;26
991;681;40
916;552;45
979;722;4
63;202;27
755;912;48
88;100;11
771;68;37
408;624;46
334;38;35
83;987;36
104;696;15
203;588;37
132;881;5
732;906;49
601;121;24
980;821;16
548;877;43
201;6;21
341;529;27
138;2;49
951;475;33
16;228;19
672;47;49
117;978;23
327;823;33
209;911;5
758;10;36
588;944;45
313;737;47
912;733;36
641;340;14
812;560;17
497;267;10
606;63;29
930;722;15
333;19;15
361;808;32
303;291;9
526;888;7
614;602;49
822;30;32
222;752;11
999;635;42
768;848;50
855;217;30
357;102;41
701;719;23
976;273;46
43;632;38
634;311;30
481;439;46
278;338;43
918;205;42
965;21;44
965;891;12
402;877;2
999;582;23
965;66;10
586;764;38
269;716;46
289;185;5
432;862;47
182;339;11
965;726;5
228;723;29
977;729;43
649;24;34
706;553;5
912;552;45
948;398;40
116;392;28
13;885;20
182;166;3
950;95;32
598;70;41
888;530;10
387;860;34
8;771;50
955;579;12
472;151;37
241;616;40
531;729;50
186;89;38
895;103;44
419;942;3
198;184;9
851;272;2
886;881;12
134;892;42
995;37;7
347;52;20
214;419;1
159;57;42
312;392;38
860;487;9
287;699;10
37;909;8
465;603;23
540;872;7
850;522;35
555;428;44
260;584;40
377;742;7
129;887;45
402;260;22
813;861;6
831;87;15
326;109;46
114;725;3
441;575;21
728;561;33
872;841;48
107;776;50
374;425;32
902;922;29
185;76;48
340;856;16
640;152;8
294;779;33
884;440;41
550;332;2
255;181;15
356;463;38
923;361;14
382;582;20
340;117;14
446;443;37
535;770;42
126;997;16
699;176;42
495;390;46
849;706;41
48;487;17
971;972;3
314;496;39
620;786;10
782;90;24
889;854;19
528;712;15
197;254;21
80;569;20
187;581;26
375;869;34
298;701;43
891;292;13
833;523;3
304;183;12
775;373;8
355;999;49
103;945;39
955;623;49
296;463;36
325;452;21
614;997;39
786;185;14
616;11;16
763;492;7
896;403;25
449;931;18
840;424;50
749;168;19
618;405;24
910;166;32
387;308;20
160;301;4
572;832;1
762;873;2
141;724;8
750;294;24
878;582;38
227;214;33
891;656;5
978;700;25
683;513;40
236;548;41
837;797;2
111;455;14
464;138;46
643;932;5
55;711;44
980;600;50
638;855;30
638;8;14
800;874;3
446;903;6
899;906;50
842;918;47
122;300;25
10;46;35
367;309;30
384;291;16
167;186;7
949;504;30
443;238;34
773;531;29
716;316;19
914;468;6
549;720;20
982;958;19
566;143;36
791;115;17
878;32;9
965;460;12
954;703;20
172;217;21
213;64;28
324;921;28
923;942;10
882;487;30
13;172;30
236;661;20
373;757;7
314;166;49
626;883;1
597;932;41
429;64;15
714;864;13
158;346;4
131;856;16
582;673;20
343;406;33
608;712;49
63;82;27
386;690;13
664;270;23
520;474;1
864;391;46
120;133;11
992;910;14
297;297;31
539;112;46
940;436;22
855;672;13
779;336;29
184;928;5
154;236;38
717;108;42
434;873;19
120;244;15
200;407;19
766;738;17
528;165;48
395;43;16
535;774;45
335;139;34
635;475;50
830;99;17
14;613;7
919;755;45
547;512;30
24;212;16
948;384;31
106;348;10
179;149;48
661;829;15
784;427;38
591;146;28
427;655;7
35;400;34
694;391;1
778;775;31
591;392;10
506;740;12
96;439;21
724;188;23
231;164;23
864;646;27
551;106;19
175;59;35
475;774;30
234;947;44
101;731;10
6;251;35
353;74;43
974;22;25
913;188;34
993;208;7
117;380;19
76;842;41
694;577;35
343;734;28
93;181;13
413;772;27
720;864;36
573;139;31
104;166;8
492;871;21
419;941;7
859;566;27
305;646;19
377;484;48
930;227;50
71;816;47
389;582;21
884;861;27
33;479;5
777;734;4
437;949;28
558;373;10
992;86;47
334;176;22
50;718;3
858;495;34
653;983;25
57;545;43
20;926;39
650;737;25
53;955;14
204;451;24
237;266;5
150;452;23
95;112;17
749;814;38
464;157;11
142;50;29
661;812;41
587;85;31
897;112;16
793;252;29
568;998;22
553;318;22
200;978;25
406;118;38
590;48;36
794;692;22
678;104;27
847;176;33
626;536;13
491;818;34
579;975;46
277;914;45
929;133;20
831;367;29
203;709;37
86;532;20
13;327;16
796;600;21
237;93;3
603;473;22
712;983;33
171;783;45
975;834;26
702;695;23
367;285;22
981;934;44
112;884;10
936;140;1
408;481;8
178;48;41
122;438;9
455;696;2
529;576;22
756;45;38
866;769;44
206;58;26
911;399;35
784;431;28
839;673;48
239;361;28
304;590;42
909;574;9
316;701;47
571;857;33
21;795;22
6;708;14
699;197;46
482;14;13
240;255;29
90;14;39
80;237;26
413;721;6
549;245;24
747;608;40
70;503;4
936;221;36
305;934;49
180;163;16
40;413;24
757;446;10
468;762;11
4;310;41
663;428;45
859;702;44
260;49;19
432;799;34
68;741;16
117;581;5
368;31;5
205;413;43
983;515;40
789;621;31
707;188;50
228;189;36
747;924;14
777;267;42
350;635;41
773;412;18
801;72;40
713;859;18
471;765;42
176;376;11
860;701;43
98;105;25
624;442;21
446;597;9
489;411;38
537;950;49
597;665;39
574;949;18
210;123;2
991;60;30
470;749;3
669;774;19
665;908;42
580;211;2
849;330;23
67;642;29
608;194;10
926;338;37
237;530;46
422;664;17
860;460;1
823;536;8
298;432;34
862;465;42
481;273;44
808;802;45
653;264;32
110;973;50
208;344;9
662;807;10
567;569;44
395;740;15
477;570;49
720;718;16
998;505;14
123;256;14
155;921;35
412;628;13
468;112;5
132;607;38
50;770;18
972;32;34
415;785;2
596;572;19
341;812;32
852;688;34
289;542;8
985;166;3
773;252;43
140;755;4
173;191;2
489;847;27
992;261;4
557;647;33
160;14;20
505;628;50
584;571;35
421;32;4
305;524;49
530;824;2
883;495;3
823;752;20
916;155;25
546;587;50
134;17;43
288;938;40
442;789;8
135;55;39
587;851;18
741;551;1
896;74;44
165;255;16
116;897;29
329;115;9
658;160;48
592;276;38
283;158;7
748;149;14
771;275;25
293;412;39
592;522;13
349;546;21
907;565;3
555;119;46
206;807;36
888;173;15
188;319;30
159;728;23
555;107;25
875;110;42
19;670;41
436;766;21
682;607;24
738;884;35
118;809;36
504;437;19
678;61;24
924;871;1
647;271;16
579;997;8
141;600;9
477;367;35
772;63;49
403;254;37
975;517;47
483;307;32
201;567;38
490;574;6
570;999;36
509;638;48
133;534;4
697;144;28
844;23;14
965;725;32
293;894;33
237;458;28
316;322;21
263;646;35
439;122;15
543;729;7
373;269;41
699;958;18
486;798;43
577;396;32
16;907;18
284;945;28
486;36;25
84;283;3
333;975;5
772;182;24
429;419;30
798;827;4
918;740;22
191;399;10
381;202;32
80;297;8
248;193;38
428;146;48
841;731;1
942;791;30
647;482;6
883;703;24
211;883;29
343;343;3
413;168;10
848;759;43
166;487;1
956;754;35
862;954;12
951;629;28
662;673;26
293;28;21
539;550;32
896;372;29
273;968;22
894;863;13
738;31;31
546;717;27
865;982;16
912;610;11
598;602;10
101;98;8
72;355;49
356;173;24
449;19;8
759;916;17
624;200;35
618;635;7
546;481;46
881;334;2
749;615;11
879;659;27
253;610;24
171;220;24
224;934;37
828;876;5
262;401;14
106;180;26
2;98;45
209;43;21
515;519;15
379;817;33
29;108;7
785;721;42
447;540;32
421;408;27
942;763;26
499;864;6
239;225;34
81;660;35
857;869;17
119;395;22
130;543;19
205;173;25
856;671;36
818;833;30
514;170;11
503;837;41
843;248;3
387;922;16
605;641;12
657;287;7
146;982;28
167;205;43
264;776;7
602;747;24
973;148;46
812;29;10
431;992;23
662;581;46
183;68;30
375;834;5
263;24;42
411;662;30
539;390;44
539;595;40
84;650;27
440;243;37
918;596;26
599;208;3
695;484;16
979;714;36
68;616;1
169;781;19
353;930;2
263;220;21
647;204;46
749;362;30
243;732;25
367;301;9
209;933;50
396;808;20
46;465;11
2;951;50
378;20;36
467;414;30
998;952;11
155;37;6
364;154;38
82;497;29
234;503;38
950;828;13
372;926;43
686;569;35
855;27;44
730;891;49
43;397;19
772;183;45
923;931;37
518;532;28
114;806;13
714;564;24
543;872;50
3;380;31
867;272;20
779;245;35
612;277;42
266;885;26
972;34;15
766;66;29
182;263;14
611;619;42
414;965;24
756;750;38
158;250;19
403;180;48
67;785;41
749;488;4
10;816;49
393;201;4
807;898;34
502;752;18
520;630;30
148;113;34
109;926;30
929;293;38
64;85;37
147;390;40
193;405;4
689;786;19
144;761;28
442;136;40
829;341;39
752;568;29
329;274;41
709;109;1
292;608;16
823;998;35
192;6;17
731;107;24
708;691;45
137;254;11
263;871;1
785;477;38
800;517;16
509;841;14
898;126;46
161;17;12
859;297;38
271;57;3
71;723;39
534;259;10
832;977;49
314;590;21
373;199;23
966;498;2
110;528;1
388;442;15
101;673;38
28;25;10
633;987;16
445;959;12
430;866;16
344;593;32
547;501;11
237;409;6
659;158;6
365;387;40
185;804;40
458;829;5
960;591;47
117;90;39
266;301;30
483;80;15
427;719;49
396;109;21
906;520;3
292;20;48
854;906;43
847;58;47
916;328;18
70;660;6
873;630;12
184;614;27
525;226;35
930;209;25
68;320;48
568;218;16
196;8;47
811;12;41
226;348;3
440;857;11
463;866;13
837;763;13
387;169;41
445;365;27
977;601;37
934;609;12
569;887;3
942;912;42
232;937;23
359;262;10
930;782;34
5;94;15
307;962;28
463;549;45
821;708;29
119;7;5
692;516;34
702;995;14
689;980;9
114;585;12
343;429;6
884;61;42
833;624;23
352;74;49
771;970;21
155;44;32
605;838;40
347;338;1
770;720;32
852;658;5
610;874;10
671;487;31
5;114;50
825;490;12
564;663;48
763;687;23
533;565;43
5;962;30
270;568;20
844;147;25
819;60;19
224;254;20
158;964;20
506;431;45
593;241;23
305;274;33
416;945;32
869;528;35
562;956;17
341;59;12
924;521;37
122;738;31
333;328;47
709;291;38
374;443;26
15;180;7
585;384;29
268;983;23
929;393;3
70;449;49
661;832;47
166;799;23
712;727;1
486;669;7
232;487;18
857;124;44
300;57;7
48;26;24
365;970;10
912;465;10
744;68;11
890;451;50
351;955;7
317;550;4
780;640;33
325;873;44
972;388;7
657;197;49
143;461;32
74;257;49
96;808;41
179;735;42
839;581;48
364;353;10
111;373;43
259;924;28
949;148;44
128;812;15
748;854;24
585;239;46
89;427;49
929;529;1
732;78;32
540;533;22
382;496;36
763;22;34
450;739;13
153;478;45
520;325;17
858;802;42
260;709;32
983;165;29
58;411;11
679;824;13
643;298;9
765;115;31
916;569;10
663;103;46
897;791;2
88;401;3
553;686;8
80;422;22
227;341;9
883;338;24
782;695;10
856;828;17
766;302;26
852;495;29
493;103;7
859;173;18
399;43;43
792;244;25
105;730;1
449;119;27
243;236;41
43;433;4
196;701;27
586;372;15
141;379;34
104;363;34
893;805;35
463;299;46
214;236;23
104;529;39
388;977;12
455;959;5
648;445;29
850;324;26
127;126;35
691;120;43
556;423;38
815;959;34
302;502;22
399;360;42
226;255;26
591;100;16
234;356;16
541;13;29
103;395;8
133;791;36
421;928;44
703;308;27
696;812;8
322;445;33
226;331;22
617;711;38
373;460;23
634;156;15
429;943;28
544;853;22
578;748;38
160;423;30
332;494;47
892;991;17
184;694;27
584;449;34
348;356;26
790;323;38
985;634;32
409;583;44
784;802;13
990;713;30
545;735;13
635;307;38
12;921;49
635;594;33
480;208;2
99;331;19
768;65;17
183;160;16
924;384;14
705;513;5
480;612;48
527;744;16
605;388;15
148;284;13
63;842;25
357;163;44
904;203;27
643;357;7
931;275;9
755;804;35
965;420;18
848;420;27
36;396;14
811;300;47
541;237;17
89;953;29
189;944;9
31;665;48
916;700;30
253;255;39
540;803;1
314;228;24
653;556;27
720;619;9
262;492;47
346;9;32
891;357;35
236;283;38
164;384;11
459;233;24
588;257;21
582;34;45
833;478;29
281;19;32
616;710;20
442;376;13
965;76;48
593;313;12
184;269;8
619;294;42
563;980;21
180;478;41
706;950;42
913;16;16
110;123;9
762;356;17
753;902;30
664;501;14
531;223;25
591;612;21
203;935;6
506;568;34
39;596;46
757;727;21
715;130;43
10;249;15
488;162;20
902;600;17
277;195;18
454;478;33
585;269;9
972;20;46
384;465;22
494;451;2
38;947;41
846;217;39
862;649;20
550;674;38
447;243;32
473;771;33
207;774;25
173;877;16
938;951;43
218;94;14
652;767;21
481;718;8
945;383;29
460;53;46
825;588;1
305;128;31
546;664;31
26;105;33
562;503;12
61;7;19
436;992;23
578;852;47
359;356;47
653;738;7
350;304;35
355;372;10
259;253;21
491;546;4
931;134;47
54;45;38
335;771;20
506;590;48
21;655;6
858;454;33
366;104;17
58;587;25
762;943;38
859;137;45
447;284;40
890;495;20
439;649;36
465;713;35
731;963;31
262;572;29
501;506;15
912;157;2
160;415;34
365;476;10
227;115;8
943;832;9
121;551;37
144;484;48
405;9;41
869;263;3
612;906;9
156;257;35
591;721;45
168;975;41
913;154;41
895;806;27
269;448;11
97;232;11
491;988;14
41;827;32
96;257;21
746;634;14
518;485;19
18;306;3
447;783;20
487;650;39
700;663;35
281;976;38
935;2;31
371;258;18
228;681;29
972;237;32
81;870;13
218;218;13
713;134;49
874;329;29
759;679;41
684;511;25
331;292;47
102;277;6
330;608;45
658;438;16
509;149;27
278;498;6
476;666;29
786;285;36
716;562;27
505;929;40
53;857;1
157;103;8
647;356;38
383;807;3
508;186;25
88;474;20
529;445;34
361;491;27
403;497;44
568;431;27
112;820;1
633;534;35
48;30;29
911;668;12
775;630;45
405;72;6
300;559;42
419;762;41
519;312;17
724;107;7
714;752;38
30;270;45
230;194;29
146;573;41
502;919;5
209;63;33
739;774;8
864;622;40
766;739;26
515;491;20
383;815;42
428;498;37
818;445;16
502;6;3
720;37;4
472;925;44
908;406;41
57;968;5
267;509;27
678;642;35
868;551;22
944;482;44
894;845;6
936;695;6
356;336;45
192;613;22
217;149;5
181;479;8
650;232;5
200;935;7
56;555;11
455;564;2
135;475;25
945;475;31
943;286;14
201;337;17
611;280;41
559;236;31
121;186;10
966;193;2
251;257;7
512;70;46
30;900;6
877;359;14
433;806;21
41;424;41
32;627;42
552;937;14
893;330;25
769;706;30
377;55;3
587;810;45
134;279;37
397;960;32
835;815;32
337;644;27
391;733;43
203;304;42
581;571;23
689;488;18
384;597;49
132;830;34
62;257;6
63;203;3
891;515;20
153;177;31
953;995;11
399;349;41
695;329;20
910;33;41
476;629;22
708;280;49
589;784;39
477;544;44
870;421;48
863;18;49
868;793;2
433;522;24
867;952;18
395;266;31
819;163;36
222;161;20
164;537;6
643;628;2
603;140;10
44;542;13
871;811;3
391;352;1
101;841;35
999;171;7
724;365;24
601;745;49
259;738;31
983;23;33
728;921;8
650;877;25
425;604;5
704;621;47
247;45;3
717;885;12
660;859;20
785;259;42
998;390;37
800;907;8
693;303;3
410;902;15
463;664;15
577;402;38
219;120;3
839;714;13
381;421;48
602;137;36
565;591;37
407;903;29
334;473;9
960;961;1
12;179;22
123;742;8
752;759;1
470;694;35
312;693;26
676;713;15
691;43;41
793;722;32
729;392;23
621;848;9
118;836;44
711;716;27
927;344;33
345;249;13
670;173;30
465;495;32
444;46;5
570;480;14
465;687;49
506;95;32
917;342;12
862;884;28
912;429;32
651;798;33
913;518;32
671;962;34
850;605;12
429;116;16
841;379;31
807;4;36
405;335;48
842;364;39
422;153;47
549;554;19
262;973;31
600;363;44
392;598;7
95;241;28
186;190;7
884;259;2
131;508;31
597;394;19
21;696;48
831;749;36
733;722;13
183;329;31
335;880;16
639;997;29
59;174;9
516;607;12
567;128;50
645;807;10
978;409;31
47;242;50
231;333;44
86;15;14
657;231;20
575;112;39
214;499;46
760;414;19
300;409;28
290;540;40
668;895;27
420;232;42
868;609;18
126;479;14
159;72;14
306;978;42
923;850;8
701;464;34
212;794;31
430;224;8
468;313;39
75;967;28
145;400;8
309;908;4
944;572;29
103;635;5
855;212;43
140;138;48
644;158;1
955;853;40
765;356;14
221;20;38
208;780;11
383;180;48
70;987;30
646;39;45
579;488;32
989;772;23
409;748;3
369;319;50
725;579;36
679;358;31
658;425;9
563;512;30
402;313;24
862;509;16
48;71;50
43;588;15
745;977;41
246;451;36
595;941;3
305;196;9
996;412;14
486;656;7
478;516;1
323;44;3
284;715;8
738;148;3
362;50;47
683;947;39
51;990;33
863;984;31
383;237;12
621;228;37
862;735;12
37;190;41
952;356;5
245;132;34
950;254;21
35;163;22
82;665;18
886;568;36
139;45;37
83;69;7
808;114;2
397;162;12
405;316;7
783;103;12
142;919;3
677;528;13
439;136;30
987;589;13
80;222;12
436;817;46
873;837;33
145;964;15
230;193;29
420;373;19
530;364;9
858;291;2
527;601;3
140;984;24
688;166;6
762;687;34
375;467;20
76;611;10
20;862;12
436;823;5
950;615;50
992;320;44
717;789;5
564;708;20
775;674;4
589;520;21
985;55;28
452;915;19
378;617;19
488;282;33
395;452;28
870;890;30
959;6;13
101;170;39
276;474;8
143;676;41
975;271;12
83;747;2
641;822;10
484;570;15
225;632;10
437;163;45
254;713;27
518;862;7
774;834;28
132;746;10
869;920;27
440;54;4
217;429;36
376;671;17
687;13;47
817;43;40
958;385;44
702;463;44
429;874;16
341;204;31
414;106;29
459;115;49
866;828;31
93;507;37
380;257;27
103;549;30
879;380;49
638;35;5
16;367;12
903;862;34
468;409;33
664;659;47
814;356;8
369;927;38
279;298;19
980;499;38
914;565;2
419;698;20
419;521;9
776;170;33
51;699;16
13;877;42
8;945;28
590;232;1
960;376;12
763;387;50
138;240;11
528;829;12
547;900;48
280;447;19
440;801;2
600;366;13
433;430;36
156;13;15
354;833;43
523;593;17
163;230;34
463;230;32
295;225;20
237;941;38
45;975;5
526;456;17
681;451;50
55;168;13
912;889;41
211;353;8
727;854;24
749;813;13
654;83;8
241;54;10
790;645;19
540;553;27
194;215;43
782;861;36
483;341;25
185;569;20
393;752;43
290;347;31
713;572;29
452;427;44
953;54;5
459;362;28
755;293;16
274;823;32
797;482;15
836;330;16
454;392;5
129;912;30
930;372;21
923;675;16
765;871;38
478;316;23
433;593;18
615;581;30
713;692;4
691;461;39
241;794;5
843;820;17
532;990;8
780;403;23
744;559;31
917;60;34
490;395;28
655;808;35
671;58;31
1000;533;49
444;24;12
747;646;18
784;912;13
408;115;8
153;188;47
377;783;47
324;50;16
844;412;10
858;892;46
695;98;46
901;960;30
702;847;44
209;175;23
572;790;7
901;927;24
607;910;3
63;258;16
69;365;47
689;729;39
646;392;9
104;550;42
253;848;33
542;763;5
168;901;3
780;814;47
307;834;46
333;676;20
297;183;24
163;694;23
613;267;6
406;864;25
97;481;46
173;870;26
450;706;21
848;452;20
66;743;2
93;156;17
484;487;35
129;795;9
863;619;13
561;312;14
676;723;25
486;495;10
711;695;48
904;609;35
599;949;20
400;347;23
87;571;14
647;501;5
702;764;26
824;413;20
839;237;10
281;407;10
820;739;23
497;560;46
619;88;19
865;210;19
359;197;38
769;951;43
610;82;45
446;354;8
801;118;7
732;133;37
316;343;34
995;178;1
24;74;7
374;913;38
509;468;48
346;33;31
553;429;6
346;671;29
686;721;14
972;510;44
291;159;18
211;505;48
11;277;24
110;827;24
783;531;31
751;20;11
680;520;14
258;550;30
341;356;37
99;246;3
581;912;10
352;187;45
546;523;1
800;917;40
617;112;26
848;37;37
813;64;39
408;67;37
524;683;23
502;300;35
432;140;7
308;149;2
965;985;17
155;649;12
147;785;9
589;258;21
986;676;4
507;742;9
811;190;35
469;329;15
815;922;23
887;721;11
41;785;7
946;802;20
350;784;20
320;34;42
230;862;42
605;966;28
996;367;42
830;97;28
278;867;21
374;181;44
130;772;44
115;484;11
501;366;42
543;322;3
486;860;49
79;232;16
573;645;50
451;557;37
944;639;23
413;163;9
410;964;45
97;124;11
175;199;23
525;35;42
482;917;36
304;397;15
884;543;3
151;278;29
821;572;14
221;203;11
413;207;13
435;238;7
477;640;19
699;705;45
232;228;31
268;239;36
882;893;3
722;404;36
489;228;12
533;775;29
373;158;36
876;16;42
802;432;33
556;74;48
142;424;31
176;754;35
469;3;35
882;377;23
213;584;22
138;293;42
95;999;4
84;342;24
818;286;17
890;995;15
548;176;46
868;549;24
401;651;29
498;186;35
754;40;33
224;89;42
798;974;7
804;768;21
204;322;12
43;281;23
584;972;23
664;61;13
532;315;47
690;686;42
557;325;14
115;284;39
957;859;8
350;163;36
587;571;11
292;974;19
76;722;23
928;993;42
942;357;44
481;795;13
122;782;28
627;557;21
115;545;25
334;709;22
11;272;47
144;840;31
935;51;18
253;767;4
314;874;38
830;290;34
827;183;39
640;350;33
20;402;8
113;45;39
918;55;15
703;726;23
721;100;37
103;689;1
712;954;34
572;259;38
893;339;2
845;795;13
124;846;22
821;593;37
413;263;3
745;585;1
733;694;3
452;29;43
810;250;46
389;658;12
601;472;42
316;819;43
932;723;13
499;59;33
579;463;45
760;868;39
337;304;39
256;922;4
989;487;3
164;990;17
312;624;39
331;12;13
275;64;9
163;396;46
78;949;42
761;962;50
777;482;40
273;4;17
669;767;3
607;980;10
654;90;3
677;313;2
787;557;29
802;954;35
254;892;40
150;573;39
289;183;34
648;345;37
140;482;4
596;116;2
40;922;37
126;990;15
587;748;25
484;507;50
997;130;49
733;215;11
659;229;15
743;167;36
550;157;19
832;939;5
960;527;47
943;410;42
693;578;42
158;990;1
629;11;10
648;567;14
258;941;48
135;143;4
847;184;39
271;407;18
837;525;41
902;53;29
509;159;47
209;508;28
754;893;1
786;603;34
534;56;17
171;82;46
478;387;22
818;14;20
643;923;17
945;133;39
966;409;39
196;772;12
659;430;43
94;445;49
519;93;34
513;341;42
468;879;19
840;725;9
209;183;38
169;38;2
374;286;22
621;611;40
765;375;4
957;193;1
292;90;12
597;329;39
790;105;39
781;969;5
643;941;40
21;706;41
389;70;5
256;449;26
701;621;10
830;32;39
292;488;24
834;709;13
359;153;42
848;66;24
245;377;21
262;505;19
661;374;20
430;346;1
323;121;1
897;366;33
623;4;46
503;204;22
695;274;34
816;171;10
101;449;14
510;258;30
206;738;28
262;545;6
61;145;31
24;620;7
438;621;5
701;671;9
925;207;33
328;836;6
271;925;43
3;84;37
360;48;22
623;918;33
945;421;2
553;482;49
902;129;48
119;265;15
132;116;21
870;76;35
96;600;18
914;478;43
577;30;10
327;517;47
462;248;13
588;590;38
71;760;48
837;323;11
755;196;9
335;53;13
419;575;35
551;727;14
696;283;26
17;649;34
916;102;50
304;387;37
877;426;24
442;303;45
921;622;8
123;976;1
788;151;24
755;35;8
41;423;8
474;33;9
556;446;43
840;481;48
22;500;46
998;936;50
375;940;42
934;189;1
318;19;11
183;837;15
712;936;2
104;988;26
606;634;30
741;446;28
621;297;12
484;37;44
812;477;33
759;806;44
717;490;15
868;464;7
456;100;23
865;293;5
63;26;49
151;81;37
96;803;15
563;985;42
607;232;42
134;721;2
990;490;49
555;295;37
317;163;29
747;257;18
135;435;18
699;689;15
44;631;33
556;844;22
802;498;13
847;469;8
91;283;10
166;160;29
818;167;6
183;47;8
492;935;26
372;513;50
633;752;18
74;571;19
95;203;5
376;538;14
706;874;23
547;858;38
819;738;13
593;881;14
266;615;40
381;383;46
464;412;20
779;598;10
492;346;50
945;502;48
451;843;18
414;167;36
135;222;6
272;249;42
199;189;50
364;371;9
485;172;42
292;712;1
117;1000;33
814;834;46
761;916;49
920;619;15
808;972;41
97;70;48
613;996;50
224;830;45
32;545;9
259;479;45
879;884;37
995;585;8
665;912;39
298;641;38
174;739;12
684;426;43
526;39;19
292;906;17
454;499;8
335;881;10
983;350;25
914;51;13
277;999;23
512;262;46
957;310;19
85;589;49
776;853;46
95;858;40
199;921;8
947;933;8
847;512;34
592;440;37
330;948;7
108;398;26
56;285;10
359;743;27
945;737;16
277;194;19
211;301;9
519;455;37
903;857;33
199;732;17
459;939;39
547;828;30
149;942;8
456;469;19
69;388;48
774;658;36
693;230;28
895;593;21
599;972;20
732;966;13
897;442;2
822;781;17
183;224;38
923;102;11
488;302;29
280;136;25
6;670;49
172;718;43
87;707;50
523;419;6
624;57;11
211;111;10
328;832;16
280;278;40
266;89;14
901;149;21
819;95;9
254;152;1
280;496;47
65;269;36
493;748;15
956;443;34
113;800;27
999;760;30
513;543;49
950;275;1
913;416;2
964;871;2
882;994;24
623;577;46
634;102;24
216;116;43
817;894;46
805;584;49
790;865;47
257;551;17
731;795;48
812;690;36
722;33;9
125;935;1
873;600;22
110;892;13
56;545;35
275;600;34
983;317;27
708;452;23
833;745;16
16;955;29
702;22;23
72;751;25
80;652;11
888;797;20
272;857;26
398;103;48
202;81;13
615;913;43
966;54;29
519;524;24
348;612;19
377;400;47
960;662;29
170;414;10
342;645;13
155;892;23
394;287;28
422;825;43
149;708;37
636;908;33
290;617;30
263;311;38
845;183;25
980;801;37
383;649;25
443;620;10
717;241;6
815;119;32
988;31;9
209;755;30
948;727;38
661;903;19
827;86;24
631;319;3
938;753;12
818;257;16
917;240;29
886;236;26
625;11;50
29;111;1
22;923;22
707;309;50
825;518;2
711;371;32
669;13;4
787;822;27
130;791;31
251;242;16
858;151;40
499;242;17
100;978;34
772;833;31
521;576;32
786;344;34
626;556;40
40;158;5
819;441;26
100;559;47
989;595;34
231;585;4
533;577;31
158;833;24
653;651;41
40;557;13
200;796;43
881;111;33
527;75;27
728;134;29
883;68;48
839;273;30
854;388;4
145;782;25
288;588;29
295;896;1
816;288;23
244;272;35
978;61;32
497;612;31
749;66;5
1000;523;15
192;262;14
271;904;14
542;491;36
611;115;36
57;321;20
245;875;14
517;96;2
809;69;8
158;807;36
44;468;34
784;91;5
164;141;20
534;882;35
614;305;32
857;803;48
730;230;24
361;617;28
547;363;50
77;80;44
101;565;15
108;970;19
921;833;49
191;750;36
163;386;13
564;168;1
482;822;50
680;242;25
871;477;1
346;892;15
671;969;18
526;706;41
96;377;16
707;672;18
226;321;18
566;630;50
934;927;15
577;551;3
273;130;19
295;444;7
243;369;37
563;361;27
278;983;12
61;49;40
142;921;46
581;115;34
435;36;5
119;723;42
715;166;34
533;684;6
146;72;49
134;331;27
239;467;45
338;442;33
179;333;16
426;864;50
401;301;43
914;611;46
862;373;46
642;998;17
523;470;34
519;169;21
247;266;43
808;852;3
886;634;46
942;901;49
681;449;50
799;773;28
812;830;9
558;733;30
923;870;41
287;840;2
1000;329;28
391;920;22
931;998;11
527;872;20
984;119;15
577;698;15
37;84;13
161;249;9
335;623;7
804;51;8
742;113;2
500;563;24
619;273;49
975;643;37
661;205;47
254;368;4
421;618;41
743;536;44
899;959;36
931;409;23
910;215;49
62;323;20
849;470;7
943;733;26
943;49;19
792;653;20
190;84;5
177;822;23
962;623;35
286;596;19
51;435;48
1000;400;49
113;778;32
427;988;11
30;399;4
170;990;3
626;154;47
955;805;24
31;737;30
48;714;38
20;647;9
740;158;34
227;445;1
910;233;48
923;353;6
588;861;4
706;555;34
342;602;43
243;897;32
337;684;1
407;322;17
445;657;42
243;106;32
871;664;35
900;195;32
502;252;25
336;288;43
843;768;4
263;953;46
11;577;21
987;665;15
831;991;2
853;693;21
218;874;37
858;114;37
358;151;4
145;623;4
453;535;21
264;616;3
902;443;22
706;464;2
506;374;23
633;823;47
477;536;32
887;52;28
194;386;44
396;216;20
508;504;28
279;781;38
190;589;21
246;748;7
280;540;41
753;754;8
179;827;37
336;686;9
439;397;45
685;631;1
375;980;9
406;838;47
639;838;24
173;245;50
740;477;16
749;80;43
233;473;24
756;529;7
514;53;34
975;123;23
204;723;29
785;226;41
810;671;14
373;790;34
862;494;40
793;84;29
845;289;17
904;53;16
29;962;9
718;385;33
435;584;36
853;98;22
427;432;29
247;215;7
17;893;23
43;551;7
664;708;12
206;500;50
586;913;4
732;720;24
321;582;20
416;421;45
510;89;8
581;198;1
366;292;10
229;638;11
945;29;49
579;639;48
113;350;28
396;556;43
595;163;37
531;386;15
586;366;7
526;51;48
93;951;11
742;971;29
727;857;20
956;62;31
862;515;15
159;763;17
814;457;15
967;609;24
431;962;7
23;249;10
999;21;12
227;640;8
758;501;8
997;289;5
786;956;31
430;761;31
200;779;11
634;710;26
177;571;9
448;278;47
369;181;32
221;117;39
291;912;44
262;166;38
305;474;26
282;250;18
834;1000;14
137;792;45
700;890;9
89;396;1
368;900;12
148;110;27
445;279;36
299;966;19
218;738;38
596;658;2
655;6;42
494;780;44
64;840;4
824;496;2
320;699;31
361;519;38
49;563;36
656;256;11
483;899;12
379;702;31
680;837;33
475;605;42
930;324;7
701;27;38
925;484;36
720;624;31
950;383;12
208;70;40
578;262;21
239;50;7
548;926;29
665;497;46
448;682;19
169;370;33
844;881;43
48;144;45
566;235;10
874;715;12
896;11;13
120;699;8
205;981;12
751;545;25
86;210;19
736;787;26
675;897;2
371;729;18
356;588;47
519;734;7
10;893;16
349;162;25
710;93;6
70;64;3
461;3;26
820;611;2
6;925;19
335;199;15
79;12;4
386;562;13
568;160;47
756;698;29
175;101;16
207;239;26
111;902;32
865;807;31
636;847;42
365;363;42
81;209;14
98;726;47
720;308;19
962;880;50
611;397;25
569;542;37
293;885;47
347;582;15
185;858;10
176;427;8
977;761;23
28;840;14
805;382;38
469;450;25
615;871;23
908;97;12
211;790;17
754;66;19
164;579;7
470;894;7
798;52;42
996;536;47
27;815;42
275;57;1
42;395;24
339;286;34
70;649;9
939;111;33
871;686;26
151;535;15
592;601;20
715;223;31
77;863;50
20;267;36
44;158;43
305;768;35
921;612;35
756;83;24
36;598;30
163;958;41
611;12;10
778;945;35
871;483;15
279;401;12
498;263;24
766;247;18
803;181;46
28;746;3
486;636;10
956;945;17
706;785;18
437;762;10
769;981;45
695;496;50
348;24;33
118;73;6
154;421;45
738;261;7
706;420;5
967;416;26
574;778;38
919;527;45
250;270;42
799;108;21
397;239;23
408;682;9
228;35;7
547;416;26
958;49;46
402;574;49
56;12;41
260;389;50
263;42;36
50;392;46
49;763;43
839;664;22
244;10;28
679;320;1
994;275;2
294;521;16
771;137;2
854;416;12
219;8;12
21;220;29
120;562;14
372;564;49
233;389;20
111;525;32
723;674;50
950;339;8
16;381;12
911;213;43
379;199;39
684;937;8
245;776;24
563;636;17
253;812;22
115;64;20
148;799;43
948;746;38
863;746;15
674;122;49
779;411;19
857;606;43
323;441;41
236;565;26
954;782;31
881;410;44
33;491;19
891;771;44
648;845;19
712;473;5
853;914;42
493;939;22
19;589;24
385;630;10
161;545;42
608;248;10
795;201;24
299;667;4
504;966;16
969;317;27
907;654;19
303;746;33
704;696;7
850;251;18
685;165;26
941;371;16
97;92;19
298;832;10
402;519;21
687;468;45
263;25;44
733;749;5
51;511;19
422;462;5
193;460;13
947;475;37
583;440;17
345;682;9
685;623;2
519;482;19
897;183;36
261;367;37
746;259;47
854;823;12
253;843;3
311;870;8
928;621;7
975;552;2
647;464;31
972;932;30
318;733;27
696;246;1
752;363;3
658;12;39
769;417;41
950;959;39
359;96;39
792;567;47
805;969;34
63;998;42
440;990;50
25;280;2
163;669;30
610;649;49
331;660;28
863;81;49
767;745;8
709;14;47
851;644;45
547;140;4
515;809;38
534;626;16
706;645;10
873;639;12
332;999;2
443;375;29
70;855;22
889;287;13
160;730;16
908;816;9
610;494;44
80;759;49
810;546;45
248;187;7
403;553;33
621;309;25
746;23;34
772;154;25
93;716;17
97;346;49
277;296;5
303;495;8
186;57;25
310;948;39
862;255;20
90;436;1
983;782;25
577;50;32
759;90;42
461;227;22
507;935;27
707;780;25
575;165;25
317;759;49
381;651;27
985;404;28
704;324;27
625;359;21
873;452;43
189;981;4
571;788;25
727;759;36
283;694;46
326;362;34
147;247;7
784;660;36
188;971;46
760;429;44
847;432;11
93;327;29
531;672;20
221;733;47
15;614;6
550;724;14
674;163;20
44;789;30
36;304;30
508;257;7
7;294;1
958;196;11
863;941;45
187;524;19
404;254;29
846;912;35
855;317;46
632;325;40
968;523;22
882;796;48
765;260;27
339;303;7
883;628;44
420;121;1
705;767;43
834;559;38
439;110;12
951;977;3
223;942;5
490;415;28
3;648;27
983;527;18
588;878;37
834;660;6
826;999;9
185;299;20
41;920;41
822;546;36
984;273;12
26;90;3
666;458;10
988;473;40
653;816;36
784;195;18
392;9;25
975;840;32
731;630;15
243;788;31
721;280;4
790;784;6
378;487;45
871;332;33
585;977;7
688;843;40
211;216;9
1000;386;41
2;407;38
23;723;7
450;338;32
81;811;32
735;621;47
430;822;50
549;666;32
689;537;17
726;597;3
978;48;42
292;199;50
826;48;32
326;816;49
486;323;37
987;466;24
800;942;29
357;258;43
1000;774;26
225;170;32
922;146;45
34;487;8
780;457;37
690;175;46
863;532;27
691;358;36
547;886;38
97;775;46
627;851;50
899;621;22
241;693;47
749;661;50
465;158;38
954;773;6
287;407;43
912;715;23
206;855;11
471;695;20
544;116;36
653;152;1
402;692;3
283;811;31
127;394;26
876;109;32
127;314;3
83;193;22
46;323;24
12;914;17
707;80;1
466;112;41
426;825;15
789;159;45
826;196;47
41;244;19
826;729;18
360;405;5
188;517;27
499;524;7
472;633;2
893;83;2
45;653;19
482;288;24
815;216;30
152;732;22
411;26;33
471;538;43
563;369;34
639;407;3
434;769;23
202;667;42
686;355;39
548;143;45
907;366;5
999;454;42
990;943;35
995;329;48
139;283;28
649;665;13
149;471;35
56;133;1
271;196;42
271;359;46
505;816;2
607;380;25
964;532;3
519;707;45
499;348;30
920;904;5
652;519;1
651;654;4
508;671;4
302;754;33
565;76;10
462;601;12
593;844;41
252;85;28
931;149;30
363;46;21
216;411;32
940;401;22
605;110;44
851;888;20
259;313;41
812;818;50
430;935;5
905;99;5
370;444;30
782;567;31
177;846;14
212;254;15
622;18;26
724;423;31
583;901;20
176;412;20
577;29;31
429;118;2
300;525;29
401;885;31
247;518;14
916;477;29
93;233;28
659;650;49
282;577;43
181;611;19
246;548;15
101;725;39
854;140;1
222;508;45
73;805;11
756;506;48
34;853;21
893;18;28
222;666;47
741;564;8
937;998;2
46;978;28
771;734;19
112;85;20
97;602;23
127;784;28
751;449;5
927;256;37
730;213;47
799;649;1
953;713;48
300;717;25
113;369;10
542;972;21
531;649;37
201;192;17
200;26;14
856;21;45
831;839;13
322;567;23
284;804;29
259;742;21
508;412;16
29;255;21
737;451;26
911;403;41
434;66;26
324;793;42
509;186;20
550;844;41
254;662;32
85;430;32
176;165;2
939;971;20
243;461;44
360;511;42
903;852;19
623;457;15
586;397;40
121;297;2
532;203;9
246;371;10
360;315;11
441;80;20
871;124;9
841;624;26
991;970;32
864;601;50
107;89;25
284;302;38
84;90;5
471;862;7
377;938;31
68;261;5
646;798;50
769;640;30
491;942;48
595;893;41
791;966;13
919;791;13
881;121;13
655;603;38
36;781;47
39;374;43
823;146;15
94;809;44
271;418;36
815;335;35
448;703;15
364;269;21
114;769;23
394;334;16
820;486;9
864;637;38
703;624;46
97;377;10
966;394;29
814;413;38
554;517;3
354;423;11
952;24;30
757;886;5
321;445;20
277;82;13
692;260;42
332;326;32
331;518;41
30;233;32
87;109;46
798;875;5
432;197;8
919;466;20
449;732;45
160;386;16
632;718;23
114;843;14
320;676;20
74;639;49
642;603;34
125;210;46
993;317;11
764;657;4
20;480;20
742;575;36
361;876;9
88;269;32
689;272;10
646;850;14
882;452;2
592;105;35
263;259;12
577;648;10
668;611;34
610;227;44
750;405;10
291;732;49
155;482;7
59;64;50
77;625;30
651;469;33
953;157;3
644;126;17
184;494;23
601;168;30
398;327;1
190;590;23
585;302;3
402;324;5
877;874;30
187;847;37
747;636;29
292;839;50
592;603;22
711;915;33
200;152;5
366;711;9
665;251;45
451;36;42
311;989;23
995;538;7
533;978;40
953;452;36
117;73;43
693;355;20
973;789;13
972;24;39
447;787;47
966;650;41
659;566;8
798;879;2
465;59;26
402;135;37
15;683;41
732;107;37
79;739;18
922;579;40
197;880;18
926;284;26
990;443;25
82;970;8
164;326;35
272;100;25
397;17;36
731;465;1
748;613;36
902;316;18
606;7;17
579;376;29
988;70;33
252;962;35
883;718;13
1000;724;14
910;345;17
451;660;38
743;560;13
764;644;32
736;790;42
558;477;32
570;155;37
227;310;5
890;880;2
372;818;11
360;864;27
888;214;34
374;325;2
536;512;27
207;67;19
630;122;37
960;745;7
828;541;4
747;294;21
851;309;39
603;688;49
844;616;31
496;998;16
64;806;8
267;370;24
494;767;43
92;278;2
428;204;8
422;497;18
462;157;35
550;305;10
182;408;22
554;823;28
223;909;7
543;738;19
202;767;18
242;612;31
694;375;5
380;256;28
140;243;41
633;364;49
136;828;14
200;133;22
436;776;9
813;365;13
170;594;33
259;822;39
939;445;24
198;379;49
954;567;14
565;180;26
163;311;23
680;46;31
968;530;35
722;495;31
602;336;10
590;170;32
597;902;5
435;65;37
151;834;14
278;812;41
323;499;29
739;615;44
116;467;15
779;405;46
468;952;47
285;9;10
927;801;39
265;111;2
573;317;50
326;204;29
872;955;19
820;84;49
398;842;26
151;944;26
140;240;19
317;747;39
538;822;30
187;548;14
623;863;26
226;294;27
401;245;16
367;861;16
528;660;45
169;462;20
326;785;11
36;854;10
743;747;22
897;288;15
939;867;47
142;362;22
225;83;27
93;752;29
513;55;21
888;390;23
699;898;47
310;155;39
4;2;9
989;858;49
869;863;3
884;67;29
204;689;46
268;286;35
565;753;28
921;619;49
823;263;26
689;354;3
780;251;49
674;561;6
922;322;38
491;614;26
477;617;16
75;955;27
254;290;50
446;873;2
377;731;23
782;722;15
920;336;8
54;629;1
920;196;23
728;195;9
313;255;5
645;584;21
794;671;33
472;692;29
53;706;26
691;926;28
979;677;14
100;874;21
752;946;21
312;475;34
28;206;19
730;857;19
883;313;12
848;957;3
581;715;31
16;660;45
293;696;33
739;199;9
776;598;49
849;124;31
533;962;13
167;800;28
897;438;17
621;46;6
508;651;21
788;314;26
849;201;2
388;317;5
544;585;15
203;616;11
442;279;17
758;134;19
700;141;39
259;599;21
90;825;15
291;438;23
936;597;14
542;266;2
617;805;2
20;91;50
873;296;14
440;146;13
118;124;7
599;843;22
485;870;19
308;581;49
670;917;46
262;282;48
595;658;22
812;699;25
166;576;18
512;834;26
836;711;43
182;825;32
613;971;3
656;380;11
654;573;24
92;913;40
942;875;49
559;393;47
160;823;10
249;607;13
519;667;36
19;322;8
37;641;5
728;382;12
847;169;14
979;743;25
800;419;20
346;512;33
746;258;9
179;404;40
868;478;46
470;81;45
484;322;14
304;675;28
725;660;19
253;377;43
446;961;22
403;224;38
100;481;13
828;360;32
207;63;43
501;30;24
761;696;17
181;951;32
445;537;17
256;478;50
854;424;25
777;425;17
133;126;48
487;734;36
31;706;50
61;824;18
998;986;4
11;438;16
375;865;29
486;885;28
484;390;14
577;286;10
214;774;6
657;830;19
888;123;13
532;252;47
414;374;25
92;931;17
782;562;4
748;570;7
549;442;23
251;219;42
519;721;28
305;173;5
772;1;2
264;657;3
638;75;43
927;105;42
709;813;2
619;604;5
663;573;1
374;712;15
219;792;19
665;755;5
921;585;46
550;114;45
283;586;11
660;431;49
805;25;16
501;415;34
376;82;14
911;362;32
367;73;34
350;360;12
955;373;8
572;877;49
266;553;21
374;860;9
969;783;41
476;183;2
328;431;38
221;439;31
143;763;43
811;841;32
591;989;11
151;789;14
136;770;16
286;422;1
633;148;5
45;628;45
167;829;42
833;287;25
530;404;40
284;409;5
759;840;5
481;44;26
917;439;47
649;578;46
71;205;42
947;919;43
432;90;6
142;825;32
707;704;19
624;826;35
372;527;48
733;1000;3
668;5;43
102;880;46
458;537;36
807;688;50
171;728;46
288;117;6
208;268;24
176;909;23
553;846;40
922;258;40
506;668;37
60;813;46
425;395;19
499;5;1
980;124;31
162;292;13
197;493;30
947;500;38
158;779;20
54;986;19
758;409;40
715;940;13
851;296;35
447;837;19
295;731;43
380;417;13
258;887;10
755;264;32
20;696;7
503;98;9
562;258;44
613;538;19
315;67;2
702;863;37
713;339;18
35;377;34
501;811;42
48;952;50
584;55;35
267;131;16
217;221;35
346;19;30
822;941;44
405;728;19
86;182;32
721;874;50
215;996;35
387;615;17
651;56;4
221;935;50
352;499;35
404;866;40
724;605;1
32;117;12
80;834;25
944;311;38
995;937;39
20;396;42
213;262;13
942;133;21
713;145;13
459;776;26
73;443;24
201;360;33
447;490;8
481;742;19
345;699;25
81;715;24
286;356;30
188;509;4
2;259;13
101;889;23
623;524;50
485;950;24
599;581;46
989;246;39
280;112;30
375;119;11
266;681;4
565;880;9
733;93;33
244;890;3
997;316;2
781;404;4
286;461;3
391;516;28
149;755;17
990;479;29
219;828;8
37;125;42
35;250;7
935;892;22
697;849;10
325;988;41
495;662;33
509;635;46
623;89;23
527;428;8
875;82;41
368;333;33
761;590;30
978;607;40
465;933;2
233;618;10
360;22;16
838;332;46
313;160;23
665;260;8
717;960;12
496;273;8
906;301;29
645;331;14
168;137;30
924;520;44
131;172;49
157;661;36
506;356;22
558;727;27
661;696;46
236;9;49
851;384;41
193;80;42
472;519;42
18;367;9
960;731;50
409;410;8
576;199;30
108;143;20
325;508;50
517;938;5
995;933;10
204;660;46
963;29;14
276;57;34
273;695;23
828;868;43
951;495;16
353;436;9
736;802;25
573;349;11
527;136;34
650;178;47
426;894;31
358;518;26
841;830;3
866;30;20
884;189;29
185;673;45
545;727;26
55;73;13
597;612;25
903;929;17
255;425;49
198;339;19
896;17;50
418;157;24
523;283;7
779;510;23
111;659;14
650;344;41
591;799;46
62;559;36
133;831;17
241;531;13
440;646;11
392;449;16
623;791;43
329;313;35
640;107;34
195;848;49
79;182;17
38;430;39
346;852;24
391;760;30
974;615;50
717;116;1
211;714;47
209;360;40
509;716;28
843;234;7
690;25;33
655;550;27
712;11;42
962;731;5
491;570;39
728;496;42
694;411;8
141;688;10
862;990;26
375;100;24
1000;13;48
421;378;39
376;6;38
510;965;40
941;454;24
235;438;50
355;917;33
104;779;42
54;288;29
709;438;11
6;470;1
151;989;11
716;129;39
110;370;24
739;713;3
156;790;17
171;981;33
990;648;13
529;735;25
182;313;31
763;461;4
736;863;39
786;178;30
450;249;1
818;746;24
708;945;13
361;739;40
752;882;20
350;4;10
709;104;10
576;736;1
840;289;24
806;584;19
220;213;12
745;360;5
766;324;21
783;450;44
753;293;1
696;177;19
19;415;31
412;743;27
200;651;14
649;286;9
482;975;11
458;541;19
678;506;17
877;464;37
685;794;25
388;408;19
442;795;26
683;878;8
232;508;44
172;809;11
228;933;37
964;706;46
784;107;1
178;916;30
981;225;16
511;82;6
528;274;6
257;389;40
459;932;47
404;367;12
210;867;20
332;720;21
327;768;35
924;950;46
918;686;25
519;107;26
805;147;5
638;968;11
649;631;49
169;672;31
999;152;5
189;656;42
908;876;6
143;412;26
439;596;34
78;962;43
14;940;24
699;342;42
598;467;48
857;780;10
428;494;33
775;342;28
496;672;28
621;540;28
775;236;13
274;542;15
317;630;13
932;63;31
970;64;14
973;183;50
356;884;26
906;840;30
200;876;41
885;211;20
82;712;39
503;520;8
56;691;24
92;898;23
844;341;47
884;836;38
752;773;11
904;584;39
256;759;31
279;684;16
31;242;28
889;459;38
346;296;37
308;31;13
224;424;46
717;460;48
250;347;26
506;554;38
498;401;30
370;774;16
563;418;24
86;8;32
332;597;14
551;436;7
55;782;22
566;220;25
197;833;32
206;820;35
351;515;44
941;555;23
457;153;35
802;730;38
680;221;38
823;157;26
87;536;12
50;263;44
423;939;29
801;74;42
358;114;20
240;375;14
885;967;21
672;450;37
512;412;20
433;706;9
526;679;8
203;213;27
527;408;46
433;634;34
756;163;7
798;786;32
683;39;25
633;914;8
105;915;44
606;924;49
528;847;7
826;692;6
939;302;2
940;976;1
1000;528;34
950;760;33
65;147;43
203;377;30
144;815;48
224;266;12
998;942;17
211;685;40
3;70;44
707;614;23
575;635;35
746;418;34
120;51;36
281;891;43
604;669;36
418;957;26
214;809;1
46;372;40
211;187;50
350;422;47
467;712;15
68;307;11
705;670;2
902;431;5
41;378;20
48;374;9
889;675;49
385;77;4
455;841;19
857;330;50
408;614;48
114;15;7
834;635;6
492;374;27
171;108;8
520;595;29
807;268;36
642;832;40
850;241;17
708;482;42
847;875;45
686;628;46
130;147;37
606;415;16
455;835;39
201;81;35
945;73;24
454;812;10
977;655;33
625;293;28
279;579;24
502;890;43
484;967;21
71;394;8
462;373;1
813;74;33
212;104;14
887;405;15
200;645;8
494;737;16
946;418;15
609;715;21
370;156;31
580;777;23
215;566;46
790;231;1
875;53;23
816;468;14
448;322;19
131;318;9
141;459;1
888;437;39
560;816;41
404;159;39
290;977;46
830;630;39
1;429;31
562;658;17
625;443;2
561;986;49
348;770;35
322;391;24
336;241;15
260;404;46
954;911;34
908;715;25
988;577;39
706;434;46
950;526;35
988;439;17
132;687;9
444;882;27
989;368;25
153;210;49
956;748;35
432;365;21
837;607;32
120;439;44
886;352;33
359;449;1
922;489;9
124;881;28
891;486;11
354;544;48
704;29;41
292;666;45
208;883;31
634;999;33
154;4;24
305;979;26
812;114;41
921;962;46
145;70;49
138;333;3
206;327;18
377;596;35
687;671;44
118;541;38
805;438;5
256;714;24
146;21;29
78;582;29
911;824;47
709;319;5
838;528;5
277;920;6
804;561;39
651;339;3
371;581;11
893;134;24
939;9;50
816;53;15
22;232;19
327;397;34
226;821;9
786;985;5
427;693;9
14;728;19
212;306;40
574;523;30
775;979;27
849;920;17
139;909;12
670;266;17
459;149;9
116;600;19
702;241;26
677;496;38
836;996;37
305;207;5
677;479;1
337;838;17
271;926;43
720;334;5
135;611;9
77;229;12
497;916;18
973;25;26
97;944;34
189;220;32
497;697;44
936;404;26
575;518;12
798;635;47
57;55;15
774;814;24
916;523;2
516;645;21
439;141;22
651;1;16
544;847;32
59;757;7
783;183;11
698;233;3
99;526;11
263;810;21
322;374;45
499;747;24
838;463;40
395;733;38
897;796;46
991;639;7
226;481;6
352;60;20
790;963;48
352;374;31
415;264;38
898;979;2
71;896;12
916;679;4
516;207;30
670;463;21
681;453;25
737;508;31
976;78;29
968;55;35
933;755;46
282;900;2
906;354;30
560;762;49
314;933;9
992;829;7
723;916;37
148;318;9
806;441;34
797;560;25
52;211;34
264;971;15
434;810;10
530;977;6
414;299;13
346;675;41
737;17;33
449;946;9
389;848;29
313;453;47
397;489;26
420;418;44
209;4;19
350;934;12
270;921;2
597;7;49
66;212;39
338;12;2
952;164;41
8;446;30
62;658;28
758;368;12
408;164;1
772;155;31
146;411;26
786;774;19
274;277;37
175;746;37
442;913;30
877;475;45
51;125;45
927;656;24
582;980;39
3;394;26
926;704;17
821;214;32
250;474;11
275;164;32
486;545;14
597;732;49
689;310;31
416;36;28
831;477;30
857;886;41
405;301;48
423;499;11
753;825;24
380;342;27
367;67;6
750;637;5
50;940;27
75;453;23
783;277;29
214;352;13
862;126;40
414;239;22
584;393;16
655;742;28
877;63;49
429;755;31
746;544;43
466;599;17
514;316;19
37;596;16
764;5;35
715;589;16
484;356;29
186;111;43
830;326;50
140;284;10
603;993;21
872;497;27
855;495;49
14;196;21
578;521;27
618;164;19
177;318;25
754;798;1
531;572;26
533;790;26
902;369;35
238;8;36
595;311;48
517;543;12
333;948;8
299;110;38
442;910;13
397;725;36
303;704;37
618;822;29
591;376;9
924;925;6
8;623;6
206;207;10
718;981;32
651;256;47
707;226;20
85;118;22
431;938;8
989;399;25
526;75;16
856;38;10
534;436;38
374;301;16
486;383;13
41;82;28
296;834;10
52;233;45
47;588;14
452;994;46
776;501;8
851;293;42
955;953;42
741;399;9
31;370;35
474;693;36
614;236;20
400;331;28
953;976;24
36;631;35
771;653;2
576;874;30
90;797;6
858;771;28
702;895;28
791;294;19
196;201;24
645;312;9
422;688;3
948;594;3
676;470;21
704;164;4
789;359;42
954;726;2
657;159;27
498;933;4
847;387;16
455;877;12
530;392;14
988;707;24
599;875;21
182;72;14
435;53;31
131;255;29
272;623;23
226;194;13
183;566;29
348;118;7
523;477;44
359;231;16
945;587;8
569;258;32
445;181;15
347;896;13
707;707;26
185;271;45
288;248;33
144;799;2
871;112;12
834;514;47
869;565;49
269;244;39
913;423;19
409;972;2
328;297;8
72;365;3
72;13;3
525;537;38
234;436;11
640;270;15
236;86;39
16;101;3
215;426;4
513;228;17
521;736;33
578;604;40
832;154;14
847;388;44
612;57;7
343;104;4
335;992;25
78;308;38
660;493;43
236;957;19
967;511;35
850;503;34
517;242;19
293;682;14
190;553;24
140;133;44
649;444;36
36;139;8
1000;912;5
195;575;31
893;735;11
557;898;45
464;995;20
208;926;6
756;180;43
254;1;22
782;165;34
314;343;29
19;603;10
692;589;2
944;47;27
754;191;23
144;818;2
358;221;45
814;900;1
266;600;33
952;222;18
158;950;47
856;886;41
88;554;41
785;605;34
833;668;27
850;115;42
806;459;6
546;671;44
449;323;22
465;882;36
722;882;23
487;22;4
290;790;18
860;620;41
141;405;8
21;861;2
817;887;6
776;977;14
651;183;42
93;858;20
629;199;15
245;116;1
837;487;36
52;538;1
942;877;18
633;312;34
813;325;1
367;33;43
441;993;10
722;470;43
2;150;49
272;86;22
387;157;32
754;971;32
161;472;12
189;421;21
978;989;43
136;639;1
667;140;42
877;906;50
490;34;18
678;449;17
57;536;34
200;514;40
163;977;41
84;295;38
388;559;21
730;54;34
928;931;25
199;498;2
17;319;29
540;377;36
763;369;6
326;590;28
785;470;28
296;800;26
589;398;13
418;431;44
382;553;46
727;16;39
243;1000;44
224;568;15
704;161;4
488;587;31
818;933;39
430;222;33
496;251;9
383;796;38
323;551;25
367;842;23
412;540;5
320;250;44
234;499;47
819;580;15
536;415;17
846;960;20
201;995;14
423;227;35
965;907;11
29;506;4
779;390;3
670;186;37
371;5;22
24;828;23
651;497;49
146;789;41
154;926;1
224;724;12
826;510;26
290;273;26
54;9;26
170;632;38
288;213;19
800;322;24
416;637;1
699;714;24
107;850;13
257;739;21
451;711;21
755;189;4
926;672;29
937;860;45
316;294;28
439;640;43
269;743;8
845;400;45
629;581;49
744;785;36
762;429;8
870;230;23
879;822;7
804;197;39
872;173;42
486;628;27
884;745;22
246;21;50
868;108;40
46;628;11
559;939;37
217;879;17
452;833;17
402;467;13
492;900;28
452;628;5
910;599;44
485;886;42
685;374;44
656;81;12
145;896;3
465;130;42
606;240;37
173;348;37
11;796;5
990;206;18
29;634;44
163;558;14
111;815;20
779;81;12
770;243;32
269;695;18
489;369;1
298;547;1
799;910;36
952;123;2
649;384;49
174;18;20
860;298;33
250;647;20
186;689;8
191;715;17
34;16;16
190;311;25
885;323;3
302;369;28
642;927;12
268;752;35
765;805;7
795;118;30
433;644;30
854;477;19
488;910;21
307;565;4
674;149;29
709;120;31
296;35;33
815;553;13
49;107;37
635;287;1
893;847;5
175;540;23
295;719;22
83;241;39
273;563;16
285;887;46
311;461;1
35;443;48
558;157;46
302;242;39
740;733;29
986;940;33
739;391;30
884;25;12
864;484;11
429;345;41
814;151;41
931;286;22
459;406;16
590;740;50
500;647;38
720;170;32
1;558;43
683;376;5
629;536;48
768;477;37
891;289;1
520;406;33
770;325;1
115;353;46
876;403;4
588;239;4
802;21;43
438;138;37
548;815;50
251;5;14
812;952;28
928;835;31
482;162;36
530;735;33
240;781;17
434;703;4
37;295;18
164;877;18
779;47;12
48;953;7
241;719;18
915;309;18
606;615;36
141;33;3
538;831;35
978;969;11
938;916;26
620;844;43
464;860;25
39;583;29
530;95;38
657;886;42
742;810;36
973;996;26
724;523;34
838;590;28
127;752;40
223;812;25
838;306;8
506;230;27
134;432;29
608;385;29
401;490;32
277;807;1
162;827;32
607;414;7
573;829;11
126;469;25
972;834;35
280;609;28
385;168;47
510;60;20
197;544;38
733;786;26
933;499;16
566;222;45
616;260;30
659;187;35
558;390;45
84;927;42
127;570;4
768;278;16
853;669;34
468;680;34
622;74;25
402;380;33
956;82;3
794;28;34
474;456;34
99;176;27
439;912;46
308;803;16
213;963;39
736;840;15
123;815;27
932;249;42
713;835;47
905;524;43
357;651;46
491;434;33
941;378;12
386;509;10
338;655;35
162;492;21
343;859;2
71;580;23
727;871;15
435;649;32
15;672;28
757;910;6
765;378;21
181;696;7
549;6;33
621;368;4
826;590;33
254;750;27
527;404;45
228;372;9
806;357;30
225;926;46
306;529;11
397;831;17
753;140;42
375;859;33
300;628;19
855;981;34
934;109;7
306;286;12
539;366;39
403;875;31
110;306;48
356;313;43
221;274;4
149;103;24
852;609;24
463;647;16
4;645;23
492;791;2
624;207;40
639;397;9
748;496;25
212;21;34
722;100;26
515;705;4
11;491;5
560;563;30
965;853;13
689;237;2
821;381;8
541;791;16
574;297;14
856;41;50
875;391;5
872;781;17
760;939;23
791;363;6
358;847;33
25;404;28
613;877;12
346;835;15
589;752;35
265;656;8
75;366;42
310;423;38
592;887;5
871;755;34
217;874;37
107;472;2
495;257;19
904;351;28
428;374;26
895;735;20
531;920;33
404;620;9
443;711;34
418;80;1
679;645;3
493;657;10
155;184;36
683;825;18
852;113;2
930;178;4
887;961;41
10;231;22
447;332;27
209;470;19
784;982;15
673;55;11
43;930;34
277;894;26
242;867;21
706;301;38
272;207;47
688;130;44
275;88;45
322;317;3
67;748;40
637;997;27
200;627;18
932;315;37
88;200;27
752;498;42
781;363;32
832;932;2
338;200;25
913;447;39
957;184;26
877;521;3
705;360;22
631;234;37
288;990;20
440;587;41
191;376;8
62;234;34
989;646;40
908;494;41
739;446;10
734;94;7
455;497;29
911;801;24
463;667;10
610;505;35
988;274;28
86;818;26
972;84;3
386;532;10
721;735;21
350;935;10
437;678;2
310;358;23
611;940;10
336;599;24
144;278;23
895;710;27
655;300;14
15;952;42
168;140;1
683;305;33
601;741;32
207;466;28
39;882;7
156;559;12
442;487;34
469;889;23
385;94;13
871;87;32
43;656;20
339;928;49
69;946;39
831;712;29
838;705;26
466;482;41
47;109;47
37;196;17
903;66;50
968;907;47
43;959;19
308;449;47
962;874;1
321;206;37
69;234;30
239;15;22
966;906;29
499;861;6
492;358;47
144;591;15
995;375;23
587;588;23
651;377;17
106;395;25
452;372;34
196;308;50
568;251;32
967;273;9
718;789;41
834;631;13
485;573;7
961;371;12
680;111;39
509;50;50
81;569;3
172;326;10
920;883;21
848;187;4
905;476;5
809;653;43
958;42;45
409;311;34
1;303;49
54;82;16
305;571;18
426;63;32
233;197;12
42;432;25
363;543;44
486;304;21
165;454;7
109;480;19
218;359;15
87;661;22
206;650;5
540;718;36
301;820;14
596;323;49
991;178;48
850;831;29
969;668;1
415;119;31
997;831;8
195;490;42
462;693;40
276;759;45
678;781;11
251;424;23
994;939;8
726;946;15
996;818;13
228;474;32
809;596;46
610;646;36
182;280;37
597;357;13
638;483;13
582;70;11
468;98;44
278;564;18
746;27;40
124;893;38
469;595;5
889;346;19
975;922;17
545;322;25
863;593;17
234;603;49
168;365;13
130;289;30
123;752;46
80;766;43
48;290;41
845;691;12
242;530;10
764;385;6
645;88;11
876;394;15
640;436;27
935;402;32
416;716;49
678;876;23
315;188;11
289;45;5
395;54;11
696;402;14
96;974;17
484;479;27
950;409;41
984;406;16
99;574;46
624;462;1
231;8;48
882;798;25
609;455;31
256;282;18
805;588;20
499;640;4
68;793;28
689;212;50
481;91;1
594;763;9
369;377;27
11;210;3
280;371;14
550;862;10
722;562;23
778;693;7
56;644;8
219;768;20
748;383;31
918;675;6
885;981;3
203;22;47
837;604;4
953;827;15
854;337;16
466;61;47
631;547;29
374;912;18
356;835;10
906;708;18
747;234;40
223;460;14
939;272;14
451;351;11
174;780;35
186;51;7
306;610;31
382;71;27
238;799;2
514;826;47
657;468;15
870;889;27
449;550;18
102;650;17
192;844;25
766;170;15
895;904;44
492;27;39
362;893;46
820;999;4
918;964;27
712;84;9
648;391;37
816;667;29
372;642;50
790;248;32
961;973;46
616;145;23
579;775;30
192;403;17
606;650;26
428;345;26
101;324;5
749;738;9
612;879;23
249;855;5
447;483;9
1000;553;38
83;173;9
604;902;10
770;655;7
898;31;14
451;762;11
669;196;34
798;216;27
20;700;38
821;906;36
749;686;37
112;288;3
220;419;33
391;870;10
654;444;6
866;37;49
129;963;3
729;721;41
605;703;44
770;963;19
990;824;7
100;387;30
783;182;20
371;157;21
889;455;6
506;510;3
46;264;39
640;984;13
918;15;29
560;735;10
14;51;18
824;924;33
4;931;33
56;35;13
392;187;20
172;56;40
354;125;1
275;448;35
602;814;37
868;185;31
575;997;46
635;180;44
649;403;21
672;511;37
748;607;45
342;653;44
235;461;14
735;659;4
717;772;34
575;303;16
386;99;22
574;471;31
60;727;23
953;608;8

